5.178e+03
2.264e+03
1.466e+03
8.400e+02
5.140e+02
4.120e+02
2.810e+02
2.330e+02
1.680e+02
1.210e+02
8.200e+01
6.700e+01
8.000e+01
5.800e+01
5.500e+01
5.100e+01
5.400e+01
6.400e+01
6.000e+01
6.000e+01
4.500e+01
5.600e+01
2.800e+01
2.900e+01
3.000e+01
3.400e+01
2.400e+01
3.100e+01
1.900e+01
1.200e+01
9.000e+00
2.000e+00
4.000e+00
4.000e+00
3.000e+00
4.000e+00
1.000e+00
3.000e+00
3.000e+00
0.000e+00
0.000e+00
0.000e+00
1.000e+00
1.000e+00
2.000e+00
2.000e+00
3.000e+00
0.000e+00
0.000e+00
0.000e+00
1.000e+00
1.000e+00
0.000e+00
0.000e+00
0.000e+00
0.000e+00
0.000e+00
0.000e+00
0.000e+00
1.000e+00
1.000e+00
0.000e+00
1.000e+00
2.000e+00
0.000e+00
0.000e+00
2.000e+00
2.000e+00
0.000e+00
0.000e+00
0.000e+00
0.000e+00
0.000e+00
0.000e+00
4.000e+00
1.000e+00
3.000e+00
2.000e+00
1.000e+00
1.000e+00
0.000e+00
1.000e+00
0.000e+00
3.000e+00
0.000e+00
2.000e+00
1.000e+00
0.000e+00
2.000e+00
0.000e+00
0.000e+00
1.000e+00
0.000e+00
0.000e+00
0.000e+00
2.000e+00
3.000e+00
0.000e+00
1.000e+00
0.000e+00
0.000e+00
1.000e+00
1.000e+00
1.000e+00
0.000e+00
0.000e+00
0.000e+00
1.000e+00
2.000e+00
0.000e+00
0.000e+00
0.000e+00
0.000e+00
1.000e+00
1.000e+00
2.000e+00
0.000e+00
0.000e+00
0.000e+00
0.000e+00
0.000e+00
0.000e+00
1.000e+00
1.000e+00
0.000e+00
0.000e+00
1.000e+00
1.000e+00
2.000e+00
0.000e+00
1.000e+00
0.000e+00
0.000e+00
1.000e+00
1.000e+00
0.000e+00
1.000e+00
2.000e+00
1.000e+00
2.000e+00
5.000e+00
3.000e+00
9.000e+00
9.000e+00
1.200e+01
1.100e+01
1.200e+01
1.600e+01
1.400e+01
9.000e+00
1.000e+01
7.000e+00
5.000e+00
8.000e+00
5.000e+00
2.000e+00
3.000e+00
3.000e+00
8.000e+00
5.000e+00
5.000e+00
1.000e+01
8.000e+00
5.000e+00
1.100e+01
2.000e+00
3.000e+00
8.000e+00
4.000e+00
6.000e+00
1.100e+01
8.000e+00
1.000e+01
4.000e+00
7.000e+00
5.000e+00
9.000e+00
1.600e+01
2.000e+01
3.600e+01
2.570e+02
4.000e+01
1.700e+01
1.500e+01
1.000e+01
6.000e+00
8.000e+00
5.000e+00
1.300e+01
1.000e+01
1.000e+01
5.000e+00
6.000e+00
5.000e+00
4.000e+00
6.000e+00
4.000e+00
6.000e+00
1.600e+01
5.000e+00
7.000e+00
5.000e+00
1.000e+01
6.000e+00
3.000e+00
4.000e+00
6.000e+00
1.100e+01
6.000e+00
1.500e+01
1.100e+01
2.600e+01
1.800e+01
1.700e+01
1.600e+01
1.200e+01
1.000e+01
1.200e+01
9.000e+00
1.100e+01
5.000e+00
0.000e+00
5.000e+00
2.000e+00
1.000e+00
0.000e+00
1.000e+00
1.000e+00
1.000e+00
1.000e+00
2.000e+00
0.000e+00
1.000e+00
0.000e+00
0.000e+00
0.000e+00
0.000e+00
0.000e+00
2.000e+00
1.000e+00
0.000e+00
1.000e+00
0.000e+00
1.000e+00
0.000e+00
1.000e+00
0.000e+00
0.000e+00
0.000e+00
2.000e+00
0.000e+00
0.000e+00
1.000e+00
1.000e+00
0.000e+00
2.000e+00
0.000e+00
0.000e+00
2.000e+00
0.000e+00
0.000e+00
2.000e+00
0.000e+00
1.000e+00
2.000e+00
0.000e+00
1.000e+00
0.000e+00
0.000e+00
1.000e+00
0.000e+00
0.000e+00
1.000e+00
1.000e+00
0.000e+00
1.000e+00
0.000e+00
0.000e+00
0.000e+00
0.000e+00
2.000e+00
1.000e+00
1.000e+00
0.000e+00
1.000e+00
1.000e+00
0.000e+00
0.000e+00
0.000e+00
0.000e+00
0.000e+00
0.000e+00
1.000e+00
1.000e+00
1.000e+00
1.000e+00
0.000e+00
0.000e+00
1.000e+00
1.000e+00
0.000e+00
1.000e+00
0.000e+00
1.000e+00
0.000e+00
1.000e+00
0.000e+00
0.000e+00
0.000e+00
0.000e+00
0.000e+00
0.000e+00
1.000e+00
0.000e+00
0.000e+00
0.000e+00
0.000e+00
0.000e+00
7.000e+00
1.000e+00
0.000e+00
2.000e+00
1.000e+00
1.000e+00
0.000e+00
2.000e+00
4.000e+00
3.000e+00
2.000e+00
1.100e+01
4.000e+00
1.100e+01
1.400e+01
1.600e+01
3.000e+01
1.700e+01
2.400e+01
2.800e+01
2.900e+01
3.200e+01
4.100e+01
4.000e+01
7.300e+01
7.100e+01
6.800e+01
5.000e+01
4.300e+01
4.900e+01
5.900e+01
6.200e+01
7.300e+01
1.240e+02
1.520e+02
2.120e+02
2.960e+02
3.940e+02
5.560e+02
8.130e+02
1.446e+03
2.321e+03
