6.300e+01
4.000e+00
0.000e+00
1.000e+00
2.000e+00
0.000e+00
1.000e+00
1.000e+00
1.000e+00
0.000e+00
0.000e+00
2.000e+00
0.000e+00
0.000e+00
0.000e+00
0.000e+00
2.000e+00
0.000e+00
2.000e+00
4.000e+00
2.000e+00
0.000e+00
0.000e+00
0.000e+00
3.000e+00
0.000e+00
1.000e+00
8.000e+00
5.000e+00
8.000e+00
1.000e+00
2.000e+00
0.000e+00
1.000e+00
0.000e+00
1.000e+00
1.000e+00
0.000e+00
0.000e+00
1.000e+00
0.000e+00
2.000e+00
2.000e+00
1.000e+00
0.000e+00
2.000e+00
2.000e+00
3.000e+00
6.000e+00
3.000e+00
8.000e+00
5.000e+00
3.000e+00
0.000e+00
0.000e+00
0.000e+00
0.000e+00
1.000e+00
2.000e+00
2.000e+00
1.000e+00
1.000e+00
2.000e+00
0.000e+00
0.000e+00
2.000e+00
0.000e+00
0.000e+00
2.000e+00
3.000e+00
2.000e+00
1.000e+00
7.000e+00
8.000e+00
9.000e+00
1.400e+01
3.500e+01
2.700e+01
3.700e+01
4.000e+01
1.300e+01
1.300e+01
1.400e+01
1.600e+01
1.800e+01
9.000e+00
2.300e+01
2.000e+01
4.300e+01
8.600e+01
8.100e+01
1.170e+02
2.070e+02
1.380e+02
1.200e+02
1.020e+02
1.290e+02
1.150e+02
6.200e+01
4.900e+01
4.500e+01
2.400e+01
1.500e+01
2.200e+01
3.100e+01
5.000e+01
8.000e+01
1.170e+02
1.710e+02
8.000e+01
4.900e+01
4.000e+01
2.500e+01
2.200e+01
1.000e+01
1.200e+01
5.000e+00
4.000e+00
6.000e+00
3.000e+00
1.000e+00
1.000e+00
2.000e+00
3.000e+00
4.000e+00
2.000e+00
1.000e+00
2.000e+00
1.000e+00
0.000e+00
1.000e+00
0.000e+00
0.000e+00
0.000e+00
0.000e+00
0.000e+00
0.000e+00
0.000e+00
1.000e+00
0.000e+00
0.000e+00
0.000e+00
0.000e+00
0.000e+00
0.000e+00
1.000e+00
0.000e+00
1.000e+00
0.000e+00
0.000e+00
0.000e+00
0.000e+00
0.000e+00
0.000e+00
0.000e+00
0.000e+00
1.000e+00
0.000e+00
0.000e+00
0.000e+00
0.000e+00
1.000e+00
0.000e+00
0.000e+00
0.000e+00
0.000e+00
0.000e+00
0.000e+00
0.000e+00
0.000e+00
0.000e+00
1.000e+00
0.000e+00
1.000e+00
0.000e+00
1.000e+00
0.000e+00
0.000e+00
1.000e+00
1.000e+00
1.800e+01
1.000e+00
0.000e+00
1.000e+00
2.000e+00
1.000e+00
2.000e+00
1.000e+00
0.000e+00
0.000e+00
0.000e+00
0.000e+00
0.000e+00
0.000e+00
0.000e+00
0.000e+00
0.000e+00
0.000e+00
0.000e+00
0.000e+00
0.000e+00
0.000e+00
0.000e+00
0.000e+00
1.000e+00
0.000e+00
0.000e+00
0.000e+00
0.000e+00
0.000e+00
0.000e+00
0.000e+00
0.000e+00
0.000e+00
1.000e+00
0.000e+00
0.000e+00
1.000e+00
0.000e+00
0.000e+00
0.000e+00
0.000e+00
0.000e+00
0.000e+00
0.000e+00
0.000e+00
0.000e+00
0.000e+00
2.000e+00
0.000e+00
0.000e+00
1.000e+00
0.000e+00
0.000e+00
2.000e+00
1.000e+00
6.000e+00
4.000e+00
1.000e+00
4.000e+00
4.000e+00
1.400e+01
7.000e+00
8.000e+00
5.000e+00
8.000e+00
1.000e+01
2.000e+01
2.400e+01
4.700e+01
9.500e+01
1.020e+02
1.610e+02
2.140e+02
1.020e+02
5.600e+01
4.300e+01
1.700e+01
1.800e+01
1.700e+01
3.900e+01
4.500e+01
6.200e+01
9.000e+01
1.090e+02
1.030e+02
1.000e+02
1.170e+02
1.800e+02
1.880e+02
7.500e+01
6.400e+01
3.500e+01
2.300e+01
1.500e+01
1.600e+01
1.500e+01
8.000e+00
7.000e+00
2.100e+01
1.900e+01
2.200e+01
3.000e+01
2.400e+01
1.100e+01
6.000e+00
5.000e+00
4.000e+00
3.000e+00
2.000e+00
1.000e+00
0.000e+00
2.000e+00
0.000e+00
2.000e+00
2.000e+00
1.000e+00
0.000e+00
1.000e+00
0.000e+00
5.000e+00
7.000e+00
5.000e+00
3.000e+00
2.000e+00
1.000e+00
1.000e+00
1.000e+00
1.000e+00
3.000e+00
3.000e+00
3.000e+00
8.000e+00
3.000e+00
0.000e+00
3.000e+00
1.000e+00
2.000e+00
1.000e+00
0.000e+00
1.000e+00
0.000e+00
2.000e+00
0.000e+00
1.000e+00
0.000e+00
2.000e+00
0.000e+00
1.000e+00
0.000e+00
0.000e+00
5.000e+00
4.000e+00
9.000e+00
3.000e+00
2.000e+00
0.000e+00
2.000e+00
1.000e+00
3.000e+00
0.000e+00
3.000e+00
1.000e+00
1.000e+00
1.000e+00
0.000e+00
0.000e+00
2.000e+00
1.000e+00
0.000e+00
0.000e+00
1.000e+00
0.000e+00
0.000e+00
2.000e+00
1.000e+00
1.000e+00
0.000e+00
4.000e+00
1.000e+00
