2.089e+05
3.994e+04
2.070e+04
1.452e+04
1.103e+04
9.343e+03
8.341e+03
8.049e+03
7.676e+03
7.639e+03
7.707e+03
8.506e+03
9.046e+03
9.629e+03
1.050e+04
1.054e+04
9.980e+03
8.732e+03
7.320e+03
5.904e+03
5.054e+03
4.342e+03
4.054e+03
3.617e+03
3.542e+03
3.289e+03
3.294e+03
3.233e+03
3.342e+03
3.377e+03
3.567e+03
4.267e+03
4.731e+03
5.819e+03
6.838e+03
4.244e+03
3.393e+03
2.801e+03
2.576e+03
2.114e+03
1.778e+03
1.726e+03
1.734e+03
1.602e+03
1.573e+03
1.398e+03
1.407e+03
1.609e+03
1.683e+03
1.716e+03
1.830e+03
2.044e+03
2.503e+03
3.128e+03
3.565e+03
3.535e+03
3.507e+03
3.298e+03
3.324e+03
2.746e+03
2.117e+03
1.530e+03
1.150e+03
8.740e+02
6.330e+02
6.130e+02
9.340e+02
7.570e+02
6.260e+02
7.160e+02
1.557e+03
4.240e+03
1.004e+03
6.340e+02
9.220e+02
5.400e+02
3.340e+02
2.610e+02
2.050e+02
1.830e+02
2.450e+02
1.800e+02
1.420e+02
1.490e+02
1.600e+02
1.800e+02
2.350e+02
2.550e+02
2.680e+02
3.540e+02
3.040e+02
2.940e+02
2.720e+02
2.240e+02
2.100e+02
2.130e+02
2.200e+02
2.210e+02
2.090e+02
2.620e+02
2.570e+02
2.770e+02
2.620e+02
2.780e+02
2.860e+02
2.920e+02
3.280e+02
3.750e+02
4.020e+02
4.250e+02
4.240e+02
5.260e+02
5.620e+02
5.320e+02
6.180e+02
6.410e+02
6.800e+02
8.220e+02
9.930e+02
1.022e+03
9.200e+02
8.510e+02
8.620e+02
6.970e+02
6.320e+02
6.780e+02
6.560e+02
6.520e+02
5.940e+02
5.850e+02
6.020e+02
6.470e+02
6.080e+02
6.580e+02
6.020e+02
6.460e+02
6.540e+02
5.960e+02
5.710e+02
5.590e+02
5.600e+02
6.120e+02
6.220e+02
6.910e+02
8.110e+02
8.620e+02
8.320e+02
7.730e+02
7.760e+02
7.930e+02
9.010e+02
9.660e+02
9.020e+02
8.740e+02
8.710e+02
8.360e+02
1.017e+03
9.500e+02
1.022e+03
1.128e+03
1.108e+03
1.095e+03
1.124e+03
1.189e+03
1.391e+03
1.318e+03
1.267e+03
1.181e+03
1.093e+03
1.060e+03
1.076e+03
1.037e+03
1.155e+03
1.192e+03
1.419e+03
1.559e+03
1.997e+03
2.685e+03
3.934e+03
7.558e+03
4.555e+04
7.379e+03
3.693e+03
2.593e+03
2.098e+03
1.553e+03
1.390e+03
1.277e+03
1.232e+03
1.141e+03
1.296e+03
1.255e+03
1.099e+03
1.248e+03
1.170e+03
1.247e+03
1.307e+03
1.105e+03
1.040e+03
9.000e+02
9.650e+02
1.019e+03
9.330e+02
8.730e+02
9.200e+02
8.800e+02
9.580e+02
9.440e+02
9.720e+02
8.970e+02
1.003e+03
8.270e+02
8.440e+02
7.880e+02
8.710e+02
8.590e+02
8.330e+02
7.530e+02
7.370e+02
6.940e+02
6.220e+02
7.190e+02
7.090e+02
6.730e+02
6.260e+02
6.060e+02
5.920e+02
5.640e+02
5.470e+02
5.730e+02
5.300e+02
4.850e+02
5.510e+02
4.970e+02
5.570e+02
6.180e+02
6.730e+02
7.160e+02
8.780e+02
9.140e+02
9.640e+02
9.480e+02
9.820e+02
7.380e+02
7.110e+02
6.330e+02
6.010e+02
5.960e+02
5.860e+02
5.000e+02
4.840e+02
4.630e+02
3.740e+02
3.540e+02
3.790e+02
3.610e+02
3.030e+02
2.490e+02
2.460e+02
2.410e+02
2.580e+02
2.210e+02
2.130e+02
2.010e+02
2.080e+02
2.090e+02
2.460e+02
2.250e+02
3.230e+02
3.090e+02
3.240e+02
3.540e+02
2.690e+02
2.800e+02
2.520e+02
2.300e+02
1.620e+02
1.470e+02
1.500e+02
1.580e+02
1.980e+02
1.930e+02
2.000e+02
2.130e+02
2.590e+02
6.270e+02
7.270e+02
6.330e+02
1.146e+03
4.467e+03
1.231e+03
6.150e+02
8.310e+02
7.730e+02
9.610e+02
6.220e+02
6.370e+02
8.130e+02
1.113e+03
1.532e+03
2.136e+03
2.865e+03
3.406e+03
3.298e+03
3.468e+03
3.345e+03
3.413e+03
3.178e+03
2.589e+03
2.091e+03
1.893e+03
1.728e+03
1.588e+03
1.554e+03
1.411e+03
1.267e+03
1.650e+03
1.655e+03
1.759e+03
1.743e+03
1.819e+03
2.043e+03
2.557e+03
2.919e+03
3.720e+03
4.394e+03
6.648e+03
7.664e+03
5.534e+03
5.399e+03
4.503e+03
3.953e+03
3.918e+03
3.865e+03
3.710e+03
3.802e+03
3.702e+03
3.951e+03
4.302e+03
4.695e+03
5.521e+03
6.726e+03
7.936e+03
1.026e+04
1.296e+04
1.170e+04
1.037e+04
9.670e+03
8.900e+03
7.990e+03
7.423e+03
7.236e+03
7.490e+03
7.706e+03
8.370e+03
9.525e+03
1.124e+04
1.497e+04
2.169e+04
3.964e+04
