0.000e+00
0.000e+00
0.000e+00
0.000e+00
0.000e+00
0.000e+00
0.000e+00
0.000e+00
0.000e+00
0.000e+00
0.000e+00
0.000e+00
0.000e+00
0.000e+00
0.000e+00
0.000e+00
0.000e+00
0.000e+00
0.000e+00
0.000e+00
1.000e+00
0.000e+00
0.000e+00
0.000e+00
0.000e+00
0.000e+00
0.000e+00
0.000e+00
0.000e+00
0.000e+00
0.000e+00
0.000e+00
0.000e+00
0.000e+00
0.000e+00
1.000e+00
0.000e+00
2.000e+00
0.000e+00
0.000e+00
2.000e+00
3.000e+00
2.000e+00
3.000e+00
1.000e+00
4.000e+00
1.000e+00
4.000e+00
1.000e+00
5.000e+00
7.000e+00
6.000e+00
1.600e+01
1.700e+01
2.200e+01
3.600e+01
3.700e+01
5.200e+01
6.400e+01
1.010e+02
1.670e+02
2.270e+02
3.890e+02
4.810e+02
7.550e+02
1.090e+03
1.433e+03
1.794e+03
2.183e+03
2.761e+03
3.688e+03
4.273e+03
4.588e+03
4.060e+03
3.965e+03
3.758e+03
3.188e+03
2.733e+03
2.493e+03
2.204e+03
1.902e+03
1.704e+03
1.471e+03
1.306e+03
1.089e+03
9.950e+02
8.350e+02
6.490e+02
5.720e+02
5.030e+02
4.690e+02
4.470e+02
3.960e+02
3.570e+02
2.970e+02
2.670e+02
2.620e+02
2.520e+02
2.390e+02
2.450e+02
2.170e+02
2.030e+02
2.340e+02
2.090e+02
1.570e+02
1.300e+02
1.340e+02
9.700e+01
9.800e+01
8.700e+01
6.700e+01
5.500e+01
4.200e+01
5.900e+01
5.600e+01
4.700e+01
4.400e+01
5.500e+01
7.100e+01
8.600e+01
7.000e+01
5.900e+01
5.400e+01
4.000e+01
4.700e+01
4.900e+01
3.200e+01
3.000e+01
3.800e+01
3.600e+01
6.200e+01
4.200e+01
4.900e+01
6.100e+01
5.100e+01
5.800e+01
5.900e+01
5.900e+01
6.000e+01
5.700e+01
6.500e+01
4.800e+01
3.900e+01
5.600e+01
6.400e+01
6.000e+01
5.600e+01
7.200e+01
8.100e+01
8.500e+01
8.100e+01
9.700e+01
1.250e+02
1.270e+02
1.660e+02
2.130e+02
1.840e+02
2.080e+02
2.400e+02
2.810e+02
3.370e+02
4.670e+02
5.500e+02
5.930e+02
5.650e+02
6.210e+02
7.730e+02
8.910e+02
1.003e+03
1.182e+03
1.241e+03
1.261e+03
1.485e+03
1.651e+03
2.040e+03
2.436e+03
3.045e+03
3.532e+03
4.143e+03
4.982e+03
5.551e+03
5.029e+03
4.283e+03
3.588e+03
3.062e+03
2.459e+03
1.992e+03
1.671e+03
1.433e+03
1.234e+03
1.253e+03
1.180e+03
9.710e+02
8.010e+02
7.100e+02
5.910e+02
5.260e+02
5.080e+02
4.930e+02
3.890e+02
3.740e+02
2.680e+02
2.670e+02
2.300e+02
2.070e+02
1.820e+02
1.760e+02
1.460e+02
1.350e+02
1.120e+02
9.700e+01
6.900e+01
9.100e+01
7.500e+01
7.300e+01
7.100e+01
5.000e+01
4.200e+01
5.100e+01
4.900e+01
6.800e+01
6.700e+01
4.800e+01
7.000e+01
6.900e+01
7.400e+01
4.600e+01
5.500e+01
4.600e+01
4.700e+01
5.600e+01
3.400e+01
3.500e+01
3.300e+01
3.300e+01
4.900e+01
4.200e+01
3.800e+01
5.300e+01
5.200e+01
7.600e+01
8.500e+01
7.200e+01
7.200e+01
4.600e+01
4.500e+01
6.600e+01
4.700e+01
6.300e+01
6.900e+01
5.500e+01
6.200e+01
9.100e+01
9.600e+01
1.220e+02
1.450e+02
1.630e+02
2.020e+02
2.210e+02
2.250e+02
2.090e+02
2.600e+02
2.720e+02
2.280e+02
2.520e+02
2.960e+02
3.410e+02
3.810e+02
3.210e+02
3.970e+02
4.450e+02
4.430e+02
5.390e+02
6.270e+02
8.160e+02
9.760e+02
1.145e+03
1.278e+03
1.438e+03
1.649e+03
1.863e+03
1.988e+03
2.408e+03
2.737e+03
3.195e+03
3.630e+03
3.917e+03
4.017e+03
4.218e+03
4.197e+03
3.415e+03
2.584e+03
2.094e+03
1.801e+03
1.516e+03
1.054e+03
7.200e+02
5.360e+02
3.420e+02
2.400e+02
1.600e+02
9.900e+01
7.900e+01
6.700e+01
3.400e+01
2.800e+01
2.100e+01
1.600e+01
7.000e+00
1.000e+01
3.000e+00
8.000e+00
2.000e+00
1.000e+00
0.000e+00
6.000e+00
0.000e+00
1.000e+00
1.000e+00
0.000e+00
1.000e+00
1.000e+00
0.000e+00
1.000e+00
0.000e+00
2.000e+00
0.000e+00
1.000e+00
0.000e+00
0.000e+00
0.000e+00
0.000e+00
0.000e+00
0.000e+00
0.000e+00
1.000e+00
0.000e+00
0.000e+00
0.000e+00
0.000e+00
0.000e+00
0.000e+00
0.000e+00
0.000e+00
0.000e+00
0.000e+00
0.000e+00
0.000e+00
0.000e+00
0.000e+00
0.000e+00
0.000e+00
0.000e+00
0.000e+00
0.000e+00
0.000e+00
0.000e+00
0.000e+00
0.000e+00
0.000e+00
