0.000e+00
0.000e+00
0.000e+00
0.000e+00
0.000e+00
0.000e+00
0.000e+00
0.000e+00
0.000e+00
0.000e+00
0.000e+00
0.000e+00
0.000e+00
0.000e+00
0.000e+00
0.000e+00
0.000e+00
0.000e+00
0.000e+00
0.000e+00
0.000e+00
0.000e+00
0.000e+00
0.000e+00
0.000e+00
1.000e+00
0.000e+00
0.000e+00
0.000e+00
0.000e+00
0.000e+00
0.000e+00
0.000e+00
0.000e+00
0.000e+00
0.000e+00
0.000e+00
0.000e+00
2.000e+00
0.000e+00
0.000e+00
1.000e+00
0.000e+00
1.000e+00
0.000e+00
2.000e+00
2.000e+00
2.000e+00
6.000e+00
1.200e+01
1.100e+01
7.000e+00
8.000e+00
8.000e+00
1.000e+01
7.000e+00
6.000e+00
5.000e+00
4.000e+00
3.000e+00
4.000e+00
2.000e+00
4.000e+00
4.000e+00
5.000e+00
6.000e+00
8.000e+00
7.000e+00
9.000e+00
9.000e+00
1.800e+01
1.800e+01
1.200e+01
1.800e+01
1.500e+01
1.300e+01
1.500e+01
1.300e+01
1.600e+01
1.700e+01
1.800e+01
2.700e+01
2.300e+01
2.100e+01
1.800e+01
3.900e+01
4.300e+01
4.000e+01
1.020e+02
5.700e+01
5.700e+01
4.400e+01
6.200e+01
5.100e+01
5.000e+01
5.600e+01
6.700e+01
6.600e+01
9.400e+01
1.020e+02
1.130e+02
1.340e+02
1.390e+02
1.390e+02
1.180e+02
1.290e+02
1.390e+02
1.090e+02
9.500e+01
6.800e+01
8.200e+01
3.900e+01
5.700e+01
2.900e+01
3.100e+01
1.400e+01
1.300e+01
5.000e+00
1.300e+01
5.000e+00
2.000e+00
3.000e+00
3.000e+00
1.000e+00
2.000e+00
3.000e+00
1.000e+00
2.000e+00
0.000e+00
0.000e+00
1.000e+00
0.000e+00
0.000e+00
0.000e+00
0.000e+00
0.000e+00
1.000e+00
0.000e+00
0.000e+00
1.000e+00
0.000e+00
1.000e+00
0.000e+00
0.000e+00
0.000e+00
0.000e+00
0.000e+00
0.000e+00
0.000e+00
0.000e+00
0.000e+00
0.000e+00
0.000e+00
0.000e+00
0.000e+00
0.000e+00
0.000e+00
0.000e+00
0.000e+00
0.000e+00
0.000e+00
0.000e+00
0.000e+00
0.000e+00
0.000e+00
0.000e+00
0.000e+00
0.000e+00
0.000e+00
0.000e+00
0.000e+00
0.000e+00
0.000e+00
0.000e+00
0.000e+00
0.000e+00
0.000e+00
0.000e+00
0.000e+00
0.000e+00
0.000e+00
0.000e+00
0.000e+00
0.000e+00
0.000e+00
0.000e+00
0.000e+00
0.000e+00
0.000e+00
0.000e+00
0.000e+00
0.000e+00
0.000e+00
0.000e+00
0.000e+00
0.000e+00
0.000e+00
0.000e+00
0.000e+00
0.000e+00
0.000e+00
0.000e+00
0.000e+00
0.000e+00
0.000e+00
0.000e+00
0.000e+00
0.000e+00
0.000e+00
0.000e+00
0.000e+00
0.000e+00
0.000e+00
0.000e+00
0.000e+00
0.000e+00
0.000e+00
0.000e+00
0.000e+00
0.000e+00
0.000e+00
0.000e+00
1.000e+00
0.000e+00
0.000e+00
0.000e+00
0.000e+00
0.000e+00
2.000e+00
0.000e+00
0.000e+00
3.000e+00
1.000e+00
1.000e+00
1.000e+00
2.000e+00
4.000e+00
1.000e+00
1.000e+00
5.000e+00
5.000e+00
8.000e+00
1.000e+01
1.100e+01
1.900e+01
1.800e+01
2.400e+01
4.700e+01
5.300e+01
6.400e+01
9.200e+01
1.120e+02
1.230e+02
1.350e+02
1.890e+02
1.320e+02
1.360e+02
1.410e+02
1.620e+02
1.280e+02
1.220e+02
1.000e+02
9.700e+01
7.700e+01
6.200e+01
6.100e+01
5.500e+01
6.000e+01
5.300e+01
5.400e+01
6.800e+01
7.000e+01
6.700e+01
5.100e+01
3.400e+01
2.600e+01
2.100e+01
2.300e+01
2.700e+01
2.500e+01
1.800e+01
2.100e+01
1.600e+01
1.400e+01
1.100e+01
1.600e+01
1.100e+01
5.000e+00
1.000e+01
1.200e+01
1.600e+01
1.100e+01
1.100e+01
8.000e+00
5.000e+00
3.000e+00
2.000e+00
1.000e+00
6.000e+00
3.000e+00
1.000e+00
7.000e+00
5.000e+00
4.000e+00
5.000e+00
4.000e+00
8.000e+00
1.100e+01
7.000e+00
7.000e+00
9.000e+00
9.000e+00
5.000e+00
2.000e+00
1.000e+00
0.000e+00
3.000e+00
5.000e+00
0.000e+00
0.000e+00
0.000e+00
1.000e+00
0.000e+00
0.000e+00
1.000e+00
0.000e+00
0.000e+00
0.000e+00
0.000e+00
0.000e+00
0.000e+00
0.000e+00
1.000e+00
0.000e+00
0.000e+00
0.000e+00
0.000e+00
0.000e+00
0.000e+00
0.000e+00
0.000e+00
0.000e+00
0.000e+00
0.000e+00
0.000e+00
0.000e+00
0.000e+00
0.000e+00
0.000e+00
0.000e+00
1.000e+00
0.000e+00
0.000e+00
0.000e+00
0.000e+00
0.000e+00
0.000e+00
0.000e+00
0.000e+00
0.000e+00
