3.000e+00
1.000e+00
0.000e+00
0.000e+00
0.000e+00
0.000e+00
1.000e+00
0.000e+00
0.000e+00
2.000e+00
0.000e+00
1.000e+00
1.000e+00
2.000e+00
1.000e+00
3.000e+00
2.000e+00
2.000e+00
1.000e+00
2.000e+00
1.000e+00
1.000e+00
1.000e+00
6.000e+00
4.000e+00
2.000e+00
5.000e+00
3.000e+00
6.000e+00
4.000e+00
3.000e+00
2.000e+00
2.000e+00
4.000e+00
1.100e+01
8.000e+00
7.000e+00
8.000e+00
4.000e+00
6.000e+00
6.000e+00
1.300e+01
1.000e+01
1.300e+01
1.700e+01
2.400e+01
2.300e+01
2.200e+01
3.400e+01
5.300e+01
4.700e+01
5.800e+01
6.100e+01
7.200e+01
6.600e+01
5.000e+01
5.400e+01
6.500e+01
7.900e+01
8.000e+01
1.000e+02
1.040e+02
9.900e+01
1.420e+02
1.480e+02
1.210e+02
1.450e+02
1.520e+02
1.790e+02
2.150e+02
2.580e+02
2.830e+02
3.070e+02
3.530e+02
4.360e+02
4.550e+02
5.130e+02
5.170e+02
5.430e+02
5.030e+02
5.380e+02
5.780e+02
6.110e+02
6.080e+02
6.500e+02
6.690e+02
7.120e+02
7.940e+02
8.670e+02
9.090e+02
9.620e+02
9.010e+02
8.550e+02
8.570e+02
8.830e+02
8.580e+02
8.340e+02
8.810e+02
9.970e+02
1.005e+03
1.031e+03
9.790e+02
1.007e+03
1.074e+03
1.140e+03
1.231e+03
1.172e+03
1.000e+03
9.570e+02
9.530e+02
8.410e+02
7.150e+02
6.030e+02
4.460e+02
3.900e+02
3.170e+02
2.440e+02
2.310e+02
2.020e+02
1.880e+02
1.380e+02
1.240e+02
1.190e+02
9.100e+01
9.600e+01
8.200e+01
6.900e+01
4.200e+01
4.200e+01
3.200e+01
3.200e+01
1.600e+01
1.300e+01
1.700e+01
1.200e+01
1.100e+01
1.100e+01
4.000e+00
6.000e+00
6.000e+00
2.000e+00
3.000e+00
1.000e+00
2.000e+00
1.000e+00
2.000e+00
3.000e+00
1.000e+00
2.000e+00
0.000e+00
3.000e+00
1.000e+00
0.000e+00
0.000e+00
1.000e+00
1.000e+00
1.000e+00
0.000e+00
0.000e+00
0.000e+00
1.000e+00
0.000e+00
1.000e+00
0.000e+00
0.000e+00
0.000e+00
0.000e+00
1.000e+00
0.000e+00
1.000e+00
0.000e+00
0.000e+00
0.000e+00
0.000e+00
1.000e+00
0.000e+00
0.000e+00
0.000e+00
0.000e+00
0.000e+00
0.000e+00
1.000e+00
1.000e+00
0.000e+00
0.000e+00
0.000e+00
2.000e+00
1.000e+00
1.000e+00
0.000e+00
0.000e+00
0.000e+00
0.000e+00
0.000e+00
0.000e+00
0.000e+00
0.000e+00
0.000e+00
0.000e+00
0.000e+00
1.000e+00
2.000e+00
1.000e+00
0.000e+00
0.000e+00
0.000e+00
1.000e+00
1.000e+00
0.000e+00
2.000e+00
1.000e+00
3.000e+00
5.000e+00
3.000e+00
4.000e+00
3.000e+00
0.000e+00
5.000e+00
1.000e+00
2.000e+00
7.000e+00
6.000e+00
7.000e+00
7.000e+00
7.000e+00
1.000e+01
6.000e+00
1.200e+01
2.400e+01
1.100e+01
2.000e+01
3.800e+01
4.400e+01
6.300e+01
7.100e+01
7.000e+01
1.090e+02
9.900e+01
1.180e+02
1.700e+02
1.670e+02
2.040e+02
1.930e+02
2.410e+02
2.920e+02
3.290e+02
3.890e+02
5.540e+02
6.220e+02
7.830e+02
9.100e+02
1.049e+03
1.124e+03
1.153e+03
1.274e+03
1.291e+03
1.170e+03
1.127e+03
1.120e+03
1.089e+03
1.062e+03
1.047e+03
1.020e+03
9.860e+02
9.090e+02
9.680e+02
9.510e+02
9.730e+02
9.380e+02
9.730e+02
1.037e+03
1.035e+03
9.010e+02
7.910e+02
6.740e+02
6.610e+02
6.330e+02
5.900e+02
6.380e+02
6.690e+02
5.970e+02
5.890e+02
6.320e+02
5.580e+02
5.340e+02
4.590e+02
4.780e+02
3.930e+02
3.390e+02
3.000e+02
2.920e+02
2.400e+02
2.160e+02
1.550e+02
1.500e+02
1.220e+02
1.220e+02
1.130e+02
1.190e+02
8.900e+01
7.300e+01
9.000e+01
7.400e+01
5.600e+01
5.600e+01
5.400e+01
6.000e+01
7.200e+01
5.900e+01
5.200e+01
4.400e+01
3.800e+01
2.800e+01
3.700e+01
1.600e+01
2.200e+01
2.800e+01
2.300e+01
1.200e+01
1.600e+01
7.000e+00
1.400e+01
7.000e+00
7.000e+00
7.000e+00
4.000e+00
2.000e+00
5.000e+00
6.000e+00
1.000e+01
3.000e+00
2.000e+00
7.000e+00
1.000e+01
8.000e+00
1.000e+01
2.000e+00
3.000e+00
2.000e+00
0.000e+00
1.000e+00
2.000e+00
1.000e+00
6.000e+00
1.000e+00
0.000e+00
1.000e+00
2.000e+00
2.000e+00
2.000e+00
2.000e+00
0.000e+00
1.000e+00
0.000e+00
3.000e+00
1.000e+00
3.000e+00
1.000e+00
1.000e+00
0.000e+00
