6.757e+05
1.340e+05
7.856e+04
6.081e+04
5.006e+04
4.493e+04
4.199e+04
3.930e+04
3.846e+04
3.888e+04
3.813e+04
3.798e+04
3.858e+04
3.834e+04
4.093e+04
4.326e+04
4.393e+04
4.045e+04
3.678e+04
3.388e+04
3.182e+04
2.976e+04
2.909e+04
2.861e+04
2.955e+04
2.993e+04
3.201e+04
2.914e+04
2.932e+04
2.996e+04
3.048e+04
3.244e+04
3.524e+04
3.756e+04
4.119e+04
3.938e+04
4.068e+04
3.854e+04
3.976e+04
3.869e+04
3.388e+04
3.469e+04
3.501e+04
2.705e+04
2.447e+04
2.697e+04
2.891e+04
3.017e+04
3.038e+04
2.969e+04
3.509e+04
3.872e+04
4.563e+04
6.368e+04
9.439e+04
1.381e+05
1.711e+05
2.129e+05
2.296e+05
1.384e+05
1.207e+05
6.493e+04
4.980e+04
3.990e+04
3.194e+04
2.354e+04
2.156e+04
1.626e+04
1.675e+04
1.818e+04
1.964e+04
2.336e+04
1.935e+04
1.869e+04
1.594e+04
1.098e+04
8.608e+03
6.455e+03
5.772e+03
6.084e+03
5.847e+03
5.608e+03
5.338e+03
5.524e+03
6.076e+03
6.369e+03
6.279e+03
7.060e+03
8.863e+03
1.071e+04
9.308e+03
6.174e+03
4.994e+03
4.029e+03
3.546e+03
3.408e+03
3.338e+03
2.988e+03
2.909e+03
2.920e+03
2.867e+03
2.708e+03
2.930e+03
3.218e+03
2.869e+03
2.766e+03
2.690e+03
2.861e+03
2.725e+03
2.860e+03
2.692e+03
2.946e+03
3.409e+03
3.387e+03
3.301e+03
3.527e+03
3.620e+03
3.839e+03
4.098e+03
4.404e+03
4.338e+03
4.012e+03
3.622e+03
3.202e+03
2.965e+03
2.867e+03
2.796e+03
2.622e+03
2.607e+03
2.464e+03
2.396e+03
2.548e+03
2.534e+03
2.654e+03
2.583e+03
2.650e+03
2.823e+03
2.931e+03
3.026e+03
3.106e+03
3.122e+03
3.303e+03
3.301e+03
3.678e+03
3.811e+03
4.131e+03
4.447e+03
4.484e+03
4.628e+03
4.839e+03
4.724e+03
4.752e+03
5.126e+03
5.167e+03
5.364e+03
5.480e+03
6.025e+03
6.174e+03
7.126e+03
7.866e+03
8.145e+03
9.157e+03
1.109e+04
1.431e+04
1.722e+04
1.647e+04
1.360e+04
1.263e+04
1.204e+04
1.228e+04
1.221e+04
1.239e+04
1.205e+04
1.267e+04
1.364e+04
1.418e+04
1.628e+04
1.772e+04
2.171e+04
3.633e+04
1.929e+05
3.580e+04
2.117e+04
1.691e+04
1.508e+04
1.326e+04
1.229e+04
1.130e+04
1.098e+04
1.089e+04
1.125e+04
1.147e+04
1.118e+04
1.178e+04
1.317e+04
1.588e+04
1.557e+04
1.300e+04
1.061e+04
9.103e+03
7.929e+03
7.572e+03
6.949e+03
6.311e+03
6.207e+03
5.840e+03
6.015e+03
5.689e+03
5.444e+03
4.922e+03
5.024e+03
5.117e+03
4.787e+03
4.705e+03
4.610e+03
4.110e+03
3.844e+03
3.573e+03
3.338e+03
3.308e+03
3.169e+03
3.207e+03
3.098e+03
3.025e+03
2.848e+03
2.654e+03
2.555e+03
2.526e+03
2.442e+03
2.549e+03
2.365e+03
2.426e+03
2.528e+03
2.514e+03
2.834e+03
2.844e+03
2.887e+03
3.162e+03
3.636e+03
4.153e+03
4.434e+03
4.334e+03
4.072e+03
3.840e+03
3.810e+03
3.518e+03
3.252e+03
3.136e+03
3.358e+03
2.962e+03
2.754e+03
2.834e+03
2.670e+03
2.750e+03
2.694e+03
2.669e+03
2.687e+03
2.771e+03
2.850e+03
2.705e+03
2.818e+03
3.219e+03
2.820e+03
2.648e+03
3.011e+03
3.062e+03
3.381e+03
4.006e+03
5.345e+03
6.659e+03
9.301e+03
9.453e+03
8.336e+03
6.997e+03
6.831e+03
6.544e+03
5.727e+03
5.380e+03
5.417e+03
5.568e+03
5.890e+03
6.022e+03
5.858e+03
6.482e+03
8.053e+03
1.084e+04
1.538e+04
1.907e+04
2.262e+04
2.320e+04
1.781e+04
1.661e+04
1.754e+04
1.796e+04
2.576e+04
2.738e+04
3.678e+04
4.293e+04
4.946e+04
6.609e+04
1.202e+05
1.385e+05
2.225e+05
2.106e+05
1.717e+05
1.436e+05
8.946e+04
6.083e+04
4.548e+04
3.769e+04
3.313e+04
2.765e+04
2.549e+04
2.630e+04
2.517e+04
2.447e+04
2.373e+04
2.759e+04
3.650e+04
3.283e+04
3.230e+04
3.695e+04
4.369e+04
4.282e+04
4.278e+04
4.114e+04
4.074e+04
3.885e+04
3.535e+04
3.362e+04
3.058e+04
2.969e+04
2.907e+04
2.956e+04
3.269e+04
3.050e+04
3.008e+04
2.952e+04
3.034e+04
3.096e+04
3.352e+04
3.664e+04
3.829e+04
4.204e+04
4.801e+04
4.544e+04
4.110e+04
3.906e+04
3.902e+04
3.814e+04
3.789e+04
3.765e+04
3.786e+04
3.827e+04
4.122e+04
4.401e+04
4.900e+04
5.939e+04
7.916e+04
1.336e+05
