0.000e+00
0.000e+00
1.000e+00
0.000e+00
0.000e+00
0.000e+00
0.000e+00
0.000e+00
0.000e+00
0.000e+00
0.000e+00
0.000e+00
0.000e+00
0.000e+00
0.000e+00
1.000e+00
0.000e+00
0.000e+00
2.000e+00
0.000e+00
0.000e+00
2.000e+00
0.000e+00
0.000e+00
1.000e+00
0.000e+00
0.000e+00
0.000e+00
0.000e+00
0.000e+00
0.000e+00
0.000e+00
1.000e+00
0.000e+00
0.000e+00
2.000e+00
1.000e+00
0.000e+00
0.000e+00
0.000e+00
0.000e+00
1.000e+00
0.000e+00
0.000e+00
1.000e+00
1.000e+00
0.000e+00
0.000e+00
1.000e+00
1.000e+00
2.000e+00
4.000e+00
3.000e+00
1.400e+01
1.400e+01
5.000e+00
1.400e+01
8.000e+00
2.000e+01
2.700e+01
2.900e+01
3.400e+01
2.500e+01
3.000e+01
3.500e+01
6.500e+01
4.300e+01
2.300e+01
3.200e+01
1.200e+01
2.500e+01
2.500e+01
4.000e+01
4.500e+01
5.200e+01
5.000e+01
3.200e+01
3.200e+01
2.700e+01
2.400e+01
2.900e+01
3.300e+01
3.300e+01
2.200e+01
5.400e+01
3.900e+01
8.100e+01
7.100e+01
5.800e+01
8.600e+01
9.300e+01
1.010e+02
1.130e+02
1.090e+02
1.950e+02
1.300e+02
1.250e+02
1.380e+02
1.600e+02
1.370e+02
1.610e+02
2.110e+02
2.280e+02
2.180e+02
1.990e+02
1.740e+02
1.460e+02
2.000e+02
2.180e+02
2.820e+02
3.550e+02
3.070e+02
2.330e+02
1.940e+02
2.330e+02
2.520e+02
2.340e+02
2.330e+02
1.260e+02
6.200e+01
6.800e+01
7.500e+01
6.400e+01
5.200e+01
5.000e+01
3.600e+01
2.000e+01
2.900e+01
2.000e+01
1.600e+01
1.800e+01
1.700e+01
1.400e+01
1.700e+01
1.300e+01
1.300e+01
1.600e+01
1.200e+01
9.000e+00
6.000e+00
1.100e+01
6.000e+00
4.000e+00
6.000e+00
7.000e+00
1.000e+00
4.000e+00
3.000e+00
2.000e+00
1.000e+00
1.000e+00
3.000e+00
1.000e+00
1.000e+00
3.000e+00
0.000e+00
2.000e+00
1.000e+00
0.000e+00
0.000e+00
0.000e+00
0.000e+00
0.000e+00
0.000e+00
0.000e+00
1.000e+00
1.000e+00
0.000e+00
1.000e+00
2.000e+00
0.000e+00
3.000e+00
1.000e+00
2.000e+00
0.000e+00
1.000e+00
0.000e+00
2.000e+00
2.000e+00
3.000e+00
6.000e+00
4.000e+00
1.000e+00
2.000e+00
1.000e+00
0.000e+00
1.000e+00
1.000e+00
1.000e+00
2.000e+00
1.000e+00
1.000e+00
2.000e+00
1.000e+00
0.000e+00
2.000e+00
2.000e+00
2.000e+00
0.000e+00
1.000e+00
1.000e+00
0.000e+00
1.000e+00
0.000e+00
2.000e+00
1.000e+00
2.000e+00
0.000e+00
3.000e+00
2.000e+00
0.000e+00
1.000e+00
3.000e+00
3.000e+00
1.000e+00
1.000e+00
4.000e+00
1.000e+00
7.000e+00
3.000e+00
6.000e+00
3.000e+00
8.000e+00
1.100e+01
9.000e+00
6.000e+00
1.400e+01
2.000e+01
1.800e+01
2.100e+01
2.000e+01
2.000e+01
2.600e+01
2.700e+01
3.200e+01
4.200e+01
5.800e+01
6.200e+01
4.500e+01
7.900e+01
5.800e+01
6.800e+01
9.300e+01
2.030e+02
2.320e+02
2.600e+02
2.310e+02
1.880e+02
2.780e+02
3.360e+02
3.220e+02
2.870e+02
1.990e+02
2.350e+02
1.810e+02
1.900e+02
2.080e+02
2.360e+02
2.510e+02
2.370e+02
1.560e+02
1.280e+02
1.250e+02
1.410e+02
1.220e+02
1.150e+02
1.490e+02
1.900e+02
1.060e+02
8.200e+01
8.300e+01
7.000e+01
8.300e+01
9.400e+01
6.400e+01
3.800e+01
3.700e+01
2.600e+01
3.400e+01
3.400e+01
2.200e+01
2.400e+01
2.400e+01
2.100e+01
2.600e+01
4.000e+01
4.600e+01
6.700e+01
5.400e+01
2.500e+01
1.500e+01
2.200e+01
3.200e+01
1.800e+01
3.700e+01
6.500e+01
4.600e+01
2.000e+01
2.200e+01
2.500e+01
2.200e+01
2.300e+01
9.000e+00
1.000e+01
1.900e+01
1.300e+01
1.500e+01
1.200e+01
2.000e+00
8.000e+00
0.000e+00
5.000e+00
4.000e+00
3.000e+00
1.000e+00
0.000e+00
1.000e+00
1.000e+00
2.000e+00
2.000e+00
1.000e+00
3.000e+00
0.000e+00
0.000e+00
0.000e+00
0.000e+00
1.000e+00
2.000e+00
2.000e+00
0.000e+00
0.000e+00
0.000e+00
0.000e+00
0.000e+00
0.000e+00
0.000e+00
0.000e+00
0.000e+00
0.000e+00
0.000e+00
0.000e+00
0.000e+00
0.000e+00
1.000e+00
2.000e+00
0.000e+00
0.000e+00
0.000e+00
0.000e+00
0.000e+00
0.000e+00
0.000e+00
0.000e+00
0.000e+00
0.000e+00
0.000e+00
0.000e+00
0.000e+00
0.000e+00
1.000e+00
