1.554e+03
6.800e+02
6.230e+02
5.340e+02
5.300e+02
5.080e+02
4.750e+02
4.230e+02
3.400e+02
3.960e+02
3.560e+02
3.170e+02
2.450e+02
2.010e+02
1.800e+02
1.740e+02
1.450e+02
1.400e+02
1.290e+02
1.090e+02
1.040e+02
7.900e+01
8.100e+01
7.300e+01
6.500e+01
6.100e+01
5.400e+01
4.500e+01
5.100e+01
4.400e+01
6.100e+01
6.200e+01
8.200e+01
2.700e+01
2.100e+01
2.200e+01
2.100e+01
1.100e+01
1.000e+01
8.000e+00
5.000e+00
6.000e+00
8.000e+00
1.300e+01
1.000e+01
1.000e+00
4.000e+00
9.000e+00
7.000e+00
9.000e+00
9.000e+00
5.000e+00
3.000e+00
3.000e+00
1.200e+01
2.000e+00
4.000e+00
6.000e+00
6.000e+00
9.000e+00
2.000e+00
1.200e+01
1.600e+01
1.400e+01
4.000e+01
3.700e+01
4.000e+01
4.400e+01
5.800e+01
4.000e+01
4.500e+01
3.200e+01
6.000e+01
4.500e+01
3.900e+01
4.400e+01
4.700e+01
5.300e+01
4.200e+01
3.500e+01
2.300e+01
2.800e+01
2.700e+01
3.300e+01
4.100e+01
3.700e+01
4.400e+01
2.500e+01
2.500e+01
1.800e+01
2.700e+01
2.900e+01
3.500e+01
2.400e+01
3.500e+01
3.400e+01
2.800e+01
2.300e+01
2.400e+01
1.900e+01
2.700e+01
7.000e+00
1.300e+01
1.700e+01
9.000e+00
1.100e+01
1.500e+01
1.200e+01
9.000e+00
2.000e+00
5.000e+00
5.000e+00
0.000e+00
7.000e+00
3.000e+00
0.000e+00
4.000e+00
3.000e+00
5.000e+00
6.000e+00
2.000e+00
2.000e+00
1.000e+00
3.000e+00
2.000e+00
2.000e+00
3.000e+00
0.000e+00
1.000e+00
0.000e+00
0.000e+00
3.000e+00
2.000e+00
2.000e+00
1.000e+00
4.000e+00
0.000e+00
1.000e+00
4.000e+00
4.000e+00
2.000e+00
9.000e+00
3.000e+00
6.000e+00
1.000e+01
8.000e+00
1.400e+01
1.500e+01
1.000e+01
4.000e+00
8.000e+00
1.600e+01
2.600e+01
2.500e+01
3.800e+01
3.800e+01
4.400e+01
3.900e+01
2.800e+01
2.400e+01
2.900e+01
1.100e+01
2.300e+01
2.200e+01
2.900e+01
4.300e+01
5.400e+01
5.300e+01
4.900e+01
7.200e+01
6.800e+01
9.300e+01
1.150e+02
1.630e+02
1.610e+02
1.780e+02
1.960e+02
2.330e+02
2.860e+02
4.290e+02
9.320e+02
3.760e+02
2.730e+02
2.260e+02
1.950e+02
1.390e+02
1.250e+02
1.120e+02
8.800e+01
9.100e+01
8.300e+01
7.200e+01
5.300e+01
7.000e+01
4.300e+01
4.500e+01
2.700e+01
2.300e+01
2.000e+01
1.900e+01
1.900e+01
1.600e+01
1.700e+01
1.800e+01
9.000e+00
1.000e+01
1.800e+01
1.500e+01
7.000e+00
9.000e+00
2.000e+00
4.000e+00
5.000e+00
3.000e+00
4.000e+00
5.000e+00
7.000e+00
2.000e+00
2.000e+00
1.000e+00
5.000e+00
2.000e+00
8.000e+00
2.000e+00
1.000e+00
0.000e+00
2.000e+00
2.000e+00
1.000e+00
0.000e+00
1.000e+00
2.000e+00
2.000e+00
1.000e+00
1.000e+00
1.000e+00
3.000e+00
0.000e+00
3.000e+00
0.000e+00
2.000e+00
2.000e+00
4.000e+00
2.000e+00
6.000e+00
2.000e+00
1.000e+00
4.000e+00
4.000e+00
3.000e+00
9.000e+00
8.000e+00
1.000e+00
8.000e+00
1.500e+01
7.000e+00
4.000e+00
2.200e+01
8.000e+00
1.800e+01
1.600e+01
1.800e+01
1.900e+01
2.300e+01
4.200e+01
3.000e+01
3.700e+01
1.800e+01
8.000e+00
1.700e+01
1.700e+01
1.700e+01
2.500e+01
3.200e+01
3.000e+01
3.500e+01
2.600e+01
3.100e+01
2.300e+01
2.600e+01
3.100e+01
2.900e+01
2.500e+01
2.900e+01
3.700e+01
4.600e+01
2.800e+01
4.000e+01
4.700e+01
4.900e+01
5.200e+01
4.300e+01
4.700e+01
4.100e+01
4.100e+01
4.500e+01
3.600e+01
2.700e+01
1.400e+01
1.700e+01
1.000e+01
7.000e+00
1.000e+01
9.000e+00
9.000e+00
7.000e+00
7.000e+00
2.000e+00
4.000e+00
3.000e+00
4.000e+00
4.000e+00
6.000e+00
3.000e+00
4.000e+00
5.000e+00
1.200e+01
8.000e+00
8.000e+00
1.000e+01
3.000e+00
8.000e+00
1.500e+01
2.100e+01
1.100e+01
1.900e+01
1.800e+01
2.000e+01
2.100e+01
2.900e+01
2.900e+01
3.400e+01
4.200e+01
4.100e+01
5.200e+01
4.600e+01
4.500e+01
5.300e+01
5.200e+01
6.600e+01
6.900e+01
7.700e+01
9.100e+01
8.100e+01
9.800e+01
1.060e+02
1.070e+02
1.350e+02
1.650e+02
2.060e+02
2.760e+02
3.210e+02
3.620e+02
4.340e+02
5.090e+02
6.090e+02
5.980e+02
5.880e+02
6.460e+02
7.290e+02
