1.070e+03
3.330e+02
2.400e+02
2.150e+02
1.670e+02
1.380e+02
1.070e+02
8.700e+01
1.040e+02
9.900e+01
9.700e+01
1.010e+02
1.400e+02
1.380e+02
1.450e+02
1.230e+02
1.040e+02
8.700e+01
6.700e+01
6.400e+01
5.700e+01
4.000e+01
6.100e+01
5.200e+01
4.200e+01
4.600e+01
3.400e+01
3.300e+01
3.100e+01
3.700e+01
2.900e+01
3.200e+01
2.300e+01
3.100e+01
3.900e+01
3.600e+01
4.400e+01
5.800e+01
7.100e+01
7.500e+01
1.050e+02
7.100e+01
6.000e+01
8.000e+01
5.800e+01
4.000e+01
3.500e+01
3.000e+01
2.600e+01
4.500e+01
1.900e+01
4.700e+01
4.800e+01
2.900e+01
2.200e+01
1.700e+01
2.100e+01
1.300e+01
1.800e+01
1.700e+01
1.700e+01
1.700e+01
1.500e+01
1.100e+01
8.000e+00
8.000e+00
8.000e+00
4.000e+00
7.000e+00
3.000e+00
5.000e+00
5.000e+00
9.000e+00
8.000e+00
1.000e+00
5.000e+00
1.000e+01
4.000e+00
5.000e+00
3.000e+00
5.000e+00
6.000e+00
3.000e+00
1.000e+00
0.000e+00
5.000e+00
2.000e+00
1.000e+00
5.000e+00
1.000e+00
2.000e+00
1.000e+00
1.000e+00
1.000e+00
0.000e+00
0.000e+00
1.000e+00
1.000e+00
0.000e+00
1.000e+00
1.000e+00
3.000e+00
0.000e+00
0.000e+00
1.000e+00
0.000e+00
0.000e+00
1.000e+00
0.000e+00
0.000e+00
0.000e+00
0.000e+00
0.000e+00
1.000e+00
0.000e+00
0.000e+00
0.000e+00
0.000e+00
1.000e+00
1.000e+00
0.000e+00
0.000e+00
2.000e+00
0.000e+00
1.000e+00
0.000e+00
0.000e+00
0.000e+00
0.000e+00
1.000e+00
0.000e+00
1.000e+00
3.000e+00
0.000e+00
1.000e+00
1.000e+00
4.000e+00
0.000e+00
2.000e+00
2.000e+00
2.000e+00
0.000e+00
1.000e+00
1.000e+00
7.000e+00
1.000e+00
1.000e+00
1.000e+00
4.000e+00
5.000e+00
6.000e+00
6.000e+00
1.000e+01
3.000e+00
2.000e+01
1.400e+01
1.000e+01
9.000e+00
1.000e+01
4.000e+00
1.000e+01
2.000e+00
5.000e+00
2.000e+00
2.000e+00
5.000e+00
5.000e+00
5.000e+00
5.000e+00
3.000e+00
8.000e+00
6.000e+00
8.000e+00
8.000e+00
1.100e+01
9.000e+00
1.100e+01
5.000e+00
1.200e+01
9.000e+00
6.000e+00
5.000e+00
1.400e+01
1.600e+01
1.000e+01
2.800e+01
1.400e+01
1.600e+01
1.000e+01
1.100e+01
8.000e+00
1.000e+01
1.000e+00
8.000e+00
9.000e+00
1.200e+01
4.000e+00
1.100e+01
3.000e+00
4.000e+00
6.000e+00
9.000e+00
8.000e+00
7.000e+00
1.100e+01
3.000e+00
9.000e+00
3.000e+00
1.100e+01
6.000e+00
9.000e+00
0.000e+00
3.000e+00
0.000e+00
1.000e+00
1.000e+00
2.000e+00
0.000e+00
1.000e+00
2.000e+00
0.000e+00
0.000e+00
0.000e+00
0.000e+00
0.000e+00
1.000e+00
0.000e+00
0.000e+00
1.000e+00
1.000e+00
0.000e+00
0.000e+00
0.000e+00
0.000e+00
0.000e+00
0.000e+00
0.000e+00
0.000e+00
0.000e+00
0.000e+00
0.000e+00
0.000e+00
0.000e+00
0.000e+00
0.000e+00
0.000e+00
0.000e+00
0.000e+00
2.000e+00
0.000e+00
0.000e+00
2.000e+00
0.000e+00
0.000e+00
0.000e+00
0.000e+00
0.000e+00
1.000e+00
0.000e+00
0.000e+00
0.000e+00
0.000e+00
1.000e+00
0.000e+00
1.000e+00
0.000e+00
1.000e+00
1.000e+00
0.000e+00
0.000e+00
1.000e+00
1.000e+00
0.000e+00
1.000e+00
0.000e+00
1.000e+00
1.000e+00
3.000e+00
6.000e+00
6.000e+00
3.000e+00
1.000e+00
3.000e+00
2.000e+00
2.000e+00
5.000e+00
2.000e+00
3.000e+00
3.000e+00
8.000e+00
2.000e+00
1.000e+00
6.000e+00
3.000e+00
6.000e+00
1.200e+01
9.000e+00
7.000e+00
1.000e+01
1.000e+01
1.000e+01
8.000e+00
1.900e+01
1.000e+00
6.000e+00
9.000e+00
9.000e+00
1.200e+01
1.200e+01
1.600e+01
1.300e+01
9.000e+00
1.700e+01
1.200e+01
2.100e+01
1.900e+01
1.700e+01
1.900e+01
2.100e+01
1.400e+01
2.900e+01
2.500e+01
2.500e+01
2.500e+01
2.100e+01
1.900e+01
1.700e+01
1.100e+01
2.300e+01
2.100e+01
1.900e+01
3.200e+01
2.300e+01
2.800e+01
3.300e+01
4.100e+01
2.500e+01
3.400e+01
4.000e+01
3.800e+01
5.100e+01
4.700e+01
4.500e+01
5.800e+01
4.300e+01
5.800e+01
6.900e+01
5.000e+01
6.300e+01
7.200e+01
6.000e+01
7.600e+01
1.640e+02
1.860e+02
1.650e+02
1.800e+02
1.960e+02
2.490e+02
2.120e+02
3.260e+02
