2.100e+05
4.021e+04
2.090e+04
1.470e+04
1.119e+04
9.502e+03
8.488e+03
8.197e+03
7.822e+03
7.797e+03
7.859e+03
8.661e+03
9.241e+03
9.801e+03
1.065e+04
1.070e+04
1.014e+04
8.892e+03
7.483e+03
6.088e+03
5.221e+03
4.515e+03
4.223e+03
3.793e+03
3.731e+03
3.480e+03
3.483e+03
3.420e+03
3.551e+03
3.588e+03
3.821e+03
4.548e+03
4.998e+03
6.055e+03
7.112e+03
4.464e+03
3.594e+03
2.972e+03
2.756e+03
2.287e+03
1.963e+03
1.908e+03
1.951e+03
1.836e+03
1.801e+03
1.639e+03
1.591e+03
1.769e+03
1.868e+03
1.882e+03
2.005e+03
2.216e+03
2.691e+03
3.315e+03
3.774e+03
3.783e+03
3.798e+03
3.597e+03
3.665e+03
3.112e+03
2.485e+03
1.898e+03
1.762e+03
1.655e+03
1.406e+03
1.170e+03
1.365e+03
1.243e+03
1.145e+03
1.236e+03
1.998e+03
4.670e+03
1.449e+03
1.029e+03
1.334e+03
8.870e+02
6.210e+02
4.930e+02
4.250e+02
3.900e+02
5.000e+02
4.320e+02
4.320e+02
4.220e+02
4.020e+02
4.370e+02
4.740e+02
5.090e+02
5.370e+02
6.210e+02
5.710e+02
5.780e+02
5.020e+02
4.080e+02
3.670e+02
3.520e+02
3.330e+02
3.050e+02
2.640e+02
3.020e+02
3.020e+02
3.230e+02
3.050e+02
3.120e+02
3.270e+02
3.390e+02
3.870e+02
4.440e+02
4.640e+02
4.680e+02
4.770e+02
5.780e+02
6.370e+02
5.950e+02
6.690e+02
6.930e+02
7.210e+02
8.620e+02
1.036e+03
1.060e+03
9.590e+02
8.790e+02
8.820e+02
7.260e+02
6.700e+02
7.130e+02
6.820e+02
6.780e+02
6.100e+02
6.040e+02
6.210e+02
6.620e+02
6.320e+02
6.740e+02
6.150e+02
6.650e+02
6.670e+02
6.180e+02
5.850e+02
5.780e+02
5.700e+02
6.270e+02
6.350e+02
7.060e+02
8.250e+02
8.840e+02
8.500e+02
7.930e+02
8.020e+02
8.130e+02
9.180e+02
9.910e+02
9.290e+02
8.920e+02
9.020e+02
8.610e+02
1.046e+03
9.790e+02
1.063e+03
1.167e+03
1.139e+03
1.125e+03
1.158e+03
1.229e+03
1.431e+03
1.376e+03
1.296e+03
1.235e+03
1.129e+03
1.098e+03
1.109e+03
1.079e+03
1.190e+03
1.225e+03
1.459e+03
1.607e+03
2.063e+03
2.758e+03
4.010e+03
7.636e+03
4.582e+04
7.459e+03
3.765e+03
2.640e+03
2.147e+03
1.605e+03
1.452e+03
1.320e+03
1.271e+03
1.177e+03
1.329e+03
1.292e+03
1.140e+03
1.289e+03
1.207e+03
1.274e+03
1.337e+03
1.141e+03
1.071e+03
9.200e+02
9.960e+02
1.054e+03
9.710e+02
9.020e+02
9.520e+02
9.140e+02
9.870e+02
9.620e+02
9.950e+02
9.170e+02
1.023e+03
8.570e+02
8.670e+02
8.030e+02
9.030e+02
8.770e+02
8.510e+02
7.730e+02
7.550e+02
7.120e+02
6.470e+02
7.420e+02
7.260e+02
6.860e+02
6.450e+02
6.200e+02
6.100e+02
5.870e+02
5.610e+02
5.920e+02
5.530e+02
5.080e+02
5.660e+02
5.200e+02
5.800e+02
6.530e+02
7.020e+02
7.350e+02
9.020e+02
9.580e+02
9.990e+02
9.790e+02
1.008e+03
7.810e+02
7.570e+02
7.060e+02
6.430e+02
6.510e+02
6.570e+02
5.690e+02
5.500e+02
5.490e+02
4.350e+02
4.300e+02
4.440e+02
4.130e+02
3.380e+02
2.920e+02
2.860e+02
2.900e+02
3.060e+02
2.680e+02
2.690e+02
2.630e+02
3.100e+02
3.140e+02
3.710e+02
3.610e+02
5.050e+02
5.720e+02
5.790e+02
5.350e+02
5.080e+02
5.200e+02
4.840e+02
4.660e+02
3.860e+02
4.340e+02
3.900e+02
3.650e+02
4.100e+02
4.020e+02
4.090e+02
4.320e+02
5.060e+02
9.540e+02
1.116e+03
1.042e+03
1.632e+03
4.918e+03
1.701e+03
1.141e+03
1.357e+03
1.255e+03
1.557e+03
1.227e+03
1.368e+03
1.411e+03
1.653e+03
1.879e+03
2.457e+03
3.229e+03
3.718e+03
3.570e+03
3.696e+03
3.577e+03
3.614e+03
3.355e+03
2.765e+03
2.280e+03
2.070e+03
1.937e+03
1.742e+03
1.751e+03
1.612e+03
1.458e+03
1.843e+03
1.857e+03
1.979e+03
1.927e+03
2.003e+03
2.224e+03
2.761e+03
3.146e+03
3.936e+03
4.647e+03
6.929e+03
7.948e+03
5.831e+03
5.677e+03
4.802e+03
4.192e+03
4.132e+03
4.065e+03
3.891e+03
3.994e+03
3.899e+03
4.149e+03
4.498e+03
4.870e+03
5.701e+03
6.879e+03
8.104e+03
1.042e+04
1.314e+04
1.187e+04
1.056e+04
9.848e+03
9.059e+03
8.146e+03
7.579e+03
7.370e+03
7.646e+03
7.837e+03
8.509e+03
9.693e+03
1.145e+04
1.516e+04
2.189e+04
3.991e+04
