1.400e+01
8.000e+00
2.000e+00
6.000e+00
6.000e+00
2.000e+00
4.000e+00
3.000e+00
4.000e+00
3.000e+00
7.000e+00
9.000e+00
2.000e+00
7.000e+00
1.100e+01
1.000e+01
1.200e+01
1.300e+01
1.900e+01
2.100e+01
2.100e+01
2.400e+01
2.300e+01
2.600e+01
3.000e+01
4.000e+01
4.200e+01
5.100e+01
5.300e+01
4.700e+01
4.500e+01
5.000e+01
6.000e+01
5.500e+01
7.200e+01
9.500e+01
8.200e+01
1.000e+02
1.280e+02
2.300e+02
2.730e+02
2.960e+02
3.980e+02
5.620e+02
7.740e+02
9.990e+02
1.068e+03
9.640e+02
7.280e+02
5.150e+02
4.510e+02
4.310e+02
4.480e+02
3.800e+02
4.200e+02
4.690e+02
5.790e+02
7.550e+02
1.093e+03
1.807e+03
5.225e+03
6.612e+03
3.197e+03
1.561e+03
9.500e+02
6.520e+02
5.630e+02
4.770e+02
4.430e+02
4.400e+02
4.130e+02
3.430e+02
3.930e+02
3.870e+02
5.060e+02
6.820e+02
9.100e+02
1.244e+03
1.240e+03
9.200e+02
4.740e+02
3.220e+02
2.440e+02
2.130e+02
1.350e+02
8.500e+01
7.100e+01
7.000e+01
7.100e+01
4.400e+01
5.300e+01
5.000e+01
4.000e+01
3.500e+01
4.300e+01
4.700e+01
3.200e+01
3.800e+01
2.800e+01
3.100e+01
2.400e+01
2.100e+01
1.200e+01
2.200e+01
1.800e+01
1.200e+01
2.000e+01
1.800e+01
9.000e+00
5.000e+00
3.000e+00
4.000e+00
6.000e+00
4.000e+00
5.000e+00
6.000e+00
8.000e+00
8.000e+00
5.000e+00
8.000e+00
6.000e+00
7.000e+00
1.300e+01
8.000e+00
4.000e+00
5.000e+00
4.000e+00
2.000e+00
9.000e+00
4.000e+00
9.000e+00
7.000e+00
1.900e+01
1.100e+01
1.500e+01
1.400e+01
9.000e+00
1.600e+01
2.400e+01
2.600e+01
2.400e+01
2.300e+01
2.200e+01
2.900e+01
4.400e+01
4.700e+01
5.300e+01
8.100e+01
6.100e+01
7.800e+01
7.900e+01
8.100e+01
8.600e+01
7.600e+01
8.300e+01
1.040e+02
1.530e+02
2.210e+02
2.500e+02
3.350e+02
4.350e+02
7.780e+02
1.076e+03
1.201e+03
9.930e+02
7.100e+02
5.280e+02
4.560e+02
3.570e+02
3.710e+02
3.550e+02
3.970e+02
3.950e+02
3.850e+02
4.350e+02
5.050e+02
6.480e+02
8.380e+02
1.508e+03
2.911e+03
9.854e+03
2.899e+03
1.516e+03
8.210e+02
6.020e+02
5.040e+02
4.490e+02
4.010e+02
4.610e+02
3.770e+02
3.680e+02
3.420e+02
4.070e+02
4.200e+02
5.680e+02
6.820e+02
9.140e+02
1.130e+03
1.065e+03
7.540e+02
4.330e+02
3.050e+02
2.280e+02
2.160e+02
1.380e+02
9.600e+01
1.020e+02
7.600e+01
7.800e+01
7.000e+01
7.200e+01
5.000e+01
5.700e+01
4.600e+01
4.100e+01
3.900e+01
4.200e+01
2.600e+01
3.100e+01
3.100e+01
2.000e+01
2.000e+01
2.400e+01
2.400e+01
1.700e+01
8.000e+00
1.400e+01
1.400e+01
1.200e+01
6.000e+00
3.000e+00
4.000e+00
6.000e+00
7.000e+00
4.000e+00
9.000e+00
4.000e+00
8.000e+00
9.000e+00
9.000e+00
8.000e+00
1.100e+01
6.000e+00
3.000e+00
2.000e+00
2.000e+00
4.000e+00
5.000e+00
4.000e+00
5.000e+00
1.400e+01
1.000e+01
1.200e+01
7.000e+00
1.800e+01
1.300e+01
1.100e+01
2.600e+01
1.600e+01
2.400e+01
2.200e+01
2.200e+01
2.300e+01
4.100e+01
3.700e+01
4.500e+01
5.300e+01
4.700e+01
4.500e+01
6.900e+01
5.800e+01
6.900e+01
5.600e+01
7.100e+01
7.800e+01
1.070e+02
1.500e+02
2.190e+02
2.680e+02
3.410e+02
4.700e+02
9.370e+02
1.228e+03
1.301e+03
9.740e+02
6.660e+02
4.690e+02
4.140e+02
3.380e+02
3.890e+02
3.910e+02
4.510e+02
4.740e+02
4.830e+02
5.710e+02
6.700e+02
9.670e+02
1.549e+03
3.219e+03
6.708e+03
5.199e+03
1.742e+03
1.055e+03
7.640e+02
5.700e+02
4.880e+02
4.200e+02
3.930e+02
4.190e+02
4.200e+02
4.770e+02
5.750e+02
6.850e+02
8.740e+02
1.036e+03
1.029e+03
6.920e+02
5.790e+02
3.850e+02
2.890e+02
2.750e+02
2.020e+02
1.090e+02
7.900e+01
8.700e+01
9.900e+01
5.900e+01
5.600e+01
4.100e+01
4.500e+01
4.000e+01
3.900e+01
4.800e+01
4.800e+01
3.400e+01
2.600e+01
2.600e+01
2.900e+01
3.000e+01
1.900e+01
1.700e+01
1.400e+01
2.400e+01
1.600e+01
1.300e+01
8.000e+00
1.000e+01
7.000e+00
7.000e+00
8.000e+00
4.000e+00
4.000e+00
4.000e+00
8.000e+00
4.000e+00
2.000e+00
5.000e+00
7.000e+00
5.000e+00
1.000e+01
