0.000e+00
0.000e+00
0.000e+00
0.000e+00
0.000e+00
0.000e+00
0.000e+00
0.000e+00
0.000e+00
0.000e+00
0.000e+00
0.000e+00
0.000e+00
0.000e+00
0.000e+00
0.000e+00
0.000e+00
0.000e+00
0.000e+00
0.000e+00
0.000e+00
0.000e+00
0.000e+00
1.000e+00
1.000e+00
1.000e+00
3.000e+00
4.000e+00
2.000e+00
2.000e+00
2.000e+00
2.000e+00
5.000e+00
3.000e+00
1.000e+00
1.900e+01
5.000e+00
0.000e+00
4.000e+00
0.000e+00
1.000e+00
2.000e+00
1.000e+00
3.000e+00
3.000e+00
3.000e+00
5.000e+00
7.000e+00
5.000e+00
6.000e+00
5.000e+00
2.100e+01
2.400e+01
3.800e+01
4.700e+01
3.200e+01
3.300e+01
3.300e+01
4.400e+01
1.030e+02
3.710e+02
2.170e+02
1.070e+02
4.500e+01
3.000e+01
2.200e+01
2.400e+01
2.700e+01
4.900e+01
4.700e+01
2.900e+01
1.100e+01
1.400e+01
9.000e+00
7.000e+00
9.000e+00
3.000e+00
7.000e+00
5.000e+00
1.000e+01
3.000e+00
3.000e+00
6.000e+00
1.000e+00
4.000e+00
2.000e+00
0.000e+00
3.000e+00
1.000e+00
1.000e+00
0.000e+00
1.000e+00
1.000e+00
1.000e+00
3.000e+00
0.000e+00
3.000e+00
2.000e+00
0.000e+00
0.000e+00
0.000e+00
2.000e+00
1.000e+00
1.000e+00
0.000e+00
1.000e+00
0.000e+00
2.000e+00
0.000e+00
0.000e+00
0.000e+00
0.000e+00
0.000e+00
0.000e+00
0.000e+00
0.000e+00
0.000e+00
0.000e+00
0.000e+00
0.000e+00
0.000e+00
0.000e+00
1.000e+00
0.000e+00
1.000e+00
3.000e+00
0.000e+00
1.000e+00
0.000e+00
1.000e+00
0.000e+00
0.000e+00
0.000e+00
0.000e+00
2.000e+00
1.000e+00
1.000e+00
0.000e+00
1.000e+00
0.000e+00
0.000e+00
0.000e+00
0.000e+00
3.000e+00
1.000e+00
4.000e+00
2.000e+00
4.000e+00
2.000e+00
1.000e+00
3.000e+00
2.000e+00
4.000e+00
4.000e+00
5.000e+00
3.000e+00
1.000e+00
2.000e+00
1.000e+00
2.000e+00
7.000e+00
1.000e+00
3.000e+00
3.000e+00
9.000e+00
7.000e+00
6.000e+00
9.000e+00
7.000e+00
1.100e+01
2.800e+01
3.000e+01
3.600e+01
4.100e+01
2.900e+01
1.200e+01
3.100e+01
2.800e+01
6.900e+01
1.160e+02
4.890e+02
1.150e+02
5.200e+01
3.800e+01
3.400e+01
3.500e+01
4.800e+01
2.700e+01
2.000e+01
2.900e+01
1.400e+01
9.000e+00
9.000e+00
1.200e+01
7.000e+00
5.000e+00
1.000e+01
1.000e+00
3.000e+00
3.000e+00
5.000e+00
6.000e+00
6.000e+00
2.000e+00
2.000e+00
4.000e+00
0.000e+00
5.000e+00
1.000e+00
1.000e+00
7.000e+00
1.000e+00
1.000e+00
1.000e+00
1.000e+00
9.000e+00
4.000e+00
3.000e+00
0.000e+00
3.000e+00
0.000e+00
2.000e+00
2.000e+00
0.000e+00
1.000e+00
0.000e+00
0.000e+00
0.000e+00
1.000e+00
0.000e+00
0.000e+00
0.000e+00
0.000e+00
0.000e+00
0.000e+00
2.000e+00
1.000e+00
0.000e+00
0.000e+00
0.000e+00
0.000e+00
1.000e+00
1.000e+00
0.000e+00
0.000e+00
0.000e+00
0.000e+00
0.000e+00
0.000e+00
0.000e+00
2.000e+00
1.000e+00
0.000e+00
0.000e+00
0.000e+00
0.000e+00
1.000e+00
0.000e+00
0.000e+00
1.000e+00
1.000e+00
0.000e+00
0.000e+00
0.000e+00
1.000e+00
1.000e+00
3.000e+00
1.000e+00
0.000e+00
1.000e+00
2.000e+00
6.000e+00
1.000e+00
2.000e+00
3.000e+00
4.000e+00
3.000e+00
0.000e+00
5.000e+00
1.000e+00
5.000e+00
3.000e+00
7.000e+00
1.100e+01
7.000e+00
6.000e+00
7.000e+00
1.400e+01
1.400e+01
1.700e+01
2.600e+01
4.700e+01
4.300e+01
3.600e+01
2.800e+01
2.100e+01
2.400e+01
4.700e+01
1.200e+02
2.250e+02
3.560e+02
9.300e+01
4.500e+01
3.000e+01
3.100e+01
2.200e+01
5.000e+01
3.500e+01
2.000e+01
1.800e+01
1.200e+01
6.000e+00
2.000e+00
9.000e+00
6.000e+00
3.000e+00
3.000e+00
6.000e+00
3.000e+00
4.000e+00
5.000e+00
2.000e+00
4.000e+00
2.000e+00
2.000e+00
1.500e+01
4.000e+00
2.000e+00
2.000e+00
2.000e+00
1.000e+00
1.000e+00
1.000e+00
0.000e+00
1.000e+00
0.000e+00
0.000e+00
0.000e+00
0.000e+00
0.000e+00
2.000e+00
0.000e+00
0.000e+00
0.000e+00
0.000e+00
0.000e+00
0.000e+00
0.000e+00
0.000e+00
0.000e+00
0.000e+00
0.000e+00
0.000e+00
0.000e+00
0.000e+00
0.000e+00
0.000e+00
0.000e+00
0.000e+00
0.000e+00
