8.834e+03
1.740e+03
9.720e+02
8.440e+02
7.300e+02
4.140e+02
3.360e+02
3.330e+02
2.190e+02
2.420e+02
2.040e+02
1.750e+02
1.530e+02
1.420e+02
1.340e+02
9.700e+01
1.090e+02
1.030e+02
1.330e+02
1.400e+02
1.330e+02
1.550e+02
1.720e+02
1.750e+02
1.740e+02
1.600e+02
1.270e+02
1.300e+02
1.470e+02
1.480e+02
1.140e+02
1.210e+02
1.540e+02
1.970e+02
2.010e+02
2.350e+02
2.650e+02
2.700e+02
2.760e+02
3.440e+02
3.610e+02
3.760e+02
3.740e+02
3.430e+02
3.360e+02
3.850e+02
3.850e+02
3.670e+02
3.230e+02
3.930e+02
3.930e+02
4.690e+02
4.800e+02
4.840e+02
5.210e+02
4.980e+02
5.840e+02
6.510e+02
6.320e+02
9.020e+02
1.428e+03
1.351e+03
1.325e+03
1.084e+03
8.150e+02
7.510e+02
6.450e+02
6.580e+02
6.640e+02
6.550e+02
6.520e+02
6.620e+02
7.190e+02
8.020e+02
8.720e+02
8.460e+02
8.950e+02
8.670e+02
8.390e+02
8.050e+02
8.340e+02
8.800e+02
9.190e+02
8.580e+02
1.009e+03
9.710e+02
1.062e+03
1.118e+03
1.161e+03
1.266e+03
1.391e+03
1.331e+03
1.224e+03
1.225e+03
1.306e+03
1.213e+03
1.211e+03
1.249e+03
1.386e+03
1.407e+03
1.449e+03
1.469e+03
1.506e+03
1.569e+03
1.664e+03
1.774e+03
1.735e+03
1.666e+03
1.662e+03
1.785e+03
1.799e+03
1.715e+03
1.679e+03
1.481e+03
1.460e+03
1.575e+03
1.512e+03
1.810e+03
2.018e+03
1.754e+03
1.201e+03
1.159e+03
1.129e+03
1.031e+03
9.410e+02
8.710e+02
7.470e+02
7.640e+02
7.410e+02
6.760e+02
6.020e+02
6.240e+02
5.950e+02
6.360e+02
5.700e+02
5.640e+02
5.470e+02
5.390e+02
4.970e+02
4.880e+02
4.610e+02
4.330e+02
4.310e+02
4.100e+02
4.660e+02
5.780e+02
3.190e+02
3.210e+02
3.310e+02
2.820e+02
3.120e+02
2.890e+02
2.640e+02
1.880e+02
1.890e+02
1.920e+02
2.070e+02
2.800e+02
3.040e+02
2.490e+02
2.420e+02
2.400e+02
2.020e+02
1.800e+02
1.950e+02
1.670e+02
1.790e+02
1.920e+02
2.150e+02
2.010e+02
2.500e+02
3.040e+02
3.760e+02
4.330e+02
4.470e+02
4.960e+02
7.720e+02
9.120e+02
1.104e+03
2.025e+03
9.634e+03
2.006e+03
1.103e+03
9.390e+02
7.580e+02
4.970e+02
4.500e+02
3.850e+02
3.120e+02
2.770e+02
2.270e+02
2.090e+02
1.620e+02
1.650e+02
1.660e+02
1.440e+02
1.260e+02
1.500e+02
1.600e+02
1.710e+02
1.910e+02
1.920e+02
2.060e+02
2.100e+02
1.730e+02
1.690e+02
1.560e+02
1.970e+02
2.100e+02
2.270e+02
2.460e+02
2.530e+02
3.190e+02
2.990e+02
3.150e+02
5.900e+02
4.200e+02
3.440e+02
3.940e+02
4.210e+02
4.190e+02
4.930e+02
4.840e+02
5.000e+02
4.430e+02
4.730e+02
4.820e+02
4.760e+02
4.650e+02
4.600e+02
5.140e+02
5.860e+02
6.930e+02
7.050e+02
7.980e+02
9.240e+02
1.043e+03
1.110e+03
1.167e+03
1.229e+03
1.331e+03
1.902e+03
2.024e+03
1.701e+03
1.482e+03
1.425e+03
1.414e+03
1.467e+03
1.646e+03
1.803e+03
1.855e+03
1.983e+03
1.898e+03
2.004e+03
2.058e+03
1.999e+03
1.893e+03
1.791e+03
1.792e+03
1.714e+03
1.576e+03
1.480e+03
1.445e+03
1.422e+03
1.350e+03
1.375e+03
1.402e+03
1.447e+03
1.327e+03
1.379e+03
1.496e+03
1.402e+03
1.263e+03
1.138e+03
1.038e+03
1.068e+03
1.006e+03
9.190e+02
9.500e+02
9.870e+02
9.220e+02
9.010e+02
9.470e+02
9.640e+02
9.320e+02
9.220e+02
9.120e+02
8.590e+02
7.850e+02
7.380e+02
7.070e+02
7.610e+02
7.620e+02
6.620e+02
7.630e+02
7.830e+02
8.830e+02
1.078e+03
1.369e+03
1.274e+03
1.307e+03
8.350e+02
6.910e+02
6.020e+02
5.600e+02
5.350e+02
5.320e+02
5.050e+02
4.900e+02
4.240e+02
3.750e+02
3.650e+02
3.760e+02
3.900e+02
3.630e+02
3.200e+02
3.210e+02
3.340e+02
2.990e+02
3.200e+02
3.310e+02
2.950e+02
2.560e+02
2.630e+02
2.800e+02
2.280e+02
2.090e+02
1.790e+02
1.590e+02
1.640e+02
1.120e+02
1.290e+02
1.350e+02
1.220e+02
1.200e+02
1.530e+02
1.690e+02
2.160e+02
1.400e+02
1.760e+02
1.290e+02
1.380e+02
1.120e+02
1.200e+02
1.210e+02
1.180e+02
1.230e+02
1.370e+02
1.510e+02
1.900e+02
2.000e+02
2.430e+02
2.300e+02
3.380e+02
4.210e+02
4.320e+02
7.590e+02
7.880e+02
9.780e+02
1.651e+03
