2.180e+02
2.800e+01
1.900e+01
2.800e+01
2.000e+01
9.000e+00
8.000e+00
8.000e+00
6.000e+00
8.000e+00
6.000e+00
2.000e+00
0.000e+00
4.000e+00
3.000e+00
1.000e+00
1.000e+00
1.000e+00
3.000e+00
0.000e+00
1.000e+00
1.000e+00
1.000e+00
1.000e+00
0.000e+00
1.000e+00
0.000e+00
3.000e+00
4.000e+00
1.000e+00
2.000e+00
2.000e+00
3.000e+00
2.000e+00
2.000e+00
2.000e+00
0.000e+00
3.000e+00
1.000e+00
0.000e+00
0.000e+00
1.000e+00
2.000e+00
0.000e+00
1.000e+00
2.000e+00
1.000e+00
0.000e+00
0.000e+00
3.000e+00
0.000e+00
0.000e+00
0.000e+00
2.000e+00
2.000e+00
1.000e+00
0.000e+00
0.000e+00
0.000e+00
0.000e+00
0.000e+00
1.000e+00
0.000e+00
1.000e+00
1.000e+00
0.000e+00
0.000e+00
0.000e+00
1.000e+00
0.000e+00
1.000e+00
0.000e+00
0.000e+00
0.000e+00
2.000e+00
0.000e+00
0.000e+00
0.000e+00
0.000e+00
0.000e+00
0.000e+00
0.000e+00
0.000e+00
0.000e+00
0.000e+00
0.000e+00
0.000e+00
1.000e+00
0.000e+00
0.000e+00
0.000e+00
0.000e+00
0.000e+00
0.000e+00
0.000e+00
0.000e+00
0.000e+00
0.000e+00
0.000e+00
0.000e+00
1.000e+00
0.000e+00
0.000e+00
0.000e+00
0.000e+00
0.000e+00
0.000e+00
0.000e+00
1.000e+00
0.000e+00
0.000e+00
0.000e+00
0.000e+00
1.000e+00
0.000e+00
1.000e+00
2.000e+00
1.000e+00
1.000e+00
1.000e+00
0.000e+00
1.000e+00
2.000e+00
0.000e+00
2.000e+00
1.000e+00
1.000e+00
0.000e+00
0.000e+00
0.000e+00
2.000e+00
2.000e+00
0.000e+00
0.000e+00
0.000e+00
0.000e+00
0.000e+00
0.000e+00
1.000e+00
0.000e+00
2.000e+00
0.000e+00
0.000e+00
3.000e+00
0.000e+00
0.000e+00
1.000e+00
0.000e+00
0.000e+00
0.000e+00
1.000e+00
0.000e+00
0.000e+00
1.000e+00
0.000e+00
1.000e+00
0.000e+00
1.000e+00
0.000e+00
2.000e+00
1.000e+00
1.000e+00
1.000e+00
0.000e+00
0.000e+00
3.000e+00
0.000e+00
3.000e+00
1.000e+00
2.000e+00
3.000e+00
1.000e+00
7.000e+00
5.000e+00
2.000e+00
5.000e+00
8.000e+00
9.000e+00
2.100e+01
9.900e+01
5.710e+02
8.100e+01
2.500e+01
1.800e+01
1.100e+01
2.000e+00
5.000e+00
5.000e+00
3.000e+00
2.000e+00
3.000e+00
3.000e+00
3.000e+00
2.000e+00
1.000e+00
1.000e+00
1.000e+00
0.000e+00
1.000e+00
2.000e+00
2.000e+00
0.000e+00
1.000e+00
1.000e+00
0.000e+00
0.000e+00
1.000e+00
1.000e+00
0.000e+00
0.000e+00
0.000e+00
0.000e+00
0.000e+00
0.000e+00
1.000e+00
0.000e+00
0.000e+00
1.000e+00
0.000e+00
1.000e+00
0.000e+00
0.000e+00
0.000e+00
0.000e+00
0.000e+00
0.000e+00
2.000e+00
0.000e+00
0.000e+00
0.000e+00
0.000e+00
0.000e+00
1.000e+00
1.000e+00
0.000e+00
1.000e+00
0.000e+00
0.000e+00
1.000e+00
1.000e+00
1.000e+00
0.000e+00
1.000e+00
1.000e+00
0.000e+00
1.000e+00
0.000e+00
0.000e+00
0.000e+00
0.000e+00
0.000e+00
0.000e+00
0.000e+00
0.000e+00
0.000e+00
0.000e+00
0.000e+00
0.000e+00
0.000e+00
0.000e+00
0.000e+00
0.000e+00
0.000e+00
0.000e+00
0.000e+00
0.000e+00
0.000e+00
0.000e+00
1.000e+00
0.000e+00
0.000e+00
0.000e+00
0.000e+00
0.000e+00
0.000e+00
0.000e+00
0.000e+00
0.000e+00
0.000e+00
2.000e+00
0.000e+00
1.000e+00
1.000e+00
0.000e+00
0.000e+00
1.000e+00
0.000e+00
0.000e+00
0.000e+00
0.000e+00
0.000e+00
1.000e+00
1.000e+00
0.000e+00
1.000e+00
2.000e+00
0.000e+00
0.000e+00
0.000e+00
1.000e+00
0.000e+00
0.000e+00
0.000e+00
1.000e+00
2.000e+00
0.000e+00
0.000e+00
1.000e+00
1.000e+00
1.000e+00
1.000e+00
1.000e+00
1.000e+00
0.000e+00
0.000e+00
0.000e+00
1.000e+00
1.000e+00
0.000e+00
2.000e+00
2.000e+00
0.000e+00
0.000e+00
0.000e+00
0.000e+00
0.000e+00
2.000e+00
0.000e+00
0.000e+00
1.000e+00
2.000e+00
3.000e+00
1.000e+00
1.000e+00
2.000e+00
2.000e+00
0.000e+00
3.000e+00
1.000e+00
1.000e+00
0.000e+00
1.000e+00
2.000e+00
1.000e+00
1.000e+00
2.000e+00
1.000e+00
2.000e+00
4.000e+00
3.000e+00
1.000e+01
7.000e+00
8.000e+00
6.000e+00
8.000e+00
7.000e+00
1.400e+01
2.700e+01
2.000e+01
2.600e+01
