1.997e+03
4.590e+02
2.430e+02
2.450e+02
2.250e+02
1.050e+02
6.500e+01
7.400e+01
3.600e+01
3.300e+01
2.500e+01
2.700e+01
1.500e+01
7.000e+00
8.000e+00
8.000e+00
4.000e+00
1.000e+00
4.000e+00
1.000e+00
2.000e+00
2.000e+00
2.000e+00
2.000e+00
1.000e+00
3.000e+00
3.000e+00
1.000e+00
2.000e+00
2.000e+00
2.000e+00
5.000e+00
5.000e+00
1.300e+01
8.000e+00
1.100e+01
5.000e+00
6.000e+00
1.200e+01
8.000e+00
7.000e+00
1.400e+01
5.000e+00
7.000e+00
6.000e+00
9.000e+00
5.000e+00
0.000e+00
3.000e+00
0.000e+00
1.000e+00
3.000e+00
2.000e+00
1.000e+00
0.000e+00
1.000e+00
0.000e+00
1.000e+00
0.000e+00
1.000e+00
3.000e+00
0.000e+00
2.000e+00
1.000e+00
2.000e+00
0.000e+00
0.000e+00
0.000e+00
0.000e+00
0.000e+00
0.000e+00
1.000e+00
0.000e+00
0.000e+00
0.000e+00
1.000e+00
0.000e+00
0.000e+00
0.000e+00
0.000e+00
0.000e+00
0.000e+00
0.000e+00
0.000e+00
0.000e+00
0.000e+00
0.000e+00
0.000e+00
0.000e+00
0.000e+00
0.000e+00
0.000e+00
0.000e+00
0.000e+00
0.000e+00
0.000e+00
0.000e+00
0.000e+00
0.000e+00
0.000e+00
1.000e+00
0.000e+00
0.000e+00
0.000e+00
0.000e+00
0.000e+00
0.000e+00
0.000e+00
0.000e+00
0.000e+00
0.000e+00
0.000e+00
0.000e+00
0.000e+00
0.000e+00
1.000e+00
0.000e+00
1.000e+00
0.000e+00
0.000e+00
1.000e+00
1.000e+00
0.000e+00
0.000e+00
0.000e+00
2.000e+00
2.000e+00
0.000e+00
0.000e+00
2.000e+00
2.000e+00
3.000e+00
1.000e+00
3.000e+00
1.000e+00
3.000e+00
3.000e+00
3.000e+00
5.000e+00
6.000e+00
2.000e+00
5.000e+00
5.000e+00
9.000e+00
7.000e+00
8.000e+00
1.400e+01
9.000e+00
9.000e+00
1.100e+01
3.000e+00
7.000e+00
1.000e+00
2.000e+00
1.000e+00
5.000e+00
1.000e+00
3.000e+00
0.000e+00
1.000e+00
1.000e+00
1.000e+00
2.000e+00
3.000e+00
2.000e+00
6.000e+00
1.200e+01
1.300e+01
1.500e+01
1.200e+01
1.500e+01
3.900e+01
5.000e+01
7.500e+01
7.000e+01
1.090e+02
2.260e+02
2.790e+02
2.690e+02
5.160e+02
2.302e+03
4.960e+02
2.590e+02
2.310e+02
1.870e+02
9.900e+01
6.700e+01
5.200e+01
3.300e+01
2.500e+01
1.600e+01
1.100e+01
1.200e+01
6.000e+00
1.100e+01
3.000e+00
2.000e+00
2.000e+00
4.000e+00
2.000e+00
0.000e+00
0.000e+00
1.000e+00
2.000e+00
1.000e+00
0.000e+00
2.000e+00
4.000e+00
3.000e+00
2.000e+00
5.000e+00
2.000e+00
1.000e+01
8.000e+00
7.000e+00
7.000e+00
1.200e+01
1.000e+01
1.100e+01
5.000e+00
2.000e+00
5.000e+00
5.000e+00
0.000e+00
2.000e+00
1.000e+00
3.000e+00
0.000e+00
2.000e+00
0.000e+00
1.000e+00
0.000e+00
1.000e+00
1.000e+00
0.000e+00
2.000e+00
0.000e+00
0.000e+00
1.000e+00
0.000e+00
0.000e+00
1.000e+00
0.000e+00
1.000e+00
0.000e+00
1.000e+00
0.000e+00
1.000e+00
0.000e+00
0.000e+00
0.000e+00
1.000e+00
0.000e+00
0.000e+00
0.000e+00
0.000e+00
0.000e+00
0.000e+00
0.000e+00
0.000e+00
0.000e+00
0.000e+00
0.000e+00
0.000e+00
0.000e+00
0.000e+00
0.000e+00
0.000e+00
0.000e+00
0.000e+00
0.000e+00
0.000e+00
0.000e+00
0.000e+00
0.000e+00
0.000e+00
0.000e+00
0.000e+00
0.000e+00
0.000e+00
0.000e+00
0.000e+00
0.000e+00
0.000e+00
0.000e+00
0.000e+00
0.000e+00
0.000e+00
0.000e+00
0.000e+00
0.000e+00
1.000e+00
0.000e+00
0.000e+00
2.000e+00
1.000e+00
2.000e+00
0.000e+00
0.000e+00
1.000e+00
0.000e+00
0.000e+00
1.000e+00
0.000e+00
1.000e+00
1.000e+00
0.000e+00
1.000e+00
1.000e+00
2.000e+00
1.000e+00
1.000e+00
3.000e+00
5.000e+00
3.000e+00
3.000e+00
7.000e+00
5.000e+00
4.000e+00
9.000e+00
1.100e+01
1.100e+01
9.000e+00
7.000e+00
1.100e+01
8.000e+00
7.000e+00
8.000e+00
4.000e+00
7.000e+00
0.000e+00
3.000e+00
0.000e+00
1.000e+00
0.000e+00
0.000e+00
0.000e+00
1.000e+00
1.000e+00
2.000e+00
1.000e+00
1.000e+00
4.000e+00
4.000e+00
7.000e+00
8.000e+00
1.000e+01
1.500e+01
1.400e+01
2.300e+01
1.600e+01
2.800e+01
3.300e+01
6.300e+01
9.800e+01
1.020e+02
1.990e+02
1.860e+02
2.140e+02
4.070e+02
