1.657e+03
7.450e+02
5.140e+02
5.160e+02
4.340e+02
4.550e+02
5.230e+02
5.810e+02
6.290e+02
5.620e+02
4.440e+02
3.580e+02
3.080e+02
3.250e+02
3.800e+02
3.950e+02
3.350e+02
3.230e+02
2.180e+02
1.880e+02
1.160e+02
8.900e+01
4.100e+01
3.700e+01
3.200e+01
3.200e+01
2.800e+01
3.400e+01
2.900e+01
2.500e+01
2.100e+01
2.200e+01
1.500e+01
1.000e+01
7.000e+00
4.000e+00
7.000e+00
5.000e+00
5.000e+00
9.000e+00
8.000e+00
4.000e+00
4.000e+00
1.000e+00
3.000e+00
1.000e+00
3.000e+00
2.000e+00
3.000e+00
1.000e+00
6.000e+00
1.000e+00
2.000e+00
1.000e+00
1.000e+00
7.000e+00
0.000e+00
1.000e+00
2.000e+00
2.000e+00
3.000e+00
1.000e+00
2.000e+00
4.000e+00
0.000e+00
0.000e+00
1.000e+00
0.000e+00
0.000e+00
0.000e+00
0.000e+00
0.000e+00
0.000e+00
0.000e+00
0.000e+00
0.000e+00
0.000e+00
2.000e+00
0.000e+00
0.000e+00
0.000e+00
0.000e+00
0.000e+00
0.000e+00
0.000e+00
0.000e+00
0.000e+00
0.000e+00
0.000e+00
0.000e+00
0.000e+00
0.000e+00
0.000e+00
0.000e+00
0.000e+00
0.000e+00
0.000e+00
0.000e+00
0.000e+00
0.000e+00
0.000e+00
0.000e+00
0.000e+00
0.000e+00
0.000e+00
0.000e+00
0.000e+00
0.000e+00
0.000e+00
0.000e+00
0.000e+00
0.000e+00
0.000e+00
0.000e+00
0.000e+00
0.000e+00
0.000e+00
0.000e+00
0.000e+00
0.000e+00
0.000e+00
0.000e+00
0.000e+00
0.000e+00
0.000e+00
0.000e+00
0.000e+00
0.000e+00
0.000e+00
0.000e+00
0.000e+00
0.000e+00
0.000e+00
0.000e+00
0.000e+00
0.000e+00
0.000e+00
0.000e+00
0.000e+00
0.000e+00
0.000e+00
0.000e+00
0.000e+00
0.000e+00
0.000e+00
0.000e+00
0.000e+00
0.000e+00
0.000e+00
0.000e+00
0.000e+00
0.000e+00
0.000e+00
0.000e+00
0.000e+00
0.000e+00
0.000e+00
0.000e+00
0.000e+00
0.000e+00
0.000e+00
0.000e+00
0.000e+00
0.000e+00
0.000e+00
0.000e+00
0.000e+00
0.000e+00
0.000e+00
0.000e+00
0.000e+00
0.000e+00
0.000e+00
0.000e+00
0.000e+00
0.000e+00
0.000e+00
0.000e+00
0.000e+00
0.000e+00
0.000e+00
0.000e+00
0.000e+00
0.000e+00
0.000e+00
0.000e+00
0.000e+00
0.000e+00
0.000e+00
0.000e+00
0.000e+00
0.000e+00
0.000e+00
0.000e+00
0.000e+00
0.000e+00
0.000e+00
0.000e+00
0.000e+00
0.000e+00
0.000e+00
0.000e+00
0.000e+00
0.000e+00
0.000e+00
0.000e+00
0.000e+00
0.000e+00
0.000e+00
0.000e+00
0.000e+00
0.000e+00
0.000e+00
0.000e+00
0.000e+00
0.000e+00
0.000e+00
0.000e+00
0.000e+00
0.000e+00
0.000e+00
0.000e+00
0.000e+00
0.000e+00
0.000e+00
0.000e+00
0.000e+00
0.000e+00
0.000e+00
0.000e+00
0.000e+00
0.000e+00
0.000e+00
0.000e+00
0.000e+00
0.000e+00
1.000e+00
0.000e+00
0.000e+00
1.000e+00
1.000e+00
0.000e+00
0.000e+00
0.000e+00
1.000e+00
0.000e+00
0.000e+00
0.000e+00
0.000e+00
0.000e+00
0.000e+00
0.000e+00
0.000e+00
0.000e+00
0.000e+00
0.000e+00
0.000e+00
0.000e+00
0.000e+00
0.000e+00
0.000e+00
0.000e+00
0.000e+00
0.000e+00
0.000e+00
0.000e+00
0.000e+00
0.000e+00
0.000e+00
0.000e+00
0.000e+00
0.000e+00
0.000e+00
0.000e+00
0.000e+00
0.000e+00
0.000e+00
0.000e+00
1.000e+00
0.000e+00
0.000e+00
0.000e+00
0.000e+00
0.000e+00
1.000e+00
0.000e+00
0.000e+00
0.000e+00
0.000e+00
0.000e+00
0.000e+00
0.000e+00
0.000e+00
0.000e+00
2.000e+00
0.000e+00
0.000e+00
0.000e+00
0.000e+00
2.000e+00
1.000e+00
3.000e+00
0.000e+00
0.000e+00
2.000e+00
5.000e+00
2.000e+00
1.000e+00
6.000e+00
4.000e+00
0.000e+00
4.000e+00
1.000e+00
1.000e+00
1.000e+00
1.000e+00
3.000e+00
3.000e+00
6.000e+00
1.000e+00
4.000e+00
8.000e+00
7.000e+00
7.000e+00
7.000e+00
1.300e+01
9.000e+00
1.800e+01
1.900e+01
3.000e+01
3.200e+01
2.500e+01
3.000e+01
2.300e+01
2.600e+01
5.700e+01
5.100e+01
4.400e+01
4.400e+01
5.100e+01
7.700e+01
1.390e+02
2.050e+02
2.190e+02
2.030e+02
2.430e+02
2.210e+02
1.960e+02
1.860e+02
1.760e+02
2.180e+02
2.240e+02
2.260e+02
2.580e+02
3.250e+02
3.630e+02
4.520e+02
4.480e+02
4.710e+02
6.900e+02
