2.100e+01
9.000e+00
1.500e+01
1.100e+01
1.500e+01
9.000e+00
1.200e+01
5.000e+00
1.500e+01
4.000e+00
1.500e+01
2.300e+01
9.000e+00
5.000e+00
1.700e+01
1.600e+01
6.000e+00
6.000e+00
6.000e+00
6.000e+00
8.000e+00
3.000e+00
6.000e+00
0.000e+00
5.000e+00
7.000e+00
1.200e+01
1.300e+01
1.200e+01
1.000e+01
1.300e+01
1.000e+01
8.000e+00
1.200e+01
1.300e+01
2.200e+01
2.600e+01
2.100e+01
2.900e+01
3.400e+01
2.200e+01
3.000e+01
3.200e+01
2.600e+01
3.500e+01
4.900e+01
4.000e+01
5.400e+01
5.200e+01
6.800e+01
9.100e+01
1.120e+02
1.220e+02
1.590e+02
2.180e+02
2.430e+02
3.760e+02
4.390e+02
7.240e+02
8.320e+02
1.019e+03
1.140e+03
1.155e+03
1.151e+03
1.281e+03
1.576e+03
1.751e+03
1.394e+03
1.035e+03
8.160e+02
6.970e+02
5.550e+02
5.090e+02
4.760e+02
4.000e+02
4.030e+02
4.200e+02
4.510e+02
4.160e+02
3.940e+02
3.170e+02
2.240e+02
1.650e+02
1.350e+02
1.050e+02
6.800e+01
4.900e+01
3.600e+01
2.700e+01
1.900e+01
2.500e+01
2.200e+01
1.100e+01
9.000e+00
1.000e+01
6.000e+00
9.000e+00
1.200e+01
7.000e+00
4.000e+00
5.000e+00
3.000e+00
4.000e+00
0.000e+00
3.000e+00
4.000e+00
0.000e+00
4.000e+00
0.000e+00
3.000e+00
7.000e+00
5.000e+00
3.000e+00
5.000e+00
2.000e+00
3.000e+00
2.000e+00
0.000e+00
1.000e+00
3.000e+00
2.000e+00
4.000e+00
1.000e+00
2.000e+00
0.000e+00
1.000e+00
2.000e+00
1.000e+00
3.000e+00
1.000e+00
4.000e+00
3.000e+00
2.000e+00
3.000e+00
0.000e+00
0.000e+00
3.000e+00
2.000e+00
0.000e+00
2.000e+00
1.000e+00
3.000e+00
0.000e+00
1.000e+00
7.000e+00
4.000e+00
5.000e+00
4.000e+00
2.000e+00
2.000e+00
1.300e+01
1.300e+01
5.000e+00
1.100e+01
7.000e+00
1.000e+01
6.000e+00
1.600e+01
2.200e+01
1.200e+01
2.700e+01
1.000e+01
1.500e+01
1.800e+01
2.500e+01
3.100e+01
1.700e+01
1.700e+01
2.600e+01
2.500e+01
4.700e+01
4.600e+01
3.500e+01
4.200e+01
4.200e+01
7.600e+01
6.100e+01
7.600e+01
7.700e+01
9.900e+01
8.600e+01
7.600e+01
1.070e+02
9.300e+01
7.200e+01
6.800e+01
6.300e+01
3.600e+01
3.800e+01
4.300e+01
4.400e+01
3.500e+01
3.800e+01
1.600e+01
2.200e+01
3.100e+01
3.300e+01
1.700e+01
1.800e+01
1.800e+01
2.200e+01
2.100e+01
1.600e+01
1.700e+01
7.000e+00
1.300e+01
1.300e+01
1.500e+01
8.000e+00
2.400e+01
1.000e+01
8.000e+00
3.000e+00
4.000e+00
7.000e+00
8.000e+00
7.000e+00
4.000e+00
3.000e+00
3.000e+00
5.000e+00
2.000e+00
1.000e+00
1.000e+00
3.000e+00
1.000e+00
3.000e+00
0.000e+00
1.000e+00
4.000e+00
5.000e+00
1.000e+00
4.000e+00
2.000e+00
1.000e+00
0.000e+00
0.000e+00
1.000e+00
0.000e+00
1.000e+00
0.000e+00
4.000e+00
4.000e+00
2.000e+00
4.000e+00
5.000e+00
4.000e+00
2.000e+00
4.000e+00
4.000e+00
1.000e+01
3.000e+00
4.000e+00
3.000e+00
5.000e+00
2.000e+00
4.000e+00
0.000e+00
7.000e+00
4.000e+00
0.000e+00
5.000e+00
5.000e+00
2.000e+00
5.000e+00
6.000e+00
5.000e+00
1.400e+01
1.800e+01
1.500e+01
2.700e+01
3.100e+01
5.600e+01
5.500e+01
4.900e+01
9.700e+01
1.210e+02
1.610e+02
2.280e+02
3.230e+02
3.410e+02
4.430e+02
5.270e+02
6.190e+02
4.650e+02
4.290e+02
4.620e+02
4.980e+02
5.300e+02
5.200e+02
6.050e+02
8.090e+02
1.081e+03
1.515e+03
1.605e+03
1.542e+03
1.292e+03
1.084e+03
1.229e+03
1.214e+03
1.179e+03
9.150e+02
7.020e+02
5.330e+02
3.890e+02
2.790e+02
2.110e+02
1.650e+02
1.320e+02
1.270e+02
9.400e+01
5.800e+01
5.700e+01
6.400e+01
3.900e+01
4.200e+01
5.200e+01
2.900e+01
2.400e+01
3.200e+01
2.500e+01
3.000e+01
3.300e+01
4.200e+01
2.000e+01
2.800e+01
1.300e+01
1.200e+01
1.300e+01
9.000e+00
8.000e+00
8.000e+00
1.100e+01
1.400e+01
9.000e+00
8.000e+00
4.000e+00
6.000e+00
4.000e+00
8.000e+00
8.000e+00
5.000e+00
9.000e+00
4.000e+00
1.000e+01
1.000e+01
7.000e+00
1.000e+01
1.000e+01
1.500e+01
1.100e+01
7.000e+00
2.000e+01
2.000e+00
9.000e+00
4.000e+00
8.000e+00
1.100e+01
1.800e+01
1.000e+01
