1.835e+03
4.470e+02
2.280e+02
2.370e+02
2.220e+02
1.010e+02
6.400e+01
7.300e+01
3.300e+01
3.100e+01
2.300e+01
2.500e+01
1.300e+01
7.000e+00
7.000e+00
8.000e+00
4.000e+00
1.000e+00
4.000e+00
1.000e+00
2.000e+00
1.000e+00
1.000e+00
1.000e+00
1.000e+00
3.000e+00
3.000e+00
1.000e+00
2.000e+00
2.000e+00
2.000e+00
5.000e+00
5.000e+00
1.300e+01
8.000e+00
1.100e+01
5.000e+00
6.000e+00
1.200e+01
8.000e+00
7.000e+00
1.400e+01
5.000e+00
7.000e+00
6.000e+00
9.000e+00
5.000e+00
0.000e+00
3.000e+00
0.000e+00
1.000e+00
3.000e+00
2.000e+00
1.000e+00
0.000e+00
0.000e+00
0.000e+00
1.000e+00
0.000e+00
1.000e+00
3.000e+00
0.000e+00
2.000e+00
1.000e+00
2.000e+00
0.000e+00
0.000e+00
0.000e+00
0.000e+00
0.000e+00
0.000e+00
1.000e+00
0.000e+00
0.000e+00
0.000e+00
1.000e+00
0.000e+00
0.000e+00
0.000e+00
0.000e+00
0.000e+00
0.000e+00
0.000e+00
0.000e+00
0.000e+00
0.000e+00
0.000e+00
0.000e+00
0.000e+00
0.000e+00
0.000e+00
0.000e+00
0.000e+00
0.000e+00
0.000e+00
0.000e+00
0.000e+00
0.000e+00
0.000e+00
0.000e+00
1.000e+00
0.000e+00
0.000e+00
0.000e+00
0.000e+00
0.000e+00
0.000e+00
0.000e+00
0.000e+00
0.000e+00
0.000e+00
0.000e+00
0.000e+00
0.000e+00
0.000e+00
1.000e+00
0.000e+00
1.000e+00
0.000e+00
0.000e+00
1.000e+00
1.000e+00
0.000e+00
0.000e+00
0.000e+00
2.000e+00
2.000e+00
0.000e+00
0.000e+00
2.000e+00
2.000e+00
3.000e+00
1.000e+00
3.000e+00
1.000e+00
3.000e+00
3.000e+00
3.000e+00
5.000e+00
6.000e+00
2.000e+00
5.000e+00
5.000e+00
9.000e+00
7.000e+00
8.000e+00
1.400e+01
9.000e+00
9.000e+00
1.000e+01
3.000e+00
7.000e+00
1.000e+00
2.000e+00
1.000e+00
5.000e+00
1.000e+00
2.000e+00
0.000e+00
1.000e+00
0.000e+00
1.000e+00
1.000e+00
2.000e+00
2.000e+00
6.000e+00
1.000e+01
1.200e+01
1.300e+01
1.100e+01
1.400e+01
3.500e+01
4.900e+01
7.100e+01
6.700e+01
1.040e+02
2.220e+02
2.760e+02
2.450e+02
4.970e+02
2.096e+03
4.810e+02
2.370e+02
2.240e+02
1.830e+02
9.600e+01
6.100e+01
5.000e+01
3.100e+01
2.400e+01
1.400e+01
1.000e+01
1.200e+01
4.000e+00
1.100e+01
3.000e+00
2.000e+00
1.000e+00
2.000e+00
0.000e+00
0.000e+00
0.000e+00
1.000e+00
2.000e+00
1.000e+00
0.000e+00
2.000e+00
4.000e+00
3.000e+00
2.000e+00
5.000e+00
2.000e+00
1.000e+01
8.000e+00
7.000e+00
7.000e+00
1.200e+01
1.000e+01
1.100e+01
5.000e+00
2.000e+00
5.000e+00
5.000e+00
0.000e+00
2.000e+00
1.000e+00
3.000e+00
0.000e+00
2.000e+00
0.000e+00
1.000e+00
0.000e+00
1.000e+00
1.000e+00
0.000e+00
2.000e+00
0.000e+00
0.000e+00
1.000e+00
0.000e+00
0.000e+00
1.000e+00
0.000e+00
1.000e+00
0.000e+00
1.000e+00
0.000e+00
1.000e+00
0.000e+00
0.000e+00
0.000e+00
1.000e+00
0.000e+00
0.000e+00
0.000e+00
0.000e+00
0.000e+00
0.000e+00
0.000e+00
0.000e+00
0.000e+00
0.000e+00
0.000e+00
0.000e+00
0.000e+00
0.000e+00
0.000e+00
0.000e+00
0.000e+00
0.000e+00
0.000e+00
0.000e+00
0.000e+00
0.000e+00
0.000e+00
0.000e+00
0.000e+00
0.000e+00
0.000e+00
0.000e+00
0.000e+00
0.000e+00
0.000e+00
0.000e+00
0.000e+00
0.000e+00
0.000e+00
0.000e+00
0.000e+00
0.000e+00
0.000e+00
1.000e+00
0.000e+00
0.000e+00
2.000e+00
1.000e+00
2.000e+00
0.000e+00
0.000e+00
1.000e+00
0.000e+00
0.000e+00
1.000e+00
0.000e+00
1.000e+00
1.000e+00
0.000e+00
1.000e+00
1.000e+00
2.000e+00
1.000e+00
1.000e+00
3.000e+00
5.000e+00
3.000e+00
3.000e+00
7.000e+00
5.000e+00
4.000e+00
9.000e+00
1.100e+01
1.100e+01
9.000e+00
7.000e+00
1.100e+01
8.000e+00
7.000e+00
8.000e+00
4.000e+00
7.000e+00
0.000e+00
3.000e+00
0.000e+00
1.000e+00
0.000e+00
0.000e+00
0.000e+00
1.000e+00
1.000e+00
2.000e+00
1.000e+00
1.000e+00
4.000e+00
4.000e+00
6.000e+00
8.000e+00
9.000e+00
1.500e+01
1.100e+01
2.100e+01
1.600e+01
2.800e+01
3.200e+01
6.100e+01
9.400e+01
9.600e+01
1.980e+02
1.790e+02
2.030e+02
3.950e+02
