2.350e+02
1.950e+02
2.050e+02
2.040e+02
1.770e+02
1.610e+02
1.660e+02
1.760e+02
1.970e+02
2.460e+02
2.520e+02
2.440e+02
2.260e+02
2.360e+02
2.460e+02
2.480e+02
2.980e+02
3.180e+02
3.720e+02
3.480e+02
4.260e+02
4.280e+02
4.460e+02
4.970e+02
5.390e+02
5.970e+02
6.470e+02
6.970e+02
7.840e+02
8.710e+02
9.820e+02
1.109e+03
1.308e+03
1.560e+03
1.737e+03
2.032e+03
2.160e+03
2.530e+03
2.884e+03
3.081e+03
3.384e+03
3.950e+03
4.282e+03
4.576e+03
5.229e+03
5.726e+03
6.319e+03
7.516e+03
8.479e+03
9.351e+03
9.418e+03
1.002e+04
1.172e+04
1.258e+04
1.105e+04
1.018e+04
1.038e+04
1.150e+04
1.387e+04
1.489e+04
2.286e+04
2.889e+04
1.498e+04
1.220e+04
1.088e+04
9.210e+03
8.990e+03
9.237e+03
9.832e+03
1.083e+04
1.092e+04
9.782e+03
9.494e+03
8.422e+03
8.029e+03
7.003e+03
6.127e+03
5.457e+03
5.124e+03
4.562e+03
4.136e+03
3.537e+03
3.217e+03
2.886e+03
2.473e+03
2.413e+03
2.152e+03
1.886e+03
1.583e+03
1.364e+03
1.135e+03
9.740e+02
8.940e+02
7.670e+02
7.080e+02
6.310e+02
6.050e+02
5.390e+02
5.530e+02
5.110e+02
4.550e+02
4.220e+02
4.790e+02
4.390e+02
3.730e+02
3.280e+02
3.360e+02
2.870e+02
2.930e+02
2.660e+02
2.670e+02
2.140e+02
2.250e+02
1.820e+02
1.800e+02
1.860e+02
1.770e+02
1.730e+02
1.980e+02
2.430e+02
2.400e+02
2.310e+02
2.310e+02
1.990e+02
1.890e+02
1.830e+02
1.900e+02
2.200e+02
2.180e+02
2.430e+02
2.740e+02
2.340e+02
2.330e+02
2.800e+02
2.620e+02
2.850e+02
3.560e+02
4.260e+02
4.640e+02
4.490e+02
5.000e+02
4.300e+02
5.210e+02
5.480e+02
6.180e+02
6.640e+02
7.080e+02
8.830e+02
1.095e+03
1.090e+03
1.188e+03
1.411e+03
1.673e+03
1.962e+03
2.234e+03
2.458e+03
2.702e+03
3.178e+03
3.371e+03
3.720e+03
4.150e+03
4.528e+03
5.092e+03
5.952e+03
6.585e+03
7.458e+03
8.165e+03
8.336e+03
9.292e+03
9.964e+03
1.012e+04
1.047e+04
1.102e+04
9.159e+03
8.212e+03
8.063e+03
8.987e+03
1.133e+04
1.251e+04
1.752e+04
3.231e+04
1.809e+04
1.312e+04
1.163e+04
9.010e+03
7.906e+03
8.212e+03
9.190e+03
1.077e+04
1.062e+04
1.050e+04
9.989e+03
9.673e+03
8.275e+03
7.849e+03
7.473e+03
6.289e+03
5.545e+03
5.006e+03
4.323e+03
3.881e+03
3.488e+03
3.169e+03
2.768e+03
2.544e+03
2.234e+03
1.989e+03
1.735e+03
1.531e+03
1.320e+03
1.150e+03
9.910e+02
8.910e+02
7.260e+02
5.990e+02
5.600e+02
5.630e+02
4.460e+02
5.260e+02
4.640e+02
4.920e+02
4.480e+02
4.220e+02
4.000e+02
3.340e+02
3.200e+02
2.940e+02
2.940e+02
2.700e+02
2.580e+02
2.270e+02
2.050e+02
2.060e+02
1.920e+02
1.590e+02
1.860e+02
1.740e+02
1.730e+02
2.360e+02
2.300e+02
2.540e+02
2.100e+02
2.310e+02
2.170e+02
1.830e+02
1.580e+02
1.820e+02
2.070e+02
2.320e+02
2.690e+02
2.820e+02
2.800e+02
2.990e+02
3.030e+02
3.370e+02
3.350e+02
3.730e+02
4.400e+02
4.870e+02
4.770e+02
4.860e+02
5.650e+02
5.860e+02
6.140e+02
6.330e+02
6.860e+02
8.370e+02
9.050e+02
8.750e+02
1.035e+03
1.136e+03
1.357e+03
1.763e+03
1.979e+03
2.327e+03
2.442e+03
2.751e+03
2.909e+03
3.446e+03
3.808e+03
4.197e+03
4.736e+03
5.520e+03
6.001e+03
6.376e+03
7.149e+03
8.026e+03
8.518e+03
9.073e+03
9.664e+03
1.052e+04
1.102e+04
9.811e+03
9.386e+03
9.014e+03
9.048e+03
1.094e+04
1.151e+04
1.466e+04
2.807e+04
2.386e+04
1.563e+04
1.400e+04
1.164e+04
1.050e+04
1.025e+04
1.135e+04
1.278e+04
1.213e+04
1.045e+04
9.281e+03
9.451e+03
8.394e+03
7.303e+03
6.247e+03
5.506e+03
4.983e+03
4.359e+03
4.012e+03
3.654e+03
3.165e+03
2.820e+03
2.579e+03
2.276e+03
2.015e+03
1.760e+03
1.507e+03
1.320e+03
1.281e+03
9.820e+02
8.670e+02
7.350e+02
6.390e+02
5.940e+02
5.240e+02
5.490e+02
4.440e+02
4.550e+02
4.640e+02
3.830e+02
4.010e+02
3.550e+02
3.480e+02
2.900e+02
3.270e+02
2.800e+02
2.220e+02
2.640e+02
2.040e+02
2.360e+02
2.010e+02
1.940e+02
1.950e+02
1.560e+02
1.730e+02
1.580e+02
1.590e+02
2.020e+02
1.960e+02
1.980e+02
