1.134e+03
1.910e+02
9.700e+01
8.100e+01
6.700e+01
4.700e+01
4.700e+01
5.300e+01
5.200e+01
5.900e+01
5.300e+01
5.400e+01
4.400e+01
4.500e+01
4.200e+01
2.400e+01
3.800e+01
4.100e+01
5.700e+01
6.500e+01
7.500e+01
8.400e+01
9.600e+01
1.080e+02
1.080e+02
7.800e+01
5.100e+01
4.700e+01
5.700e+01
6.600e+01
4.400e+01
3.500e+01
5.000e+01
7.000e+01
6.600e+01
8.100e+01
8.800e+01
1.070e+02
1.310e+02
1.870e+02
1.810e+02
2.030e+02
2.120e+02
2.020e+02
2.040e+02
2.280e+02
2.420e+02
1.990e+02
1.430e+02
1.920e+02
1.700e+02
1.520e+02
1.310e+02
1.140e+02
1.170e+02
1.050e+02
1.020e+02
1.400e+02
1.200e+02
1.260e+02
1.320e+02
1.280e+02
1.110e+02
1.080e+02
1.130e+02
1.140e+02
9.000e+01
1.040e+02
1.070e+02
9.000e+01
9.300e+01
9.700e+01
9.500e+01
7.900e+01
8.400e+01
7.000e+01
8.000e+01
9.100e+01
4.800e+01
5.500e+01
5.900e+01
6.000e+01
5.300e+01
3.800e+01
3.900e+01
3.500e+01
5.700e+01
4.300e+01
5.100e+01
6.200e+01
1.400e+02
9.800e+01
5.900e+01
5.800e+01
5.900e+01
3.500e+01
4.800e+01
3.500e+01
3.500e+01
3.600e+01
4.100e+01
3.600e+01
4.100e+01
5.000e+01
4.600e+01
7.400e+01
8.600e+01
8.200e+01
9.800e+01
9.400e+01
9.600e+01
1.010e+02
1.020e+02
1.030e+02
1.000e+02
1.120e+02
1.160e+02
1.120e+02
1.250e+02
1.140e+02
9.500e+01
1.400e+02
1.220e+02
1.370e+02
1.180e+02
1.050e+02
1.020e+02
1.350e+02
1.430e+02
1.370e+02
1.230e+02
1.400e+02
1.510e+02
1.590e+02
2.010e+02
2.010e+02
1.980e+02
2.180e+02
1.800e+02
2.130e+02
1.980e+02
1.690e+02
1.290e+02
1.300e+02
9.200e+01
6.900e+01
6.700e+01
6.000e+01
5.800e+01
5.700e+01
5.300e+01
5.300e+01
6.500e+01
5.800e+01
5.500e+01
6.400e+01
6.900e+01
1.230e+02
1.310e+02
1.070e+02
9.300e+01
7.700e+01
6.100e+01
4.300e+01
3.900e+01
3.900e+01
4.300e+01
4.600e+01
4.500e+01
4.700e+01
4.700e+01
3.900e+01
5.200e+01
6.200e+01
5.200e+01
5.000e+01
6.000e+01
6.800e+01
1.080e+02
1.980e+02
1.174e+03
1.800e+02
1.090e+02
7.100e+01
6.000e+01
5.100e+01
5.100e+01
6.700e+01
5.700e+01
5.600e+01
5.600e+01
5.600e+01
4.400e+01
4.400e+01
3.600e+01
3.500e+01
2.900e+01
5.500e+01
5.700e+01
7.900e+01
9.300e+01
9.400e+01
1.170e+02
1.080e+02
7.800e+01
5.800e+01
4.900e+01
5.200e+01
6.000e+01
4.900e+01
5.000e+01
5.100e+01
5.000e+01
6.800e+01
7.300e+01
8.000e+01
8.700e+01
1.170e+02
1.390e+02
1.850e+02
1.940e+02
2.300e+02
2.240e+02
2.210e+02
1.940e+02
2.320e+02
2.380e+02
1.680e+02
1.430e+02
1.250e+02
1.280e+02
1.670e+02
1.570e+02
1.280e+02
1.170e+02
1.020e+02
1.190e+02
1.220e+02
1.290e+02
1.340e+02
1.410e+02
1.270e+02
1.230e+02
1.260e+02
1.230e+02
1.050e+02
1.070e+02
1.020e+02
1.130e+02
1.060e+02
8.900e+01
9.000e+01
7.200e+01
9.100e+01
7.200e+01
9.400e+01
6.500e+01
4.400e+01
5.700e+01
4.800e+01
5.300e+01
3.900e+01
4.800e+01
3.000e+01
4.700e+01
4.200e+01
5.800e+01
4.400e+01
6.100e+01
9.400e+01
1.430e+02
7.200e+01
5.200e+01
3.400e+01
4.600e+01
4.800e+01
3.800e+01
3.900e+01
4.500e+01
3.800e+01
4.400e+01
5.300e+01
4.900e+01
8.000e+01
6.200e+01
8.600e+01
8.900e+01
9.300e+01
9.500e+01
1.040e+02
8.200e+01
9.700e+01
8.100e+01
8.400e+01
1.180e+02
1.050e+02
1.130e+02
1.050e+02
8.300e+01
1.110e+02
1.200e+02
1.250e+02
1.480e+02
1.300e+02
1.130e+02
1.110e+02
1.110e+02
1.190e+02
1.230e+02
1.340e+02
1.270e+02
1.600e+02
1.850e+02
2.160e+02
2.150e+02
1.740e+02
1.910e+02
1.980e+02
1.800e+02
1.810e+02
1.960e+02
1.550e+02
1.290e+02
1.120e+02
7.700e+01
7.700e+01
8.300e+01
6.200e+01
5.300e+01
5.800e+01
4.000e+01
5.800e+01
6.200e+01
5.600e+01
5.700e+01
7.200e+01
1.120e+02
1.360e+02
8.400e+01
1.110e+02
7.100e+01
6.500e+01
4.700e+01
4.000e+01
4.700e+01
4.000e+01
3.400e+01
3.400e+01
4.200e+01
5.200e+01
4.800e+01
4.300e+01
5.000e+01
4.500e+01
6.000e+01
4.800e+01
5.800e+01
7.600e+01
1.180e+02
1.970e+02
