6.586e+03
1.260e+03
6.670e+02
5.580e+02
5.300e+02
2.720e+02
1.960e+02
1.950e+02
9.600e+01
1.010e+02
7.500e+01
6.300e+01
4.000e+01
3.300e+01
2.900e+01
3.000e+01
1.400e+01
6.000e+00
1.400e+01
1.200e+01
1.000e+01
4.000e+00
1.000e+01
1.100e+01
7.000e+00
1.100e+01
1.100e+01
1.300e+01
1.700e+01
1.400e+01
1.000e+01
2.100e+01
2.200e+01
3.100e+01
3.900e+01
3.700e+01
5.400e+01
3.600e+01
4.300e+01
4.700e+01
3.900e+01
2.900e+01
2.700e+01
2.900e+01
2.300e+01
3.100e+01
2.300e+01
2.200e+01
1.800e+01
1.900e+01
2.300e+01
3.200e+01
1.500e+01
1.600e+01
2.900e+01
2.700e+01
2.600e+01
1.900e+01
1.500e+01
1.700e+01
1.600e+01
1.000e+01
5.000e+00
5.000e+00
6.000e+00
5.000e+00
4.000e+00
4.000e+00
9.000e+00
3.000e+00
0.000e+00
5.000e+00
3.000e+00
4.000e+00
2.000e+00
6.000e+00
2.000e+00
1.000e+00
0.000e+00
0.000e+00
2.000e+00
3.000e+00
2.000e+00
0.000e+00
4.000e+00
1.000e+00
4.000e+00
5.000e+00
3.000e+00
4.000e+00
8.000e+00
4.000e+00
2.000e+00
3.000e+00
2.000e+00
4.000e+00
0.000e+00
0.000e+00
2.000e+00
0.000e+00
2.000e+00
2.000e+00
0.000e+00
1.000e+00
2.000e+00
2.000e+00
3.000e+00
5.000e+00
2.000e+00
4.000e+00
1.000e+00
3.000e+00
7.000e+00
1.000e+00
6.000e+00
7.000e+00
5.000e+00
5.000e+00
8.000e+00
8.000e+00
1.200e+01
2.200e+01
1.200e+01
1.300e+01
1.500e+01
2.100e+01
1.800e+01
2.100e+01
2.100e+01
1.300e+01
1.500e+01
1.500e+01
1.700e+01
3.200e+01
3.300e+01
1.900e+01
1.500e+01
1.900e+01
2.500e+01
2.300e+01
1.900e+01
3.200e+01
3.200e+01
3.300e+01
3.700e+01
3.800e+01
4.400e+01
3.400e+01
4.200e+01
4.000e+01
3.500e+01
2.700e+01
1.700e+01
6.000e+00
1.100e+01
1.400e+01
9.000e+00
1.600e+01
1.000e+01
6.000e+00
7.000e+00
1.400e+01
9.000e+00
1.500e+01
1.600e+01
2.800e+01
3.200e+01
4.200e+01
4.900e+01
4.800e+01
5.100e+01
1.020e+02
1.280e+02
1.920e+02
2.240e+02
2.720e+02
4.980e+02
5.890e+02
6.250e+02
1.310e+03
6.712e+03
1.307e+03
6.620e+02
5.970e+02
4.530e+02
2.480e+02
2.130e+02
1.610e+02
1.200e+02
9.100e+01
5.700e+01
5.300e+01
3.500e+01
2.800e+01
3.000e+01
1.100e+01
1.000e+01
1.300e+01
1.200e+01
1.000e+01
1.000e+01
5.000e+00
1.100e+01
1.500e+01
9.000e+00
1.000e+01
1.200e+01
1.800e+01
1.700e+01
2.100e+01
3.200e+01
2.900e+01
5.000e+01
3.600e+01
4.000e+01
4.600e+01
5.000e+01
3.000e+01
4.000e+01
2.800e+01
2.100e+01
3.100e+01
2.500e+01
3.100e+01
2.000e+01
2.400e+01
3.100e+01
2.800e+01
2.400e+01
1.500e+01
1.200e+01
1.200e+01
2.600e+01
2.400e+01
2.400e+01
2.300e+01
2.100e+01
1.100e+01
1.900e+01
9.000e+00
5.000e+00
2.000e+00
9.000e+00
5.000e+00
1.000e+00
9.000e+00
5.000e+00
1.000e+00
6.000e+00
2.000e+00
6.000e+00
4.000e+00
2.000e+00
1.000e+00
4.000e+00
4.000e+00
2.000e+00
0.000e+00
0.000e+00
1.000e+00
0.000e+00
0.000e+00
2.000e+00
2.000e+00
2.000e+00
2.000e+00
1.000e+00
6.000e+00
3.000e+00
3.000e+00
6.000e+00
6.000e+00
3.000e+00
5.000e+00
2.000e+00
1.000e+00
2.000e+00
2.000e+00
1.000e+00
2.000e+00
3.000e+00
2.000e+00
0.000e+00
2.000e+00
4.000e+00
3.000e+00
3.000e+00
2.000e+00
2.000e+00
3.000e+00
4.000e+00
5.000e+00
2.000e+00
5.000e+00
1.200e+01
3.000e+00
6.000e+00
8.000e+00
8.000e+00
2.000e+01
1.800e+01
2.000e+01
1.500e+01
1.800e+01
2.100e+01
1.600e+01
2.200e+01
1.200e+01
2.300e+01
2.600e+01
2.800e+01
1.600e+01
1.500e+01
1.900e+01
2.900e+01
2.100e+01
1.800e+01
1.800e+01
1.900e+01
2.800e+01
3.600e+01
3.600e+01
3.300e+01
4.200e+01
5.600e+01
4.000e+01
3.100e+01
4.000e+01
2.400e+01
3.100e+01
1.600e+01
1.200e+01
7.000e+00
7.000e+00
8.000e+00
1.400e+01
8.000e+00
1.600e+01
7.000e+00
7.000e+00
7.000e+00
1.000e+01
1.800e+01
1.500e+01
2.000e+01
2.500e+01
3.800e+01
3.800e+01
5.300e+01
6.700e+01
7.300e+01
1.190e+02
1.070e+02
2.000e+02
2.580e+02
2.770e+02
5.550e+02
5.460e+02
6.450e+02
1.207e+03
