8.520e+02
2.720e+02
2.010e+02
1.580e+02
1.090e+02
8.100e+01
4.500e+01
3.800e+01
3.000e+01
2.800e+01
1.600e+01
4.000e+00
9.000e+00
8.000e+00
7.000e+00
3.000e+00
2.000e+00
6.000e+00
3.000e+00
2.000e+00
3.000e+00
1.000e+00
2.000e+00
4.000e+00
2.000e+00
0.000e+00
0.000e+00
0.000e+00
0.000e+00
1.000e+00
2.000e+00
1.000e+00
2.000e+00
4.000e+00
1.000e+00
0.000e+00
0.000e+00
0.000e+00
0.000e+00
0.000e+00
1.000e+00
0.000e+00
0.000e+00
0.000e+00
0.000e+00
0.000e+00
0.000e+00
0.000e+00
0.000e+00
0.000e+00
0.000e+00
0.000e+00
0.000e+00
0.000e+00
0.000e+00
0.000e+00
0.000e+00
0.000e+00
1.000e+00
0.000e+00
0.000e+00
0.000e+00
0.000e+00
0.000e+00
0.000e+00
0.000e+00
0.000e+00
0.000e+00
0.000e+00
0.000e+00
0.000e+00
0.000e+00
0.000e+00
0.000e+00
0.000e+00
0.000e+00
0.000e+00
0.000e+00
0.000e+00
0.000e+00
0.000e+00
0.000e+00
0.000e+00
0.000e+00
0.000e+00
0.000e+00
0.000e+00
0.000e+00
0.000e+00
0.000e+00
0.000e+00
0.000e+00
0.000e+00
0.000e+00
0.000e+00
0.000e+00
0.000e+00
0.000e+00
0.000e+00
0.000e+00
0.000e+00
0.000e+00
0.000e+00
0.000e+00
0.000e+00
0.000e+00
0.000e+00
0.000e+00
0.000e+00
0.000e+00
0.000e+00
0.000e+00
0.000e+00
0.000e+00
0.000e+00
0.000e+00
0.000e+00
0.000e+00
0.000e+00
3.000e+00
0.000e+00
2.000e+00
0.000e+00
0.000e+00
1.000e+00
3.000e+00
2.000e+00
4.000e+00
3.000e+00
5.000e+00
4.000e+00
4.000e+00
3.000e+00
7.000e+00
0.000e+00
8.000e+00
5.000e+00
3.000e+00
5.000e+00
4.000e+00
3.000e+00
2.000e+00
3.000e+00
1.000e+00
6.000e+00
3.000e+00
2.000e+00
3.000e+00
1.000e+00
2.000e+00
2.000e+00
0.000e+00
5.000e+00
4.000e+00
5.000e+00
2.000e+00
8.000e+00
3.000e+00
7.000e+00
1.000e+01
1.000e+01
1.000e+01
1.200e+01
1.400e+01
1.800e+01
3.600e+01
3.700e+01
5.000e+01
6.800e+01
7.700e+01
9.600e+01
8.800e+01
1.370e+02
1.570e+02
2.450e+02
2.680e+02
3.520e+02
3.900e+02
4.530e+02
4.230e+02
7.390e+02
4.390e+02
5.190e+02
3.640e+02
3.570e+02
2.760e+02
1.990e+02
1.640e+02
1.150e+02
9.900e+01
9.700e+01
8.000e+01
6.700e+01
5.600e+01
4.300e+01
3.000e+01
2.000e+01
1.600e+01
1.600e+01
8.000e+00
8.000e+00
5.000e+00
2.000e+00
6.000e+00
3.000e+00
3.000e+00
2.000e+00
2.000e+00
5.000e+00
1.000e+00
5.000e+00
4.000e+00
3.000e+00
3.000e+00
4.000e+00
5.000e+00
2.000e+00
6.000e+00
1.000e+00
3.000e+00
6.000e+00
4.000e+00
5.000e+00
2.000e+00
2.000e+00
2.000e+00
5.000e+00
1.000e+00
3.000e+00
4.000e+00
2.000e+00
3.000e+00
0.000e+00
1.000e+00
1.000e+00
3.000e+00
1.000e+00
0.000e+00
1.000e+00
0.000e+00
1.000e+00
0.000e+00
0.000e+00
0.000e+00
0.000e+00
0.000e+00
0.000e+00
0.000e+00
0.000e+00
0.000e+00
0.000e+00
0.000e+00
0.000e+00
0.000e+00
1.000e+00
0.000e+00
0.000e+00
0.000e+00
0.000e+00
0.000e+00
0.000e+00
0.000e+00
0.000e+00
0.000e+00
0.000e+00
0.000e+00
0.000e+00
0.000e+00
0.000e+00
0.000e+00
0.000e+00
0.000e+00
0.000e+00
0.000e+00
0.000e+00
0.000e+00
0.000e+00
0.000e+00
0.000e+00
0.000e+00
0.000e+00
0.000e+00
0.000e+00
0.000e+00
0.000e+00
0.000e+00
0.000e+00
0.000e+00
0.000e+00
0.000e+00
0.000e+00
0.000e+00
0.000e+00
0.000e+00
0.000e+00
0.000e+00
1.000e+00
0.000e+00
0.000e+00
0.000e+00
0.000e+00
1.000e+00
0.000e+00
0.000e+00
0.000e+00
0.000e+00
0.000e+00
0.000e+00
0.000e+00
0.000e+00
0.000e+00
0.000e+00
0.000e+00
0.000e+00
1.000e+00
0.000e+00
0.000e+00
1.000e+00
1.000e+00
0.000e+00
0.000e+00
0.000e+00
1.000e+00
1.000e+00
0.000e+00
0.000e+00
0.000e+00
0.000e+00
0.000e+00
0.000e+00
0.000e+00
0.000e+00
2.000e+00
0.000e+00
3.000e+00
2.000e+00
0.000e+00
2.000e+00
2.000e+00
2.000e+00
4.000e+00
2.000e+00
0.000e+00
4.000e+00
3.000e+00
3.000e+00
6.000e+00
8.000e+00
9.000e+00
1.900e+01
1.500e+01
2.100e+01
2.800e+01
1.800e+01
5.200e+01
4.800e+01
1.170e+02
1.350e+02
1.460e+02
2.190e+02
