1.993e+03
1.575e+03
1.805e+03
1.854e+03
1.325e+03
1.226e+03
9.240e+02
7.290e+02
5.690e+02
4.410e+02
3.160e+02
2.370e+02
1.690e+02
1.690e+02
1.020e+02
4.000e+01
4.100e+01
3.800e+01
1.800e+01
1.300e+01
6.000e+00
7.000e+00
7.000e+00
8.000e+00
6.000e+00
9.000e+00
4.000e+00
2.000e+00
0.000e+00
1.000e+00
2.000e+00
1.000e+00
3.000e+00
4.000e+00
6.000e+00
6.000e+00
1.700e+01
1.500e+01
2.000e+01
8.000e+00
9.000e+00
9.000e+00
8.000e+00
4.000e+00
3.000e+00
0.000e+00
4.000e+00
0.000e+00
2.000e+00
0.000e+00
0.000e+00
1.000e+00
0.000e+00
0.000e+00
2.000e+00
0.000e+00
0.000e+00
0.000e+00
0.000e+00
0.000e+00
0.000e+00
1.000e+00
1.000e+00
2.000e+00
0.000e+00
0.000e+00
0.000e+00
1.000e+00
0.000e+00
0.000e+00
0.000e+00
0.000e+00
0.000e+00
0.000e+00
0.000e+00
0.000e+00
0.000e+00
0.000e+00
0.000e+00
0.000e+00
0.000e+00
0.000e+00
0.000e+00
0.000e+00
0.000e+00
0.000e+00
0.000e+00
1.000e+00
0.000e+00
0.000e+00
3.000e+00
0.000e+00
0.000e+00
0.000e+00
0.000e+00
0.000e+00
1.000e+00
0.000e+00
0.000e+00
0.000e+00
0.000e+00
0.000e+00
0.000e+00
0.000e+00
0.000e+00
0.000e+00
0.000e+00
0.000e+00
0.000e+00
0.000e+00
0.000e+00
0.000e+00
0.000e+00
0.000e+00
0.000e+00
1.000e+00
0.000e+00
0.000e+00
1.000e+00
1.000e+00
2.000e+00
6.000e+00
4.000e+00
1.400e+01
1.100e+01
1.700e+01
7.000e+00
7.000e+00
4.000e+00
2.000e+00
4.000e+00
6.000e+00
2.000e+00
4.000e+00
4.000e+00
2.000e+00
2.000e+00
3.000e+00
6.000e+00
2.000e+00
5.000e+00
4.000e+00
5.000e+00
1.400e+01
1.600e+01
1.100e+01
5.000e+00
1.200e+01
1.400e+01
2.000e+01
2.200e+01
2.700e+01
2.900e+01
4.100e+01
6.300e+01
8.300e+01
1.190e+02
1.190e+02
1.210e+02
1.640e+02
1.620e+02
2.340e+02
2.500e+02
2.900e+02
3.950e+02
4.410e+02
4.860e+02
4.420e+02
4.950e+02
4.370e+02
5.570e+02
5.630e+02
6.320e+02
7.330e+02
8.250e+02
9.010e+02
8.670e+02
8.660e+02
8.270e+02
7.880e+02
1.040e+03
7.240e+02
7.480e+02
8.650e+02
9.100e+02
9.160e+02
8.190e+02
7.030e+02
5.950e+02
5.650e+02
5.200e+02
4.040e+02
4.550e+02
4.090e+02
3.660e+02
3.020e+02
2.850e+02
2.670e+02
2.000e+02
1.560e+02
1.330e+02
1.390e+02
1.380e+02
1.290e+02
1.210e+02
8.200e+01
5.600e+01
3.300e+01
3.100e+01
2.800e+01
2.300e+01
1.700e+01
2.000e+01
1.000e+01
1.000e+01
1.200e+01
8.000e+00
7.000e+00
8.000e+00
4.000e+00
3.000e+00
8.000e+00
9.000e+00
6.000e+00
8.000e+00
6.000e+00
2.000e+00
2.000e+00
8.000e+00
4.000e+00
7.000e+00
1.100e+01
1.000e+00
5.000e+00
1.000e+00
4.000e+00
3.000e+00
4.000e+00
4.000e+00
0.000e+00
1.000e+00
0.000e+00
0.000e+00
1.000e+00
1.000e+00
0.000e+00
0.000e+00
1.000e+00
0.000e+00
0.000e+00
0.000e+00
0.000e+00
0.000e+00
0.000e+00
0.000e+00
0.000e+00
0.000e+00
0.000e+00
1.000e+00
0.000e+00
0.000e+00
1.000e+00
0.000e+00
0.000e+00
0.000e+00
0.000e+00
0.000e+00
0.000e+00
0.000e+00
0.000e+00
2.000e+00
1.000e+00
0.000e+00
0.000e+00
1.000e+00
1.000e+00
1.000e+00
0.000e+00
0.000e+00
0.000e+00
0.000e+00
0.000e+00
0.000e+00
0.000e+00
0.000e+00
0.000e+00
0.000e+00
0.000e+00
0.000e+00
0.000e+00
0.000e+00
0.000e+00
0.000e+00
0.000e+00
0.000e+00
0.000e+00
0.000e+00
0.000e+00
1.000e+00
2.000e+00
0.000e+00
0.000e+00
1.000e+00
0.000e+00
0.000e+00
0.000e+00
1.000e+00
0.000e+00
1.000e+00
0.000e+00
2.000e+00
0.000e+00
2.000e+00
0.000e+00
0.000e+00
2.000e+00
2.000e+00
3.000e+00
3.000e+00
2.000e+00
8.000e+00
3.000e+00
1.800e+01
4.000e+00
7.000e+00
2.000e+00
2.000e+00
3.000e+00
1.000e+00
0.000e+00
1.000e+00
2.000e+00
3.000e+00
2.000e+00
4.000e+00
1.000e+00
5.000e+00
5.000e+00
7.000e+00
7.000e+00
1.100e+01
1.000e+01
1.500e+01
2.500e+01
3.900e+01
4.600e+01
9.600e+01
1.640e+02
1.720e+02
2.700e+02
2.900e+02
3.900e+02
5.060e+02
6.670e+02
9.700e+02
1.144e+03
1.154e+03
1.625e+03
1.568e+03
1.525e+03
