1.308e+04
9.271e+03
9.067e+03
8.024e+03
6.970e+03
6.232e+03
4.491e+03
3.427e+03
2.710e+03
2.075e+03
1.499e+03
1.077e+03
7.980e+02
6.780e+02
5.050e+02
3.420e+02
3.070e+02
2.580e+02
1.930e+02
1.480e+02
1.130e+02
1.150e+02
1.060e+02
8.300e+01
8.100e+01
5.200e+01
5.500e+01
3.200e+01
4.300e+01
3.100e+01
2.100e+01
2.700e+01
2.400e+01
3.000e+01
2.800e+01
2.700e+01
4.300e+01
3.100e+01
4.700e+01
4.600e+01
4.700e+01
3.800e+01
3.800e+01
2.600e+01
1.900e+01
2.300e+01
2.000e+01
2.100e+01
1.800e+01
1.100e+01
2.200e+01
2.600e+01
2.600e+01
8.000e+00
1.600e+01
6.000e+00
1.200e+01
5.000e+00
7.000e+00
5.000e+00
7.000e+00
2.000e+00
5.000e+00
5.000e+00
1.000e+00
3.000e+00
6.000e+00
5.000e+00
5.000e+00
3.000e+00
2.000e+00
0.000e+00
2.000e+00
3.000e+00
4.000e+00
1.000e+00
2.000e+00
4.000e+00
1.000e+00
1.000e+00
1.000e+00
3.000e+00
4.000e+00
2.000e+00
2.000e+00
3.000e+00
1.000e+00
3.000e+00
4.000e+00
5.000e+00
3.000e+00
2.000e+00
3.000e+00
1.000e+00
0.000e+00
3.000e+00
3.000e+00
1.000e+00
6.000e+00
4.000e+00
2.000e+00
1.000e+00
1.000e+00
7.000e+00
1.000e+01
5.000e+00
2.000e+00
8.000e+00
6.000e+00
3.000e+00
4.000e+00
0.000e+00
4.000e+00
7.000e+00
1.300e+01
8.000e+00
8.000e+00
1.200e+01
1.400e+01
1.600e+01
2.300e+01
2.100e+01
2.600e+01
3.700e+01
3.300e+01
5.100e+01
4.300e+01
4.600e+01
4.800e+01
4.800e+01
5.600e+01
6.300e+01
6.500e+01
6.400e+01
7.200e+01
7.100e+01
7.800e+01
5.700e+01
6.100e+01
8.200e+01
5.600e+01
6.200e+01
5.400e+01
6.700e+01
7.300e+01
7.400e+01
7.700e+01
8.000e+01
7.200e+01
8.200e+01
8.500e+01
1.050e+02
1.060e+02
1.190e+02
1.520e+02
1.810e+02
2.210e+02
2.280e+02
2.760e+02
3.210e+02
3.130e+02
4.200e+02
4.780e+02
5.920e+02
7.410e+02
8.310e+02
9.540e+02
1.008e+03
1.188e+03
1.313e+03
1.691e+03
2.221e+03
2.864e+03
3.834e+03
4.842e+03
5.540e+03
5.891e+03
6.483e+03
7.586e+03
8.032e+03
1.170e+04
8.058e+03
7.510e+03
6.284e+03
5.752e+03
5.188e+03
4.412e+03
3.574e+03
2.615e+03
2.036e+03
1.575e+03
1.221e+03
1.139e+03
9.740e+02
8.700e+02
7.350e+02
6.100e+02
5.860e+02
4.280e+02
3.320e+02
3.200e+02
3.040e+02
2.560e+02
2.410e+02
2.370e+02
1.700e+02
1.480e+02
1.280e+02
1.330e+02
1.170e+02
1.090e+02
8.500e+01
9.200e+01
9.400e+01
8.400e+01
8.300e+01
6.700e+01
7.200e+01
7.100e+01
6.600e+01
7.300e+01
6.400e+01
6.800e+01
6.200e+01
6.800e+01
7.700e+01
9.400e+01
5.800e+01
6.600e+01
4.900e+01
3.700e+01
5.100e+01
3.400e+01
3.700e+01
4.800e+01
2.500e+01
3.500e+01
2.400e+01
3.400e+01
8.000e+00
2.500e+01
1.800e+01
1.000e+01
1.600e+01
1.400e+01
1.200e+01
6.000e+00
1.900e+01
6.000e+00
1.000e+01
8.000e+00
8.000e+00
4.000e+00
4.000e+00
4.000e+00
6.000e+00
5.000e+00
5.000e+00
4.000e+00
3.000e+00
1.000e+00
3.000e+00
3.000e+00
2.000e+00
1.000e+00
1.000e+00
2.000e+00
0.000e+00
1.000e+00
1.000e+00
6.000e+00
3.000e+00
1.000e+00
0.000e+00
3.000e+00
1.000e+00
2.000e+00
0.000e+00
2.000e+00
1.000e+00
1.000e+00
2.000e+00
3.000e+00
1.000e+00
1.000e+00
0.000e+00
2.000e+00
1.000e+00
2.000e+00
6.000e+00
6.000e+00
1.000e+00
2.000e+00
1.000e+00
4.000e+00
2.000e+00
2.000e+00
4.000e+00
3.000e+00
5.000e+00
0.000e+00
3.000e+00
1.200e+01
5.000e+00
1.100e+01
3.000e+00
6.000e+00
7.000e+00
9.000e+00
1.300e+01
1.900e+01
1.500e+01
6.000e+00
1.200e+01
7.000e+00
1.900e+01
1.300e+01
1.600e+01
2.600e+01
3.200e+01
4.600e+01
3.600e+01
5.100e+01
3.200e+01
3.700e+01
2.700e+01
2.200e+01
1.600e+01
2.100e+01
2.500e+01
1.800e+01
2.700e+01
3.600e+01
4.500e+01
3.500e+01
4.800e+01
6.100e+01
7.400e+01
1.050e+02
1.050e+02
1.150e+02
1.320e+02
1.820e+02
2.240e+02
3.100e+02
3.730e+02
4.680e+02
6.890e+02
8.400e+02
1.063e+03
1.520e+03
1.970e+03
2.626e+03
3.365e+03
4.437e+03
5.816e+03
6.701e+03
7.711e+03
8.746e+03
9.134e+03
