1.057e+04
6.085e+03
3.840e+03
2.524e+03
1.217e+03
7.460e+02
4.040e+02
2.600e+02
2.330e+02
1.640e+02
1.650e+02
1.080e+02
1.150e+02
5.300e+01
6.200e+01
3.500e+01
3.900e+01
5.100e+01
3.900e+01
5.400e+01
5.800e+01
5.900e+01
7.000e+01
7.300e+01
5.900e+01
6.000e+01
4.400e+01
3.800e+01
6.100e+01
5.500e+01
6.500e+01
4.900e+01
5.200e+01
4.200e+01
3.900e+01
3.000e+01
2.500e+01
3.700e+01
3.800e+01
4.600e+01
3.500e+01
4.500e+01
8.000e+01
5.800e+01
6.600e+01
9.100e+01
9.700e+01
1.150e+02
1.460e+02
1.630e+02
1.830e+02
1.300e+02
1.430e+02
2.320e+02
1.340e+02
1.460e+02
1.520e+02
2.190e+02
2.070e+02
1.640e+02
1.360e+02
1.210e+02
6.600e+01
4.000e+01
4.100e+01
2.700e+01
1.800e+01
1.000e+01
7.000e+00
1.000e+01
9.000e+00
6.000e+00
5.000e+00
0.000e+00
0.000e+00
0.000e+00
0.000e+00
0.000e+00
0.000e+00
0.000e+00
0.000e+00
0.000e+00
0.000e+00
0.000e+00
0.000e+00
0.000e+00
0.000e+00
0.000e+00
0.000e+00
0.000e+00
0.000e+00
0.000e+00
0.000e+00
0.000e+00
0.000e+00
0.000e+00
0.000e+00
0.000e+00
0.000e+00
0.000e+00
0.000e+00
0.000e+00
0.000e+00
0.000e+00
0.000e+00
0.000e+00
0.000e+00
0.000e+00
0.000e+00
0.000e+00
0.000e+00
0.000e+00
0.000e+00
0.000e+00
0.000e+00
0.000e+00
0.000e+00
0.000e+00
0.000e+00
0.000e+00
0.000e+00
0.000e+00
0.000e+00
0.000e+00
0.000e+00
0.000e+00
0.000e+00
0.000e+00
0.000e+00
0.000e+00
0.000e+00
0.000e+00
0.000e+00
0.000e+00
0.000e+00
0.000e+00
0.000e+00
0.000e+00
0.000e+00
0.000e+00
0.000e+00
0.000e+00
0.000e+00
0.000e+00
0.000e+00
0.000e+00
0.000e+00
0.000e+00
0.000e+00
0.000e+00
0.000e+00
0.000e+00
0.000e+00
0.000e+00
0.000e+00
0.000e+00
0.000e+00
0.000e+00
0.000e+00
0.000e+00
0.000e+00
0.000e+00
0.000e+00
0.000e+00
0.000e+00
0.000e+00
0.000e+00
0.000e+00
0.000e+00
0.000e+00
0.000e+00
0.000e+00
0.000e+00
0.000e+00
0.000e+00
0.000e+00
0.000e+00
0.000e+00
0.000e+00
0.000e+00
0.000e+00
0.000e+00
0.000e+00
0.000e+00
0.000e+00
0.000e+00
0.000e+00
0.000e+00
0.000e+00
0.000e+00
0.000e+00
0.000e+00
0.000e+00
0.000e+00
0.000e+00
0.000e+00
0.000e+00
0.000e+00
0.000e+00
0.000e+00
0.000e+00
0.000e+00
0.000e+00
0.000e+00
0.000e+00
0.000e+00
0.000e+00
0.000e+00
0.000e+00
0.000e+00
0.000e+00
0.000e+00
0.000e+00
0.000e+00
0.000e+00
0.000e+00
0.000e+00
0.000e+00
0.000e+00
0.000e+00
0.000e+00
0.000e+00
0.000e+00
0.000e+00
0.000e+00
0.000e+00
0.000e+00
0.000e+00
0.000e+00
0.000e+00
0.000e+00
0.000e+00
0.000e+00
0.000e+00
0.000e+00
0.000e+00
0.000e+00
0.000e+00
0.000e+00
0.000e+00
0.000e+00
0.000e+00
0.000e+00
0.000e+00
0.000e+00
0.000e+00
0.000e+00
0.000e+00
0.000e+00
0.000e+00
0.000e+00
0.000e+00
0.000e+00
0.000e+00
0.000e+00
0.000e+00
0.000e+00
0.000e+00
0.000e+00
0.000e+00
0.000e+00
0.000e+00
0.000e+00
0.000e+00
0.000e+00
0.000e+00
0.000e+00
0.000e+00
0.000e+00
0.000e+00
0.000e+00
0.000e+00
0.000e+00
0.000e+00
0.000e+00
0.000e+00
0.000e+00
0.000e+00
0.000e+00
0.000e+00
0.000e+00
0.000e+00
0.000e+00
0.000e+00
0.000e+00
0.000e+00
0.000e+00
1.000e+00
0.000e+00
8.000e+00
6.000e+00
1.000e+01
5.000e+00
1.400e+01
3.000e+01
2.700e+01
3.000e+01
4.900e+01
4.200e+01
7.400e+01
1.050e+02
1.170e+02
1.510e+02
1.510e+02
1.430e+02
1.430e+02
1.390e+02
1.520e+02
1.400e+02
1.210e+02
1.230e+02
1.000e+02
1.110e+02
1.030e+02
1.110e+02
8.100e+01
7.400e+01
6.600e+01
7.000e+01
6.800e+01
5.700e+01
4.700e+01
3.300e+01
5.200e+01
5.100e+01
3.500e+01
3.500e+01
3.800e+01
5.200e+01
4.100e+01
4.600e+01
3.700e+01
4.000e+01
4.000e+01
5.000e+01
5.600e+01
6.900e+01
1.170e+02
7.400e+01
5.500e+01
6.100e+01
5.200e+01
4.300e+01
3.200e+01
5.000e+01
5.700e+01
1.020e+02
1.400e+02
3.940e+02
5.180e+02
2.810e+02
1.760e+02
2.110e+02
3.940e+02
5.240e+02
7.770e+02
1.150e+03
2.322e+03
4.180e+03
5.778e+03
