1.293e+04
3.111e+03
2.317e+03
1.672e+03
1.574e+03
1.498e+03
1.201e+03
1.229e+03
1.319e+03
8.260e+02
6.080e+02
4.830e+02
3.990e+02
3.350e+02
2.480e+02
2.130e+02
1.220e+02
1.120e+02
9.700e+01
4.600e+01
4.900e+01
3.600e+01
4.200e+01
1.600e+01
1.900e+01
1.000e+01
1.000e+01
8.000e+00
3.000e+00
3.000e+00
2.000e+00
4.000e+00
1.000e+00
0.000e+00
0.000e+00
2.000e+00
1.000e+00
0.000e+00
3.000e+00
1.000e+00
0.000e+00
0.000e+00
2.000e+00
0.000e+00
2.000e+00
0.000e+00
0.000e+00
2.000e+00
1.000e+00
2.000e+00
1.000e+00
0.000e+00
0.000e+00
1.000e+00
0.000e+00
0.000e+00
0.000e+00
0.000e+00
0.000e+00
0.000e+00
0.000e+00
0.000e+00
0.000e+00
0.000e+00
0.000e+00
0.000e+00
0.000e+00
1.000e+00
0.000e+00
0.000e+00
0.000e+00
0.000e+00
0.000e+00
0.000e+00
0.000e+00
0.000e+00
0.000e+00
0.000e+00
1.000e+00
0.000e+00
1.000e+00
0.000e+00
0.000e+00
0.000e+00
0.000e+00
0.000e+00
0.000e+00
0.000e+00
0.000e+00
0.000e+00
0.000e+00
0.000e+00
0.000e+00
0.000e+00
0.000e+00
0.000e+00
0.000e+00
0.000e+00
1.000e+00
0.000e+00
0.000e+00
0.000e+00
0.000e+00
0.000e+00
0.000e+00
0.000e+00
0.000e+00
0.000e+00
0.000e+00
0.000e+00
0.000e+00
0.000e+00
0.000e+00
0.000e+00
0.000e+00
0.000e+00
0.000e+00
0.000e+00
1.000e+00
0.000e+00
0.000e+00
1.000e+00
1.000e+00
1.000e+00
0.000e+00
1.000e+00
0.000e+00
0.000e+00
1.000e+00
1.000e+00
0.000e+00
2.000e+00
2.000e+00
1.000e+00
3.000e+00
3.000e+00
1.000e+00
3.000e+00
3.000e+00
1.000e+00
2.000e+00
1.000e+00
5.000e+00
2.000e+00
1.000e+00
3.000e+00
2.000e+00
2.000e+00
2.000e+00
1.000e+00
5.000e+00
6.000e+00
5.000e+00
8.000e+00
4.000e+00
1.400e+01
9.000e+00
1.000e+01
9.000e+00
2.500e+01
2.500e+01
2.400e+01
2.700e+01
3.700e+01
3.400e+01
5.400e+01
7.100e+01
6.100e+01
8.700e+01
1.070e+02
1.210e+02
1.450e+02
2.110e+02
2.030e+02
2.170e+02
2.250e+02
1.920e+02
1.880e+02
2.640e+02
3.810e+02
1.531e+03
3.840e+02
2.690e+02
2.030e+02
1.860e+02
2.060e+02
2.140e+02
2.110e+02
1.890e+02
1.380e+02
9.800e+01
9.700e+01
9.400e+01
7.500e+01
5.300e+01
3.500e+01
2.900e+01
3.200e+01
2.900e+01
2.000e+01
3.700e+01
1.900e+01
1.900e+01
1.100e+01
1.100e+01
9.000e+00
7.000e+00
8.000e+00
3.000e+00
3.000e+00
7.000e+00
8.000e+00
1.000e+00
1.000e+00
3.000e+00
6.000e+00
6.000e+00
3.000e+00
4.000e+00
4.000e+00
1.000e+00
3.000e+00
6.000e+00
3.000e+00
2.000e+00
1.000e+00
1.000e+00
7.000e+00
0.000e+00
1.000e+00
1.000e+00
0.000e+00
1.000e+00
1.000e+00
1.000e+00
2.000e+00
1.000e+00
0.000e+00
0.000e+00
0.000e+00
0.000e+00
0.000e+00
0.000e+00
0.000e+00
0.000e+00
0.000e+00
0.000e+00
0.000e+00
0.000e+00
0.000e+00
0.000e+00
0.000e+00
0.000e+00
0.000e+00
0.000e+00
0.000e+00
1.000e+00
0.000e+00
0.000e+00
0.000e+00
0.000e+00
0.000e+00
0.000e+00
0.000e+00
0.000e+00
0.000e+00
0.000e+00
0.000e+00
0.000e+00
0.000e+00
0.000e+00
0.000e+00
0.000e+00
1.000e+00
0.000e+00
0.000e+00
0.000e+00
0.000e+00
0.000e+00
0.000e+00
0.000e+00
0.000e+00
0.000e+00
0.000e+00
0.000e+00
0.000e+00
0.000e+00
0.000e+00
0.000e+00
0.000e+00
0.000e+00
0.000e+00
0.000e+00
0.000e+00
0.000e+00
0.000e+00
0.000e+00
0.000e+00
0.000e+00
0.000e+00
0.000e+00
0.000e+00
0.000e+00
0.000e+00
0.000e+00
0.000e+00
1.000e+00
1.000e+00
0.000e+00
0.000e+00
0.000e+00
3.000e+00
2.000e+00
2.000e+00
2.000e+00
0.000e+00
1.000e+00
1.000e+00
0.000e+00
1.000e+00
1.000e+00
0.000e+00
1.000e+00
3.000e+00
1.000e+00
1.000e+00
1.000e+00
3.000e+00
2.000e+00
4.000e+00
3.000e+00
3.000e+00
7.000e+00
4.000e+00
9.000e+00
7.000e+00
1.400e+01
1.300e+01
3.600e+01
5.000e+01
5.000e+01
7.600e+01
1.020e+02
1.070e+02
1.610e+02
2.210e+02
2.520e+02
3.760e+02
4.530e+02
5.340e+02
6.850e+02
8.720e+02
1.363e+03
1.309e+03
1.294e+03
1.526e+03
1.578e+03
1.568e+03
2.087e+03
2.848e+03
