2.328e+03
5.930e+02
5.020e+02
5.610e+02
7.100e+02
6.550e+02
6.510e+02
5.880e+02
4.370e+02
5.070e+02
5.570e+02
5.580e+02
4.730e+02
4.170e+02
2.760e+02
2.720e+02
2.680e+02
2.330e+02
2.790e+02
2.360e+02
2.080e+02
1.970e+02
1.840e+02
1.670e+02
1.770e+02
1.500e+02
1.230e+02
1.150e+02
1.140e+02
1.070e+02
1.070e+02
1.150e+02
9.400e+01
9.100e+01
9.800e+01
1.010e+02
1.120e+02
1.350e+02
1.580e+02
1.690e+02
1.610e+02
1.660e+02
2.070e+02
2.150e+02
2.410e+02
2.360e+02
2.980e+02
2.220e+02
1.390e+02
1.380e+02
1.040e+02
9.000e+01
6.200e+01
5.500e+01
5.000e+01
4.200e+01
4.100e+01
4.700e+01
3.700e+01
2.800e+01
3.800e+01
2.600e+01
2.300e+01
2.700e+01
2.600e+01
2.100e+01
8.000e+00
1.400e+01
1.200e+01
6.000e+00
4.000e+00
5.000e+00
3.000e+00
6.000e+00
5.000e+00
4.000e+00
2.000e+00
5.000e+00
2.000e+00
4.000e+00
3.000e+00
2.000e+00
4.000e+00
4.000e+00
3.000e+00
1.000e+00
6.000e+00
2.000e+00
1.000e+00
4.000e+00
5.000e+00
2.000e+00
5.000e+00
2.000e+00
4.000e+00
3.000e+00
2.000e+00
1.000e+00
1.000e+00
3.000e+00
2.000e+00
6.000e+00
3.000e+00
5.000e+00
3.000e+00
6.000e+00
1.100e+01
3.000e+00
4.000e+00
7.000e+00
8.000e+00
7.000e+00
9.000e+00
1.600e+01
2.200e+01
1.400e+01
2.000e+01
1.800e+01
2.000e+01
2.900e+01
2.600e+01
3.900e+01
3.600e+01
4.000e+01
2.900e+01
3.000e+01
3.300e+01
4.700e+01
4.900e+01
5.400e+01
6.300e+01
7.800e+01
8.900e+01
8.900e+01
1.370e+02
1.290e+02
1.710e+02
2.520e+02
2.740e+02
2.810e+02
2.270e+02
2.240e+02
1.730e+02
1.760e+02
1.410e+02
1.290e+02
1.350e+02
1.280e+02
1.350e+02
1.320e+02
9.800e+01
1.330e+02
1.140e+02
1.070e+02
1.380e+02
1.610e+02
1.620e+02
2.190e+02
2.520e+02
2.660e+02
2.490e+02
3.190e+02
3.070e+02
3.340e+02
3.560e+02
3.120e+02
3.650e+02
3.320e+02
3.390e+02
3.980e+02
5.490e+02
6.240e+02
6.730e+02
5.990e+02
4.800e+02
4.830e+02
4.580e+02
4.960e+02
4.890e+02
7.020e+02
2.423e+03
6.540e+02
5.170e+02
4.460e+02
4.150e+02
4.620e+02
5.270e+02
5.730e+02
6.430e+02
6.670e+02
6.090e+02
4.320e+02
3.690e+02
2.890e+02
3.350e+02
3.090e+02
3.220e+02
3.030e+02
3.130e+02
3.070e+02
2.460e+02
2.260e+02
2.200e+02
2.030e+02
1.450e+02
1.410e+02
1.210e+02
1.210e+02
9.400e+01
1.000e+02
9.500e+01
1.210e+02
1.380e+02
1.310e+02
1.240e+02
1.440e+02
1.290e+02
1.780e+02
1.690e+02
2.390e+02
2.240e+02
3.120e+02
2.810e+02
2.450e+02
2.200e+02
1.740e+02
1.550e+02
1.170e+02
9.800e+01
6.200e+01
7.300e+01
7.200e+01
5.500e+01
3.600e+01
3.300e+01
3.100e+01
5.000e+01
4.800e+01
4.400e+01
2.400e+01
2.700e+01
3.200e+01
1.900e+01
2.600e+01
2.600e+01
1.000e+01
7.000e+00
1.500e+01
8.000e+00
6.000e+00
7.000e+00
9.000e+00
2.000e+00
6.000e+00
6.000e+00
5.000e+00
3.000e+00
4.000e+00
8.000e+00
2.000e+00
4.000e+00
5.000e+00
0.000e+00
3.000e+00
3.000e+00
5.000e+00
3.000e+00
4.000e+00
1.000e+00
4.000e+00
3.000e+00
4.000e+00
4.000e+00
1.000e+00
2.000e+00
3.000e+00
4.000e+00
5.000e+00
5.000e+00
3.000e+00
2.000e+00
5.000e+00
6.000e+00
0.000e+00
3.000e+00
4.000e+00
4.000e+00
2.000e+00
8.000e+00
2.000e+00
7.000e+00
8.000e+00
6.000e+00
1.400e+01
2.000e+01
1.400e+01
2.500e+01
2.000e+01
1.800e+01
2.200e+01
3.700e+01
4.000e+01
4.600e+01
3.800e+01
3.300e+01
3.000e+01
6.000e+01
5.700e+01
6.300e+01
8.000e+01
8.300e+01
9.500e+01
1.710e+02
2.050e+02
2.770e+02
2.430e+02
2.250e+02
2.030e+02
1.590e+02
1.790e+02
1.620e+02
1.490e+02
1.580e+02
1.480e+02
1.290e+02
1.140e+02
1.160e+02
9.800e+01
9.400e+01
1.080e+02
9.800e+01
1.060e+02
1.150e+02
1.250e+02
1.420e+02
1.860e+02
1.840e+02
1.960e+02
1.850e+02
2.040e+02
2.100e+02
2.340e+02
2.500e+02
2.470e+02
2.510e+02
2.460e+02
3.360e+02
4.530e+02
4.880e+02
5.480e+02
5.530e+02
5.010e+02
4.540e+02
5.850e+02
6.040e+02
6.700e+02
6.370e+02
5.020e+02
4.960e+02
5.940e+02
