7.910e+02
3.520e+02
3.850e+02
4.630e+02
6.170e+02
5.850e+02
5.850e+02
5.070e+02
3.680e+02
4.290e+02
4.970e+02
4.850e+02
4.070e+02
3.500e+02
2.190e+02
2.250e+02
2.080e+02
1.880e+02
2.080e+02
1.810e+02
1.350e+02
1.410e+02
9.500e+01
9.500e+01
9.700e+01
8.900e+01
7.600e+01
7.100e+01
5.700e+01
5.800e+01
5.200e+01
4.900e+01
4.600e+01
4.600e+01
4.200e+01
5.300e+01
5.300e+01
6.100e+01
8.300e+01
7.900e+01
7.900e+01
7.900e+01
1.000e+02
1.280e+02
1.400e+02
1.550e+02
2.040e+02
1.580e+02
9.400e+01
7.600e+01
5.600e+01
4.900e+01
2.900e+01
2.500e+01
2.300e+01
2.400e+01
1.800e+01
1.400e+01
1.300e+01
9.000e+00
1.000e+01
6.000e+00
6.000e+00
7.000e+00
1.000e+01
6.000e+00
1.000e+00
2.000e+00
6.000e+00
0.000e+00
0.000e+00
1.000e+00
0.000e+00
1.000e+00
1.000e+00
0.000e+00
1.000e+00
2.000e+00
1.000e+00
1.000e+00
1.000e+00
2.000e+00
3.000e+00
2.000e+00
3.000e+00
1.000e+00
6.000e+00
2.000e+00
0.000e+00
2.000e+00
1.000e+00
0.000e+00
2.000e+00
1.000e+00
2.000e+00
2.000e+00
2.000e+00
1.000e+00
1.000e+00
3.000e+00
1.000e+00
3.000e+00
1.000e+00
4.000e+00
2.000e+00
4.000e+00
3.000e+00
1.000e+00
1.000e+00
2.000e+00
3.000e+00
2.000e+00
1.000e+00
3.000e+00
7.000e+00
2.000e+00
4.000e+00
8.000e+00
5.000e+00
9.000e+00
6.000e+00
1.100e+01
8.000e+00
1.300e+01
1.100e+01
1.100e+01
1.800e+01
2.100e+01
1.500e+01
2.300e+01
2.200e+01
3.400e+01
3.700e+01
3.500e+01
6.800e+01
6.100e+01
9.100e+01
1.570e+02
2.100e+02
1.980e+02
1.430e+02
1.500e+02
1.140e+02
1.030e+02
8.700e+01
7.900e+01
8.700e+01
8.100e+01
9.200e+01
7.600e+01
5.400e+01
7.100e+01
7.000e+01
6.400e+01
9.600e+01
1.000e+02
8.900e+01
1.320e+02
1.450e+02
1.910e+02
1.830e+02
2.550e+02
2.610e+02
2.810e+02
2.980e+02
2.530e+02
2.870e+02
2.730e+02
2.880e+02
3.370e+02
4.880e+02
5.700e+02
6.030e+02
5.020e+02
4.000e+02
3.910e+02
3.770e+02
3.970e+02
3.440e+02
4.470e+02
8.730e+02
4.210e+02
3.750e+02
3.540e+02
3.320e+02
3.720e+02
4.560e+02
4.890e+02
5.670e+02
6.180e+02
5.410e+02
3.630e+02
3.060e+02
2.400e+02
2.830e+02
2.590e+02
2.740e+02
2.440e+02
2.600e+02
2.440e+02
1.810e+02
1.550e+02
1.270e+02
1.160e+02
7.400e+01
8.200e+01
8.100e+01
6.800e+01
5.300e+01
6.200e+01
5.300e+01
6.500e+01
8.200e+01
7.900e+01
6.800e+01
8.400e+01
8.300e+01
1.060e+02
1.030e+02
1.480e+02
1.430e+02
2.020e+02
1.910e+02
1.560e+02
1.390e+02
9.000e+01
5.600e+01
6.200e+01
4.900e+01
2.900e+01
3.400e+01
2.200e+01
1.000e+01
1.300e+01
1.200e+01
1.300e+01
1.600e+01
2.000e+01
1.600e+01
9.000e+00
6.000e+00
1.100e+01
5.000e+00
6.000e+00
8.000e+00
3.000e+00
3.000e+00
2.000e+00
1.000e+00
1.000e+00
1.000e+00
2.000e+00
0.000e+00
1.000e+00
2.000e+00
2.000e+00
3.000e+00
4.000e+00
6.000e+00
1.000e+00
3.000e+00
3.000e+00
0.000e+00
3.000e+00
2.000e+00
5.000e+00
1.000e+00
4.000e+00
0.000e+00
0.000e+00
1.000e+00
3.000e+00
3.000e+00
0.000e+00
2.000e+00
2.000e+00
2.000e+00
4.000e+00
5.000e+00
1.000e+00
1.000e+00
1.000e+00
2.000e+00
0.000e+00
1.000e+00
3.000e+00
1.000e+00
0.000e+00
1.000e+00
0.000e+00
1.000e+00
1.000e+00
2.000e+00
5.000e+00
8.000e+00
6.000e+00
5.000e+00
4.000e+00
3.000e+00
7.000e+00
1.300e+01
1.400e+01
1.000e+01
1.400e+01
2.000e+01
1.100e+01
3.700e+01
3.700e+01
3.700e+01
4.600e+01
4.700e+01
5.800e+01
9.300e+01
1.260e+02
1.910e+02
1.650e+02
1.540e+02
1.150e+02
8.400e+01
1.000e+02
7.000e+01
7.300e+01
7.900e+01
8.000e+01
7.200e+01
6.900e+01
4.100e+01
6.000e+01
4.200e+01
5.000e+01
5.300e+01
5.400e+01
5.500e+01
6.600e+01
9.200e+01
1.120e+02
9.500e+01
1.120e+02
1.150e+02
1.250e+02
1.500e+02
1.600e+02
2.070e+02
1.930e+02
1.940e+02
1.990e+02
2.560e+02
3.850e+02
4.150e+02
4.830e+02
4.800e+02
4.370e+02
3.810e+02
5.080e+02
5.160e+02
5.870e+02
5.360e+02
4.200e+02
3.340e+02
3.560e+02
