5.630e+02
1.640e+02
1.310e+02
1.080e+02
8.600e+01
8.500e+01
1.170e+02
1.080e+02
1.570e+02
1.520e+02
1.340e+02
1.770e+02
1.760e+02
1.710e+02
1.930e+02
1.710e+02
2.100e+02
1.970e+02
1.880e+02
2.530e+02
2.300e+02
2.350e+02
2.430e+02
1.880e+02
1.950e+02
1.180e+02
1.140e+02
1.070e+02
1.060e+02
4.900e+01
3.000e+01
2.400e+01
2.600e+01
2.300e+01
1.700e+01
1.700e+01
1.300e+01
6.000e+00
6.000e+00
3.000e+00
8.000e+00
6.000e+00
5.000e+00
3.000e+00
6.000e+00
0.000e+00
2.000e+00
5.000e+00
2.000e+00
4.000e+00
3.000e+00
3.000e+00
4.000e+00
2.000e+00
6.000e+00
3.000e+00
4.000e+00
5.000e+00
1.000e+00
4.000e+00
3.000e+00
4.000e+00
3.000e+00
7.000e+00
4.000e+00
1.100e+01
5.000e+00
1.500e+01
1.100e+01
1.400e+01
7.000e+00
7.000e+00
3.000e+00
1.000e+00
2.000e+00
3.000e+00
1.000e+00
0.000e+00
1.000e+00
0.000e+00
1.000e+00
1.000e+00
1.000e+00
1.000e+00
1.000e+00
1.000e+00
0.000e+00
0.000e+00
0.000e+00
0.000e+00
0.000e+00
0.000e+00
0.000e+00
0.000e+00
0.000e+00
0.000e+00
0.000e+00
0.000e+00
0.000e+00
1.000e+00
3.000e+00
1.000e+00
5.000e+00
1.000e+00
1.000e+00
0.000e+00
0.000e+00
3.000e+00
2.000e+00
1.000e+00
2.000e+00
1.000e+00
2.000e+00
5.000e+00
6.000e+00
1.100e+01
1.100e+01
4.000e+00
8.000e+00
7.000e+00
6.000e+00
3.000e+00
1.000e+00
6.000e+00
5.000e+00
7.000e+00
3.000e+00
0.000e+00
1.000e+00
0.000e+00
0.000e+00
2.000e+00
1.000e+00
4.000e+00
3.000e+00
3.000e+00
2.000e+00
4.000e+00
3.000e+00
3.000e+00
5.000e+00
6.000e+00
4.000e+00
6.000e+00
1.000e+01
1.400e+01
1.400e+01
1.200e+01
2.200e+01
1.100e+01
1.400e+01
2.500e+01
3.700e+01
4.600e+01
4.000e+01
7.700e+01
8.300e+01
1.240e+02
1.360e+02
1.660e+02
1.940e+02
2.810e+02
2.830e+02
3.750e+02
3.420e+02
3.760e+02
3.340e+02
3.420e+02
2.930e+02
2.550e+02
2.500e+02
2.270e+02
2.010e+02
2.270e+02
1.670e+02
1.580e+02
1.250e+02
1.070e+02
1.200e+02
1.620e+02
6.170e+02
1.900e+02
1.430e+02
1.080e+02
1.140e+02
1.530e+02
1.760e+02
1.960e+02
1.770e+02
1.920e+02
2.020e+02
2.180e+02
2.030e+02
2.070e+02
2.110e+02
2.230e+02
2.530e+02
2.670e+02
2.550e+02
2.500e+02
1.870e+02
1.850e+02
1.380e+02
1.410e+02
7.000e+01
6.100e+01
4.000e+01
2.500e+01
2.500e+01
2.100e+01
2.000e+01
2.000e+01
1.200e+01
8.000e+00
5.000e+00
7.000e+00
6.000e+00
4.000e+00
4.000e+00
3.000e+00
2.000e+00
5.000e+00
4.000e+00
2.000e+00
3.000e+00
6.000e+00
3.000e+00
3.000e+00
3.000e+00
3.000e+00
4.000e+00
3.000e+00
2.000e+00
3.000e+00
2.000e+00
3.000e+00
7.000e+00
4.000e+00
3.000e+00
6.000e+00
1.000e+00
1.000e+01
1.100e+01
8.000e+00
1.200e+01
1.300e+01
8.000e+00
6.000e+00
6.000e+00
3.000e+00
2.000e+00
3.000e+00
0.000e+00
2.000e+00
0.000e+00
1.000e+00
0.000e+00
1.000e+00
1.000e+00
0.000e+00
2.000e+00
0.000e+00
0.000e+00
1.000e+00
0.000e+00
0.000e+00
0.000e+00
0.000e+00
0.000e+00
0.000e+00
0.000e+00
0.000e+00
0.000e+00
1.000e+00
0.000e+00
0.000e+00
2.000e+00
3.000e+00
2.000e+00
3.000e+00
1.000e+00
2.000e+00
1.000e+00
0.000e+00
0.000e+00
2.000e+00
0.000e+00
1.000e+00
3.000e+00
4.000e+00
8.000e+00
1.200e+01
1.200e+01
6.000e+00
6.000e+00
8.000e+00
5.000e+00
5.000e+00
2.000e+00
1.000e+00
1.000e+00
8.000e+00
3.000e+00
5.000e+00
1.000e+00
0.000e+00
4.000e+00
0.000e+00
2.000e+00
3.000e+00
6.000e+00
0.000e+00
5.000e+00
1.000e+00
2.000e+00
2.000e+00
6.000e+00
7.000e+00
4.000e+00
8.000e+00
9.000e+00
1.000e+01
1.300e+01
1.300e+01
2.200e+01
1.300e+01
1.400e+01
2.500e+01
2.100e+01
4.700e+01
4.000e+01
5.800e+01
1.070e+02
1.230e+02
1.040e+02
1.290e+02
1.540e+02
1.940e+02
2.700e+02
2.960e+02
3.500e+02
3.170e+02
3.280e+02
3.110e+02
3.050e+02
2.780e+02
2.420e+02
2.250e+02
2.030e+02
1.790e+02
1.830e+02
1.890e+02
1.450e+02
1.290e+02
1.160e+02
9.200e+01
8.500e+01
8.300e+01
9.300e+01
1.540e+02
