9.200e+02
4.230e+02
4.160e+02
4.560e+02
5.600e+02
6.230e+02
6.820e+02
6.000e+02
5.730e+02
7.050e+02
7.770e+02
7.470e+02
7.090e+02
7.080e+02
6.540e+02
6.430e+02
7.070e+02
7.490e+02
7.810e+02
7.210e+02
6.710e+02
6.930e+02
6.620e+02
6.730e+02
5.640e+02
6.010e+02
5.160e+02
4.670e+02
4.440e+02
3.500e+02
3.120e+02
2.760e+02
2.130e+02
2.410e+02
2.100e+02
1.920e+02
2.140e+02
2.180e+02
2.130e+02
2.080e+02
2.360e+02
1.980e+02
2.210e+02
2.210e+02
2.480e+02
2.260e+02
2.760e+02
2.290e+02
1.510e+02
1.390e+02
1.020e+02
1.000e+02
6.800e+01
7.500e+01
6.500e+01
5.800e+01
4.500e+01
4.900e+01
3.400e+01
3.300e+01
3.300e+01
2.900e+01
3.300e+01
2.500e+01
2.800e+01
2.700e+01
2.500e+01
2.800e+01
3.800e+01
2.200e+01
3.800e+01
3.700e+01
3.500e+01
3.400e+01
2.000e+01
2.100e+01
1.600e+01
1.600e+01
1.300e+01
1.000e+01
6.000e+00
1.400e+01
1.100e+01
9.000e+00
1.000e+01
1.100e+01
2.000e+01
1.900e+01
1.100e+01
2.700e+01
3.500e+01
1.500e+01
1.000e+01
1.000e+01
1.100e+01
1.400e+01
2.100e+01
8.000e+00
1.400e+01
1.300e+01
1.400e+01
1.700e+01
1.800e+01
2.300e+01
2.400e+01
3.100e+01
4.300e+01
3.000e+01
4.100e+01
2.600e+01
2.700e+01
2.500e+01
2.300e+01
2.200e+01
2.600e+01
2.100e+01
3.000e+01
3.500e+01
3.300e+01
3.200e+01
2.400e+01
3.600e+01
3.600e+01
4.200e+01
2.600e+01
4.200e+01
4.700e+01
5.400e+01
5.200e+01
6.100e+01
8.700e+01
9.200e+01
1.110e+02
1.140e+02
1.160e+02
1.480e+02
1.570e+02
2.320e+02
3.050e+02
2.820e+02
2.530e+02
2.420e+02
2.090e+02
2.190e+02
1.950e+02
1.980e+02
1.810e+02
2.000e+02
2.270e+02
1.890e+02
1.800e+02
2.270e+02
2.300e+02
2.530e+02
2.600e+02
2.880e+02
2.980e+02
3.750e+02
4.170e+02
4.620e+02
5.220e+02
6.210e+02
6.590e+02
6.320e+02
7.050e+02
6.460e+02
6.960e+02
7.050e+02
7.490e+02
1.016e+03
1.032e+03
9.320e+02
8.020e+02
5.770e+02
4.160e+02
4.610e+02
3.910e+02
3.300e+02
3.290e+02
3.680e+02
8.920e+02
3.580e+02
3.280e+02
3.480e+02
3.100e+02
4.440e+02
4.850e+02
6.230e+02
7.580e+02
9.060e+02
1.022e+03
9.250e+02
7.530e+02
6.490e+02
6.070e+02
6.110e+02
6.140e+02
6.120e+02
5.860e+02
6.130e+02
5.110e+02
5.020e+02
4.000e+02
3.860e+02
3.380e+02
3.210e+02
2.530e+02
2.500e+02
1.980e+02
1.800e+02
1.670e+02
1.870e+02
2.070e+02
1.850e+02
1.870e+02
1.950e+02
1.900e+02
2.240e+02
2.020e+02
2.600e+02
2.340e+02
2.930e+02
2.750e+02
2.250e+02
2.090e+02
1.470e+02
1.190e+02
1.190e+02
1.150e+02
9.100e+01
9.500e+01
7.900e+01
4.700e+01
4.700e+01
3.400e+01
4.600e+01
4.000e+01
4.200e+01
4.700e+01
3.100e+01
3.400e+01
3.700e+01
2.200e+01
2.600e+01
2.600e+01
2.400e+01
2.500e+01
1.800e+01
1.300e+01
3.000e+01
2.900e+01
2.600e+01
3.800e+01
4.000e+01
3.300e+01
3.200e+01
2.900e+01
2.400e+01
2.000e+01
1.300e+01
1.900e+01
2.000e+01
1.000e+01
1.600e+01
2.000e+01
1.700e+01
1.600e+01
1.700e+01
9.000e+00
1.300e+01
3.700e+01
2.700e+01
1.500e+01
2.200e+01
1.500e+01
1.100e+01
1.300e+01
1.100e+01
1.300e+01
7.000e+00
7.000e+00
9.000e+00
8.000e+00
8.000e+00
6.000e+00
2.100e+01
2.300e+01
3.300e+01
2.600e+01
3.100e+01
3.600e+01
3.200e+01
2.400e+01
2.300e+01
2.000e+01
2.000e+01
3.000e+01
3.400e+01
2.700e+01
3.100e+01
3.900e+01
4.000e+01
3.400e+01
3.900e+01
6.400e+01
4.500e+01
7.600e+01
9.000e+01
8.100e+01
9.700e+01
9.200e+01
1.030e+02
1.520e+02
2.000e+02
2.650e+02
2.310e+02
2.390e+02
2.180e+02
2.020e+02
2.250e+02
1.890e+02
1.910e+02
2.320e+02
2.440e+02
2.460e+02
2.210e+02
2.160e+02
2.490e+02
2.440e+02
2.900e+02
3.130e+02
3.920e+02
4.700e+02
5.230e+02
5.370e+02
6.150e+02
6.600e+02
7.270e+02
7.710e+02
7.620e+02
8.090e+02
7.850e+02
8.660e+02
8.350e+02
7.710e+02
7.100e+02
7.310e+02
8.210e+02
7.700e+02
7.610e+02
7.750e+02
7.170e+02
5.820e+02
5.780e+02
6.000e+02
6.870e+02
5.830e+02
4.170e+02
3.610e+02
4.010e+02
