4.200e+01
8.000e+00
9.000e+00
7.000e+00
1.000e+01
1.100e+01
6.000e+00
1.300e+01
1.200e+01
8.000e+00
1.100e+01
6.000e+00
1.200e+01
1.200e+01
1.600e+01
7.000e+00
9.000e+00
1.400e+01
1.000e+01
1.200e+01
1.200e+01
1.200e+01
1.200e+01
1.800e+01
1.100e+01
8.000e+00
1.300e+01
1.200e+01
1.300e+01
1.700e+01
1.000e+01
5.000e+00
6.000e+00
6.000e+00
4.000e+00
5.000e+00
2.000e+00
1.000e+00
0.000e+00
3.000e+00
0.000e+00
2.000e+00
3.000e+00
2.000e+00
1.000e+00
0.000e+00
0.000e+00
1.000e+00
2.000e+00
1.000e+00
1.000e+00
3.000e+00
7.000e+00
2.000e+00
9.000e+00
1.100e+01
9.000e+00
8.000e+00
5.000e+00
1.000e+01
1.500e+01
1.400e+01
8.000e+00
4.000e+00
9.000e+00
6.000e+00
3.000e+00
3.000e+00
1.000e+01
1.000e+01
1.700e+01
1.400e+01
3.000e+01
1.800e+01
1.000e+01
6.000e+00
0.000e+00
3.000e+00
3.000e+00
1.000e+00
1.000e+00
0.000e+00
1.000e+00
0.000e+00
0.000e+00
0.000e+00
0.000e+00
0.000e+00
0.000e+00
1.000e+00
0.000e+00
0.000e+00
0.000e+00
2.000e+00
1.000e+00
5.000e+00
1.000e+00
0.000e+00
0.000e+00
0.000e+00
0.000e+00
0.000e+00
1.000e+00
0.000e+00
2.000e+00
1.000e+00
8.000e+00
5.000e+00
2.000e+00
5.000e+00
2.000e+00
3.000e+00
6.000e+00
1.100e+01
1.300e+01
1.600e+01
5.000e+00
1.400e+01
2.000e+01
1.100e+01
1.700e+01
1.300e+01
1.700e+01
1.800e+01
1.400e+01
1.100e+01
1.100e+01
1.000e+01
1.200e+01
1.500e+01
2.300e+01
1.200e+01
2.000e+01
2.600e+01
2.500e+01
1.900e+01
2.500e+01
2.700e+01
5.300e+01
3.800e+01
5.600e+01
5.200e+01
5.900e+01
6.300e+01
5.300e+01
8.100e+01
5.900e+01
9.400e+01
8.000e+01
1.000e+02
1.160e+02
1.070e+02
1.470e+02
1.780e+02
2.120e+02
2.400e+02
2.610e+02
2.910e+02
3.360e+02
3.390e+02
4.090e+02
5.660e+02
5.390e+02
6.810e+02
6.970e+02
7.620e+02
7.950e+02
8.170e+02
8.630e+02
7.980e+02
8.140e+02
7.700e+02
6.990e+02
6.130e+02
4.580e+02
3.860e+02
3.020e+02
2.740e+02
2.460e+02
3.360e+02
1.396e+03
3.890e+02
2.580e+02
2.960e+02
3.070e+02
3.760e+02
4.740e+02
5.480e+02
6.640e+02
6.440e+02
6.790e+02
7.160e+02
6.850e+02
7.100e+02
6.320e+02
6.050e+02
5.980e+02
6.160e+02
4.820e+02
4.470e+02
4.300e+02
3.520e+02
2.830e+02
3.070e+02
2.380e+02
2.110e+02
1.890e+02
1.480e+02
1.420e+02
1.200e+02
1.050e+02
8.400e+01
7.800e+01
7.200e+01
8.400e+01
5.800e+01
6.100e+01
6.200e+01
5.300e+01
4.000e+01
4.500e+01
4.700e+01
4.300e+01
3.700e+01
3.100e+01
3.000e+01
2.200e+01
1.600e+01
1.700e+01
8.000e+00
1.700e+01
1.500e+01
8.000e+00
5.000e+00
7.000e+00
9.000e+00
1.600e+01
1.300e+01
9.000e+00
6.000e+00
1.200e+01
1.300e+01
1.400e+01
1.300e+01
1.700e+01
2.400e+01
2.400e+01
1.100e+01
8.000e+00
8.000e+00
4.000e+00
3.000e+00
0.000e+00
2.000e+00
3.000e+00
1.000e+00
2.000e+00
0.000e+00
0.000e+00
0.000e+00
0.000e+00
0.000e+00
0.000e+00
2.000e+00
4.000e+00
4.000e+00
4.000e+00
0.000e+00
0.000e+00
0.000e+00
0.000e+00
0.000e+00
0.000e+00
0.000e+00
1.000e+00
1.000e+00
0.000e+00
0.000e+00
2.000e+00
0.000e+00
0.000e+00
1.000e+00
0.000e+00
0.000e+00
2.000e+00
9.000e+00
8.000e+00
2.100e+01
2.300e+01
1.700e+01
2.500e+01
2.000e+01
2.000e+01
3.000e+00
4.000e+00
4.000e+00
8.000e+00
4.000e+00
5.000e+00
1.100e+01
6.000e+00
7.000e+00
6.000e+00
6.000e+00
4.000e+00
3.000e+00
6.000e+00
1.000e+00
1.000e+00
2.000e+00
0.000e+00
2.000e+00
2.000e+00
0.000e+00
1.000e+00
2.000e+00
0.000e+00
0.000e+00
0.000e+00
3.000e+00
1.000e+00
2.000e+00
5.000e+00
0.000e+00
3.000e+00
2.000e+00
4.000e+00
3.000e+00
3.000e+00
2.000e+00
1.200e+01
7.000e+00
1.000e+01
1.200e+01
1.300e+01
7.000e+00
2.200e+01
1.800e+01
1.700e+01
1.700e+01
1.600e+01
8.000e+00
1.300e+01
1.400e+01
1.300e+01
1.100e+01
1.700e+01
1.000e+01
1.400e+01
1.100e+01
9.000e+00
7.000e+00
1.100e+01
4.000e+00
1.200e+01
5.000e+00
5.000e+00
6.000e+00
1.300e+01
1.100e+01
