2.940e+02
8.300e+01
7.300e+01
8.700e+01
7.600e+01
8.400e+01
7.000e+01
6.100e+01
8.800e+01
8.500e+01
8.700e+01
9.200e+01
8.100e+01
9.600e+01
1.010e+02
9.800e+01
9.500e+01
1.130e+02
1.200e+02
8.700e+01
1.200e+02
1.350e+02
1.240e+02
9.500e+01
9.500e+01
1.030e+02
1.190e+02
1.310e+02
1.130e+02
1.330e+02
1.130e+02
1.090e+02
1.000e+02
1.080e+02
9.800e+01
8.900e+01
1.170e+02
9.800e+01
9.000e+01
8.400e+01
8.300e+01
1.280e+02
1.260e+02
1.290e+02
1.450e+02
1.230e+02
1.090e+02
1.520e+02
1.710e+02
1.740e+02
1.730e+02
1.530e+02
1.640e+02
1.710e+02
2.350e+02
2.010e+02
1.560e+02
1.760e+02
1.900e+02
2.180e+02
2.040e+02
2.000e+02
2.270e+02
1.770e+02
1.840e+02
1.810e+02
1.740e+02
1.820e+02
1.700e+02
2.010e+02
1.900e+02
2.260e+02
2.440e+02
2.710e+02
2.210e+02
2.110e+02
1.830e+02
1.630e+02
1.740e+02
1.470e+02
1.430e+02
1.040e+02
6.900e+01
7.300e+01
3.300e+01
3.400e+01
3.600e+01
3.300e+01
2.600e+01
2.000e+01
2.800e+01
1.300e+01
1.300e+01
1.100e+01
2.400e+01
1.600e+01
1.600e+01
1.700e+01
2.600e+01
2.500e+01
2.200e+01
2.900e+01
2.800e+01
2.300e+01
2.300e+01
1.500e+01
3.600e+01
4.400e+01
3.200e+01
2.900e+01
3.000e+01
3.800e+01
3.000e+01
4.000e+01
4.000e+01
7.000e+01
6.000e+01
8.300e+01
5.000e+01
4.300e+01
5.300e+01
4.000e+01
4.200e+01
4.100e+01
3.600e+01
3.100e+01
2.700e+01
3.600e+01
3.800e+01
3.900e+01
3.800e+01
4.000e+01
2.900e+01
3.100e+01
2.800e+01
3.400e+01
4.800e+01
4.800e+01
5.500e+01
6.300e+01
5.500e+01
7.600e+01
7.300e+01
7.700e+01
1.440e+02
1.680e+02
1.910e+02
2.580e+02
3.080e+02
3.210e+02
3.170e+02
3.810e+02
3.770e+02
3.730e+02
3.670e+02
3.790e+02
3.530e+02
3.290e+02
3.290e+02
3.030e+02
3.300e+02
4.310e+02
4.170e+02
3.980e+02
3.930e+02
3.980e+02
3.150e+02
3.560e+02
2.640e+02
2.060e+02
2.210e+02
2.020e+02
2.500e+02
2.840e+02
2.940e+02
2.550e+02
2.620e+02
2.760e+02
2.760e+02
2.910e+02
4.920e+02
2.740e+02
2.390e+02
2.880e+02
2.630e+02
2.360e+02
2.760e+02
2.840e+02
2.400e+02
2.240e+02
2.310e+02
2.180e+02
2.530e+02
3.300e+02
3.650e+02
4.080e+02
3.650e+02
3.640e+02
3.800e+02
4.450e+02
3.090e+02
2.900e+02
3.110e+02
3.300e+02
3.480e+02
3.710e+02
3.710e+02
4.220e+02
3.990e+02
3.560e+02
3.300e+02
3.350e+02
2.820e+02
2.050e+02
1.880e+02
1.640e+02
1.430e+02
9.200e+01
7.800e+01
7.800e+01
5.900e+01
5.000e+01
4.400e+01
4.000e+01
3.400e+01
3.400e+01
2.500e+01
2.200e+01
4.600e+01
2.700e+01
2.600e+01
3.400e+01
3.300e+01
3.200e+01
3.600e+01
2.600e+01
4.400e+01
5.200e+01
4.100e+01
4.000e+01
3.100e+01
3.900e+01
4.300e+01
7.900e+01
7.000e+01
5.600e+01
4.200e+01
4.800e+01
4.600e+01
3.300e+01
3.500e+01
2.900e+01
2.800e+01
3.700e+01
2.400e+01
1.600e+01
2.200e+01
2.300e+01
2.400e+01
3.200e+01
2.800e+01
1.600e+01
2.200e+01
2.400e+01
1.900e+01
2.200e+01
1.900e+01
1.700e+01
2.200e+01
2.300e+01
2.500e+01
1.600e+01
2.700e+01
2.700e+01
3.000e+01
1.900e+01
5.000e+01
5.700e+01
7.700e+01
9.700e+01
1.710e+02
1.460e+02
1.840e+02
1.710e+02
2.320e+02
2.230e+02
3.000e+02
3.250e+02
2.470e+02
2.230e+02
1.970e+02
1.970e+02
1.790e+02
1.970e+02
2.140e+02
1.760e+02
1.860e+02
1.850e+02
1.850e+02
1.890e+02
1.750e+02
1.900e+02
2.240e+02
1.500e+02
1.700e+02
1.740e+02
1.970e+02
1.630e+02
1.540e+02
1.600e+02
1.790e+02
2.010e+02
1.790e+02
1.290e+02
1.430e+02
1.390e+02
1.330e+02
1.350e+02
1.320e+02
1.140e+02
9.800e+01
9.700e+01
9.300e+01
9.500e+01
1.060e+02
9.600e+01
1.050e+02
1.000e+02
1.120e+02
1.190e+02
9.500e+01
1.350e+02
1.170e+02
1.290e+02
1.130e+02
1.240e+02
1.090e+02
1.190e+02
1.350e+02
1.190e+02
1.140e+02
1.010e+02
9.800e+01
9.500e+01
1.050e+02
1.000e+02
1.070e+02
9.600e+01
8.700e+01
1.010e+02
9.500e+01
8.300e+01
8.800e+01
6.500e+01
5.700e+01
6.900e+01
9.200e+01
8.800e+01
9.600e+01
1.050e+02
