3.600e+01
2.900e+01
2.300e+01
3.200e+01
3.500e+01
4.000e+01
4.800e+01
5.700e+01
5.200e+01
5.000e+01
5.800e+01
3.100e+01
4.400e+01
3.200e+01
4.300e+01
4.400e+01
3.800e+01
2.500e+01
3.400e+01
3.800e+01
3.300e+01
3.400e+01
4.100e+01
2.800e+01
3.700e+01
3.000e+01
2.200e+01
3.400e+01
3.900e+01
4.900e+01
4.600e+01
7.800e+01
9.100e+01
6.500e+01
4.900e+01
5.100e+01
8.100e+01
6.700e+01
1.060e+02
1.330e+02
1.090e+02
1.190e+02
1.780e+02
2.090e+02
2.490e+02
4.870e+02
6.710e+02
4.260e+02
2.740e+02
2.870e+02
2.630e+02
3.880e+02
7.780e+02
1.302e+03
1.857e+03
3.784e+03
7.399e+03
4.348e+03
1.602e+03
5.030e+02
2.140e+02
1.130e+02
9.600e+01
3.700e+01
1.200e+01
1.000e+01
4.800e+01
1.400e+01
5.000e+00
6.000e+00
2.000e+00
0.000e+00
2.000e+00
4.000e+00
0.000e+00
0.000e+00
0.000e+00
1.000e+00
2.000e+00
0.000e+00
0.000e+00
1.000e+00
0.000e+00
0.000e+00
0.000e+00
0.000e+00
0.000e+00
0.000e+00
0.000e+00
0.000e+00
0.000e+00
0.000e+00
0.000e+00
0.000e+00
0.000e+00
0.000e+00
0.000e+00
0.000e+00
0.000e+00
0.000e+00
0.000e+00
0.000e+00
0.000e+00
0.000e+00
0.000e+00
0.000e+00
0.000e+00
0.000e+00
0.000e+00
0.000e+00
0.000e+00
0.000e+00
0.000e+00
0.000e+00
0.000e+00
0.000e+00
0.000e+00
0.000e+00
0.000e+00
0.000e+00
0.000e+00
0.000e+00
0.000e+00
0.000e+00
0.000e+00
0.000e+00
0.000e+00
0.000e+00
0.000e+00
0.000e+00
0.000e+00
0.000e+00
0.000e+00
0.000e+00
0.000e+00
0.000e+00
0.000e+00
0.000e+00
0.000e+00
0.000e+00
0.000e+00
0.000e+00
0.000e+00
0.000e+00
0.000e+00
0.000e+00
0.000e+00
0.000e+00
0.000e+00
0.000e+00
0.000e+00
0.000e+00
0.000e+00
0.000e+00
0.000e+00
0.000e+00
0.000e+00
0.000e+00
0.000e+00
0.000e+00
0.000e+00
0.000e+00
0.000e+00
0.000e+00
0.000e+00
0.000e+00
0.000e+00
0.000e+00
0.000e+00
0.000e+00
0.000e+00
0.000e+00
0.000e+00
0.000e+00
0.000e+00
0.000e+00
0.000e+00
0.000e+00
0.000e+00
0.000e+00
0.000e+00
0.000e+00
0.000e+00
0.000e+00
0.000e+00
0.000e+00
0.000e+00
0.000e+00
0.000e+00
0.000e+00
0.000e+00
0.000e+00
0.000e+00
0.000e+00
0.000e+00
0.000e+00
0.000e+00
0.000e+00
0.000e+00
0.000e+00
0.000e+00
0.000e+00
0.000e+00
0.000e+00
0.000e+00
0.000e+00
0.000e+00
0.000e+00
0.000e+00
0.000e+00
0.000e+00
0.000e+00
0.000e+00
0.000e+00
0.000e+00
0.000e+00
0.000e+00
0.000e+00
0.000e+00
0.000e+00
0.000e+00
0.000e+00
0.000e+00
0.000e+00
0.000e+00
0.000e+00
0.000e+00
0.000e+00
0.000e+00
0.000e+00
0.000e+00
0.000e+00
0.000e+00
0.000e+00
0.000e+00
0.000e+00
0.000e+00
0.000e+00
0.000e+00
0.000e+00
0.000e+00
0.000e+00
0.000e+00
0.000e+00
0.000e+00
0.000e+00
0.000e+00
0.000e+00
0.000e+00
0.000e+00
0.000e+00
0.000e+00
0.000e+00
0.000e+00
0.000e+00
0.000e+00
0.000e+00
0.000e+00
0.000e+00
0.000e+00
0.000e+00
0.000e+00
0.000e+00
0.000e+00
0.000e+00
0.000e+00
0.000e+00
0.000e+00
0.000e+00
0.000e+00
0.000e+00
0.000e+00
0.000e+00
2.000e+00
0.000e+00
0.000e+00
0.000e+00
0.000e+00
0.000e+00
0.000e+00
0.000e+00
2.000e+00
0.000e+00
1.000e+00
0.000e+00
0.000e+00
1.000e+00
0.000e+00
0.000e+00
0.000e+00
2.000e+00
0.000e+00
1.000e+00
1.700e+01
2.600e+01
9.000e+00
1.900e+01
2.300e+01
2.300e+02
4.720e+02
7.410e+02
9.910e+02
2.600e+03
2.015e+03
3.722e+03
3.151e+03
1.426e+03
1.100e+03
6.770e+02
3.080e+02
1.730e+02
1.420e+02
2.330e+02
3.070e+02
3.810e+02
4.180e+02
2.570e+02
2.190e+02
1.860e+02
1.350e+02
9.000e+01
9.000e+01
8.000e+01
6.800e+01
5.500e+01
4.100e+01
5.400e+01
6.100e+01
7.000e+01
6.500e+01
3.900e+01
3.800e+01
4.500e+01
3.500e+01
3.400e+01
2.400e+01
3.600e+01
4.700e+01
5.300e+01
5.500e+01
4.400e+01
4.500e+01
4.600e+01
3.900e+01
5.700e+01
5.200e+01
5.400e+01
4.100e+01
3.600e+01
3.600e+01
4.400e+01
8.300e+01
7.300e+01
4.800e+01
5.800e+01
4.100e+01
5.100e+01
3.300e+01
2.500e+01
4.100e+01
