1.634e+03
6.250e+02
5.780e+02
5.900e+02
7.050e+02
7.620e+02
8.470e+02
7.940e+02
8.050e+02
1.024e+03
1.111e+03
1.134e+03
1.106e+03
1.150e+03
1.172e+03
1.163e+03
1.284e+03
1.294e+03
1.371e+03
1.303e+03
1.285e+03
1.244e+03
1.154e+03
1.161e+03
1.003e+03
9.810e+02
9.570e+02
8.790e+02
8.080e+02
6.890e+02
5.950e+02
5.230e+02
4.550e+02
4.330e+02
3.670e+02
3.650e+02
3.450e+02
3.470e+02
3.420e+02
3.270e+02
3.360e+02
3.220e+02
3.420e+02
3.030e+02
3.560e+02
3.210e+02
3.520e+02
3.340e+02
2.610e+02
2.210e+02
1.910e+02
1.750e+02
1.510e+02
1.590e+02
1.870e+02
1.520e+02
1.250e+02
1.360e+02
1.340e+02
1.420e+02
1.460e+02
1.070e+02
1.370e+02
1.450e+02
1.680e+02
1.800e+02
1.370e+02
1.500e+02
1.530e+02
1.820e+02
1.590e+02
1.720e+02
1.770e+02
1.850e+02
1.580e+02
1.340e+02
1.200e+02
1.200e+02
1.250e+02
9.700e+01
1.070e+02
7.900e+01
6.500e+01
6.700e+01
5.300e+01
5.000e+01
4.900e+01
5.000e+01
4.900e+01
6.400e+01
7.500e+01
4.200e+01
4.300e+01
3.900e+01
4.100e+01
4.700e+01
6.100e+01
5.400e+01
7.900e+01
8.200e+01
8.200e+01
1.030e+02
1.340e+02
1.350e+02
1.310e+02
1.720e+02
2.200e+02
2.250e+02
2.060e+02
2.610e+02
2.490e+02
1.870e+02
2.010e+02
1.890e+02
1.880e+02
1.980e+02
2.200e+02
2.200e+02
1.960e+02
1.820e+02
1.770e+02
1.770e+02
1.610e+02
1.630e+02
1.530e+02
1.800e+02
1.970e+02
1.770e+02
1.850e+02
1.950e+02
2.240e+02
2.290e+02
2.270e+02
2.260e+02
2.200e+02
2.840e+02
2.890e+02
3.280e+02
4.390e+02
3.950e+02
3.880e+02
3.670e+02
3.240e+02
3.480e+02
3.280e+02
3.530e+02
3.240e+02
3.950e+02
4.530e+02
4.140e+02
4.330e+02
5.280e+02
4.960e+02
4.830e+02
5.610e+02
5.780e+02
5.730e+02
6.600e+02
7.030e+02
7.130e+02
8.490e+02
9.880e+02
1.018e+03
1.014e+03
1.054e+03
9.760e+02
9.950e+02
1.022e+03
1.033e+03
1.280e+03
1.276e+03
1.160e+03
9.620e+02
6.980e+02
5.150e+02
5.740e+02
4.770e+02
4.170e+02
4.110e+02
4.860e+02
1.261e+03
4.610e+02
4.260e+02
4.330e+02
4.000e+02
5.490e+02
6.220e+02
7.420e+02
9.250e+02
1.091e+03
1.263e+03
1.177e+03
1.020e+03
9.320e+02
9.040e+02
9.060e+02
9.600e+02
9.610e+02
9.360e+02
9.400e+02
7.830e+02
7.670e+02
6.780e+02
6.630e+02
6.060e+02
5.450e+02
4.960e+02
5.080e+02
4.670e+02
4.540e+02
3.850e+02
4.100e+02
3.930e+02
3.600e+02
3.280e+02
3.220e+02
3.090e+02
3.350e+02
3.330e+02
3.750e+02
3.440e+02
3.940e+02
3.940e+02
3.370e+02
3.430e+02
2.990e+02
2.230e+02
2.330e+02
2.340e+02
2.220e+02
2.310e+02
2.110e+02
1.830e+02
1.870e+02
1.960e+02
1.950e+02
1.800e+02
1.820e+02
1.830e+02
1.730e+02
1.650e+02
1.890e+02
1.490e+02
2.020e+02
2.040e+02
1.940e+02
1.840e+02
2.050e+02
1.930e+02
2.190e+02
2.480e+02
1.960e+02
1.850e+02
1.880e+02
1.780e+02
1.510e+02
1.540e+02
1.120e+02
1.300e+02
9.100e+01
8.100e+01
8.300e+01
7.100e+01
6.600e+01
7.200e+01
6.100e+01
4.800e+01
4.300e+01
5.500e+01
5.900e+01
7.400e+01
6.300e+01
3.600e+01
4.600e+01
5.000e+01
4.100e+01
6.500e+01
6.100e+01
7.900e+01
8.300e+01
1.050e+02
1.150e+02
1.090e+02
1.020e+02
1.240e+02
1.410e+02
1.800e+02
1.900e+02
1.820e+02
1.890e+02
1.820e+02
1.920e+02
1.750e+02
1.510e+02
1.750e+02
1.870e+02
1.580e+02
1.610e+02
1.170e+02
1.220e+02
1.370e+02
1.540e+02
1.400e+02
1.060e+02
1.390e+02
1.410e+02
1.640e+02
1.770e+02
1.630e+02
1.900e+02
1.990e+02
2.010e+02
2.610e+02
2.780e+02
3.650e+02
3.320e+02
3.510e+02
3.400e+02
3.080e+02
3.320e+02
2.950e+02
3.110e+02
3.520e+02
3.710e+02
3.590e+02
3.930e+02
4.060e+02
4.580e+02
4.550e+02
5.680e+02
6.400e+02
7.390e+02
8.960e+02
9.020e+02
9.620e+02
1.048e+03
1.135e+03
1.207e+03
1.359e+03
1.387e+03
1.520e+03
1.420e+03
1.545e+03
1.494e+03
1.449e+03
1.367e+03
1.293e+03
1.344e+03
1.256e+03
1.226e+03
1.163e+03
1.032e+03
8.170e+02
8.080e+02
7.680e+02
8.400e+02
7.320e+02
5.370e+02
5.310e+02
6.060e+02
