1.134e+04
6.345e+03
3.976e+03
2.619e+03
1.285e+03
8.410e+02
5.120e+02
3.490e+02
3.270e+02
2.340e+02
2.530e+02
1.660e+02
1.620e+02
9.600e+01
1.160e+02
9.600e+01
8.700e+01
8.700e+01
8.600e+01
1.070e+02
9.100e+01
9.000e+01
9.400e+01
8.300e+01
7.000e+01
6.500e+01
5.900e+01
6.400e+01
9.100e+01
1.150e+02
1.200e+02
1.760e+02
2.290e+02
1.130e+02
7.200e+01
6.500e+01
7.300e+01
7.300e+01
5.900e+01
8.800e+01
6.300e+01
5.600e+01
7.200e+01
1.080e+02
8.400e+01
1.140e+02
3.030e+02
1.040e+02
8.400e+01
1.480e+02
1.830e+02
2.070e+02
2.780e+02
1.040e+02
9.900e+01
1.510e+02
9.000e+01
9.200e+01
6.500e+01
5.300e+01
5.100e+01
5.100e+01
2.100e+01
3.000e+00
5.000e+00
1.000e+00
2.000e+00
1.000e+00
1.000e+00
3.000e+00
1.000e+00
0.000e+00
0.000e+00
0.000e+00
1.000e+00
0.000e+00
0.000e+00
0.000e+00
0.000e+00
0.000e+00
0.000e+00
0.000e+00
0.000e+00
0.000e+00
0.000e+00
0.000e+00
0.000e+00
0.000e+00
0.000e+00
1.000e+00
0.000e+00
0.000e+00
0.000e+00
0.000e+00
0.000e+00
0.000e+00
0.000e+00
0.000e+00
0.000e+00
0.000e+00
0.000e+00
0.000e+00
0.000e+00
0.000e+00
0.000e+00
0.000e+00
0.000e+00
0.000e+00
0.000e+00
0.000e+00
0.000e+00
0.000e+00
0.000e+00
0.000e+00
0.000e+00
0.000e+00
0.000e+00
0.000e+00
0.000e+00
0.000e+00
0.000e+00
0.000e+00
0.000e+00
0.000e+00
0.000e+00
0.000e+00
0.000e+00
0.000e+00
0.000e+00
0.000e+00
0.000e+00
0.000e+00
0.000e+00
0.000e+00
0.000e+00
0.000e+00
0.000e+00
0.000e+00
0.000e+00
0.000e+00
0.000e+00
0.000e+00
0.000e+00
0.000e+00
0.000e+00
0.000e+00
0.000e+00
0.000e+00
0.000e+00
0.000e+00
0.000e+00
0.000e+00
0.000e+00
0.000e+00
0.000e+00
0.000e+00
0.000e+00
0.000e+00
0.000e+00
0.000e+00
0.000e+00
0.000e+00
0.000e+00
0.000e+00
0.000e+00
0.000e+00
0.000e+00
0.000e+00
0.000e+00
0.000e+00
0.000e+00
0.000e+00
0.000e+00
0.000e+00
0.000e+00
0.000e+00
0.000e+00
0.000e+00
0.000e+00
0.000e+00
0.000e+00
0.000e+00
0.000e+00
0.000e+00
0.000e+00
0.000e+00
0.000e+00
0.000e+00
0.000e+00
0.000e+00
0.000e+00
0.000e+00
0.000e+00
0.000e+00
0.000e+00
0.000e+00
0.000e+00
0.000e+00
0.000e+00
0.000e+00
0.000e+00
0.000e+00
0.000e+00
0.000e+00
0.000e+00
0.000e+00
0.000e+00
0.000e+00
0.000e+00
0.000e+00
0.000e+00
0.000e+00
0.000e+00
0.000e+00
0.000e+00
0.000e+00
0.000e+00
0.000e+00
0.000e+00
0.000e+00
0.000e+00
0.000e+00
0.000e+00
0.000e+00
0.000e+00
0.000e+00
0.000e+00
0.000e+00
0.000e+00
0.000e+00
0.000e+00
0.000e+00
0.000e+00
0.000e+00
0.000e+00
0.000e+00
0.000e+00
0.000e+00
0.000e+00
0.000e+00
0.000e+00
0.000e+00
0.000e+00
0.000e+00
0.000e+00
0.000e+00
0.000e+00
0.000e+00
0.000e+00
0.000e+00
0.000e+00
0.000e+00
0.000e+00
0.000e+00
0.000e+00
0.000e+00
0.000e+00
0.000e+00
0.000e+00
0.000e+00
0.000e+00
0.000e+00
0.000e+00
0.000e+00
0.000e+00
0.000e+00
0.000e+00
0.000e+00
0.000e+00
0.000e+00
0.000e+00
0.000e+00
0.000e+00
0.000e+00
0.000e+00
0.000e+00
0.000e+00
0.000e+00
0.000e+00
0.000e+00
0.000e+00
0.000e+00
1.000e+00
0.000e+00
0.000e+00
0.000e+00
1.000e+00
2.000e+00
0.000e+00
3.000e+00
1.000e+00
3.000e+00
2.000e+00
7.000e+00
1.000e+01
1.000e+01
4.000e+00
1.300e+01
1.930e+02
2.480e+02
1.090e+02
8.000e+01
6.500e+01
7.400e+01
5.500e+01
1.240e+02
8.100e+01
1.270e+02
2.310e+02
1.530e+02
8.300e+01
5.100e+01
5.600e+01
5.000e+01
4.000e+01
3.000e+01
5.100e+01
9.900e+01
9.100e+01
6.400e+01
5.400e+01
8.800e+01
6.100e+01
8.400e+01
5.700e+01
5.700e+01
6.800e+01
1.010e+02
1.400e+02
1.100e+02
7.400e+01
9.600e+01
1.010e+02
9.100e+01
1.330e+02
1.400e+02
1.460e+02
1.750e+02
1.710e+02
1.060e+02
1.350e+02
1.840e+02
9.400e+01
7.400e+01
1.150e+02
1.130e+02
1.570e+02
1.790e+02
4.640e+02
5.930e+02
3.450e+02
2.830e+02
3.140e+02
4.690e+02
6.480e+02
8.760e+02
1.250e+03
2.450e+03
4.357e+03
6.040e+03
