5.067e+04
1.042e+04
6.606e+03
5.405e+03
5.045e+03
4.540e+03
4.248e+03
4.101e+03
4.059e+03
4.487e+03
4.753e+03
4.842e+03
4.555e+03
4.331e+03
4.090e+03
3.780e+03
3.880e+03
3.908e+03
3.903e+03
3.757e+03
3.675e+03
3.570e+03
3.352e+03
3.254e+03
3.113e+03
2.991e+03
2.840e+03
2.694e+03
2.397e+03
2.296e+03
2.059e+03
1.909e+03
1.659e+03
1.700e+03
1.522e+03
1.493e+03
1.462e+03
1.377e+03
1.443e+03
1.391e+03
1.307e+03
1.336e+03
1.314e+03
1.290e+03
1.349e+03
1.281e+03
1.310e+03
1.201e+03
1.088e+03
1.008e+03
9.390e+02
8.690e+02
8.030e+02
7.590e+02
8.350e+02
7.480e+02
6.840e+02
7.160e+02
6.930e+02
7.370e+02
7.000e+02
6.750e+02
7.260e+02
7.420e+02
8.130e+02
7.380e+02
5.800e+02
6.190e+02
6.230e+02
5.960e+02
6.220e+02
6.440e+02
6.600e+02
6.290e+02
5.630e+02
5.000e+02
4.560e+02
4.310e+02
3.920e+02
3.600e+02
3.760e+02
3.260e+02
2.830e+02
2.530e+02
2.310e+02
2.160e+02
2.490e+02
2.520e+02
2.570e+02
3.210e+02
4.420e+02
2.950e+02
2.220e+02
2.370e+02
2.290e+02
2.110e+02
2.300e+02
2.200e+02
2.490e+02
2.670e+02
2.740e+02
3.040e+02
3.370e+02
3.750e+02
3.760e+02
4.550e+02
5.460e+02
5.910e+02
5.420e+02
6.320e+02
6.200e+02
5.730e+02
5.950e+02
6.190e+02
5.750e+02
7.260e+02
7.880e+02
7.480e+02
7.020e+02
6.850e+02
6.320e+02
6.670e+02
6.640e+02
7.140e+02
6.650e+02
6.850e+02
7.110e+02
7.050e+02
7.170e+02
7.460e+02
8.510e+02
8.800e+02
9.150e+02
9.630e+02
1.077e+03
1.095e+03
1.155e+03
1.253e+03
1.484e+03
1.363e+03
1.418e+03
1.417e+03
1.343e+03
1.438e+03
1.509e+03
1.469e+03
1.587e+03
1.749e+03
1.818e+03
1.850e+03
1.856e+03
2.046e+03
2.069e+03
2.259e+03
2.351e+03
2.541e+03
2.716e+03
3.131e+03
3.290e+03
3.358e+03
3.649e+03
4.239e+03
4.169e+03
4.263e+03
4.477e+03
4.449e+03
4.493e+03
4.834e+03
4.771e+03
5.285e+03
5.726e+03
5.828e+03
5.353e+03
5.004e+03
4.482e+03
4.533e+03
4.832e+03
5.552e+03
6.547e+03
1.104e+04
5.150e+04
1.070e+04
6.664e+03
5.693e+03
5.025e+03
4.574e+03
4.683e+03
4.929e+03
5.301e+03
5.566e+03
5.488e+03
4.961e+03
4.485e+03
4.310e+03
4.226e+03
4.096e+03
3.969e+03
4.088e+03
3.941e+03
3.905e+03
3.410e+03
3.163e+03
3.050e+03
3.051e+03
2.732e+03
2.455e+03
2.345e+03
2.296e+03
1.998e+03
1.914e+03
1.827e+03
1.805e+03
1.731e+03
1.598e+03
1.592e+03
1.466e+03
1.472e+03
1.433e+03
1.396e+03
1.414e+03
1.395e+03
1.510e+03
1.396e+03
1.313e+03
1.250e+03
1.154e+03
1.052e+03
9.700e+02
9.690e+02
8.590e+02
8.550e+02
8.110e+02
7.480e+02
7.000e+02
7.150e+02
7.000e+02
7.310e+02
7.580e+02
6.800e+02
6.490e+02
6.410e+02
6.580e+02
6.210e+02
7.250e+02
7.290e+02
6.870e+02
5.810e+02
5.890e+02
5.880e+02
6.070e+02
6.220e+02
5.860e+02
4.990e+02
5.100e+02
4.820e+02
4.560e+02
3.900e+02
3.300e+02
3.530e+02
2.940e+02
2.700e+02
2.480e+02
2.600e+02
2.370e+02
2.340e+02
2.210e+02
2.340e+02
2.340e+02
2.790e+02
3.080e+02
4.330e+02
2.950e+02
2.420e+02
2.360e+02
2.320e+02
2.120e+02
2.620e+02
2.600e+02
2.840e+02
3.030e+02
3.830e+02
3.750e+02
3.570e+02
4.470e+02
4.960e+02
5.380e+02
6.260e+02
7.180e+02
6.880e+02
6.860e+02
6.310e+02
6.200e+02
6.060e+02
5.850e+02
6.850e+02
7.100e+02
8.310e+02
7.830e+02
6.810e+02
7.090e+02
6.760e+02
7.040e+02
7.600e+02
6.390e+02
6.900e+02
6.790e+02
7.750e+02
7.530e+02
7.980e+02
8.710e+02
8.750e+02
9.670e+02
1.106e+03
1.185e+03
1.343e+03
1.245e+03
1.237e+03
1.300e+03
1.268e+03
1.267e+03
1.331e+03
1.355e+03
1.418e+03
1.414e+03
1.516e+03
1.599e+03
1.625e+03
1.723e+03
1.712e+03
1.955e+03
2.070e+03
2.278e+03
2.575e+03
2.741e+03
2.877e+03
3.058e+03
3.271e+03
3.526e+03
3.723e+03
3.885e+03
4.069e+03
3.927e+03
4.258e+03
4.195e+03
4.239e+03
4.168e+03
4.265e+03
4.692e+03
4.830e+03
4.955e+03
4.798e+03
4.612e+03
4.189e+03
4.049e+03
4.154e+03
4.456e+03
4.987e+03
5.103e+03
6.466e+03
1.063e+04
