0.000e+00
0.000e+00
0.000e+00
0.000e+00
1.000e+00
0.000e+00
0.000e+00
1.000e+00
0.000e+00
0.000e+00
1.000e+00
1.000e+00
0.000e+00
2.000e+00
0.000e+00
0.000e+00
0.000e+00
0.000e+00
2.000e+00
1.000e+00
1.000e+00
0.000e+00
1.000e+00
0.000e+00
1.000e+00
0.000e+00
1.000e+00
2.000e+00
0.000e+00
1.000e+00
0.000e+00
3.000e+00
1.000e+00
2.000e+00
0.000e+00
4.000e+00
4.000e+00
5.000e+00
2.000e+00
6.000e+00
8.000e+00
2.000e+01
6.000e+00
1.200e+01
7.000e+00
1.400e+01
1.300e+01
2.800e+01
1.900e+01
3.500e+01
4.100e+01
4.300e+01
6.900e+01
6.100e+01
7.100e+01
6.100e+01
8.200e+01
1.030e+02
1.410e+02
1.360e+02
1.680e+02
1.760e+02
1.950e+02
1.990e+02
2.100e+02
2.320e+02
3.140e+02
3.090e+02
3.130e+02
4.020e+02
4.750e+02
5.920e+02
6.530e+02
7.550e+02
8.680e+02
8.680e+02
9.620e+02
1.010e+03
9.770e+02
9.200e+02
1.038e+03
1.029e+03
9.460e+02
9.250e+02
8.120e+02
7.160e+02
8.420e+02
9.860e+02
9.690e+02
7.010e+02
7.110e+02
7.350e+02
7.420e+02
7.340e+02
6.740e+02
7.130e+02
7.280e+02
7.170e+02
7.560e+02
6.500e+02
6.220e+02
7.090e+02
6.770e+02
6.160e+02
6.760e+02
5.670e+02
5.560e+02
4.560e+02
4.510e+02
3.210e+02
2.600e+02
2.740e+02
2.280e+02
1.930e+02
1.740e+02
1.480e+02
1.400e+02
1.190e+02
9.300e+01
8.800e+01
1.040e+02
8.700e+01
7.400e+01
8.400e+01
1.010e+02
7.400e+01
6.300e+01
5.100e+01
6.000e+01
5.000e+01
3.800e+01
3.900e+01
3.400e+01
2.800e+01
2.600e+01
3.300e+01
2.200e+01
1.500e+01
2.100e+01
2.200e+01
1.000e+01
9.000e+00
1.600e+01
1.200e+01
9.000e+00
9.000e+00
5.000e+00
9.000e+00
4.000e+00
2.000e+00
5.000e+00
1.000e+00
4.000e+00
4.000e+00
2.000e+00
3.000e+00
1.000e+00
3.000e+00
1.000e+00
1.000e+00
1.000e+00
1.000e+00
1.000e+00
3.000e+00
2.000e+00
4.000e+00
3.000e+00
2.000e+00
3.000e+00
2.000e+00
2.000e+00
3.000e+00
1.000e+00
1.000e+00
0.000e+00
2.000e+00
1.000e+00
0.000e+00
0.000e+00
0.000e+00
8.000e+00
1.000e+00
3.000e+00
2.000e+00
1.000e+00
0.000e+00
0.000e+00
3.000e+00
0.000e+00
0.000e+00
3.000e+00
2.000e+00
7.000e+00
0.000e+00
1.000e+00
0.000e+00
3.000e+00
0.000e+00
3.000e+00
2.000e+00
1.000e+00
2.000e+00
4.000e+00
2.000e+00
3.000e+00
4.000e+00
2.000e+00
3.000e+00
2.000e+00
2.000e+00
3.000e+00
3.000e+00
3.000e+00
6.000e+00
4.000e+00
7.000e+00
4.000e+00
3.000e+00
7.000e+00
1.200e+01
1.200e+01
1.800e+01
2.000e+01
1.400e+01
1.400e+01
2.300e+01
2.500e+01
1.700e+01
2.600e+01
2.800e+01
4.300e+01
6.000e+01
4.600e+01
5.500e+01
6.100e+01
5.700e+01
8.400e+01
9.500e+01
8.100e+01
9.000e+01
1.120e+02
8.700e+01
9.900e+01
1.120e+02
1.340e+02
1.520e+02
1.660e+02
1.730e+02
2.000e+02
2.410e+02
2.740e+02
4.000e+02
4.240e+02
5.460e+02
5.300e+02
5.560e+02
6.320e+02
6.500e+02
6.720e+02
6.870e+02
7.070e+02
6.970e+02
7.000e+02
7.950e+02
7.890e+02
7.670e+02
7.750e+02
8.050e+02
7.470e+02
7.240e+02
6.740e+02
6.800e+02
9.680e+02
9.850e+02
8.820e+02
7.450e+02
7.780e+02
8.370e+02
9.140e+02
9.310e+02
9.040e+02
8.740e+02
8.770e+02
8.900e+02
9.860e+02
7.440e+02
7.300e+02
7.290e+02
6.570e+02
5.940e+02
4.040e+02
4.330e+02
3.720e+02
2.980e+02
2.690e+02
2.310e+02
2.120e+02
2.080e+02
1.670e+02
1.550e+02
1.740e+02
1.440e+02
1.470e+02
1.210e+02
8.800e+01
8.500e+01
7.300e+01
5.900e+01
6.700e+01
5.200e+01
3.800e+01
3.500e+01
1.800e+01
1.800e+01
1.700e+01
1.500e+01
8.000e+00
8.000e+00
8.000e+00
1.000e+01
1.000e+01
8.000e+00
4.000e+00
4.000e+00
3.000e+00
4.000e+00
0.000e+00
1.000e+00
3.000e+00
1.000e+00
1.000e+00
0.000e+00
1.000e+00
0.000e+00
0.000e+00
2.000e+00
1.000e+00
1.000e+00
1.000e+00
1.000e+00
0.000e+00
0.000e+00
0.000e+00
2.000e+00
0.000e+00
0.000e+00
0.000e+00
0.000e+00
0.000e+00
1.000e+00
0.000e+00
1.000e+00
0.000e+00
0.000e+00
0.000e+00
0.000e+00
0.000e+00
1.000e+00
0.000e+00
0.000e+00
