9.000e+00
1.000e+00
1.000e+00
3.000e+00
2.000e+00
1.000e+00
2.000e+00
1.000e+00
1.000e+00
2.000e+00
3.000e+00
6.000e+00
2.000e+00
3.000e+00
6.000e+00
6.000e+00
1.000e+00
7.000e+00
6.000e+00
1.300e+01
8.000e+00
3.000e+00
5.000e+00
6.000e+00
6.000e+00
8.000e+00
3.000e+00
5.000e+00
9.000e+00
1.100e+01
6.000e+00
1.400e+01
7.000e+00
1.400e+01
1.500e+01
1.700e+01
1.800e+01
1.400e+01
2.000e+01
2.700e+01
3.200e+01
5.300e+01
4.100e+01
5.300e+01
5.200e+01
5.200e+01
5.500e+01
8.800e+01
9.500e+01
1.240e+02
1.440e+02
1.510e+02
2.100e+02
2.260e+02
2.540e+02
2.600e+02
2.770e+02
3.040e+02
3.660e+02
3.590e+02
3.960e+02
4.410e+02
4.390e+02
4.840e+02
5.440e+02
6.460e+02
7.390e+02
7.310e+02
8.100e+02
9.270e+02
1.161e+03
1.287e+03
1.508e+03
1.601e+03
1.768e+03
1.867e+03
2.033e+03
2.046e+03
2.017e+03
2.068e+03
2.062e+03
2.014e+03
1.903e+03
1.769e+03
1.684e+03
1.494e+03
1.676e+03
1.896e+03
1.830e+03
1.675e+03
1.642e+03
1.584e+03
1.614e+03
1.611e+03
1.574e+03
1.560e+03
1.747e+03
1.945e+03
2.151e+03
1.764e+03
1.565e+03
1.536e+03
1.413e+03
1.362e+03
1.288e+03
1.119e+03
1.068e+03
9.210e+02
9.430e+02
7.020e+02
6.350e+02
6.200e+02
5.430e+02
4.710e+02
4.390e+02
3.780e+02
3.760e+02
3.300e+02
2.820e+02
2.760e+02
3.280e+02
2.450e+02
2.550e+02
2.390e+02
2.180e+02
1.900e+02
1.840e+02
1.580e+02
1.580e+02
1.330e+02
1.350e+02
1.200e+02
8.600e+01
7.900e+01
4.600e+01
6.400e+01
4.300e+01
3.000e+01
3.600e+01
4.300e+01
2.300e+01
2.300e+01
2.600e+01
2.800e+01
2.200e+01
1.800e+01
1.200e+01
1.700e+01
1.200e+01
7.000e+00
1.800e+01
8.000e+00
7.000e+00
7.000e+00
9.000e+00
7.000e+00
3.000e+00
7.000e+00
6.000e+00
5.000e+00
6.000e+00
4.000e+00
8.000e+00
7.000e+00
6.000e+00
7.000e+00
4.000e+00
3.000e+00
4.000e+00
4.000e+00
2.000e+00
5.000e+00
2.000e+00
2.000e+00
1.000e+00
4.000e+00
2.000e+00
1.000e+00
1.000e+00
0.000e+00
8.000e+00
1.000e+00
3.000e+00
3.000e+00
3.000e+00
1.000e+00
1.000e+00
6.000e+00
1.000e+00
0.000e+00
4.000e+00
2.000e+00
8.000e+00
0.000e+00
3.000e+00
3.000e+00
6.000e+00
9.000e+00
1.000e+01
1.000e+01
7.000e+00
7.000e+00
9.000e+00
5.000e+00
6.000e+00
4.000e+00
3.000e+00
1.000e+01
9.000e+00
1.500e+01
9.000e+00
1.700e+01
1.000e+01
1.400e+01
1.500e+01
1.500e+01
1.300e+01
1.400e+01
2.100e+01
2.700e+01
2.500e+01
3.100e+01
4.000e+01
3.200e+01
4.200e+01
5.200e+01
5.900e+01
6.900e+01
9.400e+01
1.040e+02
1.420e+02
1.360e+02
1.370e+02
1.550e+02
1.660e+02
1.760e+02
2.000e+02
2.240e+02
2.250e+02
2.430e+02
2.930e+02
3.040e+02
3.210e+02
3.210e+02
3.800e+02
4.160e+02
4.640e+02
4.690e+02
5.120e+02
5.440e+02
6.300e+02
8.520e+02
8.600e+02
1.069e+03
1.060e+03
1.182e+03
1.369e+03
1.454e+03
1.491e+03
1.587e+03
1.717e+03
1.870e+03
2.116e+03
2.042e+03
1.808e+03
1.777e+03
1.704e+03
1.766e+03
1.700e+03
1.600e+03
1.601e+03
1.679e+03
1.911e+03
1.956e+03
1.757e+03
1.543e+03
1.623e+03
1.649e+03
1.742e+03
1.823e+03
1.866e+03
1.927e+03
1.960e+03
1.991e+03
1.993e+03
1.641e+03
1.544e+03
1.523e+03
1.492e+03
1.257e+03
1.007e+03
9.380e+02
8.310e+02
7.370e+02
6.950e+02
6.380e+02
5.290e+02
5.050e+02
4.520e+02
4.030e+02
4.010e+02
3.530e+02
3.520e+02
3.550e+02
2.970e+02
3.140e+02
2.340e+02
2.410e+02
2.300e+02
1.680e+02
1.390e+02
1.200e+02
9.800e+01
6.700e+01
7.900e+01
6.000e+01
6.000e+01
4.400e+01
4.600e+01
4.200e+01
4.400e+01
2.900e+01
2.600e+01
2.700e+01
1.600e+01
1.700e+01
1.900e+01
1.000e+01
1.500e+01
1.300e+01
1.500e+01
1.200e+01
1.000e+01
3.000e+00
7.000e+00
5.000e+00
5.000e+00
7.000e+00
1.000e+00
3.000e+00
3.000e+00
5.000e+00
5.000e+00
7.000e+00
5.000e+00
2.000e+00
4.000e+00
5.000e+00
1.000e+00
5.000e+00
4.000e+00
2.000e+00
3.000e+00
1.000e+00
5.000e+00
3.000e+00
1.000e+00
1.000e+00
0.000e+00
0.000e+00
