0.000e+00
0.000e+00
0.000e+00
0.000e+00
0.000e+00
0.000e+00
0.000e+00
0.000e+00
0.000e+00
0.000e+00
1.000e+00
0.000e+00
0.000e+00
0.000e+00
0.000e+00
0.000e+00
0.000e+00
0.000e+00
0.000e+00
0.000e+00
0.000e+00
0.000e+00
0.000e+00
1.000e+00
0.000e+00
0.000e+00
0.000e+00
1.000e+00
0.000e+00
0.000e+00
0.000e+00
0.000e+00
1.000e+00
1.000e+00
7.000e+00
3.000e+00
9.000e+00
1.000e+01
1.000e+00
6.000e+00
2.200e+01
2.400e+01
2.600e+01
2.200e+01
1.700e+01
2.600e+01
2.700e+01
4.600e+01
7.700e+01
7.600e+01
1.000e+02
1.370e+02
1.510e+02
1.840e+02
2.850e+02
3.920e+02
6.350e+02
8.510e+02
1.176e+03
1.548e+03
2.283e+03
2.730e+03
3.357e+03
4.590e+03
7.357e+03
1.230e+04
9.368e+03
8.435e+03
7.873e+03
7.232e+03
7.088e+03
6.606e+03
6.652e+03
6.559e+03
6.318e+03
5.966e+03
5.088e+03
5.101e+03
5.048e+03
4.916e+03
4.846e+03
4.849e+03
4.941e+03
4.280e+03
3.872e+03
3.207e+03
2.659e+03
2.201e+03
1.788e+03
1.537e+03
1.240e+03
1.193e+03
9.790e+02
8.430e+02
7.790e+02
6.190e+02
5.430e+02
4.760e+02
4.140e+02
3.750e+02
3.730e+02
3.350e+02
3.230e+02
3.400e+02
3.170e+02
3.360e+02
3.690e+02
3.160e+02
3.610e+02
3.830e+02
3.500e+02
3.800e+02
4.180e+02
3.690e+02
4.590e+02
4.920e+02
3.900e+02
3.570e+02
3.600e+02
2.690e+02
3.350e+02
2.860e+02
2.800e+02
2.490e+02
2.770e+02
2.770e+02
3.340e+02
4.050e+02
3.550e+02
4.170e+02
4.570e+02
4.380e+02
5.610e+02
5.740e+02
6.520e+02
7.080e+02
7.430e+02
8.200e+02
9.960e+02
1.084e+03
1.183e+03
1.375e+03
1.534e+03
1.895e+03
2.171e+03
2.485e+03
2.525e+03
2.614e+03
2.682e+03
2.636e+03
2.697e+03
2.615e+03
2.623e+03
2.590e+03
2.585e+03
2.528e+03
2.438e+03
2.522e+03
2.442e+03
2.424e+03
2.337e+03
2.114e+03
2.062e+03
2.228e+03
2.406e+03
2.448e+03
2.391e+03
2.272e+03
2.385e+03
2.637e+03
3.084e+03
3.511e+03
3.309e+03
3.477e+03
3.587e+03
3.735e+03
3.925e+03
3.921e+03
4.262e+03
4.504e+03
4.763e+03
4.284e+03
4.372e+03
4.131e+03
3.907e+03
3.790e+03
3.920e+03
3.486e+03
3.771e+03
3.690e+03
3.104e+03
2.634e+03
2.328e+03
2.331e+03
2.438e+03
2.303e+03
2.332e+03
2.282e+03
2.126e+03
2.222e+03
2.198e+03
2.370e+03
2.441e+03
2.449e+03
2.426e+03
2.399e+03
2.588e+03
2.461e+03
2.619e+03
2.617e+03
2.734e+03
2.618e+03
2.682e+03
2.651e+03
2.385e+03
2.382e+03
2.119e+03
1.796e+03
1.674e+03
1.378e+03
1.254e+03
1.073e+03
1.013e+03
8.630e+02
7.080e+02
6.950e+02
6.530e+02
5.430e+02
4.870e+02
4.980e+02
4.350e+02
4.010e+02
3.500e+02
3.710e+02
3.220e+02
3.000e+02
3.120e+02
2.790e+02
2.940e+02
2.780e+02
3.240e+02
3.380e+02
3.710e+02
4.070e+02
4.810e+02
5.230e+02
4.180e+02
3.530e+02
3.550e+02
3.880e+02
3.460e+02
3.160e+02
3.560e+02
3.160e+02
2.950e+02
2.840e+02
2.970e+02
3.410e+02
3.090e+02
3.700e+02
3.410e+02
3.840e+02
3.960e+02
4.630e+02
5.050e+02
6.190e+02
7.720e+02
8.790e+02
1.055e+03
1.220e+03
1.374e+03
1.539e+03
1.862e+03
2.288e+03
2.554e+03
3.031e+03
3.737e+03
4.362e+03
4.864e+03
4.816e+03
4.719e+03
4.809e+03
4.811e+03
4.781e+03
5.041e+03
5.539e+03
5.673e+03
5.726e+03
6.026e+03
6.009e+03
6.659e+03
6.835e+03
7.417e+03
7.878e+03
9.132e+03
1.181e+04
7.034e+03
4.179e+03
3.209e+03
2.704e+03
2.196e+03
1.383e+03
1.136e+03
8.550e+02
6.150e+02
4.160e+02
2.840e+02
2.250e+02
1.580e+02
1.210e+02
1.120e+02
7.400e+01
5.800e+01
5.900e+01
3.200e+01
3.300e+01
2.800e+01
2.700e+01
1.700e+01
2.600e+01
2.800e+01
9.000e+00
2.000e+00
5.000e+00
3.000e+00
7.000e+00
6.000e+00
6.000e+00
2.000e+00
1.000e+00
0.000e+00
0.000e+00
0.000e+00
0.000e+00
0.000e+00
1.000e+00
0.000e+00
2.000e+00
0.000e+00
0.000e+00
0.000e+00
0.000e+00
0.000e+00
0.000e+00
1.000e+00
0.000e+00
0.000e+00
0.000e+00
0.000e+00
0.000e+00
0.000e+00
0.000e+00
1.000e+00
0.000e+00
0.000e+00
0.000e+00
0.000e+00
0.000e+00
1.000e+00
0.000e+00
