0.000e+00
0.000e+00
0.000e+00
0.000e+00
0.000e+00
0.000e+00
0.000e+00
0.000e+00
0.000e+00
0.000e+00
1.000e+00
0.000e+00
0.000e+00
0.000e+00
0.000e+00
0.000e+00
1.000e+00
0.000e+00
0.000e+00
0.000e+00
0.000e+00
0.000e+00
0.000e+00
1.000e+00
0.000e+00
0.000e+00
0.000e+00
1.000e+00
0.000e+00
0.000e+00
0.000e+00
0.000e+00
1.000e+00
1.000e+00
8.000e+00
3.000e+00
9.000e+00
1.000e+01
1.000e+00
6.000e+00
2.200e+01
2.400e+01
2.600e+01
2.200e+01
1.700e+01
2.700e+01
2.900e+01
4.700e+01
7.800e+01
7.900e+01
1.050e+02
1.430e+02
1.570e+02
1.950e+02
2.980e+02
4.170e+02
6.630e+02
8.810e+02
1.255e+03
1.674e+03
2.503e+03
2.954e+03
3.601e+03
4.916e+03
7.775e+03
1.284e+04
1.019e+04
9.417e+03
8.908e+03
8.469e+03
8.416e+03
7.824e+03
7.728e+03
7.624e+03
7.318e+03
6.932e+03
6.160e+03
6.145e+03
5.994e+03
5.869e+03
5.795e+03
5.739e+03
5.871e+03
5.234e+03
4.843e+03
4.222e+03
3.885e+03
3.581e+03
3.076e+03
2.788e+03
2.845e+03
2.516e+03
1.767e+03
1.461e+03
1.270e+03
1.124e+03
9.610e+02
8.690e+02
7.800e+02
7.970e+02
8.130e+02
7.780e+02
6.680e+02
6.810e+02
6.650e+02
7.110e+02
6.510e+02
5.740e+02
6.360e+02
6.100e+02
5.910e+02
5.480e+02
5.310e+02
4.710e+02
5.370e+02
5.790e+02
4.480e+02
4.150e+02
4.130e+02
3.250e+02
3.730e+02
3.320e+02
3.120e+02
2.920e+02
3.190e+02
3.160e+02
3.810e+02
4.390e+02
3.870e+02
4.510e+02
4.850e+02
4.610e+02
5.810e+02
5.990e+02
6.670e+02
7.270e+02
7.610e+02
8.320e+02
1.021e+03
1.112e+03
1.205e+03
1.406e+03
1.569e+03
1.921e+03
2.197e+03
2.516e+03
2.547e+03
2.642e+03
2.706e+03
2.674e+03
2.745e+03
2.644e+03
2.669e+03
2.639e+03
2.625e+03
2.587e+03
2.484e+03
2.570e+03
2.487e+03
2.472e+03
2.412e+03
2.177e+03
2.148e+03
2.284e+03
2.436e+03
2.476e+03
2.412e+03
2.288e+03
2.403e+03
2.649e+03
3.111e+03
3.534e+03
3.358e+03
3.543e+03
3.623e+03
3.747e+03
3.943e+03
3.929e+03
4.269e+03
4.516e+03
4.775e+03
4.293e+03
4.387e+03
4.145e+03
3.918e+03
3.805e+03
3.954e+03
3.545e+03
3.826e+03
3.715e+03
3.125e+03
2.646e+03
2.337e+03
2.343e+03
2.454e+03
2.329e+03
2.367e+03
2.348e+03
2.202e+03
2.296e+03
2.252e+03
2.438e+03
2.508e+03
2.516e+03
2.487e+03
2.461e+03
2.628e+03
2.511e+03
2.660e+03
2.647e+03
2.766e+03
2.651e+03
2.712e+03
2.673e+03
2.413e+03
2.409e+03
2.137e+03
1.819e+03
1.702e+03
1.410e+03
1.284e+03
1.097e+03
1.033e+03
8.960e+02
7.340e+02
7.210e+02
6.750e+02
5.630e+02
5.020e+02
5.210e+02
4.640e+02
4.280e+02
3.810e+02
4.060e+02
3.530e+02
3.510e+02
3.720e+02
3.340e+02
3.480e+02
3.130e+02
3.690e+02
3.830e+02
4.370e+02
4.630e+02
5.490e+02
5.930e+02
5.130e+02
4.340e+02
4.870e+02
5.450e+02
5.390e+02
4.880e+02
5.940e+02
5.370e+02
5.710e+02
5.950e+02
5.900e+02
6.500e+02
6.410e+02
7.230e+02
6.780e+02
7.800e+02
7.370e+02
8.030e+02
9.100e+02
1.067e+03
1.250e+03
1.404e+03
1.750e+03
2.544e+03
2.965e+03
2.720e+03
3.010e+03
3.563e+03
3.747e+03
3.967e+03
4.641e+03
5.242e+03
5.776e+03
5.683e+03
5.587e+03
5.638e+03
5.701e+03
5.729e+03
5.980e+03
6.429e+03
6.605e+03
6.649e+03
7.062e+03
7.175e+03
7.787e+03
7.977e+03
8.377e+03
8.747e+03
9.901e+03
1.240e+04
7.376e+03
4.507e+03
3.451e+03
2.914e+03
2.402e+03
1.515e+03
1.202e+03
8.980e+02
6.500e+02
4.420e+02
2.970e+02
2.350e+02
1.590e+02
1.270e+02
1.170e+02
7.700e+01
5.900e+01
5.900e+01
3.300e+01
3.500e+01
2.800e+01
2.800e+01
1.800e+01
2.600e+01
2.800e+01
9.000e+00
3.000e+00
6.000e+00
3.000e+00
7.000e+00
7.000e+00
6.000e+00
2.000e+00
1.000e+00
0.000e+00
0.000e+00
0.000e+00
0.000e+00
0.000e+00
1.000e+00
0.000e+00
2.000e+00
0.000e+00
0.000e+00
0.000e+00
0.000e+00
0.000e+00
0.000e+00
2.000e+00
0.000e+00
0.000e+00
0.000e+00
0.000e+00
0.000e+00
0.000e+00
0.000e+00
1.000e+00
0.000e+00
0.000e+00
0.000e+00
0.000e+00
0.000e+00
1.000e+00
0.000e+00
