0.000e+00
1.000e+00
1.000e+00
1.000e+00
0.000e+00
0.000e+00
1.000e+00
3.000e+00
1.000e+00
0.000e+00
2.000e+00
0.000e+00
0.000e+00
0.000e+00
1.000e+00
0.000e+00
1.000e+00
0.000e+00
0.000e+00
0.000e+00
2.000e+00
0.000e+00
1.000e+00
1.000e+00
0.000e+00
0.000e+00
0.000e+00
3.000e+00
0.000e+00
1.000e+00
6.000e+00
4.000e+00
4.000e+00
2.000e+00
1.200e+01
8.000e+00
1.700e+01
2.600e+01
5.000e+00
1.500e+01
3.300e+01
4.400e+01
3.600e+01
3.400e+01
4.900e+01
5.500e+01
7.100e+01
8.500e+01
1.380e+02
1.200e+02
2.060e+02
2.770e+02
3.320e+02
3.830e+02
5.910e+02
8.100e+02
1.077e+03
1.351e+03
1.762e+03
2.149e+03
3.010e+03
3.626e+03
4.485e+03
6.319e+03
8.952e+03
1.397e+04
1.098e+04
1.004e+04
9.270e+03
8.479e+03
8.373e+03
7.825e+03
8.016e+03
7.861e+03
7.448e+03
7.155e+03
6.248e+03
6.333e+03
6.263e+03
6.020e+03
5.844e+03
5.726e+03
5.676e+03
4.891e+03
4.520e+03
3.875e+03
3.189e+03
2.722e+03
2.255e+03
1.956e+03
1.648e+03
1.554e+03
1.276e+03
1.115e+03
1.009e+03
8.500e+02
7.680e+02
6.730e+02
5.710e+02
5.310e+02
5.220e+02
4.830e+02
4.390e+02
4.510e+02
4.110e+02
4.490e+02
4.650e+02
4.120e+02
4.330e+02
4.460e+02
4.010e+02
4.180e+02
4.680e+02
4.140e+02
5.000e+02
5.350e+02
4.320e+02
3.990e+02
3.910e+02
3.100e+02
3.700e+02
3.240e+02
3.230e+02
3.050e+02
3.140e+02
3.300e+02
3.830e+02
4.490e+02
4.210e+02
4.730e+02
5.090e+02
5.030e+02
6.310e+02
6.510e+02
7.360e+02
7.740e+02
8.310e+02
9.030e+02
1.095e+03
1.201e+03
1.319e+03
1.502e+03
1.635e+03
2.002e+03
2.258e+03
2.588e+03
2.642e+03
2.736e+03
2.819e+03
2.799e+03
2.882e+03
2.786e+03
2.794e+03
2.782e+03
2.789e+03
2.731e+03
2.689e+03
2.740e+03
2.729e+03
2.681e+03
2.605e+03
2.433e+03
2.415e+03
2.543e+03
2.742e+03
2.895e+03
2.809e+03
2.691e+03
2.813e+03
3.221e+03
3.507e+03
3.874e+03
3.646e+03
3.820e+03
3.901e+03
3.990e+03
4.134e+03
4.105e+03
4.451e+03
4.696e+03
4.941e+03
4.478e+03
4.595e+03
4.327e+03
4.118e+03
4.057e+03
4.237e+03
3.837e+03
4.148e+03
4.036e+03
3.564e+03
3.209e+03
2.733e+03
2.754e+03
2.842e+03
2.679e+03
2.687e+03
2.616e+03
2.452e+03
2.505e+03
2.496e+03
2.654e+03
2.694e+03
2.675e+03
2.636e+03
2.604e+03
2.819e+03
2.636e+03
2.826e+03
2.788e+03
2.913e+03
2.788e+03
2.797e+03
2.783e+03
2.490e+03
2.475e+03
2.233e+03
1.891e+03
1.771e+03
1.490e+03
1.373e+03
1.183e+03
1.107e+03
9.730e+02
7.870e+02
7.530e+02
7.220e+02
6.010e+02
5.620e+02
5.520e+02
5.010e+02
4.680e+02
4.030e+02
4.240e+02
3.870e+02
3.610e+02
3.610e+02
3.150e+02
3.320e+02
3.160e+02
3.590e+02
3.760e+02
4.140e+02
4.490e+02
5.230e+02
5.760e+02
4.520e+02
3.970e+02
4.060e+02
4.450e+02
4.160e+02
3.930e+02
4.440e+02
3.990e+02
3.820e+02
3.850e+02
4.110e+02
4.720e+02
4.370e+02
5.000e+02
4.960e+02
5.320e+02
5.860e+02
6.580e+02
7.150e+02
8.610e+02
9.990e+02
1.157e+03
1.362e+03
1.544e+03
1.749e+03
1.955e+03
2.350e+03
2.808e+03
3.118e+03
3.696e+03
4.416e+03
5.077e+03
5.562e+03
5.655e+03
5.687e+03
5.896e+03
5.942e+03
5.998e+03
6.144e+03
6.750e+03
6.810e+03
6.931e+03
7.162e+03
7.166e+03
7.863e+03
8.089e+03
8.724e+03
9.470e+03
1.078e+04
1.339e+04
8.519e+03
5.818e+03
4.401e+03
3.520e+03
2.908e+03
1.932e+03
1.627e+03
1.305e+03
1.054e+03
8.280e+02
5.820e+02
4.510e+02
3.280e+02
2.370e+02
2.040e+02
1.260e+02
1.020e+02
8.800e+01
6.300e+01
5.500e+01
4.400e+01
4.800e+01
3.200e+01
3.300e+01
3.600e+01
1.300e+01
1.100e+01
1.400e+01
9.000e+00
1.000e+01
8.000e+00
8.000e+00
8.000e+00
5.000e+00
5.000e+00
1.000e+00
1.000e+00
2.000e+00
1.000e+00
2.000e+00
0.000e+00
2.000e+00
0.000e+00
0.000e+00
0.000e+00
0.000e+00
3.000e+00
1.000e+00
1.000e+00
0.000e+00
1.000e+00
2.000e+00
1.000e+00
0.000e+00
0.000e+00
1.000e+00
2.000e+00
1.000e+00
1.000e+00
0.000e+00
0.000e+00
1.000e+00
1.000e+00
1.000e+00
