2.000e+00
2.000e+00
2.000e+00
1.000e+00
0.000e+00
0.000e+00
2.000e+00
3.000e+00
1.000e+00
2.000e+00
2.000e+00
1.000e+00
2.000e+00
2.000e+00
3.000e+00
4.000e+00
4.000e+00
2.000e+00
3.000e+00
3.000e+00
3.000e+00
4.000e+00
2.000e+00
7.000e+00
7.000e+00
4.000e+00
5.000e+00
7.000e+00
5.000e+00
6.000e+00
8.000e+00
7.000e+00
7.000e+00
1.000e+01
2.200e+01
2.000e+01
2.200e+01
3.400e+01
1.000e+01
2.200e+01
4.200e+01
5.300e+01
4.900e+01
4.600e+01
6.500e+01
8.000e+01
9.700e+01
1.120e+02
1.870e+02
1.780e+02
2.560e+02
3.330e+02
3.970e+02
4.750e+02
7.150e+02
9.360e+02
1.220e+03
1.515e+03
2.039e+03
2.506e+03
3.575e+03
4.259e+03
5.100e+03
7.097e+03
9.876e+03
1.503e+04
1.234e+04
1.157e+04
1.093e+04
1.044e+04
1.051e+04
9.940e+03
9.925e+03
9.908e+03
9.517e+03
9.269e+03
8.505e+03
8.535e+03
8.342e+03
8.071e+03
7.894e+03
7.766e+03
7.812e+03
6.957e+03
6.696e+03
6.105e+03
5.733e+03
5.505e+03
4.922e+03
4.827e+03
4.789e+03
4.294e+03
3.439e+03
3.011e+03
2.896e+03
2.628e+03
2.372e+03
2.389e+03
2.336e+03
2.292e+03
2.226e+03
2.186e+03
1.986e+03
2.093e+03
2.123e+03
2.252e+03
2.031e+03
1.831e+03
1.850e+03
1.871e+03
1.793e+03
1.592e+03
1.392e+03
1.166e+03
1.190e+03
1.207e+03
9.780e+02
9.480e+02
7.820e+02
6.340e+02
6.300e+02
5.960e+02
5.460e+02
4.940e+02
5.030e+02
4.790e+02
5.180e+02
5.750e+02
5.380e+02
5.700e+02
5.990e+02
5.770e+02
6.950e+02
7.240e+02
7.880e+02
8.290e+02
8.970e+02
9.500e+02
1.157e+03
1.264e+03
1.368e+03
1.575e+03
1.700e+03
2.056e+03
2.309e+03
2.638e+03
2.693e+03
2.785e+03
2.867e+03
2.860e+03
2.948e+03
2.836e+03
2.852e+03
2.852e+03
2.851e+03
2.811e+03
2.764e+03
2.812e+03
2.791e+03
2.743e+03
2.695e+03
2.508e+03
2.521e+03
2.607e+03
2.784e+03
2.931e+03
2.848e+03
2.720e+03
2.846e+03
3.248e+03
3.545e+03
3.912e+03
3.704e+03
3.897e+03
3.948e+03
4.009e+03
4.172e+03
4.124e+03
4.473e+03
4.727e+03
4.986e+03
4.505e+03
4.625e+03
4.356e+03
4.136e+03
4.087e+03
4.284e+03
3.910e+03
4.214e+03
4.066e+03
3.595e+03
3.236e+03
2.757e+03
2.776e+03
2.868e+03
2.721e+03
2.738e+03
2.692e+03
2.538e+03
2.584e+03
2.570e+03
2.736e+03
2.787e+03
2.771e+03
2.720e+03
2.680e+03
2.881e+03
2.704e+03
2.892e+03
2.837e+03
2.963e+03
2.841e+03
2.847e+03
2.819e+03
2.539e+03
2.531e+03
2.279e+03
1.944e+03
1.822e+03
1.547e+03
1.427e+03
1.232e+03
1.151e+03
1.043e+03
8.430e+02
8.050e+02
7.880e+02
6.750e+02
6.400e+02
6.320e+02
5.920e+02
5.650e+02
5.110e+02
5.590e+02
5.280e+02
5.320e+02
5.790e+02
5.370e+02
5.630e+02
6.220e+02
6.440e+02
7.040e+02
7.760e+02
9.770e+02
1.111e+03
1.226e+03
1.145e+03
1.195e+03
1.414e+03
1.696e+03
1.783e+03
1.848e+03
1.954e+03
1.955e+03
2.022e+03
2.158e+03
2.074e+03
2.124e+03
2.128e+03
2.229e+03
2.158e+03
2.308e+03
2.333e+03
2.401e+03
2.363e+03
2.726e+03
2.910e+03
3.149e+03
3.520e+03
4.390e+03
4.891e+03
4.790e+03
5.059e+03
5.534e+03
5.602e+03
5.917e+03
6.506e+03
7.103e+03
7.705e+03
7.764e+03
7.772e+03
7.906e+03
8.021e+03
8.157e+03
8.306e+03
8.721e+03
8.848e+03
8.857e+03
9.091e+03
9.200e+03
9.814e+03
1.000e+04
1.030e+04
1.091e+04
1.211e+04
1.450e+04
9.331e+03
6.557e+03
5.004e+03
4.105e+03
3.397e+03
2.284e+03
1.896e+03
1.474e+03
1.212e+03
9.590e+02
6.940e+02
5.470e+02
3.860e+02
2.940e+02
2.640e+02
1.630e+02
1.290e+02
1.220e+02
8.300e+01
7.600e+01
6.300e+01
6.700e+01
4.600e+01
4.600e+01
4.200e+01
2.300e+01
2.100e+01
2.100e+01
1.400e+01
1.600e+01
1.200e+01
1.200e+01
1.700e+01
1.400e+01
8.000e+00
4.000e+00
7.000e+00
1.100e+01
9.000e+00
1.300e+01
2.000e+00
4.000e+00
3.000e+00
0.000e+00
0.000e+00
1.000e+00
5.000e+00
8.000e+00
3.000e+00
0.000e+00
3.000e+00
4.000e+00
4.000e+00
2.000e+00
1.000e+00
1.000e+00
4.000e+00
1.000e+00
4.000e+00
2.000e+00
3.000e+00
2.000e+00
2.000e+00
2.000e+00
