3.000e+00
2.000e+00
1.000e+00
4.000e+00
1.000e+00
1.000e+00
1.000e+00
0.000e+00
0.000e+00
2.000e+00
3.000e+00
3.000e+00
4.000e+00
0.000e+00
1.000e+00
6.000e+00
5.000e+00
6.000e+00
6.000e+00
3.000e+00
5.000e+00
1.000e+00
5.000e+00
3.000e+00
9.000e+00
1.300e+01
1.300e+01
9.000e+00
1.600e+01
3.000e+00
6.000e+00
1.100e+01
1.200e+01
1.600e+01
1.100e+01
1.300e+01
2.900e+01
2.700e+01
3.100e+01
3.600e+01
5.100e+01
7.100e+01
8.100e+01
6.100e+01
8.800e+01
1.210e+02
1.150e+02
1.520e+02
1.740e+02
1.860e+02
2.200e+02
1.770e+02
1.760e+02
1.860e+02
1.460e+02
1.270e+02
9.500e+01
1.510e+02
1.220e+02
1.480e+02
8.100e+01
6.500e+01
3.600e+01
4.200e+01
3.000e+01
2.600e+01
3.100e+01
2.300e+01
2.600e+01
3.100e+01
1.900e+01
1.800e+01
2.500e+01
4.000e+00
3.000e+00
1.000e+00
1.000e+00
0.000e+00
1.000e+00
2.000e+00
0.000e+00
0.000e+00
0.000e+00
0.000e+00
0.000e+00
1.000e+00
1.000e+00
0.000e+00
3.000e+00
1.000e+00
0.000e+00
3.000e+00
1.000e+00
0.000e+00
4.000e+00
5.000e+00
1.000e+00
1.000e+00
2.000e+00
5.000e+00
3.000e+00
1.000e+00
1.000e+00
0.000e+00
0.000e+00
1.000e+00
0.000e+00
0.000e+00
0.000e+00
0.000e+00
0.000e+00
0.000e+00
0.000e+00
0.000e+00
0.000e+00
0.000e+00
0.000e+00
0.000e+00
0.000e+00
2.000e+00
0.000e+00
0.000e+00
0.000e+00
0.000e+00
0.000e+00
0.000e+00
0.000e+00
0.000e+00
0.000e+00
0.000e+00
0.000e+00
0.000e+00
0.000e+00
0.000e+00
0.000e+00
0.000e+00
0.000e+00
0.000e+00
0.000e+00
0.000e+00
0.000e+00
0.000e+00
0.000e+00
0.000e+00
0.000e+00
0.000e+00
0.000e+00
0.000e+00
0.000e+00
0.000e+00
0.000e+00
0.000e+00
0.000e+00
0.000e+00
0.000e+00
0.000e+00
0.000e+00
0.000e+00
0.000e+00
0.000e+00
0.000e+00
0.000e+00
0.000e+00
0.000e+00
0.000e+00
0.000e+00
0.000e+00
0.000e+00
0.000e+00
0.000e+00
0.000e+00
0.000e+00
0.000e+00
0.000e+00
0.000e+00
0.000e+00
0.000e+00
0.000e+00
0.000e+00
0.000e+00
0.000e+00
0.000e+00
0.000e+00
0.000e+00
0.000e+00
0.000e+00
0.000e+00
0.000e+00
0.000e+00
0.000e+00
0.000e+00
0.000e+00
0.000e+00
0.000e+00
0.000e+00
0.000e+00
0.000e+00
0.000e+00
0.000e+00
0.000e+00
0.000e+00
0.000e+00
0.000e+00
0.000e+00
0.000e+00
0.000e+00
0.000e+00
0.000e+00
0.000e+00
0.000e+00
0.000e+00
0.000e+00
0.000e+00
0.000e+00
0.000e+00
0.000e+00
0.000e+00
0.000e+00
0.000e+00
0.000e+00
0.000e+00
0.000e+00
0.000e+00
0.000e+00
0.000e+00
0.000e+00
0.000e+00
0.000e+00
0.000e+00
0.000e+00
0.000e+00
0.000e+00
0.000e+00
0.000e+00
0.000e+00
0.000e+00
0.000e+00
0.000e+00
0.000e+00
0.000e+00
0.000e+00
0.000e+00
0.000e+00
0.000e+00
0.000e+00
0.000e+00
0.000e+00
0.000e+00
0.000e+00
0.000e+00
0.000e+00
0.000e+00
0.000e+00
0.000e+00
0.000e+00
1.000e+00
0.000e+00
0.000e+00
2.000e+00
0.000e+00
0.000e+00
5.000e+00
0.000e+00
1.000e+00
1.000e+00
1.000e+00
3.000e+00
0.000e+00
1.000e+00
3.000e+00
0.000e+00
1.000e+00
1.000e+00
0.000e+00
0.000e+00
0.000e+00
0.000e+00
0.000e+00
0.000e+00
0.000e+00
1.000e+00
0.000e+00
0.000e+00
0.000e+00
1.000e+00
0.000e+00
2.000e+00
8.000e+00
1.300e+01
2.000e+01
1.300e+01
1.300e+01
1.600e+01
2.400e+01
3.600e+01
3.200e+01
3.700e+01
5.300e+01
3.100e+01
3.100e+01
8.600e+01
1.520e+02
1.210e+02
1.180e+02
8.800e+01
1.100e+02
1.120e+02
1.470e+02
1.330e+02
1.410e+02
1.540e+02
1.390e+02
1.280e+02
1.360e+02
1.090e+02
7.400e+01
5.500e+01
7.600e+01
6.000e+01
6.300e+01
5.800e+01
3.100e+01
1.800e+01
2.400e+01
2.500e+01
1.300e+01
1.800e+01
8.000e+00
1.700e+01
8.000e+00
7.000e+00
1.000e+01
1.900e+01
1.500e+01
1.800e+01
8.000e+00
6.000e+00
4.000e+00
4.000e+00
1.000e+01
3.000e+00
0.000e+00
4.000e+00
1.000e+00
5.000e+00
4.000e+00
3.000e+00
5.000e+00
1.000e+00
6.000e+00
2.000e+00
4.000e+00
4.000e+00
0.000e+00
0.000e+00
2.000e+00
0.000e+00
0.000e+00
2.000e+00
2.000e+00
