6.000e+01
1.600e+01
1.200e+01
1.200e+01
1.500e+01
1.000e+01
1.000e+01
1.100e+01
1.100e+01
1.000e+01
1.900e+01
9.000e+00
1.900e+01
2.500e+01
2.400e+01
2.000e+01
3.900e+01
2.800e+01
2.900e+01
3.000e+01
4.500e+01
4.600e+01
5.300e+01
7.700e+01
6.800e+01
7.200e+01
9.100e+01
8.700e+01
1.270e+02
1.380e+02
1.370e+02
1.720e+02
2.080e+02
1.720e+02
2.090e+02
2.220e+02
2.790e+02
2.990e+02
3.350e+02
4.450e+02
5.470e+02
7.050e+02
8.490e+02
9.760e+02
1.196e+03
1.319e+03
1.464e+03
1.863e+03
2.282e+03
2.551e+03
3.000e+03
3.620e+03
4.449e+03
4.481e+03
5.054e+03
4.992e+03
4.941e+03
5.070e+03
5.273e+03
5.571e+03
6.442e+03
6.943e+03
7.843e+03
9.922e+03
1.307e+04
1.894e+04
1.600e+04
1.564e+04
1.565e+04
1.500e+04
1.492e+04
1.472e+04
1.504e+04
1.504e+04
1.379e+04
1.425e+04
1.316e+04
1.349e+04
1.223e+04
1.108e+04
1.045e+04
1.029e+04
1.011e+04
9.145e+03
8.296e+03
7.059e+03
5.812e+03
4.900e+03
4.100e+03
3.731e+03
3.505e+03
3.430e+03
3.184e+03
2.782e+03
2.504e+03
2.194e+03
2.159e+03
2.190e+03
2.056e+03
1.773e+03
1.545e+03
1.350e+03
1.188e+03
1.076e+03
9.710e+02
8.930e+02
8.300e+02
7.360e+02
7.030e+02
7.450e+02
6.660e+02
6.890e+02
6.700e+02
6.090e+02
6.550e+02
6.870e+02
5.850e+02
6.010e+02
6.180e+02
5.820e+02
5.780e+02
5.310e+02
5.190e+02
4.730e+02
5.000e+02
5.430e+02
6.230e+02
6.880e+02
6.610e+02
7.620e+02
8.270e+02
8.750e+02
1.041e+03
1.102e+03
1.239e+03
1.403e+03
1.623e+03
1.932e+03
2.247e+03
2.331e+03
2.424e+03
2.712e+03
2.742e+03
3.194e+03
3.576e+03
3.936e+03
4.118e+03
4.198e+03
4.493e+03
4.627e+03
4.870e+03
5.349e+03
6.013e+03
6.196e+03
6.159e+03
6.459e+03
6.859e+03
7.878e+03
8.361e+03
8.572e+03
7.972e+03
7.728e+03
7.995e+03
8.581e+03
8.676e+03
8.470e+03
8.129e+03
8.035e+03
9.054e+03
9.607e+03
9.838e+03
9.133e+03
8.636e+03
8.923e+03
8.628e+03
8.187e+03
7.471e+03
7.116e+03
7.517e+03
7.501e+03
7.783e+03
7.149e+03
7.498e+03
7.040e+03
7.084e+03
7.590e+03
7.963e+03
7.681e+03
7.980e+03
7.969e+03
8.200e+03
8.472e+03
7.580e+03
6.840e+03
6.898e+03
7.000e+03
7.073e+03
6.894e+03
6.868e+03
6.881e+03
6.807e+03
7.329e+03
7.157e+03
6.795e+03
6.327e+03
5.950e+03
6.118e+03
5.927e+03
6.284e+03
5.581e+03
5.146e+03
4.689e+03
4.546e+03
4.297e+03
3.914e+03
3.874e+03
3.436e+03
3.154e+03
2.942e+03
2.748e+03
2.716e+03
2.710e+03
2.536e+03
2.205e+03
1.774e+03
1.510e+03
1.335e+03
1.140e+03
1.023e+03
1.024e+03
8.890e+02
8.150e+02
7.410e+02
7.290e+02
6.180e+02
6.080e+02
5.900e+02
4.940e+02
4.990e+02
5.170e+02
5.850e+02
6.520e+02
6.380e+02
6.300e+02
6.680e+02
7.380e+02
6.380e+02
5.720e+02
6.190e+02
6.670e+02
6.410e+02
6.590e+02
7.320e+02
7.050e+02
6.790e+02
7.630e+02
8.650e+02
1.007e+03
9.960e+02
1.229e+03
1.377e+03
1.591e+03
1.656e+03
1.860e+03
1.886e+03
2.107e+03
2.489e+03
2.872e+03
3.348e+03
3.587e+03
3.812e+03
4.004e+03
4.370e+03
4.997e+03
5.847e+03
6.922e+03
8.059e+03
9.248e+03
9.619e+03
9.980e+03
9.963e+03
1.084e+04
1.194e+04
1.274e+04
1.285e+04
1.382e+04
1.413e+04
1.466e+04
1.528e+04
1.536e+04
1.558e+04
1.610e+04
1.591e+04
1.581e+04
1.634e+04
1.910e+04
1.319e+04
1.006e+04
8.056e+03
7.131e+03
6.464e+03
5.508e+03
5.128e+03
5.200e+03
4.752e+03
4.785e+03
4.741e+03
4.559e+03
4.500e+03
3.848e+03
3.138e+03
2.774e+03
2.504e+03
2.146e+03
1.795e+03
1.569e+03
1.341e+03
1.233e+03
1.096e+03
8.360e+02
7.640e+02
5.410e+02
4.520e+02
4.070e+02
2.950e+02
2.740e+02
2.410e+02
2.050e+02
1.720e+02
1.560e+02
1.380e+02
1.650e+02
1.120e+02
1.080e+02
9.700e+01
7.600e+01
7.900e+01
7.500e+01
8.200e+01
5.600e+01
4.100e+01
3.600e+01
3.300e+01
2.700e+01
3.000e+01
2.400e+01
2.500e+01
2.000e+01
2.100e+01
2.500e+01
1.500e+01
1.000e+01
1.900e+01
1.600e+01
1.400e+01
1.400e+01
1.500e+01
2.000e+01
8.000e+00
1.600e+01
