3.290e+02
1.210e+02
8.000e+01
7.700e+01
8.100e+01
6.100e+01
5.800e+01
7.200e+01
6.800e+01
6.300e+01
8.200e+01
7.100e+01
7.500e+01
7.600e+01
5.100e+01
6.900e+01
8.800e+01
8.100e+01
8.300e+01
8.200e+01
9.200e+01
9.200e+01
1.230e+02
1.420e+02
1.490e+02
1.540e+02
1.780e+02
1.940e+02
2.300e+02
2.480e+02
2.590e+02
2.650e+02
3.390e+02
3.130e+02
3.580e+02
3.970e+02
5.000e+02
5.110e+02
5.130e+02
6.470e+02
8.030e+02
9.400e+02
1.101e+03
1.222e+03
1.503e+03
1.697e+03
1.812e+03
2.276e+03
2.730e+03
3.024e+03
3.504e+03
4.253e+03
5.229e+03
5.360e+03
6.080e+03
6.110e+03
6.450e+03
6.723e+03
6.983e+03
7.623e+03
9.120e+03
9.641e+03
1.092e+04
1.276e+04
1.542e+04
2.135e+04
1.862e+04
1.845e+04
1.864e+04
1.828e+04
1.814e+04
1.778e+04
1.783e+04
1.791e+04
1.659e+04
1.698e+04
1.601e+04
1.621e+04
1.487e+04
1.364e+04
1.293e+04
1.276e+04
1.271e+04
1.161e+04
1.084e+04
9.589e+03
8.666e+03
7.986e+03
7.078e+03
6.889e+03
6.875e+03
6.422e+03
5.593e+03
4.925e+03
4.640e+03
4.216e+03
4.057e+03
4.211e+03
4.136e+03
3.873e+03
3.554e+03
3.402e+03
3.042e+03
3.039e+03
3.066e+03
3.099e+03
2.855e+03
2.629e+03
2.660e+03
2.775e+03
2.726e+03
2.664e+03
2.548e+03
2.355e+03
2.364e+03
2.549e+03
2.404e+03
2.892e+03
3.221e+03
2.820e+03
2.096e+03
1.876e+03
1.835e+03
1.654e+03
1.614e+03
1.522e+03
1.570e+03
1.597e+03
1.535e+03
1.608e+03
1.576e+03
1.626e+03
1.700e+03
1.778e+03
1.817e+03
1.927e+03
2.133e+03
2.410e+03
2.739e+03
2.764e+03
2.858e+03
3.157e+03
3.223e+03
3.654e+03
4.114e+03
4.626e+03
4.509e+03
4.643e+03
4.954e+03
5.073e+03
5.327e+03
5.806e+03
6.463e+03
6.602e+03
6.556e+03
6.908e+03
7.305e+03
8.349e+03
8.790e+03
8.986e+03
8.393e+03
8.164e+03
8.438e+03
8.939e+03
9.001e+03
8.743e+03
8.437e+03
8.301e+03
9.321e+03
9.847e+03
1.011e+04
9.426e+03
8.977e+03
9.271e+03
8.918e+03
8.495e+03
7.828e+03
7.482e+03
7.963e+03
8.054e+03
9.094e+03
7.659e+03
7.939e+03
7.450e+03
7.426e+03
7.891e+03
8.268e+03
7.981e+03
8.244e+03
8.199e+03
8.407e+03
8.677e+03
7.791e+03
7.042e+03
7.131e+03
7.218e+03
7.315e+03
7.180e+03
7.170e+03
7.198e+03
7.112e+03
7.676e+03
7.514e+03
7.156e+03
6.706e+03
6.311e+03
6.463e+03
6.292e+03
6.659e+03
5.946e+03
5.528e+03
5.065e+03
4.963e+03
4.657e+03
4.297e+03
4.566e+03
3.910e+03
3.529e+03
3.349e+03
3.146e+03
3.115e+03
3.125e+03
2.958e+03
2.663e+03
2.195e+03
1.941e+03
1.842e+03
1.694e+03
1.572e+03
1.588e+03
1.539e+03
1.477e+03
1.479e+03
1.567e+03
1.577e+03
1.646e+03
1.805e+03
1.798e+03
1.836e+03
1.920e+03
2.204e+03
2.939e+03
3.270e+03
2.801e+03
2.437e+03
2.360e+03
2.228e+03
2.219e+03
2.463e+03
2.655e+03
2.692e+03
2.800e+03
2.849e+03
2.896e+03
2.959e+03
3.036e+03
3.050e+03
3.110e+03
3.111e+03
3.371e+03
3.401e+03
3.727e+03
3.702e+03
3.962e+03
3.881e+03
4.292e+03
4.702e+03
5.151e+03
5.795e+03
6.741e+03
7.263e+03
7.139e+03
7.425e+03
8.114e+03
8.714e+03
9.572e+03
1.056e+04
1.175e+04
1.223e+04
1.256e+04
1.255e+04
1.335e+04
1.463e+04
1.549e+04
1.558e+04
1.650e+04
1.685e+04
1.733e+04
1.805e+04
1.824e+04
1.858e+04
1.934e+04
1.893e+04
1.855e+04
1.900e+04
2.164e+04
1.549e+04
1.284e+04
1.110e+04
9.751e+03
8.973e+03
7.455e+03
6.940e+03
6.917e+03
6.242e+03
6.072e+03
6.008e+03
5.635e+03
5.343e+03
4.561e+03
3.748e+03
3.332e+03
2.989e+03
2.638e+03
2.237e+03
1.968e+03
1.699e+03
1.595e+03
1.385e+03
1.099e+03
1.021e+03
7.510e+02
6.320e+02
6.100e+02
5.600e+02
4.680e+02
3.980e+02
3.370e+02
3.000e+02
2.590e+02
2.370e+02
2.630e+02
2.170e+02
1.890e+02
1.840e+02
1.780e+02
1.520e+02
1.400e+02
1.430e+02
1.160e+02
1.130e+02
9.200e+01
7.400e+01
7.700e+01
8.100e+01
8.900e+01
6.600e+01
6.900e+01
7.700e+01
1.000e+02
9.700e+01
4.600e+01
7.100e+01
7.700e+01
9.100e+01
6.900e+01
7.100e+01
8.200e+01
9.400e+01
9.000e+01
