1.000e+00
0.000e+00
1.000e+00
0.000e+00
0.000e+00
1.000e+00
0.000e+00
1.000e+00
0.000e+00
0.000e+00
0.000e+00
0.000e+00
0.000e+00
0.000e+00
0.000e+00
0.000e+00
1.000e+00
0.000e+00
1.000e+00
0.000e+00
3.000e+00
0.000e+00
1.000e+00
1.000e+00
0.000e+00
0.000e+00
0.000e+00
1.000e+00
1.000e+00
2.000e+00
2.000e+00
0.000e+00
1.000e+00
0.000e+00
0.000e+00
1.000e+00
2.000e+00
2.000e+00
2.000e+00
4.000e+00
2.000e+00
8.000e+00
8.000e+00
7.000e+00
1.800e+01
1.900e+01
2.100e+01
2.700e+01
3.800e+01
3.900e+01
7.700e+01
9.500e+01
1.270e+02
1.890e+02
2.530e+02
3.410e+02
4.080e+02
5.500e+02
7.710e+02
9.270e+02
1.292e+03
1.665e+03
2.170e+03
3.036e+03
4.241e+03
5.432e+03
5.710e+03
6.166e+03
6.178e+03
5.535e+03
5.570e+03
5.340e+03
5.010e+03
4.609e+03
4.003e+03
3.495e+03
2.920e+03
2.593e+03
2.469e+03
2.071e+03
1.769e+03
1.610e+03
1.408e+03
1.173e+03
1.105e+03
1.000e+03
7.980e+02
7.240e+02
6.500e+02
5.760e+02
4.810e+02
5.200e+02
4.510e+02
3.960e+02
3.150e+02
2.730e+02
2.420e+02
1.370e+02
1.330e+02
1.100e+02
9.400e+01
6.200e+01
4.500e+01
4.100e+01
4.300e+01
4.000e+01
3.500e+01
4.400e+01
4.300e+01
3.700e+01
3.200e+01
4.900e+01
4.700e+01
3.800e+01
3.300e+01
3.500e+01
2.900e+01
3.300e+01
3.200e+01
3.000e+01
3.000e+01
3.300e+01
4.100e+01
4.700e+01
3.800e+01
4.300e+01
3.600e+01
4.600e+01
3.800e+01
4.400e+01
3.100e+01
3.400e+01
3.000e+01
4.500e+01
5.500e+01
6.700e+01
4.900e+01
6.100e+01
4.200e+01
6.300e+01
5.200e+01
4.700e+01
4.800e+01
4.600e+01
4.400e+01
7.100e+01
4.700e+01
6.500e+01
8.900e+01
8.700e+01
8.100e+01
1.000e+02
1.170e+02
1.530e+02
1.430e+02
1.770e+02
2.400e+02
2.960e+02
3.520e+02
4.000e+02
4.800e+02
4.800e+02
6.170e+02
7.980e+02
8.970e+02
1.026e+03
1.107e+03
1.171e+03
1.440e+03
1.775e+03
2.273e+03
2.906e+03
2.951e+03
3.205e+03
3.411e+03
3.622e+03
3.880e+03
3.951e+03
4.306e+03
4.447e+03
4.799e+03
4.232e+03
4.375e+03
4.235e+03
3.922e+03
3.697e+03
3.742e+03
3.256e+03
3.348e+03
3.044e+03
2.368e+03
1.847e+03
1.463e+03
1.280e+03
1.193e+03
1.076e+03
9.330e+02
8.190e+02
6.400e+02
5.490e+02
4.620e+02
4.270e+02
3.900e+02
2.930e+02
2.310e+02
1.920e+02
1.420e+02
1.620e+02
1.320e+02
1.040e+02
9.900e+01
1.010e+02
8.600e+01
6.000e+01
3.700e+01
5.000e+01
3.700e+01
3.600e+01
6.100e+01
4.600e+01
4.700e+01
4.900e+01
5.600e+01
5.000e+01
3.500e+01
3.600e+01
4.700e+01
3.600e+01
3.400e+01
2.700e+01
3.000e+01
3.800e+01
4.300e+01
4.200e+01
2.400e+01
2.700e+01
4.000e+01
2.400e+01
2.600e+01
1.800e+01
3.500e+01
3.200e+01
3.700e+01
4.000e+01
5.400e+01
4.200e+01
4.200e+01
5.000e+01
4.700e+01
4.500e+01
2.400e+01
4.800e+01
5.200e+01
4.400e+01
4.600e+01
5.100e+01
4.300e+01
5.800e+01
5.300e+01
6.600e+01
7.700e+01
1.100e+02
1.260e+02
1.470e+02
2.030e+02
2.610e+02
2.960e+02
3.870e+02
4.410e+02
4.770e+02
4.920e+02
5.380e+02
6.040e+02
6.270e+02
7.230e+02
8.420e+02
9.980e+02
1.091e+03
1.236e+03
1.564e+03
1.738e+03
2.118e+03
2.349e+03
2.481e+03
2.877e+03
3.265e+03
3.267e+03
3.777e+03
4.107e+03
4.613e+03
4.758e+03
5.301e+03
5.563e+03
5.444e+03
5.298e+03
5.202e+03
3.980e+03
2.427e+03
1.838e+03
1.407e+03
1.073e+03
7.240e+02
5.050e+02
4.000e+02
3.050e+02
2.560e+02
1.990e+02
1.210e+02
1.060e+02
7.200e+01
4.900e+01
3.500e+01
1.400e+01
1.800e+01
1.900e+01
3.000e+00
5.000e+00
8.000e+00
1.000e+01
1.000e+00
4.000e+00
3.000e+00
0.000e+00
0.000e+00
2.000e+00
1.000e+00
0.000e+00
3.000e+00
0.000e+00
0.000e+00
0.000e+00
1.000e+00
0.000e+00
0.000e+00
0.000e+00
0.000e+00
0.000e+00
0.000e+00
0.000e+00
1.000e+00
0.000e+00
1.000e+00
3.000e+00
0.000e+00
0.000e+00
0.000e+00
1.000e+00
0.000e+00
1.000e+00
0.000e+00
0.000e+00
0.000e+00
1.000e+00
0.000e+00
0.000e+00
0.000e+00
0.000e+00
1.000e+00
0.000e+00
0.000e+00
