1.000e+00
0.000e+00
2.000e+00
0.000e+00
0.000e+00
1.000e+00
0.000e+00
1.000e+00
0.000e+00
0.000e+00
0.000e+00
0.000e+00
0.000e+00
1.000e+00
0.000e+00
1.000e+00
1.000e+00
0.000e+00
3.000e+00
0.000e+00
3.000e+00
3.000e+00
1.000e+00
1.000e+00
1.000e+00
1.000e+00
0.000e+00
1.000e+00
1.000e+00
3.000e+00
3.000e+00
1.000e+00
4.000e+00
0.000e+00
1.000e+00
6.000e+00
3.000e+00
3.000e+00
5.000e+00
9.000e+00
6.000e+00
1.300e+01
1.100e+01
1.600e+01
2.600e+01
2.900e+01
3.400e+01
4.400e+01
7.500e+01
8.900e+01
1.290e+02
1.450e+02
1.850e+02
2.850e+02
3.680e+02
4.770e+02
5.970e+02
7.570e+02
1.029e+03
1.277e+03
1.725e+03
2.130e+03
2.683e+03
3.696e+03
4.958e+03
6.356e+03
6.672e+03
7.191e+03
7.229e+03
6.737e+03
6.668e+03
6.268e+03
5.877e+03
5.369e+03
4.660e+03
4.105e+03
3.527e+03
3.192e+03
2.970e+03
2.517e+03
2.187e+03
2.080e+03
1.860e+03
1.624e+03
1.595e+03
1.454e+03
1.299e+03
1.179e+03
1.046e+03
1.084e+03
9.090e+02
1.022e+03
9.030e+02
7.720e+02
8.000e+02
6.520e+02
5.960e+02
5.240e+02
5.530e+02
4.660e+02
4.720e+02
4.830e+02
4.350e+02
3.970e+02
3.780e+02
3.700e+02
3.130e+02
3.590e+02
3.550e+02
3.910e+02
4.450e+02
4.020e+02
3.380e+02
2.670e+02
3.090e+02
3.170e+02
2.940e+02
2.940e+02
1.880e+02
1.180e+02
1.170e+02
1.210e+02
1.210e+02
1.060e+02
9.600e+01
9.000e+01
6.900e+01
8.300e+01
6.700e+01
6.100e+01
5.700e+01
6.000e+01
5.500e+01
7.600e+01
7.800e+01
8.600e+01
7.500e+01
8.300e+01
5.600e+01
7.800e+01
7.300e+01
7.800e+01
6.700e+01
6.100e+01
5.800e+01
8.100e+01
6.200e+01
7.200e+01
9.900e+01
1.030e+02
8.900e+01
1.340e+02
1.380e+02
1.870e+02
1.790e+02
2.220e+02
2.770e+02
3.270e+02
3.790e+02
4.440e+02
5.190e+02
5.240e+02
6.420e+02
8.120e+02
9.250e+02
1.061e+03
1.136e+03
1.196e+03
1.478e+03
1.806e+03
2.310e+03
2.978e+03
3.031e+03
3.273e+03
3.462e+03
3.709e+03
3.973e+03
4.039e+03
4.417e+03
4.595e+03
5.130e+03
4.385e+03
4.475e+03
4.310e+03
4.002e+03
3.765e+03
3.820e+03
3.334e+03
3.432e+03
3.087e+03
2.412e+03
1.880e+03
1.501e+03
1.301e+03
1.220e+03
1.109e+03
9.610e+02
8.480e+02
6.620e+02
5.930e+02
5.000e+02
4.630e+02
4.190e+02
3.320e+02
2.710e+02
2.280e+02
1.850e+02
1.940e+02
1.580e+02
1.240e+02
1.200e+02
1.120e+02
9.500e+01
6.700e+01
4.600e+01
6.300e+01
5.200e+01
4.700e+01
7.600e+01
5.800e+01
6.300e+01
5.700e+01
7.100e+01
7.000e+01
5.300e+01
4.700e+01
7.400e+01
7.000e+01
5.700e+01
6.000e+01
5.600e+01
6.400e+01
7.700e+01
8.700e+01
6.600e+01
8.200e+01
1.130e+02
1.010e+02
8.500e+01
1.160e+02
1.090e+02
1.160e+02
1.530e+02
2.770e+02
3.110e+02
3.300e+02
3.090e+02
2.780e+02
3.770e+02
4.300e+02
4.140e+02
4.090e+02
3.610e+02
3.930e+02
3.580e+02
3.870e+02
4.210e+02
4.550e+02
4.710e+02
4.890e+02
4.600e+02
4.850e+02
5.040e+02
5.540e+02
5.950e+02
6.770e+02
7.500e+02
9.270e+02
9.610e+02
9.600e+02
9.840e+02
1.000e+03
1.085e+03
1.135e+03
1.239e+03
1.375e+03
1.548e+03
1.587e+03
1.707e+03
2.021e+03
2.192e+03
2.587e+03
2.850e+03
3.010e+03
3.428e+03
3.888e+03
3.912e+03
4.545e+03
4.947e+03
5.607e+03
5.754e+03
6.485e+03
6.676e+03
6.467e+03
6.293e+03
6.090e+03
4.780e+03
3.111e+03
2.338e+03
1.871e+03
1.475e+03
1.064e+03
7.890e+02
5.850e+02
4.660e+02
3.930e+02
3.250e+02
2.310e+02
1.800e+02
1.430e+02
9.900e+01
7.300e+01
4.300e+01
3.700e+01
3.100e+01
1.700e+01
1.100e+01
1.700e+01
1.900e+01
8.000e+00
9.000e+00
9.000e+00
5.000e+00
3.000e+00
3.000e+00
3.000e+00
2.000e+00
6.000e+00
2.000e+00
0.000e+00
0.000e+00
1.000e+00
2.000e+00
0.000e+00
0.000e+00
2.000e+00
0.000e+00
0.000e+00
0.000e+00
1.000e+00
0.000e+00
1.000e+00
3.000e+00
1.000e+00
2.000e+00
0.000e+00
1.000e+00
0.000e+00
1.000e+00
0.000e+00
0.000e+00
0.000e+00
1.000e+00
0.000e+00
0.000e+00
0.000e+00
0.000e+00
1.000e+00
0.000e+00
1.000e+00
