1.400e+01
2.000e+00
6.000e+00
2.000e+00
3.000e+00
3.000e+00
3.000e+00
5.000e+00
2.000e+00
1.000e+00
3.000e+00
1.000e+00
0.000e+00
0.000e+00
3.000e+00
0.000e+00
4.000e+00
0.000e+00
4.000e+00
0.000e+00
5.000e+00
0.000e+00
3.000e+00
6.000e+00
3.000e+00
2.000e+00
4.000e+00
9.000e+00
7.000e+00
9.000e+00
2.000e+01
7.000e+00
1.100e+01
1.100e+01
1.800e+01
1.900e+01
3.200e+01
4.300e+01
2.300e+01
2.800e+01
4.700e+01
6.300e+01
6.500e+01
5.900e+01
8.700e+01
8.600e+01
1.200e+02
1.470e+02
2.310e+02
2.280e+02
3.370e+02
4.540e+02
5.810e+02
7.450e+02
1.033e+03
1.595e+03
2.008e+03
2.398e+03
2.985e+03
3.553e+03
4.841e+03
6.036e+03
7.372e+03
1.034e+04
1.483e+04
1.897e+04
1.511e+04
1.358e+04
1.280e+04
1.177e+04
1.131e+04
1.064e+04
1.051e+04
9.889e+03
9.255e+03
8.714e+03
7.561e+03
7.404e+03
7.345e+03
7.079e+03
6.768e+03
6.571e+03
6.421e+03
5.528e+03
5.053e+03
4.315e+03
3.575e+03
3.107e+03
2.633e+03
2.282e+03
1.960e+03
1.849e+03
1.542e+03
1.377e+03
1.214e+03
1.038e+03
9.300e+02
8.310e+02
7.430e+02
7.060e+02
6.980e+02
6.340e+02
6.010e+02
5.860e+02
5.210e+02
5.390e+02
5.530e+02
4.960e+02
4.970e+02
5.030e+02
4.630e+02
4.830e+02
5.300e+02
4.670e+02
5.630e+02
6.060e+02
4.910e+02
4.570e+02
4.380e+02
3.640e+02
4.180e+02
3.510e+02
3.630e+02
3.330e+02
3.510e+02
3.650e+02
4.230e+02
4.730e+02
4.460e+02
4.970e+02
5.550e+02
5.380e+02
6.810e+02
6.900e+02
7.680e+02
8.190e+02
8.980e+02
9.690e+02
1.173e+03
1.298e+03
1.420e+03
1.622e+03
1.747e+03
2.084e+03
2.342e+03
2.687e+03
2.718e+03
2.813e+03
2.938e+03
2.903e+03
3.011e+03
2.898e+03
2.916e+03
2.929e+03
2.960e+03
2.952e+03
2.906e+03
2.985e+03
2.988e+03
2.957e+03
2.909e+03
2.741e+03
2.794e+03
2.944e+03
3.220e+03
3.486e+03
3.433e+03
3.403e+03
3.503e+03
3.808e+03
4.062e+03
4.483e+03
4.134e+03
4.197e+03
4.223e+03
4.268e+03
4.408e+03
4.383e+03
4.765e+03
4.938e+03
5.200e+03
4.746e+03
4.914e+03
4.694e+03
4.490e+03
4.428e+03
4.618e+03
4.334e+03
4.695e+03
4.622e+03
4.218e+03
3.905e+03
3.446e+03
3.452e+03
3.467e+03
3.244e+03
3.159e+03
3.036e+03
2.805e+03
2.816e+03
2.801e+03
2.928e+03
2.979e+03
2.958e+03
2.924e+03
2.807e+03
3.018e+03
2.792e+03
2.974e+03
2.909e+03
3.012e+03
2.884e+03
2.906e+03
2.849e+03
2.554e+03
2.534e+03
2.291e+03
1.949e+03
1.869e+03
1.595e+03
1.478e+03
1.293e+03
1.176e+03
1.037e+03
8.480e+02
8.140e+02
7.700e+02
6.450e+02
6.030e+02
5.820e+02
5.370e+02
4.970e+02
4.280e+02
4.560e+02
4.160e+02
3.890e+02
4.020e+02
3.420e+02
3.710e+02
3.500e+02
4.100e+02
4.370e+02
4.830e+02
5.060e+02
5.770e+02
6.450e+02
5.150e+02
4.360e+02
4.570e+02
4.960e+02
4.650e+02
4.610e+02
5.130e+02
4.760e+02
4.780e+02
5.070e+02
5.290e+02
6.090e+02
5.940e+02
6.790e+02
6.940e+02
7.080e+02
7.810e+02
8.150e+02
9.070e+02
1.051e+03
1.173e+03
1.406e+03
1.606e+03
1.815e+03
2.057e+03
2.285e+03
2.723e+03
3.200e+03
3.550e+03
4.107e+03
4.957e+03
5.682e+03
6.385e+03
6.615e+03
6.725e+03
7.144e+03
7.183e+03
7.191e+03
7.572e+03
8.345e+03
8.508e+03
8.894e+03
9.451e+03
9.779e+03
1.065e+04
1.143e+04
1.216e+04
1.296e+04
1.496e+04
1.868e+04
1.440e+04
9.632e+03
7.057e+03
5.797e+03
4.536e+03
3.162e+03
2.636e+03
2.254e+03
1.879e+03
1.502e+03
9.580e+02
7.360e+02
5.750e+02
4.110e+02
3.220e+02
2.160e+02
1.840e+02
1.490e+02
1.150e+02
8.800e+01
6.400e+01
7.300e+01
5.800e+01
4.800e+01
5.700e+01
2.900e+01
2.600e+01
3.700e+01
1.900e+01
1.600e+01
1.800e+01
1.600e+01
1.400e+01
8.000e+00
1.100e+01
6.000e+00
4.000e+00
5.000e+00
3.000e+00
3.000e+00
1.000e+00
3.000e+00
4.000e+00
1.000e+00
2.000e+00
1.000e+00
3.000e+00
2.000e+00
2.000e+00
1.000e+00
2.000e+00
2.000e+00
3.000e+00
2.000e+00
0.000e+00
1.000e+00
3.000e+00
2.000e+00
1.000e+00
3.000e+00
1.000e+00
2.000e+00
1.000e+00
4.000e+00
