3.600e+01
5.000e+00
1.200e+01
5.000e+00
6.000e+00
7.000e+00
8.000e+00
1.100e+01
9.000e+00
1.400e+01
7.000e+00
8.000e+00
7.000e+00
9.000e+00
8.000e+00
9.000e+00
9.000e+00
1.000e+01
1.100e+01
8.000e+00
9.000e+00
1.200e+01
6.000e+00
2.000e+01
1.500e+01
1.200e+01
2.000e+01
1.900e+01
1.700e+01
2.200e+01
3.300e+01
2.000e+01
2.400e+01
2.800e+01
4.300e+01
4.800e+01
5.800e+01
7.100e+01
4.800e+01
5.700e+01
8.000e+01
1.020e+02
1.080e+02
1.180e+02
1.410e+02
1.600e+02
1.980e+02
2.410e+02
3.720e+02
4.000e+02
5.140e+02
6.600e+02
8.140e+02
1.045e+03
1.403e+03
1.997e+03
2.500e+03
3.000e+03
3.832e+03
4.625e+03
6.293e+03
7.679e+03
9.087e+03
1.235e+04
1.710e+04
2.154e+04
1.809e+04
1.687e+04
1.625e+04
1.564e+04
1.537e+04
1.444e+04
1.411e+04
1.344e+04
1.267e+04
1.211e+04
1.105e+04
1.093e+04
1.067e+04
1.022e+04
9.814e+03
9.670e+03
9.643e+03
8.644e+03
8.267e+03
7.613e+03
7.231e+03
6.902e+03
6.393e+03
6.605e+03
6.528e+03
5.591e+03
4.501e+03
3.978e+03
3.778e+03
3.532e+03
3.243e+03
3.211e+03
3.205e+03
3.111e+03
3.057e+03
2.969e+03
2.777e+03
2.789e+03
2.794e+03
2.881e+03
2.601e+03
2.370e+03
2.341e+03
2.325e+03
2.210e+03
1.947e+03
1.728e+03
1.393e+03
1.446e+03
1.428e+03
1.175e+03
1.132e+03
9.570e+02
8.190e+02
7.850e+02
7.040e+02
6.850e+02
6.140e+02
6.360e+02
6.150e+02
6.410e+02
6.700e+02
6.280e+02
6.460e+02
6.910e+02
6.580e+02
7.830e+02
8.200e+02
8.590e+02
9.060e+02
1.005e+03
1.057e+03
1.285e+03
1.406e+03
1.496e+03
1.745e+03
1.848e+03
2.167e+03
2.430e+03
2.767e+03
2.813e+03
2.890e+03
3.018e+03
3.000e+03
3.117e+03
2.992e+03
3.014e+03
3.044e+03
3.074e+03
3.094e+03
3.034e+03
3.103e+03
3.088e+03
3.063e+03
3.041e+03
2.863e+03
2.930e+03
3.027e+03
3.295e+03
3.557e+03
3.502e+03
3.457e+03
3.573e+03
3.864e+03
4.133e+03
4.590e+03
4.277e+03
4.336e+03
4.327e+03
4.380e+03
4.537e+03
4.486e+03
4.896e+03
5.112e+03
5.566e+03
4.920e+03
5.037e+03
4.795e+03
4.587e+03
4.525e+03
4.742e+03
4.480e+03
4.846e+03
4.699e+03
4.297e+03
3.963e+03
3.505e+03
3.495e+03
3.525e+03
3.329e+03
3.246e+03
3.143e+03
2.919e+03
2.946e+03
2.916e+03
3.057e+03
3.109e+03
3.111e+03
3.064e+03
2.957e+03
3.178e+03
2.917e+03
3.083e+03
2.989e+03
3.104e+03
2.966e+03
2.984e+03
2.922e+03
2.631e+03
2.613e+03
2.382e+03
2.030e+03
1.955e+03
1.685e+03
1.579e+03
1.383e+03
1.271e+03
1.144e+03
9.430e+02
9.060e+02
8.740e+02
7.580e+02
7.280e+02
7.140e+02
6.780e+02
6.500e+02
6.090e+02
6.920e+02
6.640e+02
6.680e+02
7.460e+02
6.720e+02
6.980e+02
7.480e+02
8.160e+02
8.960e+02
9.810e+02
1.194e+03
1.336e+03
1.474e+03
1.415e+03
1.459e+03
1.735e+03
2.023e+03
2.185e+03
2.319e+03
2.493e+03
2.516e+03
2.663e+03
2.814e+03
2.789e+03
2.888e+03
2.925e+03
3.027e+03
3.009e+03
3.178e+03
3.259e+03
3.314e+03
3.259e+03
3.631e+03
3.800e+03
4.212e+03
4.671e+03
5.712e+03
6.719e+03
6.561e+03
6.598e+03
7.069e+03
7.162e+03
7.451e+03
8.142e+03
8.820e+03
9.638e+03
9.768e+03
9.901e+03
1.029e+04
1.047e+04
1.058e+04
1.090e+04
1.162e+04
1.183e+04
1.235e+04
1.306e+04
1.358e+04
1.434e+04
1.525e+04
1.559e+04
1.612e+04
1.791e+04
2.123e+04
1.660e+04
1.157e+04
8.706e+03
7.380e+03
5.862e+03
4.244e+03
3.498e+03
2.854e+03
2.363e+03
1.920e+03
1.331e+03
1.051e+03
7.950e+02
6.340e+02
5.120e+02
3.610e+02
2.960e+02
2.530e+02
1.870e+02
1.470e+02
1.400e+02
1.400e+02
1.060e+02
8.800e+01
9.200e+01
6.600e+01
5.200e+01
6.900e+01
4.300e+01
3.700e+01
3.900e+01
3.800e+01
4.300e+01
3.600e+01
2.400e+01
1.800e+01
2.400e+01
1.900e+01
1.700e+01
1.700e+01
9.000e+00
1.200e+01
1.500e+01
1.100e+01
9.000e+00
5.000e+00
1.500e+01
1.800e+01
9.000e+00
6.000e+00
1.200e+01
1.100e+01
1.100e+01
9.000e+00
1.200e+01
8.000e+00
1.000e+01
6.000e+00
8.000e+00
1.100e+01
1.200e+01
6.000e+00
8.000e+00
1.300e+01
