1.490e+02
3.300e+01
2.600e+01
3.000e+01
2.700e+01
2.600e+01
2.100e+01
2.600e+01
2.600e+01
2.700e+01
3.100e+01
2.200e+01
3.200e+01
4.100e+01
3.100e+01
3.500e+01
5.400e+01
4.600e+01
4.800e+01
5.300e+01
7.500e+01
6.400e+01
7.800e+01
1.030e+02
8.900e+01
1.050e+02
1.300e+02
1.270e+02
1.570e+02
1.800e+02
1.800e+02
2.140e+02
2.520e+02
2.300e+02
2.580e+02
2.830e+02
3.540e+02
3.740e+02
4.340e+02
5.550e+02
6.510e+02
8.260e+02
9.910e+02
1.154e+03
1.388e+03
1.541e+03
1.730e+03
2.211e+03
2.682e+03
3.026e+03
3.612e+03
4.318e+03
5.313e+03
5.489e+03
6.162e+03
6.488e+03
6.671e+03
6.980e+03
7.528e+03
8.111e+03
9.478e+03
1.073e+04
1.234e+04
1.531e+04
2.022e+04
2.524e+04
2.145e+04
2.031e+04
2.029e+04
1.931e+04
1.878e+04
1.843e+04
1.830e+04
1.781e+04
1.643e+04
1.663e+04
1.510e+04
1.512e+04
1.378e+04
1.257e+04
1.181e+04
1.150e+04
1.119e+04
1.005e+04
9.070e+03
7.723e+03
6.393e+03
5.449e+03
4.627e+03
4.193e+03
3.947e+03
3.844e+03
3.561e+03
3.152e+03
2.808e+03
2.481e+03
2.404e+03
2.423e+03
2.308e+03
2.008e+03
1.792e+03
1.549e+03
1.404e+03
1.257e+03
1.125e+03
1.023e+03
9.610e+02
8.750e+02
8.120e+02
8.370e+02
7.710e+02
7.950e+02
7.840e+02
6.970e+02
7.600e+02
7.980e+02
6.980e+02
7.390e+02
7.570e+02
7.890e+02
7.140e+02
6.250e+02
6.180e+02
5.410e+02
5.850e+02
6.290e+02
7.080e+02
7.660e+02
7.310e+02
8.480e+02
9.160e+02
9.610e+02
1.146e+03
1.191e+03
1.319e+03
1.499e+03
1.735e+03
2.058e+03
2.370e+03
2.485e+03
2.575e+03
2.891e+03
2.918e+03
3.341e+03
3.726e+03
4.108e+03
4.313e+03
4.378e+03
4.767e+03
4.868e+03
5.123e+03
5.585e+03
6.287e+03
6.521e+03
6.491e+03
6.857e+03
7.260e+03
8.366e+03
8.850e+03
9.086e+03
8.500e+03
8.351e+03
8.722e+03
9.413e+03
9.527e+03
9.478e+03
9.125e+03
9.192e+03
1.027e+04
1.073e+04
1.096e+04
1.034e+04
9.725e+03
9.861e+03
9.512e+03
9.099e+03
8.261e+03
7.911e+03
8.413e+03
8.218e+03
8.572e+03
7.926e+03
8.297e+03
7.855e+03
7.962e+03
8.424e+03
8.787e+03
8.651e+03
8.943e+03
9.088e+03
9.264e+03
9.514e+03
8.630e+03
7.878e+03
7.830e+03
7.884e+03
7.893e+03
7.643e+03
7.549e+03
7.514e+03
7.373e+03
7.827e+03
7.672e+03
7.301e+03
6.888e+03
6.393e+03
6.515e+03
6.263e+03
6.590e+03
5.826e+03
5.336e+03
4.858e+03
4.731e+03
4.429e+03
4.047e+03
3.994e+03
3.566e+03
3.290e+03
3.122e+03
2.935e+03
2.874e+03
2.859e+03
2.657e+03
2.318e+03
1.882e+03
1.618e+03
1.425e+03
1.238e+03
1.111e+03
1.107e+03
9.650e+02
8.910e+02
8.190e+02
7.990e+02
6.920e+02
6.750e+02
6.780e+02
5.680e+02
5.870e+02
6.360e+02
7.210e+02
8.410e+02
7.960e+02
7.530e+02
7.780e+02
8.430e+02
7.480e+02
6.630e+02
7.120e+02
7.710e+02
7.260e+02
7.780e+02
8.420e+02
8.240e+02
8.170e+02
9.260e+02
1.031e+03
1.197e+03
1.220e+03
1.477e+03
1.659e+03
1.841e+03
1.932e+03
2.087e+03
2.167e+03
2.379e+03
2.793e+03
3.236e+03
3.743e+03
4.042e+03
4.325e+03
4.503e+03
4.968e+03
5.626e+03
6.587e+03
7.713e+03
9.122e+03
1.047e+04
1.125e+04
1.189e+04
1.208e+04
1.334e+04
1.451e+04
1.509e+04
1.561e+04
1.699e+04
1.761e+04
1.814e+04
1.885e+04
1.920e+04
1.976e+04
2.083e+04
2.079e+04
2.096e+04
2.241e+04
2.621e+04
2.105e+04
1.602e+04
1.303e+04
1.114e+04
9.349e+03
7.903e+03
7.104e+03
6.892e+03
6.345e+03
6.089e+03
5.658e+03
5.338e+03
5.218e+03
4.472e+03
3.614e+03
3.183e+03
2.889e+03
2.446e+03
2.053e+03
1.764e+03
1.512e+03
1.407e+03
1.254e+03
9.570e+02
9.030e+02
6.410e+02
5.410e+02
5.140e+02
3.940e+02
3.530e+02
3.170e+02
2.660e+02
2.150e+02
1.920e+02
1.850e+02
1.980e+02
1.460e+02
1.410e+02
1.260e+02
1.050e+02
9.900e+01
1.010e+02
1.020e+02
7.200e+01
5.800e+01
6.100e+01
5.000e+01
4.100e+01
5.200e+01
3.800e+01
3.900e+01
3.000e+01
3.100e+01
4.200e+01
2.500e+01
3.800e+01
3.000e+01
2.300e+01
2.500e+01
1.900e+01
2.100e+01
3.300e+01
2.000e+01
3.600e+01
