6.970e+02
2.130e+02
1.640e+02
1.580e+02
1.410e+02
1.250e+02
1.300e+02
1.440e+02
1.400e+02
1.310e+02
1.470e+02
1.370e+02
1.360e+02
1.440e+02
1.050e+02
1.260e+02
1.490e+02
1.550e+02
1.400e+02
1.510e+02
1.680e+02
1.690e+02
2.050e+02
2.280e+02
2.220e+02
2.360e+02
2.830e+02
2.850e+02
3.220e+02
3.560e+02
3.750e+02
3.910e+02
4.800e+02
4.770e+02
5.040e+02
5.670e+02
6.850e+02
6.950e+02
7.210e+02
8.780e+02
1.056e+03
1.222e+03
1.377e+03
1.573e+03
1.874e+03
2.097e+03
2.313e+03
2.890e+03
3.486e+03
3.868e+03
4.514e+03
5.415e+03
6.601e+03
6.915e+03
7.789e+03
8.290e+03
8.959e+03
9.608e+03
1.029e+04
1.140e+04
1.368e+04
1.529e+04
1.727e+04
2.001e+04
2.453e+04
2.969e+04
2.636e+04
2.555e+04
2.587e+04
2.538e+04
2.480e+04
2.402e+04
2.350e+04
2.281e+04
2.118e+04
2.116e+04
1.965e+04
1.966e+04
1.811e+04
1.660e+04
1.563e+04
1.537e+04
1.520e+04
1.385e+04
1.293e+04
1.161e+04
1.065e+04
9.828e+03
8.998e+03
9.110e+03
9.051e+03
8.163e+03
7.053e+03
6.326e+03
5.907e+03
5.490e+03
5.273e+03
5.367e+03
5.332e+03
4.990e+03
4.700e+03
4.474e+03
4.124e+03
4.008e+03
4.014e+03
4.026e+03
3.700e+03
3.448e+03
3.426e+03
3.512e+03
3.450e+03
3.289e+03
3.223e+03
2.857e+03
2.926e+03
3.052e+03
2.929e+03
3.532e+03
3.934e+03
3.589e+03
2.766e+03
2.344e+03
2.333e+03
2.120e+03
2.077e+03
1.957e+03
2.001e+03
2.060e+03
1.985e+03
2.035e+03
1.966e+03
1.991e+03
2.084e+03
2.180e+03
2.204e+03
2.302e+03
2.537e+03
2.826e+03
3.211e+03
3.248e+03
3.349e+03
3.717e+03
3.780e+03
4.170e+03
4.687e+03
5.326e+03
5.135e+03
5.151e+03
5.569e+03
5.660e+03
5.916e+03
6.413e+03
7.091e+03
7.343e+03
7.330e+03
7.748e+03
8.142e+03
9.278e+03
9.686e+03
9.920e+03
9.370e+03
9.270e+03
9.658e+03
1.026e+04
1.047e+04
1.039e+04
1.010e+04
1.025e+04
1.138e+04
1.170e+04
1.198e+04
1.137e+04
1.072e+04
1.081e+04
1.040e+04
1.007e+04
9.257e+03
8.961e+03
9.593e+03
9.556e+03
1.119e+04
9.158e+03
9.362e+03
8.797e+03
8.810e+03
9.166e+03
9.567e+03
9.439e+03
9.775e+03
9.876e+03
1.016e+04
1.041e+04
9.544e+03
8.673e+03
8.596e+03
8.591e+03
8.564e+03
8.281e+03
8.163e+03
8.167e+03
7.988e+03
8.487e+03
8.285e+03
7.942e+03
7.545e+03
7.062e+03
7.184e+03
6.932e+03
7.248e+03
6.455e+03
6.034e+03
5.486e+03
5.467e+03
5.111e+03
4.816e+03
5.170e+03
4.424e+03
4.027e+03
3.854e+03
3.702e+03
3.599e+03
3.596e+03
3.404e+03
3.077e+03
2.606e+03
2.344e+03
2.204e+03
2.021e+03
1.936e+03
1.965e+03
1.938e+03
1.890e+03
1.895e+03
2.027e+03
2.045e+03
2.111e+03
2.298e+03
2.308e+03
2.314e+03
2.523e+03
2.897e+03
3.740e+03
4.053e+03
3.454e+03
3.008e+03
2.882e+03
2.826e+03
2.804e+03
3.077e+03
3.256e+03
3.402e+03
3.609e+03
3.689e+03
3.733e+03
3.915e+03
4.012e+03
4.066e+03
4.166e+03
4.252e+03
4.511e+03
4.647e+03
4.931e+03
4.972e+03
5.209e+03
5.112e+03
5.572e+03
6.057e+03
6.637e+03
7.459e+03
8.637e+03
9.702e+03
9.492e+03
9.589e+03
1.030e+04
1.096e+04
1.188e+04
1.314e+04
1.450e+04
1.537e+04
1.593e+04
1.622e+04
1.744e+04
1.889e+04
1.966e+04
2.013e+04
2.161e+04
2.238e+04
2.316e+04
2.422e+04
2.493e+04
2.561e+04
2.713e+04
2.675e+04
2.641e+04
2.756e+04
3.092e+04
2.538e+04
2.071e+04
1.798e+04
1.569e+04
1.339e+04
1.121e+04
1.014e+04
9.625e+03
8.688e+03
8.122e+03
7.577e+03
6.998e+03
6.586e+03
5.663e+03
4.688e+03
4.132e+03
3.711e+03
3.240e+03
2.760e+03
2.376e+03
2.099e+03
1.956e+03
1.722e+03
1.385e+03
1.326e+03
1.005e+03
8.290e+02
8.370e+02
7.710e+02
6.470e+02
5.680e+02
4.720e+02
4.550e+02
3.900e+02
3.740e+02
3.650e+02
3.160e+02
2.850e+02
2.820e+02
2.620e+02
2.270e+02
2.200e+02
2.020e+02
1.870e+02
1.780e+02
1.600e+02
1.500e+02
1.400e+02
1.570e+02
1.530e+02
1.340e+02
1.270e+02
1.370e+02
1.740e+02
1.600e+02
1.340e+02
1.330e+02
1.390e+02
1.500e+02
1.370e+02
1.360e+02
1.410e+02
1.610e+02
1.970e+02
