6.110e+03
3.999e+03
2.482e+03
1.523e+03
1.020e+03
9.030e+02
8.530e+02
7.820e+02
7.440e+02
7.300e+02
5.730e+02
4.560e+02
4.190e+02
3.900e+02
4.290e+02
4.720e+02
3.590e+02
3.470e+02
2.200e+02
2.190e+02
1.370e+02
9.600e+01
5.200e+01
4.000e+01
6.400e+01
4.800e+01
3.900e+01
5.000e+01
5.100e+01
3.300e+01
2.600e+01
5.300e+01
1.000e+02
6.600e+01
3.100e+01
2.700e+01
4.500e+01
5.300e+01
5.600e+01
8.400e+01
8.000e+01
8.800e+01
1.080e+02
9.800e+01
1.230e+02
1.520e+02
1.430e+02
1.990e+02
2.160e+02
2.670e+02
2.720e+02
2.400e+02
2.470e+02
2.660e+02
2.240e+02
2.040e+02
1.780e+02
2.610e+02
2.860e+02
2.930e+02
2.620e+02
1.730e+02
1.350e+02
1.000e+02
7.400e+01
5.500e+01
4.600e+01
4.900e+01
4.700e+01
6.400e+01
4.600e+01
3.500e+01
6.000e+01
2.200e+01
2.000e+01
1.400e+01
6.000e+00
1.100e+01
6.000e+00
1.100e+01
2.000e+00
3.000e+00
1.000e+00
3.000e+00
1.000e+00
2.000e+00
3.000e+00
1.000e+00
6.000e+00
1.200e+01
6.000e+00
4.000e+00
5.000e+00
1.000e+00
7.000e+00
6.000e+00
3.000e+00
4.000e+00
2.000e+00
5.000e+00
4.000e+00
2.000e+00
2.000e+00
1.000e+00
1.000e+00
1.000e+00
0.000e+00
0.000e+00
0.000e+00
1.000e+00
0.000e+00
0.000e+00
0.000e+00
0.000e+00
0.000e+00
1.000e+00
0.000e+00
0.000e+00
0.000e+00
2.000e+00
0.000e+00
0.000e+00
0.000e+00
0.000e+00
0.000e+00
0.000e+00
0.000e+00
0.000e+00
0.000e+00
0.000e+00
0.000e+00
0.000e+00
0.000e+00
0.000e+00
0.000e+00
0.000e+00
0.000e+00
0.000e+00
0.000e+00
0.000e+00
0.000e+00
0.000e+00
0.000e+00
0.000e+00
0.000e+00
0.000e+00
0.000e+00
0.000e+00
0.000e+00
0.000e+00
0.000e+00
0.000e+00
0.000e+00
0.000e+00
0.000e+00
0.000e+00
0.000e+00
0.000e+00
0.000e+00
0.000e+00
0.000e+00
0.000e+00
0.000e+00
0.000e+00
0.000e+00
0.000e+00
0.000e+00
0.000e+00
0.000e+00
0.000e+00
0.000e+00
0.000e+00
0.000e+00
0.000e+00
0.000e+00
0.000e+00
0.000e+00
0.000e+00
0.000e+00
0.000e+00
0.000e+00
0.000e+00
0.000e+00
0.000e+00
0.000e+00
0.000e+00
0.000e+00
0.000e+00
0.000e+00
0.000e+00
0.000e+00
0.000e+00
0.000e+00
0.000e+00
0.000e+00
0.000e+00
0.000e+00
0.000e+00
0.000e+00
0.000e+00
0.000e+00
0.000e+00
0.000e+00
0.000e+00
0.000e+00
0.000e+00
0.000e+00
0.000e+00
0.000e+00
0.000e+00
0.000e+00
0.000e+00
0.000e+00
0.000e+00
0.000e+00
0.000e+00
0.000e+00
0.000e+00
0.000e+00
0.000e+00
0.000e+00
0.000e+00
0.000e+00
0.000e+00
0.000e+00
0.000e+00
0.000e+00
0.000e+00
0.000e+00
0.000e+00
0.000e+00
0.000e+00
0.000e+00
0.000e+00
2.000e+00
0.000e+00
0.000e+00
0.000e+00
0.000e+00
1.000e+00
0.000e+00
0.000e+00
0.000e+00
0.000e+00
0.000e+00
1.000e+00
0.000e+00
0.000e+00
1.000e+00
0.000e+00
1.000e+00
0.000e+00
0.000e+00
0.000e+00
0.000e+00
1.000e+00
0.000e+00
0.000e+00
2.000e+00
1.000e+00
0.000e+00
6.000e+00
0.000e+00
2.000e+00
2.000e+00
2.000e+00
4.000e+00
0.000e+00
3.000e+00
3.000e+00
4.000e+00
1.000e+00
1.000e+00
1.000e+00
0.000e+00
0.000e+00
1.000e+00
2.000e+00
2.000e+00
3.000e+00
2.000e+00
4.000e+00
5.000e+00
9.000e+00
1.500e+01
1.300e+01
2.000e+01
2.100e+01
4.300e+01
4.200e+01
4.200e+01
4.100e+01
3.600e+01
4.900e+01
6.100e+01
6.400e+01
6.100e+01
9.600e+01
1.000e+02
1.220e+02
2.230e+02
2.850e+02
2.420e+02
2.050e+02
1.760e+02
2.050e+02
2.050e+02
2.130e+02
2.080e+02
1.970e+02
2.020e+02
1.820e+02
1.740e+02
1.980e+02
1.640e+02
1.310e+02
9.400e+01
1.030e+02
9.400e+01
9.100e+01
8.400e+01
7.500e+01
5.600e+01
7.100e+01
6.500e+01
5.700e+01
4.500e+01
3.900e+01
6.300e+01
4.700e+01
4.300e+01
4.600e+01
5.800e+01
7.400e+01
1.390e+02
2.200e+02
2.730e+02
1.010e+02
6.800e+01
1.020e+02
1.350e+02
1.830e+02
2.300e+02
2.360e+02
2.530e+02
2.950e+02
2.980e+02
3.280e+02
4.980e+02
4.930e+02
3.750e+02
3.550e+02
4.010e+02
5.200e+02
6.840e+02
8.300e+02
1.080e+03
1.309e+03
2.115e+03
3.532e+03
