8.170e+03
2.974e+03
1.680e+03
1.029e+03
6.300e+02
4.460e+02
2.880e+02
2.510e+02
1.840e+02
1.990e+02
1.470e+02
1.950e+02
1.490e+02
1.530e+02
1.840e+02
1.600e+02
1.510e+02
1.520e+02
1.340e+02
9.500e+01
1.530e+02
1.650e+02
8.100e+01
7.100e+01
7.200e+01
6.900e+01
6.400e+01
7.500e+01
6.100e+01
9.100e+01
6.600e+01
6.900e+01
8.700e+01
5.800e+01
9.600e+01
9.400e+01
6.300e+01
5.400e+01
6.800e+01
4.400e+01
7.500e+01
6.100e+01
8.600e+01
1.620e+02
1.000e+02
7.900e+01
9.200e+01
1.670e+02
1.280e+02
6.900e+01
7.300e+01
7.500e+01
5.500e+01
4.700e+01
4.600e+01
9.700e+01
8.100e+01
9.900e+01
1.110e+02
2.500e+02
1.460e+02
9.800e+01
8.000e+01
1.070e+02
7.800e+01
9.500e+01
1.610e+02
8.500e+01
7.400e+01
5.600e+01
6.800e+01
8.200e+01
6.400e+01
4.600e+01
1.060e+02
7.700e+01
8.300e+01
9.900e+01
1.270e+02
1.470e+02
1.820e+02
2.810e+02
2.610e+02
1.670e+02
1.770e+02
1.070e+02
1.170e+02
1.060e+02
1.480e+02
1.940e+02
2.370e+02
2.510e+02
3.080e+02
3.870e+02
4.830e+02
7.690e+02
1.196e+03
9.460e+02
7.670e+02
5.530e+02
6.440e+02
5.340e+02
4.220e+02
5.230e+02
7.120e+02
1.121e+03
1.627e+03
2.102e+03
2.556e+03
2.785e+03
2.913e+03
2.534e+03
1.908e+03
1.358e+03
9.040e+02
7.160e+02
5.240e+02
4.060e+02
3.770e+02
4.210e+02
3.440e+02
2.300e+02
1.650e+02
1.620e+02
1.470e+02
1.290e+02
1.400e+02
1.170e+02
1.360e+02
1.710e+02
2.550e+02
2.830e+02
1.980e+02
2.030e+02
1.590e+02
1.590e+02
2.180e+02
1.710e+02
2.010e+02
1.610e+02
1.320e+02
1.410e+02
1.690e+02
1.380e+02
1.710e+02
1.540e+02
1.650e+02
1.660e+02
1.620e+02
1.380e+02
1.160e+02
8.700e+01
1.000e+02
9.000e+01
9.100e+01
9.100e+01
1.070e+02
1.100e+02
1.010e+02
9.400e+01
7.700e+01
6.300e+01
6.700e+01
5.800e+01
4.500e+01
5.200e+01
4.100e+01
3.300e+01
3.500e+01
4.100e+01
3.800e+01
4.600e+01
2.900e+01
3.300e+01
5.800e+01
4.000e+01
3.700e+01
3.300e+01
5.400e+01
5.400e+01
4.860e+02
6.100e+01
4.500e+01
3.300e+01
3.100e+01
4.600e+01
5.600e+01
4.400e+01
4.400e+01
5.600e+01
3.600e+01
4.100e+01
2.200e+01
4.400e+01
3.500e+01
3.500e+01
3.400e+01
5.300e+01
6.300e+01
7.400e+01
6.700e+01
9.700e+01
1.140e+02
1.040e+02
1.060e+02
8.400e+01
8.700e+01
9.400e+01
9.400e+01
8.800e+01
1.180e+02
1.200e+02
1.550e+02
2.040e+02
1.760e+02
1.770e+02
1.770e+02
1.550e+02
1.730e+02
1.680e+02
1.330e+02
1.260e+02
2.150e+02
1.830e+02
1.500e+02
1.400e+02
1.410e+02
1.470e+02
2.010e+02
2.340e+02
2.180e+02
1.910e+02
1.550e+02
1.430e+02
1.210e+02
1.330e+02
1.520e+02
1.510e+02
1.820e+02
2.770e+02
4.190e+02
4.400e+02
3.740e+02
4.360e+02
5.060e+02
7.130e+02
9.700e+02
1.354e+03
2.041e+03
2.847e+03
3.005e+03
2.582e+03
2.280e+03
1.757e+03
1.269e+03
1.035e+03
6.530e+02
4.930e+02
4.150e+02
5.540e+02
6.400e+02
5.690e+02
7.670e+02
9.430e+02
1.085e+03
7.490e+02
5.860e+02
4.340e+02
3.480e+02
2.440e+02
2.820e+02
2.930e+02
1.890e+02
1.350e+02
1.540e+02
2.270e+02
3.110e+02
4.260e+02
3.780e+02
2.600e+02
1.650e+02
1.550e+02
1.210e+02
9.300e+01
7.100e+01
8.500e+01
9.800e+01
7.600e+01
6.900e+01
8.300e+01
6.100e+01
6.100e+01
1.170e+02
1.210e+02
2.010e+02
1.230e+02
1.010e+02
1.010e+02
8.700e+01
9.800e+01
1.660e+02
2.470e+02
1.200e+02
1.220e+02
1.060e+02
1.330e+02
6.000e+01
5.300e+01
4.600e+01
6.800e+01
7.900e+01
7.700e+01
1.270e+02
1.610e+02
1.070e+02
7.300e+01
1.030e+02
1.520e+02
8.100e+01
5.200e+01
5.900e+01
4.600e+01
7.200e+01
6.400e+01
6.400e+01
9.300e+01
1.100e+02
6.300e+01
5.800e+01
7.200e+01
6.800e+01
8.900e+01
1.010e+02
7.200e+01
6.900e+01
6.900e+01
6.500e+01
8.700e+01
9.200e+01
1.890e+02
1.720e+02
1.140e+02
1.510e+02
1.530e+02
1.520e+02
1.490e+02
1.520e+02
1.460e+02
1.540e+02
1.620e+02
1.340e+02
1.770e+02
1.820e+02
2.010e+02
2.650e+02
4.340e+02
7.460e+02
1.149e+03
1.959e+03
3.220e+03
