4.426e+03
8.790e+02
2.980e+02
1.260e+02
9.700e+01
7.600e+01
3.700e+01
5.900e+01
6.700e+01
6.500e+01
5.700e+01
5.400e+01
7.000e+01
6.500e+01
5.400e+01
2.300e+01
1.700e+01
6.000e+00
1.500e+01
1.800e+01
1.200e+01
9.000e+00
8.000e+00
1.000e+01
1.300e+01
1.200e+01
1.200e+01
9.000e+00
5.000e+00
2.000e+00
1.400e+01
4.000e+00
1.000e+00
1.000e+00
3.000e+00
3.000e+00
2.000e+00
0.000e+00
2.000e+00
0.000e+00
1.000e+00
4.000e+00
2.000e+00
1.000e+00
4.000e+00
3.000e+00
2.000e+00
2.000e+00
1.000e+00
7.000e+00
2.000e+00
1.000e+00
7.000e+00
1.000e+00
1.000e+00
1.000e+00
0.000e+00
2.000e+00
2.000e+00
5.000e+00
2.000e+00
4.000e+00
1.000e+00
3.000e+00
4.000e+00
1.000e+00
1.000e+00
2.000e+00
2.000e+00
3.000e+00
0.000e+00
1.000e+00
2.000e+00
3.000e+00
0.000e+00
1.000e+00
1.000e+00
6.000e+00
1.000e+00
2.000e+00
1.000e+00
0.000e+00
0.000e+00
0.000e+00
0.000e+00
0.000e+00
0.000e+00
0.000e+00
1.000e+00
0.000e+00
0.000e+00
6.000e+00
1.000e+00
1.000e+00
0.000e+00
1.000e+00
1.000e+00
0.000e+00
0.000e+00
0.000e+00
0.000e+00
0.000e+00
2.000e+00
0.000e+00
1.000e+00
0.000e+00
0.000e+00
4.000e+00
2.000e+00
4.000e+00
2.000e+00
3.000e+00
1.000e+00
4.000e+00
3.000e+00
2.000e+00
0.000e+00
1.000e+00
1.000e+00
0.000e+00
2.000e+00
0.000e+00
1.000e+00
7.000e+00
2.000e+00
1.000e+00
5.000e+00
4.000e+00
0.000e+00
1.000e+00
3.000e+00
3.000e+00
0.000e+00
1.000e+00
1.000e+00
1.000e+00
3.000e+00
0.000e+00
1.000e+00
3.000e+00
1.000e+00
1.000e+00
3.000e+00
3.000e+00
3.000e+00
3.000e+00
0.000e+00
0.000e+00
0.000e+00
1.000e+00
5.000e+00
5.000e+00
3.000e+00
4.000e+00
4.000e+00
7.000e+00
7.000e+00
8.000e+00
5.000e+00
1.000e+01
1.000e+01
1.700e+01
9.000e+00
2.100e+01
1.500e+01
2.700e+01
2.800e+01
4.000e+01
5.100e+01
5.200e+01
4.800e+01
6.000e+01
5.700e+01
5.200e+01
7.700e+01
7.000e+01
1.000e+02
1.660e+02
3.310e+02
1.029e+03
4.933e+03
9.840e+02
3.250e+02
1.500e+02
1.130e+02
6.500e+01
6.500e+01
7.300e+01
4.600e+01
6.300e+01
5.900e+01
6.700e+01
4.600e+01
4.500e+01
3.600e+01
1.900e+01
1.300e+01
9.000e+00
1.200e+01
1.200e+01
1.300e+01
5.000e+00
8.000e+00
1.200e+01
1.000e+01
4.000e+00
7.000e+00
8.000e+00
7.000e+00
6.000e+00
4.000e+00
6.000e+00
5.000e+00
5.000e+00
1.000e+00
0.000e+00
1.000e+00
1.000e+00
2.000e+00
2.000e+00
0.000e+00
1.000e+00
2.000e+00
1.000e+00
0.000e+00
1.000e+00
4.000e+00
2.000e+00
2.000e+00
1.000e+00
2.000e+00
2.000e+00
1.000e+00
3.000e+00
1.000e+00
3.000e+00
5.000e+00
5.000e+00
2.000e+00
6.000e+00
1.000e+00
1.000e+00
1.000e+00
3.000e+00
0.000e+00
3.000e+00
3.000e+00
0.000e+00
2.000e+00
1.000e+00
2.000e+00
0.000e+00
0.000e+00
0.000e+00
0.000e+00
0.000e+00
0.000e+00
1.000e+00
1.000e+00
1.000e+00
1.000e+00
5.000e+00
0.000e+00
2.000e+00
0.000e+00
3.000e+00
0.000e+00
0.000e+00
3.000e+00
5.000e+00
0.000e+00
0.000e+00
1.000e+00
0.000e+00
0.000e+00
2.000e+00
0.000e+00
3.000e+00
1.000e+00
1.000e+00
1.000e+00
1.000e+00
1.000e+00
6.000e+00
2.000e+00
2.000e+00
3.000e+00
1.000e+00
1.000e+00
1.000e+00
0.000e+00
3.000e+00
2.000e+00
0.000e+00
0.000e+00
3.000e+00
4.000e+00
2.000e+00
3.000e+00
4.000e+00
2.000e+00
4.000e+00
5.000e+00
2.000e+00
1.000e+00
0.000e+00
2.000e+00
2.000e+00
2.000e+00
1.000e+00
4.000e+00
0.000e+00
3.000e+00
1.000e+00
1.000e+00
1.000e+00
2.000e+00
2.000e+00
1.000e+00
2.000e+00
1.000e+00
0.000e+00
1.000e+00
4.000e+00
1.000e+00
2.000e+00
1.000e+00
4.000e+00
4.000e+00
6.000e+00
4.000e+00
6.000e+00
5.000e+00
7.000e+00
7.000e+00
6.000e+00
1.000e+01
9.000e+00
6.000e+00
3.000e+00
6.000e+00
1.700e+01
8.000e+00
1.400e+01
1.700e+01
1.700e+01
3.800e+01
5.100e+01
5.600e+01
5.200e+01
5.100e+01
6.900e+01
7.200e+01
6.200e+01
5.800e+01
8.600e+01
9.700e+01
1.390e+02
2.920e+02
8.480e+02
