1.309e+03
2.630e+02
1.870e+02
1.480e+02
1.090e+02
9.000e+01
8.100e+01
8.500e+01
6.100e+01
4.800e+01
3.500e+01
2.900e+01
2.600e+01
2.400e+01
2.100e+01
2.500e+01
1.200e+01
1.800e+01
2.600e+01
2.700e+01
1.500e+01
2.500e+01
2.100e+01
1.300e+01
1.400e+01
1.800e+01
2.200e+01
1.600e+01
2.200e+01
2.000e+01
1.400e+01
2.000e+01
1.600e+01
1.300e+01
1.900e+01
2.400e+01
2.300e+01
2.400e+01
1.500e+01
2.000e+01
2.500e+01
2.000e+01
1.500e+01
2.300e+01
2.400e+01
2.700e+01
1.600e+01
2.000e+01
2.100e+01
2.000e+01
2.000e+01
2.000e+01
1.500e+01
2.400e+01
2.100e+01
2.500e+01
2.300e+01
2.500e+01
2.700e+01
2.300e+01
1.900e+01
2.700e+01
1.400e+01
2.300e+01
2.000e+01
2.100e+01
2.000e+01
1.900e+01
1.600e+01
1.600e+01
8.000e+00
1.600e+01
1.800e+01
1.200e+01
8.000e+00
1.300e+01
1.300e+01
1.400e+01
1.400e+01
7.000e+00
6.000e+00
1.200e+01
1.400e+01
9.000e+00
9.000e+00
1.400e+01
1.400e+01
1.300e+01
1.300e+01
9.000e+00
1.600e+01
5.000e+00
1.000e+01
7.000e+00
1.000e+01
1.300e+01
7.000e+00
1.200e+01
6.000e+00
7.000e+00
1.200e+01
7.000e+00
8.000e+00
7.000e+00
1.000e+01
9.000e+00
3.000e+00
1.600e+01
7.000e+00
1.200e+01
4.000e+00
9.000e+00
9.000e+00
9.000e+00
9.000e+00
1.300e+01
7.000e+00
1.200e+01
1.700e+01
8.000e+00
1.200e+01
1.100e+01
1.100e+01
1.700e+01
1.200e+01
1.100e+01
7.000e+00
9.000e+00
1.500e+01
1.400e+01
1.700e+01
5.000e+00
5.000e+00
8.000e+00
1.200e+01
9.000e+00
5.000e+00
7.000e+00
8.000e+00
1.200e+01
1.800e+01
1.300e+01
9.000e+00
1.500e+01
1.900e+01
2.000e+01
1.300e+01
2.000e+01
2.200e+01
1.600e+01
2.000e+01
1.600e+01
2.300e+01
1.900e+01
2.600e+01
2.200e+01
2.500e+01
2.700e+01
3.400e+01
3.600e+01
3.200e+01
3.300e+01
3.900e+01
5.900e+01
5.700e+01
8.500e+01
7.400e+01
8.200e+01
9.900e+01
1.530e+02
1.500e+02
2.270e+02
2.520e+02
3.260e+02
3.650e+02
5.050e+02
6.470e+02
7.930e+02
8.220e+02
1.072e+03
2.990e+03
9.990e+02
8.250e+02
7.100e+02
6.070e+02
4.840e+02
4.040e+02
3.100e+02
2.500e+02
2.190e+02
1.660e+02
1.230e+02
1.110e+02
8.900e+01
8.500e+01
6.100e+01
6.100e+01
4.700e+01
4.400e+01
3.100e+01
3.200e+01
2.800e+01
2.700e+01
2.700e+01
3.400e+01
1.600e+01
1.200e+01
2.100e+01
2.400e+01
2.300e+01
1.400e+01
2.000e+01
1.700e+01
1.900e+01
1.600e+01
2.300e+01
1.800e+01
1.100e+01
1.600e+01
1.000e+01
1.000e+01
2.100e+01
1.400e+01
1.200e+01
8.000e+00
1.100e+01
7.000e+00
6.000e+00
1.000e+01
1.400e+01
9.000e+00
1.300e+01
1.200e+01
7.000e+00
1.300e+01
1.000e+01
1.000e+01
1.100e+01
6.000e+00
1.400e+01
1.200e+01
7.000e+00
1.000e+01
1.300e+01
1.200e+01
1.200e+01
9.000e+00
8.000e+00
1.200e+01
1.300e+01
1.200e+01
1.200e+01
9.000e+00
1.400e+01
9.000e+00
9.000e+00
1.500e+01
1.000e+01
1.200e+01
1.000e+01
7.000e+00
8.000e+00
8.000e+00
5.000e+00
5.000e+00
1.200e+01
1.500e+01
1.500e+01
1.200e+01
1.200e+01
8.000e+00
1.500e+01
1.500e+01
1.200e+01
1.200e+01
1.300e+01
1.400e+01
1.000e+01
8.000e+00
9.000e+00
8.000e+00
1.900e+01
1.200e+01
9.000e+00
9.000e+00
7.000e+00
5.000e+00
9.000e+00
1.400e+01
1.500e+01
1.600e+01
2.000e+01
2.100e+01
2.200e+01
2.800e+01
1.900e+01
2.200e+01
1.900e+01
2.000e+01
3.900e+01
2.600e+01
2.200e+01
2.400e+01
2.200e+01
2.000e+01
1.600e+01
2.300e+01
1.900e+01
1.400e+01
1.500e+01
1.400e+01
1.900e+01
2.400e+01
1.600e+01
1.700e+01
1.700e+01
2.200e+01
1.800e+01
2.000e+01
1.700e+01
3.100e+01
2.200e+01
1.200e+01
2.000e+01
1.800e+01
2.000e+01
1.600e+01
2.200e+01
1.900e+01
1.500e+01
1.700e+01
2.200e+01
1.900e+01
1.200e+01
2.100e+01
2.800e+01
2.200e+01
1.300e+01
1.800e+01
2.500e+01
1.700e+01
1.300e+01
3.300e+01
1.500e+01
1.900e+01
2.400e+01
2.200e+01
3.300e+01
3.500e+01
3.800e+01
3.400e+01
4.500e+01
7.300e+01
6.600e+01
9.100e+01
1.000e+02
9.300e+01
1.330e+02
1.710e+02
2.800e+02
