2.000e+00
1.000e+00
3.000e+00
1.000e+00
3.000e+00
4.000e+00
3.000e+00
4.000e+00
3.000e+00
6.000e+00
8.000e+00
4.000e+00
7.000e+00
1.000e+00
6.000e+00
4.000e+00
2.000e+00
6.000e+00
4.000e+00
3.000e+00
4.000e+00
7.000e+00
1.100e+01
1.200e+01
1.200e+01
1.700e+01
1.700e+01
1.900e+01
1.700e+01
1.800e+01
3.900e+01
2.100e+01
3.200e+01
4.500e+01
6.500e+01
4.700e+01
8.200e+01
7.400e+01
9.500e+01
7.800e+01
1.240e+02
1.600e+02
1.740e+02
1.760e+02
2.310e+02
2.560e+02
2.660e+02
3.020e+02
3.140e+02
3.350e+02
3.720e+02
4.240e+02
4.940e+02
5.360e+02
5.930e+02
7.040e+02
7.740e+02
8.620e+02
1.012e+03
1.226e+03
1.306e+03
1.529e+03
1.730e+03
2.023e+03
1.823e+03
1.636e+03
1.613e+03
1.627e+03
1.659e+03
1.601e+03
1.417e+03
1.575e+03
1.576e+03
1.630e+03
1.580e+03
1.713e+03
1.842e+03
1.730e+03
1.775e+03
1.656e+03
1.578e+03
1.487e+03
1.141e+03
8.860e+02
8.090e+02
6.970e+02
6.600e+02
5.740e+02
4.780e+02
4.890e+02
4.670e+02
4.260e+02
4.240e+02
4.000e+02
4.040e+02
4.110e+02
4.280e+02
5.150e+02
4.670e+02
4.430e+02
4.490e+02
4.610e+02
3.730e+02
3.490e+02
2.950e+02
3.040e+02
2.570e+02
2.590e+02
2.670e+02
2.240e+02
1.760e+02
2.140e+02
1.920e+02
1.640e+02
1.810e+02
1.880e+02
2.090e+02
1.570e+02
1.660e+02
2.040e+02
1.350e+02
1.570e+02
1.600e+02
1.360e+02
1.720e+02
1.560e+02
1.600e+02
1.420e+02
1.800e+02
1.730e+02
1.570e+02
1.750e+02
1.500e+02
1.690e+02
1.570e+02
1.450e+02
1.120e+02
1.110e+02
1.030e+02
1.120e+02
1.310e+02
1.060e+02
1.020e+02
1.290e+02
1.190e+02
1.330e+02
1.610e+02
1.550e+02
1.580e+02
1.410e+02
2.070e+02
2.200e+02
2.090e+02
2.230e+02
2.150e+02
2.330e+02
1.910e+02
2.510e+02
1.970e+02
2.140e+02
1.740e+02
2.180e+02
2.360e+02
2.260e+02
1.830e+02
1.990e+02
2.310e+02
2.300e+02
1.880e+02
2.020e+02
1.940e+02
1.830e+02
2.160e+02
2.300e+02
3.390e+02
2.650e+02
2.310e+02
2.600e+02
2.630e+02
3.370e+02
7.880e+02
3.120e+02
2.520e+02
2.700e+02
2.460e+02
2.270e+02
3.070e+02
1.980e+02
1.900e+02
2.000e+02
1.910e+02
2.330e+02
2.100e+02
1.690e+02
1.750e+02
2.140e+02
1.820e+02
1.780e+02
1.900e+02
1.840e+02
1.580e+02
1.300e+02
1.510e+02
1.640e+02
1.370e+02
1.130e+02
1.350e+02
1.280e+02
1.700e+02
2.050e+02
1.500e+02
1.200e+02
1.480e+02
1.070e+02
1.140e+02
1.140e+02
1.150e+02
8.600e+01
7.500e+01
7.400e+01
9.000e+01
9.200e+01
8.300e+01
8.600e+01
1.030e+02
9.700e+01
1.090e+02
1.180e+02
1.190e+02
1.540e+02
1.720e+02
1.670e+02
2.040e+02
1.430e+02
1.680e+02
1.670e+02
1.790e+02
1.840e+02
1.780e+02
1.680e+02
1.610e+02
1.860e+02
1.990e+02
1.680e+02
1.730e+02
2.100e+02
2.110e+02
1.870e+02
2.050e+02
1.780e+02
1.950e+02
2.150e+02
2.700e+02
3.190e+02
2.880e+02
3.010e+02
3.500e+02
3.900e+02
4.380e+02
4.670e+02
4.690e+02
4.430e+02
4.090e+02
4.800e+02
4.880e+02
4.050e+02
4.670e+02
4.220e+02
4.630e+02
4.870e+02
4.500e+02
5.430e+02
5.430e+02
6.580e+02
6.950e+02
7.240e+02
9.010e+02
9.550e+02
1.128e+03
1.449e+03
1.582e+03
1.742e+03
1.884e+03
1.743e+03
1.843e+03
1.704e+03
1.630e+03
1.628e+03
1.564e+03
1.578e+03
1.447e+03
1.626e+03
1.617e+03
1.646e+03
1.664e+03
1.657e+03
1.712e+03
2.097e+03
1.731e+03
1.580e+03
1.367e+03
1.215e+03
1.062e+03
8.740e+02
7.940e+02
7.490e+02
6.060e+02
5.420e+02
5.280e+02
4.490e+02
3.930e+02
3.030e+02
3.150e+02
2.650e+02
2.650e+02
2.170e+02
1.980e+02
2.020e+02
1.840e+02
1.550e+02
1.160e+02
1.030e+02
7.500e+01
6.300e+01
9.100e+01
5.900e+01
5.600e+01
3.900e+01
4.100e+01
2.000e+01
2.100e+01
1.600e+01
2.100e+01
2.100e+01
1.300e+01
2.100e+01
1.300e+01
1.100e+01
9.000e+00
5.000e+00
8.000e+00
8.000e+00
6.000e+00
9.000e+00
8.000e+00
7.000e+00
5.000e+00
2.000e+00
4.000e+00
6.000e+00
6.000e+00
6.000e+00
8.000e+00
1.000e+00
5.000e+00
4.000e+00
1.000e+00
1.000e+00
4.000e+00
0.000e+00
