2.000e+00
3.000e+00
3.000e+00
2.000e+00
3.000e+00
1.000e+00
8.000e+00
7.000e+00
5.000e+00
2.000e+00
8.000e+00
5.000e+00
3.000e+00
4.000e+00
4.000e+00
9.000e+00
4.000e+00
4.000e+00
7.000e+00
4.000e+00
1.000e+01
6.000e+00
1.500e+01
1.500e+01
5.000e+00
1.200e+01
2.200e+01
1.800e+01
1.200e+01
2.100e+01
1.900e+01
2.200e+01
2.600e+01
2.400e+01
2.700e+01
2.800e+01
2.800e+01
3.000e+01
2.200e+01
4.400e+01
4.900e+01
3.800e+01
5.000e+01
4.800e+01
5.000e+01
6.300e+01
7.300e+01
8.500e+01
8.300e+01
9.000e+01
1.100e+02
1.160e+02
1.440e+02
1.080e+02
1.260e+02
1.170e+02
1.320e+02
1.520e+02
1.520e+02
2.110e+02
2.470e+02
2.380e+02
2.640e+02
2.360e+02
2.120e+02
2.210e+02
2.170e+02
1.860e+02
1.800e+02
1.550e+02
1.890e+02
1.450e+02
1.710e+02
1.430e+02
1.500e+02
1.620e+02
1.150e+02
1.070e+02
9.600e+01
8.500e+01
7.100e+01
7.900e+01
6.200e+01
8.200e+01
5.600e+01
6.900e+01
7.400e+01
6.200e+01
3.700e+01
3.000e+01
3.200e+01
3.400e+01
4.300e+01
2.700e+01
1.600e+01
1.800e+01
1.800e+01
1.600e+01
2.400e+01
2.900e+01
2.100e+01
1.900e+01
1.100e+01
1.700e+01
1.800e+01
1.300e+01
1.000e+01
1.900e+01
7.000e+00
1.900e+01
1.300e+01
1.200e+01
7.000e+00
7.000e+00
1.800e+01
1.400e+01
1.600e+01
1.600e+01
1.500e+01
4.000e+00
7.000e+00
5.000e+00
1.100e+01
8.000e+00
1.200e+01
1.200e+01
1.000e+01
9.000e+00
1.600e+01
7.000e+00
1.300e+01
1.400e+01
8.000e+00
1.100e+01
1.700e+01
1.500e+01
2.400e+01
2.400e+01
2.400e+01
1.800e+01
1.800e+01
2.400e+01
1.300e+01
1.400e+01
2.100e+01
1.500e+01
1.900e+01
2.600e+01
2.100e+01
4.300e+01
5.300e+01
5.700e+01
6.100e+01
6.200e+01
6.900e+01
7.400e+01
8.100e+01
9.300e+01
8.500e+01
8.500e+01
7.500e+01
1.150e+02
7.900e+01
1.020e+02
7.800e+01
1.040e+02
1.070e+02
1.130e+02
1.180e+02
1.100e+02
1.280e+02
1.440e+02
1.430e+02
1.280e+02
1.400e+02
1.900e+02
1.760e+02
1.980e+02
2.000e+02
2.290e+02
1.940e+02
2.130e+02
1.620e+02
2.070e+02
1.420e+02
1.300e+02
1.200e+02
1.200e+02
1.370e+02
1.310e+02
1.390e+02
1.230e+02
1.240e+02
1.030e+02
1.100e+02
1.050e+02
1.010e+02
1.220e+02
1.310e+02
1.250e+02
1.150e+02
1.050e+02
9.700e+01
9.300e+01
8.000e+01
8.100e+01
6.300e+01
6.600e+01
5.000e+01
4.000e+01
4.300e+01
3.200e+01
2.200e+01
2.100e+01
1.600e+01
1.300e+01
2.200e+01
1.400e+01
2.800e+01
3.500e+01
1.900e+01
2.300e+01
1.400e+01
1.900e+01
1.500e+01
1.300e+01
1.400e+01
1.500e+01
1.500e+01
1.400e+01
1.500e+01
1.300e+01
7.000e+00
1.100e+01
1.500e+01
1.300e+01
1.100e+01
6.000e+00
7.000e+00
1.200e+01
1.100e+01
1.000e+01
1.400e+01
1.500e+01
1.700e+01
1.100e+01
1.100e+01
1.200e+01
1.500e+01
1.200e+01
1.300e+01
1.400e+01
1.600e+01
1.600e+01
2.000e+01
2.400e+01
2.200e+01
1.900e+01
3.000e+01
3.100e+01
3.200e+01
2.600e+01
2.000e+01
3.400e+01
2.200e+01
2.600e+01
2.000e+01
2.200e+01
3.800e+01
2.400e+01
4.500e+01
5.100e+01
4.600e+01
7.500e+01
8.600e+01
7.600e+01
9.500e+01
8.600e+01
7.400e+01
7.100e+01
8.500e+01
8.000e+01
9.600e+01
1.190e+02
1.420e+02
1.700e+02
1.590e+02
1.380e+02
1.470e+02
1.530e+02
1.780e+02
1.430e+02
1.710e+02
2.430e+02
2.870e+02
3.040e+02
3.240e+02
3.210e+02
3.030e+02
3.070e+02
2.380e+02
2.350e+02
1.700e+02
1.220e+02
1.440e+02
1.100e+02
1.140e+02
8.600e+01
9.700e+01
9.900e+01
8.600e+01
6.600e+01
7.600e+01
6.600e+01
5.900e+01
5.900e+01
4.600e+01
4.400e+01
3.500e+01
3.200e+01
3.800e+01
3.100e+01
3.200e+01
3.800e+01
2.300e+01
3.100e+01
2.600e+01
2.100e+01
1.800e+01
2.200e+01
8.000e+00
1.100e+01
6.000e+00
9.000e+00
1.000e+01
1.100e+01
1.000e+01
8.000e+00
7.000e+00
6.000e+00
7.000e+00
3.000e+00
3.000e+00
7.000e+00
7.000e+00
7.000e+00
7.000e+00
6.000e+00
4.000e+00
8.000e+00
5.000e+00
4.000e+00
1.000e+00
4.000e+00
2.000e+00
4.000e+00
5.000e+00
3.000e+00
4.000e+00
3.000e+00
