1.687e+04
2.274e+03
7.150e+02
5.040e+02
4.810e+02
3.730e+02
3.080e+02
3.190e+02
4.380e+02
3.310e+02
2.650e+02
5.780e+02
4.950e+02
3.130e+02
1.830e+02
1.070e+02
9.200e+01
7.600e+01
7.400e+01
5.500e+01
5.900e+01
8.000e+01
7.600e+01
5.600e+01
5.800e+01
3.900e+01
4.200e+01
4.200e+01
3.200e+01
2.600e+01
3.000e+01
2.500e+01
2.200e+01
2.200e+01
2.200e+01
2.400e+01
2.600e+01
2.500e+01
2.900e+01
3.500e+01
3.200e+01
2.400e+01
3.400e+01
3.100e+01
2.900e+01
4.100e+01
3.000e+01
3.900e+01
3.800e+01
2.800e+01
4.700e+01
3.200e+01
3.000e+01
2.700e+01
3.700e+01
2.900e+01
2.600e+01
3.100e+01
2.000e+01
1.300e+01
1.300e+01
1.500e+01
1.500e+01
1.100e+01
5.000e+00
4.000e+00
4.000e+00
4.000e+00
8.000e+00
5.000e+00
6.000e+00
7.000e+00
5.000e+00
3.000e+00
5.000e+00
5.000e+00
1.000e+00
1.000e+00
1.000e+00
4.000e+00
4.000e+00
1.000e+00
3.000e+00
2.000e+00
1.000e+00
0.000e+00
0.000e+00
0.000e+00
3.000e+00
2.000e+00
1.000e+00
1.000e+00
1.000e+00
1.000e+00
0.000e+00
0.000e+00
0.000e+00
1.000e+00
0.000e+00
0.000e+00
0.000e+00
1.000e+00
2.000e+00
1.000e+00
2.000e+00
0.000e+00
1.000e+00
1.000e+00
0.000e+00
0.000e+00
0.000e+00
1.000e+00
1.000e+00
0.000e+00
1.000e+00
1.000e+00
0.000e+00
1.000e+00
1.000e+00
1.000e+00
1.000e+00
0.000e+00
1.000e+00
3.000e+00
3.000e+00
1.000e+00
3.000e+00
9.000e+00
2.000e+00
8.000e+00
1.000e+01
1.100e+01
1.600e+01
1.100e+01
2.500e+01
3.000e+01
3.100e+01
1.900e+01
2.600e+01
2.600e+01
2.600e+01
3.400e+01
3.700e+01
3.100e+01
4.600e+01
4.200e+01
2.700e+01
3.200e+01
2.700e+01
3.100e+01
4.100e+01
2.900e+01
2.500e+01
2.500e+01
2.400e+01
2.400e+01
2.100e+01
2.700e+01
2.600e+01
2.800e+01
2.200e+01
2.100e+01
1.500e+01
3.300e+01
2.100e+01
2.000e+01
2.700e+01
2.200e+01
2.700e+01
1.000e+01
1.900e+01
3.200e+01
3.300e+01
5.300e+01
9.900e+01
1.610e+02
2.870e+02
5.350e+02
1.067e+03
3.229e+03
1.170e+04
3.259e+03
1.119e+03
5.210e+02
2.770e+02
1.610e+02
9.500e+01
6.300e+01
4.200e+01
2.700e+01
2.200e+01
1.600e+01
2.000e+01
1.800e+01
2.000e+01
1.400e+01
1.700e+01
2.100e+01
2.400e+01
1.400e+01
1.600e+01
2.500e+01
2.200e+01
2.100e+01
2.200e+01
2.500e+01
2.500e+01
2.600e+01
3.700e+01
3.400e+01
3.300e+01
4.300e+01
3.800e+01
3.800e+01
3.600e+01
4.200e+01
3.400e+01
3.900e+01
3.600e+01
4.400e+01
3.300e+01
2.400e+01
2.500e+01
4.200e+01
2.900e+01
3.700e+01
1.700e+01
1.600e+01
1.100e+01
1.300e+01
8.000e+00
1.100e+01
5.000e+00
8.000e+00
6.000e+00
2.000e+00
4.000e+00
4.000e+00
1.000e+00
1.000e+00
2.000e+00
1.000e+00
1.000e+00
3.000e+00
2.000e+00
0.000e+00
0.000e+00
0.000e+00
0.000e+00
0.000e+00
2.000e+00
3.000e+00
1.000e+00
4.000e+00
1.000e+00
0.000e+00
0.000e+00
2.000e+00
1.000e+00
0.000e+00
0.000e+00
1.000e+00
0.000e+00
1.000e+00
2.000e+00
1.000e+00
1.000e+00
0.000e+00
1.000e+00
0.000e+00
0.000e+00
1.000e+00
2.000e+00
2.000e+00
2.000e+00
1.000e+00
0.000e+00
0.000e+00
3.000e+00
3.000e+00
2.000e+00
2.000e+00
3.000e+00
0.000e+00
2.000e+00
3.000e+00
1.000e+00
4.000e+00
5.000e+00
6.000e+00
1.700e+01
3.000e+00
4.000e+00
4.000e+00
1.000e+00
1.000e+00
6.000e+00
1.200e+01
8.000e+00
1.300e+01
1.500e+01
1.000e+01
2.200e+01
1.700e+01
3.200e+01
3.400e+01
3.400e+01
2.800e+01
2.700e+01
2.200e+01
2.600e+01
2.800e+01
3.500e+01
2.300e+01
3.400e+01
2.800e+01
2.500e+01
3.700e+01
2.900e+01
3.600e+01
2.900e+01
3.300e+01
2.700e+01
3.000e+01
3.000e+01
3.400e+01
2.600e+01
1.600e+01
3.200e+01
2.900e+01
3.800e+01
2.600e+01
2.200e+01
4.300e+01
5.100e+01
4.900e+01
6.200e+01
6.100e+01
5.000e+01
5.600e+01
4.300e+01
6.700e+01
6.100e+01
6.200e+01
7.100e+01
1.000e+02
1.810e+02
2.770e+02
3.540e+02
4.120e+02
2.520e+02
3.400e+02
4.190e+02
3.400e+02
2.990e+02
3.630e+02
4.720e+02
5.000e+02
7.070e+02
2.259e+03
