2.474e+03
7.730e+02
4.900e+02
3.440e+02
2.400e+02
2.210e+02
2.440e+02
2.120e+02
2.050e+02
1.710e+02
1.110e+02
1.350e+02
8.600e+01
7.000e+01
5.000e+01
4.500e+01
4.500e+01
3.200e+01
2.600e+01
3.500e+01
2.900e+01
2.000e+01
1.800e+01
1.200e+01
9.000e+00
1.100e+01
9.000e+00
8.000e+00
9.000e+00
1.300e+01
7.000e+00
1.200e+01
1.000e+01
8.000e+00
5.000e+00
7.000e+00
8.000e+00
4.000e+00
1.100e+01
6.000e+00
6.000e+00
4.000e+00
8.000e+00
9.000e+00
6.000e+00
2.000e+00
7.000e+00
5.000e+00
4.000e+00
1.000e+01
1.000e+01
6.000e+00
7.000e+00
2.000e+00
3.000e+00
6.000e+00
3.000e+00
2.000e+00
9.000e+00
5.000e+00
7.000e+00
6.000e+00
8.000e+00
1.200e+01
1.100e+01
1.400e+01
1.000e+01
6.000e+00
9.000e+00
9.000e+00
7.000e+00
7.000e+00
8.000e+00
1.100e+01
1.400e+01
1.300e+01
1.800e+01
2.000e+01
8.000e+00
1.100e+01
1.000e+01
8.000e+00
4.000e+00
7.000e+00
8.000e+00
7.000e+00
7.000e+00
1.200e+01
4.000e+00
9.000e+00
1.200e+01
8.000e+00
1.000e+01
4.000e+00
2.000e+00
4.000e+00
4.000e+00
1.000e+01
1.300e+01
7.000e+00
7.000e+00
1.200e+01
1.100e+01
1.400e+01
1.100e+01
6.000e+00
1.200e+01
1.700e+01
1.800e+01
5.000e+00
1.100e+01
1.100e+01
1.000e+01
7.000e+00
1.100e+01
8.000e+00
8.000e+00
1.100e+01
7.000e+00
6.000e+00
7.000e+00
3.000e+00
3.000e+00
5.000e+00
1.000e+01
8.000e+00
1.200e+01
1.300e+01
4.000e+00
8.000e+00
1.000e+01
1.400e+01
1.300e+01
8.000e+00
1.300e+01
9.000e+00
9.000e+00
8.000e+00
1.100e+01
1.600e+01
8.000e+00
1.100e+01
1.300e+01
9.000e+00
1.500e+01
1.000e+01
3.000e+00
5.000e+00
1.500e+01
8.000e+00
6.000e+00
9.000e+00
1.100e+01
1.500e+01
2.400e+01
1.100e+01
1.400e+01
2.200e+01
1.900e+01
2.300e+01
1.800e+01
3.400e+01
3.000e+01
3.400e+01
3.700e+01
3.200e+01
4.500e+01
7.000e+01
6.700e+01
8.200e+01
8.200e+01
9.000e+01
8.800e+01
1.110e+02
1.330e+02
1.370e+02
1.900e+02
2.420e+02
3.180e+02
3.430e+02
1.594e+03
3.750e+02
2.880e+02
2.350e+02
1.690e+02
1.510e+02
1.240e+02
1.100e+02
1.080e+02
7.800e+01
7.800e+01
7.700e+01
7.500e+01
7.200e+01
5.900e+01
3.900e+01
2.800e+01
2.600e+01
2.800e+01
2.700e+01
1.900e+01
2.000e+01
1.600e+01
1.300e+01
1.800e+01
1.300e+01
1.600e+01
1.400e+01
9.000e+00
1.600e+01
5.000e+00
1.000e+01
7.000e+00
1.200e+01
1.600e+01
1.200e+01
8.000e+00
5.000e+00
2.100e+01
2.000e+01
9.000e+00
1.100e+01
1.100e+01
8.000e+00
1.400e+01
1.500e+01
1.400e+01
1.200e+01
1.000e+01
1.500e+01
3.000e+00
5.000e+00
1.000e+01
8.000e+00
1.200e+01
8.000e+00
6.000e+00
5.000e+00
5.000e+00
5.000e+00
8.000e+00
1.000e+01
5.000e+00
8.000e+00
8.000e+00
8.000e+00
5.000e+00
1.000e+01
1.500e+01
1.300e+01
7.000e+00
1.100e+01
1.400e+01
9.000e+00
9.000e+00
1.200e+01
8.000e+00
1.200e+01
1.300e+01
5.000e+00
1.100e+01
8.000e+00
6.000e+00
7.000e+00
5.000e+00
5.000e+00
6.000e+00
3.000e+00
4.000e+00
9.000e+00
9.000e+00
9.000e+00
6.000e+00
7.000e+00
4.000e+00
4.000e+00
1.000e+01
8.000e+00
1.200e+01
6.000e+00
1.400e+01
6.000e+00
4.000e+00
1.300e+01
1.600e+01
1.300e+01
7.000e+00
1.000e+01
9.000e+00
7.000e+00
5.000e+00
9.000e+00
5.000e+00
1.000e+01
8.000e+00
5.000e+00
1.000e+01
7.000e+00
5.000e+00
3.000e+00
7.000e+00
3.000e+00
6.000e+00
2.000e+00
3.000e+00
3.000e+00
6.000e+00
3.000e+00
3.000e+00
8.000e+00
8.000e+00
5.000e+00
7.000e+00
2.000e+00
7.000e+00
3.000e+00
3.000e+00
9.000e+00
5.000e+00
7.000e+00
1.000e+01
4.000e+00
8.000e+00
6.000e+00
5.000e+00
3.000e+00
7.000e+00
4.000e+00
1.000e+01
8.000e+00
5.000e+00
7.000e+00
5.000e+00
7.000e+00
1.400e+01
1.200e+01
1.000e+01
1.300e+01
1.400e+01
2.500e+01
2.900e+01
3.000e+01
3.000e+01
5.600e+01
5.300e+01
4.400e+01
7.000e+01
9.000e+01
9.600e+01
1.210e+02
1.300e+02
1.380e+02
1.820e+02
1.880e+02
1.840e+02
2.120e+02
2.700e+02
3.730e+02
5.120e+02
7.770e+02
