8.379e+03
2.154e+03
1.474e+03
1.046e+03
8.180e+02
6.950e+02
6.610e+02
5.780e+02
5.630e+02
4.830e+02
4.050e+02
4.130e+02
3.160e+02
3.080e+02
2.550e+02
2.410e+02
2.390e+02
2.120e+02
1.700e+02
1.860e+02
1.690e+02
1.790e+02
1.600e+02
1.640e+02
1.720e+02
1.650e+02
1.720e+02
1.590e+02
1.580e+02
1.300e+02
1.300e+02
1.520e+02
1.540e+02
1.370e+02
1.450e+02
1.370e+02
1.540e+02
1.480e+02
1.420e+02
1.550e+02
1.440e+02
1.350e+02
1.360e+02
1.210e+02
1.430e+02
1.270e+02
1.390e+02
1.330e+02
1.420e+02
1.510e+02
1.460e+02
1.600e+02
1.560e+02
1.720e+02
1.850e+02
1.720e+02
1.610e+02
1.980e+02
1.610e+02
1.520e+02
1.480e+02
1.480e+02
1.140e+02
1.490e+02
8.900e+01
1.250e+02
1.280e+02
1.120e+02
1.240e+02
9.000e+01
1.120e+02
1.000e+02
1.080e+02
1.190e+02
1.140e+02
1.080e+02
1.080e+02
1.570e+02
9.800e+01
1.330e+02
1.070e+02
1.310e+02
1.120e+02
1.060e+02
1.190e+02
1.560e+02
1.560e+02
1.710e+02
1.380e+02
1.780e+02
3.240e+02
2.970e+02
1.870e+02
1.750e+02
1.220e+02
1.140e+02
1.470e+02
1.410e+02
1.220e+02
1.190e+02
1.090e+02
1.130e+02
1.120e+02
1.170e+02
1.220e+02
1.080e+02
9.700e+01
1.050e+02
1.180e+02
1.080e+02
8.900e+01
8.000e+01
8.500e+01
9.100e+01
9.800e+01
9.400e+01
1.070e+02
1.080e+02
1.400e+02
1.090e+02
1.370e+02
1.310e+02
1.370e+02
1.380e+02
1.630e+02
1.420e+02
1.460e+02
1.530e+02
1.470e+02
1.570e+02
1.350e+02
1.310e+02
1.520e+02
1.500e+02
1.420e+02
1.430e+02
1.330e+02
1.350e+02
1.300e+02
1.450e+02
1.330e+02
1.640e+02
1.570e+02
1.590e+02
1.370e+02
1.220e+02
1.520e+02
1.340e+02
1.380e+02
1.340e+02
1.290e+02
1.610e+02
1.460e+02
1.550e+02
1.890e+02
1.650e+02
1.850e+02
1.870e+02
1.710e+02
1.890e+02
1.890e+02
2.040e+02
2.030e+02
1.950e+02
2.300e+02
2.480e+02
2.530e+02
3.110e+02
3.320e+02
4.060e+02
3.850e+02
4.740e+02
4.790e+02
5.670e+02
6.600e+02
6.950e+02
8.370e+02
1.043e+03
1.504e+03
2.203e+03
8.694e+03
2.225e+03
1.396e+03
9.840e+02
8.260e+02
7.440e+02
7.170e+02
6.220e+02
5.630e+02
4.550e+02
4.020e+02
3.760e+02
3.290e+02
3.080e+02
2.570e+02
2.480e+02
2.290e+02
1.840e+02
2.020e+02
1.920e+02
1.750e+02
1.860e+02
1.820e+02
1.790e+02
1.700e+02
1.770e+02
1.640e+02
1.410e+02
1.410e+02
1.640e+02
1.480e+02
1.320e+02
1.640e+02
1.570e+02
1.510e+02
1.520e+02
1.310e+02
1.420e+02
1.540e+02
1.600e+02
1.550e+02
1.310e+02
1.280e+02
1.300e+02
1.260e+02
1.320e+02
1.340e+02
1.500e+02
1.360e+02
1.530e+02
1.470e+02
1.570e+02
1.700e+02
1.710e+02
1.580e+02
1.500e+02
1.700e+02
1.390e+02
1.530e+02
1.340e+02
1.100e+02
1.250e+02
1.070e+02
1.000e+02
1.130e+02
1.150e+02
9.800e+01
1.130e+02
9.400e+01
1.020e+02
9.700e+01
1.010e+02
1.150e+02
1.120e+02
1.120e+02
1.100e+02
8.600e+01
1.340e+02
1.140e+02
1.140e+02
1.150e+02
1.110e+02
1.260e+02
1.390e+02
1.620e+02
1.400e+02
1.560e+02
1.410e+02
1.570e+02
3.010e+02
3.150e+02
1.930e+02
1.690e+02
1.490e+02
1.310e+02
1.320e+02
1.240e+02
1.060e+02
1.170e+02
1.130e+02
1.320e+02
1.110e+02
1.150e+02
1.470e+02
1.240e+02
1.170e+02
9.800e+01
1.110e+02
1.040e+02
1.120e+02
1.010e+02
9.400e+01
8.700e+01
1.150e+02
1.040e+02
1.180e+02
1.330e+02
1.320e+02
1.470e+02
1.340e+02
1.420e+02
1.500e+02
1.480e+02
1.770e+02
1.760e+02
1.380e+02
1.470e+02
1.510e+02
1.440e+02
1.660e+02
1.690e+02
1.610e+02
1.170e+02
1.550e+02
1.450e+02
1.190e+02
1.440e+02
1.320e+02
1.370e+02
1.530e+02
1.650e+02
1.480e+02
1.160e+02
1.390e+02
1.430e+02
1.370e+02
1.180e+02
1.360e+02
1.320e+02
1.540e+02
1.460e+02
1.530e+02
1.670e+02
1.460e+02
1.930e+02
1.760e+02
1.570e+02
1.480e+02
1.790e+02
1.810e+02
1.880e+02
1.820e+02
1.900e+02
2.010e+02
2.350e+02
2.280e+02
2.830e+02
3.310e+02
3.320e+02
3.740e+02
4.480e+02
4.110e+02
5.180e+02
5.570e+02
5.820e+02
7.100e+02
8.350e+02
1.130e+03
1.477e+03
2.167e+03
