6.300e+01
6.000e+00
6.000e+00
2.000e+00
3.000e+00
5.000e+00
1.300e+01
3.000e+00
3.000e+00
0.000e+00
1.000e+00
2.000e+00
2.000e+00
2.000e+00
2.000e+00
2.000e+00
1.000e+00
1.000e+00
0.000e+00
0.000e+00
1.000e+00
0.000e+00
2.000e+00
0.000e+00
2.000e+00
5.000e+00
0.000e+00
1.000e+00
0.000e+00
6.000e+00
1.000e+00
0.000e+00
1.000e+00
1.000e+00
0.000e+00
2.000e+00
3.000e+00
0.000e+00
1.000e+00
0.000e+00
2.000e+00
2.000e+00
1.000e+00
1.000e+00
5.000e+00
1.000e+00
3.000e+00
0.000e+00
5.000e+00
5.000e+00
5.000e+00
2.000e+00
2.000e+00
7.000e+00
9.000e+00
1.200e+01
1.000e+01
1.200e+01
1.000e+01
6.000e+00
1.200e+01
7.000e+00
9.000e+00
1.700e+01
1.100e+01
1.200e+01
1.900e+01
2.000e+01
7.000e+00
2.500e+01
2.200e+01
3.300e+01
2.600e+01
2.800e+01
5.700e+01
5.700e+01
7.200e+01
1.040e+02
7.900e+01
1.020e+02
1.060e+02
1.010e+02
1.200e+02
1.250e+02
1.670e+02
1.840e+02
1.690e+02
1.410e+02
1.760e+02
1.630e+02
1.820e+02
1.550e+02
1.810e+02
1.730e+02
1.940e+02
2.170e+02
2.230e+02
2.000e+02
2.420e+02
2.470e+02
2.050e+02
2.700e+02
2.580e+02
2.340e+02
2.130e+02
2.730e+02
2.670e+02
2.450e+02
2.430e+02
2.520e+02
2.410e+02
1.840e+02
1.730e+02
1.630e+02
1.520e+02
1.440e+02
9.300e+01
7.400e+01
6.400e+01
5.200e+01
6.900e+01
5.500e+01
4.100e+01
3.800e+01
3.200e+01
2.500e+01
2.000e+01
2.500e+01
1.600e+01
1.900e+01
1.600e+01
1.100e+01
1.700e+01
8.000e+00
1.000e+00
9.000e+00
7.000e+00
4.000e+00
3.000e+00
4.000e+00
0.000e+00
1.000e+00
1.000e+00
1.000e+00
1.000e+00
0.000e+00
0.000e+00
1.000e+00
0.000e+00
0.000e+00
1.000e+00
0.000e+00
0.000e+00
0.000e+00
0.000e+00
1.000e+00
0.000e+00
0.000e+00
0.000e+00
0.000e+00
0.000e+00
0.000e+00
0.000e+00
1.000e+00
0.000e+00
0.000e+00
0.000e+00
1.000e+00
0.000e+00
0.000e+00
0.000e+00
0.000e+00
0.000e+00
0.000e+00
0.000e+00
0.000e+00
0.000e+00
0.000e+00
0.000e+00
0.000e+00
4.000e+00
1.000e+00
0.000e+00
0.000e+00
0.000e+00
0.000e+00
0.000e+00
0.000e+00
0.000e+00
0.000e+00
0.000e+00
0.000e+00
0.000e+00
0.000e+00
0.000e+00
0.000e+00
0.000e+00
1.000e+00
0.000e+00
0.000e+00
0.000e+00
0.000e+00
1.000e+00
0.000e+00
0.000e+00
0.000e+00
0.000e+00
1.000e+00
0.000e+00
0.000e+00
0.000e+00
1.000e+00
2.000e+00
1.000e+00
1.000e+00
0.000e+00
1.000e+00
1.000e+00
1.000e+00
2.000e+00
3.000e+00
3.000e+00
4.000e+00
5.000e+00
5.000e+00
7.000e+00
5.000e+00
7.000e+00
4.000e+00
9.000e+00
2.300e+01
2.000e+01
1.300e+01
2.200e+01
2.400e+01
2.100e+01
3.000e+01
3.300e+01
4.100e+01
4.200e+01
5.600e+01
4.700e+01
5.800e+01
9.500e+01
9.800e+01
1.020e+02
1.450e+02
1.550e+02
1.800e+02
2.080e+02
2.380e+02
2.460e+02
2.250e+02
2.240e+02
2.450e+02
2.640e+02
2.260e+02
2.080e+02
2.420e+02
2.410e+02
2.250e+02
1.910e+02
2.220e+02
1.990e+02
2.020e+02
2.280e+02
1.920e+02
1.890e+02
1.830e+02
1.710e+02
1.720e+02
1.740e+02
1.580e+02
1.500e+02
1.430e+02
1.760e+02
1.440e+02
1.400e+02
1.200e+02
1.000e+02
1.190e+02
9.100e+01
8.400e+01
9.200e+01
8.000e+01
6.200e+01
4.500e+01
3.400e+01
2.600e+01
2.700e+01
2.200e+01
2.900e+01
1.700e+01
1.300e+01
5.000e+00
4.000e+00
6.000e+00
9.000e+00
7.000e+00
4.000e+00
1.100e+01
6.000e+00
3.000e+00
1.200e+01
3.000e+00
8.000e+00
9.000e+00
3.000e+00
6.000e+00
7.000e+00
5.000e+00
3.000e+00
2.000e+00
1.000e+00
1.000e+00
4.000e+00
4.000e+00
1.000e+00
1.000e+00
3.000e+00
0.000e+00
0.000e+00
2.000e+00
1.000e+00
1.000e+00
2.000e+00
3.000e+00
2.000e+00
2.000e+00
0.000e+00
0.000e+00
0.000e+00
1.000e+00
4.000e+00
1.000e+00
5.000e+00
3.000e+00
2.000e+00
0.000e+00
2.000e+00
2.000e+00
3.000e+00
2.000e+00
2.000e+00
1.000e+00
0.000e+00
1.000e+00
3.000e+00
2.000e+00
0.000e+00
1.000e+00
3.000e+00
2.000e+00
5.000e+00
5.000e+00
5.000e+00
1.000e+01
7.000e+00
4.000e+00
1.300e+01
