4.400e+01
1.700e+01
7.000e+00
6.000e+00
2.000e+00
9.000e+00
7.000e+00
7.000e+00
8.000e+00
8.000e+00
5.000e+00
9.000e+00
4.000e+00
7.000e+00
9.000e+00
4.000e+00
4.000e+00
3.000e+00
4.000e+00
2.000e+00
1.000e+00
2.000e+00
0.000e+00
1.000e+00
0.000e+00
0.000e+00
1.000e+00
0.000e+00
0.000e+00
1.000e+00
0.000e+00
2.000e+00
0.000e+00
0.000e+00
1.000e+00
1.000e+00
1.000e+00
1.000e+00
0.000e+00
0.000e+00
0.000e+00
0.000e+00
1.000e+00
0.000e+00
0.000e+00
0.000e+00
0.000e+00
0.000e+00
1.000e+00
0.000e+00
0.000e+00
0.000e+00
0.000e+00
1.000e+00
1.000e+00
0.000e+00
0.000e+00
0.000e+00
3.000e+00
0.000e+00
0.000e+00
1.000e+00
1.000e+00
1.000e+00
2.000e+00
0.000e+00
2.000e+00
1.000e+00
1.000e+00
4.000e+00
1.000e+00
6.000e+00
4.000e+00
2.000e+00
1.000e+00
2.000e+00
0.000e+00
2.000e+00
6.000e+00
3.000e+00
4.000e+00
1.200e+01
1.200e+01
4.000e+00
1.100e+01
6.000e+00
1.500e+01
2.200e+01
2.300e+01
2.700e+01
4.100e+01
4.900e+01
5.500e+01
4.100e+01
5.400e+01
4.600e+01
6.400e+01
6.900e+01
7.400e+01
7.300e+01
7.000e+01
9.300e+01
1.050e+02
1.030e+02
1.370e+02
1.230e+02
1.500e+02
1.430e+02
1.600e+02
1.900e+02
1.640e+02
2.070e+02
2.100e+02
2.610e+02
2.660e+02
3.690e+02
3.100e+02
3.570e+02
4.460e+02
5.320e+02
5.650e+02
4.420e+02
3.770e+02
3.320e+02
3.690e+02
2.780e+02
2.570e+02
1.850e+02
1.310e+02
1.100e+02
1.070e+02
1.090e+02
7.800e+01
6.100e+01
5.400e+01
3.700e+01
4.400e+01
2.300e+01
3.000e+01
1.500e+01
1.200e+01
1.600e+01
2.000e+01
1.000e+01
1.000e+01
6.000e+00
7.000e+00
5.000e+00
3.000e+00
3.000e+00
2.000e+00
3.000e+00
5.000e+00
1.000e+00
0.000e+00
2.000e+00
1.000e+00
0.000e+00
0.000e+00
1.000e+00
2.000e+00
1.000e+00
2.000e+00
0.000e+00
1.000e+00
2.000e+00
1.000e+00
0.000e+00
0.000e+00
0.000e+00
1.000e+00
1.000e+00
1.000e+00
0.000e+00
1.000e+00
0.000e+00
2.000e+00
0.000e+00
1.000e+00
1.000e+00
2.000e+00
0.000e+00
2.000e+00
1.000e+00
0.000e+00
2.000e+00
0.000e+00
0.000e+00
0.000e+00
1.000e+00
1.000e+00
0.000e+00
0.000e+00
0.000e+00
1.000e+00
2.000e+00
1.000e+00
0.000e+00
0.000e+00
1.000e+00
1.000e+00
1.000e+00
0.000e+00
2.000e+00
2.000e+00
2.000e+00
1.000e+00
1.000e+00
7.000e+00
5.000e+00
1.000e+01
5.000e+00
5.000e+00
4.000e+00
8.000e+00
7.000e+00
1.200e+01
1.800e+01
2.200e+01
1.800e+01
2.200e+01
2.300e+01
3.500e+01
3.600e+01
3.900e+01
5.500e+01
5.000e+01
6.700e+01
9.200e+01
1.000e+02
1.070e+02
1.300e+02
1.570e+02
1.540e+02
2.530e+02
3.350e+02
3.540e+02
2.990e+02
3.490e+02
4.650e+02
5.430e+02
5.940e+02
4.710e+02
3.750e+02
3.030e+02
3.270e+02
2.500e+02
2.230e+02
1.490e+02
1.770e+02
1.640e+02
1.980e+02
1.790e+02
1.640e+02
1.570e+02
1.310e+02
1.340e+02
1.100e+02
1.150e+02
1.090e+02
6.100e+01
6.600e+01
7.500e+01
4.900e+01
5.400e+01
5.600e+01
5.500e+01
5.800e+01
5.100e+01
4.700e+01
1.900e+01
3.200e+01
2.700e+01
1.200e+01
1.300e+01
1.000e+01
7.000e+00
7.000e+00
8.000e+00
5.000e+00
5.000e+00
4.000e+00
4.000e+00
3.000e+00
3.000e+00
5.000e+00
2.000e+00
4.000e+00
4.000e+00
1.000e+00
3.000e+00
2.000e+00
8.000e+00
1.000e+00
3.000e+00
1.000e+00
1.000e+00
1.000e+00
3.000e+00
0.000e+00
1.000e+00
2.000e+00
1.000e+00
3.000e+00
1.000e+00
0.000e+00
2.000e+00
2.000e+00
1.000e+00
0.000e+00
0.000e+00
1.000e+00
0.000e+00
1.000e+00
0.000e+00
0.000e+00
1.000e+00
0.000e+00
0.000e+00
1.000e+00
0.000e+00
0.000e+00
0.000e+00
0.000e+00
0.000e+00
1.000e+00
0.000e+00
1.000e+00
1.000e+00
2.000e+00
0.000e+00
0.000e+00
1.000e+00
3.000e+00
0.000e+00
0.000e+00
1.000e+00
0.000e+00
2.000e+00
3.000e+00
2.000e+00
6.000e+00
3.000e+00
1.000e+00
0.000e+00
5.000e+00
4.000e+00
8.000e+00
1.000e+01
4.000e+00
4.000e+00
5.000e+00
9.000e+00
1.000e+00
8.000e+00
7.000e+00
3.000e+00
5.000e+00
8.000e+00
1.400e+01
