3.920e+02
2.970e+02
2.470e+02
2.190e+02
2.460e+02
2.100e+02
4.080e+02
5.590e+02
4.520e+02
2.870e+02
1.920e+02
2.320e+02
1.710e+02
1.540e+02
1.400e+02
9.900e+01
7.500e+01
6.100e+01
5.300e+01
4.600e+01
3.500e+01
4.800e+01
3.100e+01
2.000e+01
3.700e+01
3.700e+01
3.000e+01
2.800e+01
2.300e+01
3.000e+01
2.600e+01
2.000e+01
1.800e+01
2.700e+01
2.200e+01
2.400e+01
2.300e+01
2.000e+01
2.400e+01
5.300e+01
3.400e+01
2.500e+01
2.800e+01
1.400e+01
2.000e+01
2.700e+01
2.400e+01
1.700e+01
2.300e+01
3.600e+01
3.800e+01
4.100e+01
2.700e+01
4.300e+01
3.800e+01
3.500e+01
3.300e+01
3.700e+01
3.400e+01
2.200e+01
3.300e+01
2.800e+01
2.500e+01
3.400e+01
2.600e+01
2.500e+01
2.000e+01
2.600e+01
3.700e+01
3.500e+01
3.700e+01
2.500e+01
2.800e+01
2.700e+01
3.200e+01
2.500e+01
2.100e+01
1.400e+01
1.300e+01
3.100e+01
1.500e+01
2.100e+01
2.400e+01
3.600e+01
2.900e+01
3.500e+01
2.200e+01
3.200e+01
2.000e+01
2.900e+01
2.700e+01
3.100e+01
3.500e+01
2.900e+01
2.700e+01
2.700e+01
3.600e+01
3.600e+01
2.600e+01
5.000e+01
3.800e+01
4.200e+01
3.600e+01
3.800e+01
4.700e+01
4.400e+01
5.100e+01
6.200e+01
5.800e+01
5.900e+01
8.100e+01
5.900e+01
7.800e+01
1.080e+02
1.100e+02
1.300e+02
9.800e+01
1.070e+02
1.250e+02
1.210e+02
1.640e+02
1.460e+02
1.280e+02
1.260e+02
1.420e+02
1.520e+02
1.290e+02
1.240e+02
1.650e+02
1.680e+02
1.930e+02
1.830e+02
1.630e+02
1.590e+02
1.640e+02
1.130e+02
1.240e+02
1.140e+02
1.270e+02
1.180e+02
1.040e+02
7.400e+01
5.100e+01
6.700e+01
5.100e+01
3.900e+01
4.600e+01
4.600e+01
3.900e+01
2.300e+01
2.500e+01
2.700e+01
1.200e+01
1.200e+01
9.000e+00
1.400e+01
1.600e+01
1.200e+01
1.000e+01
1.500e+01
1.600e+01
1.300e+01
5.000e+00
7.000e+00
1.000e+01
8.000e+00
6.000e+00
1.100e+01
1.000e+01
9.000e+00
1.000e+01
1.300e+01
1.500e+01
7.000e+00
1.200e+01
1.800e+01
2.300e+01
1.500e+01
3.100e+01
4.700e+01
5.700e+01
4.200e+01
4.400e+01
1.900e+01
1.500e+01
9.000e+00
1.200e+01
9.000e+00
1.300e+01
1.500e+01
4.000e+00
1.000e+01
7.000e+00
1.000e+01
6.000e+00
1.300e+01
1.100e+01
1.100e+01
1.000e+01
1.400e+01
9.000e+00
1.600e+01
7.000e+00
1.100e+01
1.400e+01
2.100e+01
1.200e+01
2.500e+01
2.700e+01
2.300e+01
3.500e+01
2.800e+01
4.300e+01
4.100e+01
4.200e+01
4.500e+01
5.500e+01
5.600e+01
5.000e+01
8.000e+01
9.400e+01
1.170e+02
1.100e+02
1.480e+02
1.420e+02
1.370e+02
1.640e+02
1.510e+02
1.400e+02
1.800e+02
1.670e+02
1.610e+02
1.540e+02
1.460e+02
1.290e+02
1.450e+02
1.380e+02
1.160e+02
1.360e+02
1.500e+02
1.360e+02
1.410e+02
1.130e+02
1.180e+02
1.280e+02
1.060e+02
9.100e+01
1.130e+02
9.500e+01
8.600e+01
5.800e+01
7.500e+01
6.200e+01
7.500e+01
3.700e+01
5.900e+01
4.600e+01
3.900e+01
4.900e+01
3.000e+01
3.100e+01
3.600e+01
3.400e+01
3.900e+01
3.500e+01
3.000e+01
2.000e+01
2.300e+01
1.800e+01
1.400e+01
2.600e+01
2.900e+01
2.300e+01
2.400e+01
2.600e+01
3.000e+01
2.700e+01
3.000e+01
2.100e+01
2.400e+01
2.000e+01
2.600e+01
2.000e+01
1.700e+01
2.300e+01
2.900e+01
3.000e+01
2.900e+01
2.500e+01
2.500e+01
2.400e+01
3.100e+01
3.200e+01
3.600e+01
2.600e+01
2.700e+01
1.700e+01
2.700e+01
3.300e+01
2.900e+01
4.400e+01
4.600e+01
3.500e+01
3.900e+01
2.300e+01
2.800e+01
3.600e+01
3.400e+01
2.100e+01
3.100e+01
4.500e+01
3.500e+01
2.200e+01
2.700e+01
2.200e+01
2.300e+01
2.700e+01
1.300e+01
1.500e+01
2.900e+01
4.700e+01
4.600e+01
2.800e+01
3.000e+01
1.800e+01
3.400e+01
1.600e+01
1.900e+01
3.100e+01
2.300e+01
2.400e+01
1.700e+01
1.700e+01
2.700e+01
3.200e+01
1.800e+01
2.400e+01
3.600e+01
3.600e+01
3.800e+01
4.000e+01
4.600e+01
4.400e+01
6.200e+01
8.800e+01
8.000e+01
1.390e+02
1.620e+02
1.850e+02
2.550e+02
1.980e+02
3.010e+02
4.580e+02
5.510e+02
4.100e+02
2.110e+02
2.190e+02
2.230e+02
2.630e+02
3.110e+02
