4.850e+03
2.206e+03
1.577e+03
1.402e+03
1.266e+03
1.232e+03
1.183e+03
1.110e+03
9.720e+02
9.210e+02
9.170e+02
8.760e+02
8.370e+02
8.730e+02
1.019e+03
1.036e+03
9.180e+02
9.140e+02
1.091e+03
1.164e+03
1.248e+03
1.207e+03
1.351e+03
1.685e+03
1.962e+03
2.276e+03
2.750e+03
2.415e+03
2.198e+03
2.469e+03
2.102e+03
2.633e+03
4.084e+03
5.513e+03
7.782e+03
8.553e+03
8.718e+03
6.727e+03
5.528e+03
4.362e+03
3.459e+03
3.201e+03
3.001e+03
3.132e+03
3.276e+03
4.024e+03
4.447e+03
4.180e+03
3.796e+03
4.396e+03
7.820e+03
6.837e+03
7.211e+03
9.526e+03
1.037e+04
1.354e+04
1.986e+04
1.721e+04
1.544e+04
2.046e+04
4.137e+04
1.385e+04
8.330e+03
5.512e+03
4.244e+03
3.589e+03
3.945e+03
4.366e+03
5.211e+03
7.420e+03
8.631e+03
9.650e+03
7.922e+03
6.026e+03
5.064e+03
4.089e+03
2.752e+03
1.749e+03
1.556e+03
1.687e+03
1.631e+03
1.514e+03
1.419e+03
1.415e+03
1.572e+03
1.554e+03
1.523e+03
1.670e+03
2.241e+03
2.761e+03
2.786e+03
1.386e+03
1.113e+03
9.150e+02
8.890e+02
8.740e+02
9.240e+02
8.320e+02
8.120e+02
7.600e+02
7.450e+02
7.120e+02
6.680e+02
9.490e+02
7.370e+02
6.140e+02
6.070e+02
6.780e+02
5.800e+02
6.410e+02
5.920e+02
6.540e+02
7.800e+02
6.440e+02
6.810e+02
7.720e+02
7.530e+02
9.010e+02
9.540e+02
1.072e+03
1.040e+03
1.022e+03
7.790e+02
7.300e+02
6.550e+02
6.000e+02
5.170e+02
4.780e+02
4.920e+02
4.250e+02
4.360e+02
4.190e+02
3.910e+02
4.850e+02
4.890e+02
4.430e+02
5.590e+02
6.330e+02
6.130e+02
6.420e+02
6.130e+02
5.830e+02
5.830e+02
6.510e+02
6.160e+02
6.030e+02
5.510e+02
6.880e+02
7.090e+02
6.750e+02
8.390e+02
8.380e+02
1.028e+03
9.460e+02
1.055e+03
1.062e+03
1.113e+03
1.118e+03
1.298e+03
1.256e+03
1.346e+03
1.340e+03
1.581e+03
1.797e+03
1.941e+03
1.961e+03
2.025e+03
2.261e+03
2.589e+03
2.715e+03
3.053e+03
3.292e+03
3.283e+03
3.722e+03
4.200e+03
4.196e+03
4.888e+03
4.952e+03
5.455e+03
6.750e+03
8.135e+03
5.989e+03
5.326e+03
4.214e+03
3.917e+03
3.307e+03
3.016e+03
2.692e+03
2.273e+03
1.999e+03
2.084e+03
1.933e+03
1.879e+03
1.963e+03
1.849e+03
2.023e+03
1.936e+03
2.151e+03
2.136e+03
1.766e+03
1.577e+03
1.557e+03
1.626e+03
1.633e+03
1.565e+03
1.414e+03
1.562e+03
1.387e+03
1.335e+03
1.080e+03
9.870e+02
8.720e+02
8.140e+02
7.720e+02
6.910e+02
6.540e+02
6.350e+02
6.360e+02
6.410e+02
6.990e+02
6.620e+02
6.200e+02
6.340e+02
6.010e+02
6.010e+02
5.410e+02
4.880e+02
4.640e+02
4.820e+02
4.430e+02
4.550e+02
5.110e+02
5.120e+02
5.480e+02
5.860e+02
6.920e+02
6.440e+02
7.100e+02
7.930e+02
1.114e+03
1.020e+03
1.038e+03
1.008e+03
9.170e+02
7.600e+02
7.430e+02
6.620e+02
5.240e+02
7.260e+02
5.640e+02
5.520e+02
5.350e+02
5.480e+02
5.010e+02
5.390e+02
5.630e+02
6.380e+02
5.820e+02
6.080e+02
6.360e+02
6.340e+02
6.900e+02
6.510e+02
7.180e+02
7.510e+02
7.930e+02
9.090e+02
9.110e+02
1.069e+03
1.288e+03
2.655e+03
2.471e+03
1.758e+03
1.612e+03
1.418e+03
1.476e+03
1.409e+03
1.385e+03
1.401e+03
1.517e+03
1.664e+03
1.687e+03
1.543e+03
1.546e+03
2.093e+03
3.486e+03
5.261e+03
7.051e+03
9.398e+03
8.643e+03
6.487e+03
5.991e+03
5.671e+03
5.380e+03
5.575e+03
5.333e+03
5.415e+03
6.867e+03
9.428e+03
1.396e+04
4.131e+04
2.048e+04
1.494e+04
1.287e+04
1.777e+04
1.499e+04
9.032e+03
8.936e+03
7.370e+03
7.226e+03
6.690e+03
4.129e+03
3.697e+03
3.706e+03
3.249e+03
3.138e+03
3.306e+03
3.101e+03
2.848e+03
2.757e+03
3.216e+03
3.627e+03
5.212e+03
8.251e+03
9.629e+03
9.122e+03
7.548e+03
5.092e+03
4.188e+03
2.921e+03
2.491e+03
2.783e+03
2.475e+03
2.758e+03
3.385e+03
2.542e+03
2.524e+03
2.018e+03
1.673e+03
1.389e+03
1.446e+03
1.447e+03
1.298e+03
1.285e+03
1.316e+03
1.121e+03
1.398e+03
1.081e+03
1.116e+03
1.066e+03
9.680e+02
1.075e+03
1.059e+03
1.054e+03
1.160e+03
1.236e+03
1.304e+03
1.410e+03
1.557e+03
2.224e+03
