7.000e+00
6.000e+00
3.000e+00
7.000e+00
1.100e+01
1.000e+01
9.000e+00
1.500e+01
1.300e+01
1.000e+01
1.400e+01
1.500e+01
1.800e+01
1.500e+01
1.400e+01
1.000e+01
1.600e+01
1.600e+01
1.700e+01
2.000e+01
2.200e+01
2.400e+01
3.200e+01
2.700e+01
2.700e+01
2.800e+01
3.200e+01
2.900e+01
2.300e+01
3.200e+01
2.400e+01
3.100e+01
3.300e+01
2.900e+01
2.900e+01
6.400e+01
2.400e+01
2.100e+01
2.500e+01
1.700e+01
2.800e+01
2.200e+01
1.900e+01
2.400e+01
1.700e+01
1.700e+01
2.500e+01
2.800e+01
2.300e+01
2.900e+01
4.500e+01
2.800e+01
3.300e+01
2.600e+01
3.500e+01
4.600e+01
3.600e+01
4.100e+01
5.400e+01
6.400e+01
7.500e+01
1.340e+02
2.010e+02
1.170e+02
7.000e+01
5.500e+01
4.100e+01
3.800e+01
3.600e+01
3.700e+01
3.800e+01
3.300e+01
4.300e+01
2.500e+01
3.000e+01
3.100e+01
2.700e+01
2.100e+01
2.600e+01
2.200e+01
4.400e+01
3.400e+01
3.800e+01
3.400e+01
3.900e+01
3.500e+01
4.600e+01
4.500e+01
4.200e+01
4.000e+01
5.300e+01
5.000e+01
4.300e+01
5.600e+01
7.300e+01
7.500e+01
9.700e+01
9.400e+01
8.700e+01
7.900e+01
8.000e+01
9.300e+01
1.090e+02
1.480e+02
1.480e+02
1.720e+02
1.780e+02
1.460e+02
1.480e+02
1.520e+02
1.640e+02
1.560e+02
1.700e+02
1.780e+02
1.950e+02
2.050e+02
2.310e+02
2.840e+02
4.330e+02
6.030e+02
5.360e+02
3.380e+02
3.050e+02
2.670e+02
2.380e+02
1.880e+02
1.750e+02
1.560e+02
1.530e+02
1.630e+02
1.500e+02
1.700e+02
1.530e+02
1.150e+02
1.230e+02
1.150e+02
7.800e+01
9.100e+01
6.100e+01
7.800e+01
7.800e+01
8.800e+01
7.900e+01
6.600e+01
1.060e+02
1.820e+02
2.330e+02
7.300e+01
4.700e+01
5.100e+01
4.300e+01
3.200e+01
3.200e+01
1.200e+01
2.200e+01
2.400e+01
2.700e+01
2.400e+01
1.200e+01
1.100e+01
6.000e+00
1.600e+01
6.000e+00
1.200e+01
8.000e+00
9.000e+00
5.000e+00
8.000e+00
4.000e+00
8.000e+00
4.000e+00
5.000e+00
2.000e+00
4.000e+00
2.000e+00
5.000e+00
5.000e+00
6.000e+00
4.000e+00
4.000e+00
8.000e+00
6.000e+00
7.000e+00
5.000e+00
4.000e+00
3.000e+00
3.000e+00
4.000e+00
7.000e+00
3.000e+00
6.000e+00
8.000e+00
1.200e+01
8.000e+00
6.000e+00
5.000e+00
5.000e+00
1.600e+01
1.500e+01
1.600e+01
2.300e+01
2.400e+01
1.800e+01
2.700e+01
4.300e+01
5.300e+01
5.100e+01
5.500e+01
5.800e+01
7.700e+01
6.500e+01
8.900e+01
8.000e+01
1.070e+02
2.210e+02
1.630e+02
1.030e+02
7.400e+01
6.700e+01
9.200e+01
7.700e+01
8.800e+01
8.400e+01
9.000e+01
1.140e+02
1.360e+02
1.360e+02
1.770e+02
1.700e+02
1.900e+02
1.700e+02
2.230e+02
2.250e+02
1.990e+02
1.900e+02
2.620e+02
2.660e+02
3.020e+02
4.230e+02
4.740e+02
7.270e+02
1.140e+03
6.850e+02
3.680e+02
2.970e+02
2.500e+02
2.230e+02
2.080e+02
1.860e+02
1.770e+02
1.660e+02
1.540e+02
1.610e+02
1.790e+02
1.980e+02
1.620e+02
1.350e+02
1.360e+02
9.500e+01
9.100e+01
9.200e+01
7.100e+01
7.900e+01
8.000e+01
6.100e+01
7.600e+01
6.300e+01
6.000e+01
6.000e+01
4.200e+01
4.500e+01
5.200e+01
4.300e+01
4.200e+01
4.300e+01
3.700e+01
2.200e+01
3.100e+01
3.500e+01
4.400e+01
2.700e+01
2.000e+01
1.600e+01
2.500e+01
2.300e+01
1.900e+01
1.700e+01
1.900e+01
2.800e+01
1.300e+01
2.400e+01
2.000e+01
1.700e+01
2.000e+01
2.000e+01
2.600e+01
3.900e+01
4.800e+01
4.600e+01
6.500e+01
4.500e+01
3.500e+01
2.300e+01
2.400e+01
2.200e+01
2.500e+01
2.000e+01
1.300e+01
2.400e+01
2.300e+01
2.000e+01
2.300e+01
2.000e+01
2.300e+01
1.000e+01
1.400e+01
1.700e+01
1.200e+01
1.800e+01
1.500e+01
1.800e+01
1.800e+01
2.600e+01
2.600e+01
2.500e+01
4.700e+01
2.600e+01
2.200e+01
2.100e+01
1.900e+01
1.800e+01
1.900e+01
2.400e+01
2.700e+01
2.000e+01
2.100e+01
1.200e+01
8.000e+00
1.200e+01
1.400e+01
1.400e+01
7.000e+00
1.600e+01
9.000e+00
5.000e+00
1.200e+01
8.000e+00
1.100e+01
1.200e+01
1.900e+01
2.400e+01
1.200e+01
1.200e+01
1.100e+01
1.200e+01
7.000e+00
1.100e+01
7.000e+00
8.000e+00
9.000e+00
