2.300e+02
5.800e+01
4.200e+01
5.100e+01
3.700e+01
4.000e+01
4.600e+01
3.400e+01
2.700e+01
2.300e+01
2.200e+01
2.300e+01
2.100e+01
1.400e+01
1.700e+01
9.000e+00
2.100e+01
1.300e+01
1.600e+01
9.000e+00
5.000e+00
8.000e+00
7.000e+00
5.000e+00
6.000e+00
1.000e+01
2.000e+00
7.000e+00
4.000e+00
1.100e+01
3.000e+00
1.000e+01
1.000e+01
1.000e+01
3.000e+00
8.000e+00
1.000e+01
8.000e+00
1.300e+01
1.000e+01
1.100e+01
1.300e+01
9.000e+00
7.000e+00
1.100e+01
1.000e+01
8.000e+00
1.100e+01
2.000e+01
2.400e+01
2.400e+01
1.700e+01
1.000e+01
2.900e+01
2.900e+01
3.600e+01
2.800e+01
3.500e+01
4.000e+01
2.800e+01
4.200e+01
4.400e+01
5.800e+01
5.900e+01
5.300e+01
6.900e+01
7.100e+01
6.800e+01
7.000e+01
8.400e+01
1.020e+02
1.450e+02
1.380e+02
1.660e+02
2.050e+02
2.070e+02
2.550e+02
3.220e+02
2.950e+02
3.490e+02
3.370e+02
3.130e+02
3.280e+02
3.650e+02
4.770e+02
4.840e+02
5.470e+02
4.680e+02
5.300e+02
5.520e+02
5.710e+02
6.500e+02
7.270e+02
6.760e+02
6.970e+02
7.050e+02
7.650e+02
7.670e+02
8.250e+02
8.510e+02
8.030e+02
9.630e+02
9.610e+02
9.200e+02
9.870e+02
1.022e+03
1.128e+03
1.110e+03
1.208e+03
1.290e+03
1.198e+03
1.223e+03
1.284e+03
1.248e+03
1.357e+03
1.454e+03
1.359e+03
1.471e+03
1.591e+03
1.717e+03
1.920e+03
1.921e+03
1.941e+03
1.643e+03
1.349e+03
1.040e+03
9.300e+02
7.820e+02
7.040e+02
6.690e+02
6.030e+02
5.340e+02
4.460e+02
3.470e+02
2.620e+02
2.440e+02
1.950e+02
1.530e+02
1.460e+02
1.390e+02
9.700e+01
7.300e+01
7.800e+01
4.800e+01
5.400e+01
4.300e+01
3.800e+01
4.200e+01
3.500e+01
2.400e+01
3.900e+01
2.500e+01
3.400e+01
3.200e+01
3.100e+01
3.100e+01
2.600e+01
1.800e+01
1.400e+01
1.100e+01
1.300e+01
1.000e+01
2.500e+01
1.100e+01
1.300e+01
1.400e+01
1.400e+01
1.000e+01
2.300e+01
2.900e+01
1.300e+01
1.500e+01
1.700e+01
2.500e+01
2.200e+01
2.700e+01
3.000e+01
3.300e+01
5.000e+01
5.300e+01
3.120e+02
6.100e+01
4.800e+01
4.700e+01
4.700e+01
2.800e+01
2.100e+01
2.600e+01
1.800e+01
1.000e+01
1.200e+01
1.500e+01
1.400e+01
1.700e+01
1.500e+01
1.300e+01
1.600e+01
1.100e+01
1.900e+01
1.200e+01
1.600e+01
1.800e+01
1.500e+01
1.900e+01
2.100e+01
2.400e+01
2.700e+01
2.300e+01
3.700e+01
2.900e+01
3.400e+01
2.400e+01
3.600e+01
3.800e+01
3.800e+01
5.100e+01
6.600e+01
7.900e+01
7.600e+01
7.300e+01
1.010e+02
1.200e+02
1.490e+02
1.880e+02
2.260e+02
2.410e+02
2.900e+02
3.670e+02
4.310e+02
5.140e+02
5.670e+02
6.890e+02
7.780e+02
7.860e+02
9.890e+02
1.029e+03
1.243e+03
1.526e+03
1.901e+03
1.840e+03
1.826e+03
1.764e+03
1.563e+03
1.442e+03
1.410e+03
1.392e+03
1.311e+03
1.273e+03
1.257e+03
1.258e+03
1.248e+03
1.226e+03
1.196e+03
1.118e+03
1.068e+03
1.076e+03
9.770e+02
8.890e+02
9.960e+02
9.770e+02
8.110e+02
7.890e+02
8.230e+02
7.670e+02
7.420e+02
7.250e+02
7.510e+02
7.170e+02
7.640e+02
6.510e+02
5.840e+02
5.760e+02
5.330e+02
4.500e+02
4.990e+02
4.940e+02
4.420e+02
4.140e+02
3.580e+02
3.230e+02
3.220e+02
3.420e+02
3.150e+02
2.910e+02
2.340e+02
2.340e+02
1.630e+02
1.520e+02
1.230e+02
1.240e+02
8.700e+01
8.900e+01
7.500e+01
5.000e+01
3.600e+01
4.300e+01
4.000e+01
3.900e+01
4.400e+01
3.100e+01
3.000e+01
3.200e+01
2.000e+01
3.400e+01
3.100e+01
2.700e+01
2.600e+01
1.700e+01
2.000e+01
2.100e+01
1.700e+01
1.300e+01
9.000e+00
1.500e+01
1.300e+01
9.000e+00
7.000e+00
6.000e+00
3.000e+00
8.000e+00
5.000e+00
8.000e+00
1.000e+01
7.000e+00
8.000e+00
8.000e+00
1.100e+01
1.000e+01
9.000e+00
6.000e+00
7.000e+00
4.000e+00
8.000e+00
1.100e+01
8.000e+00
1.000e+01
9.000e+00
6.000e+00
5.000e+00
1.400e+01
8.000e+00
1.000e+01
1.100e+01
1.200e+01
5.000e+00
1.300e+01
1.700e+01
2.300e+01
2.300e+01
1.400e+01
2.000e+01
2.400e+01
2.600e+01
2.300e+01
4.100e+01
4.600e+01
4.600e+01
4.300e+01
4.100e+01
5.800e+01
