1.692e+03
8.650e+02
7.240e+02
6.190e+02
6.080e+02
5.560e+02
6.770e+02
8.340e+02
6.590e+02
4.460e+02
3.590e+02
3.210e+02
2.340e+02
1.930e+02
1.870e+02
1.320e+02
1.200e+02
8.600e+01
8.500e+01
6.400e+01
4.400e+01
6.400e+01
4.700e+01
3.700e+01
5.000e+01
5.600e+01
4.000e+01
4.500e+01
3.100e+01
5.000e+01
3.400e+01
3.600e+01
3.400e+01
4.600e+01
3.500e+01
4.900e+01
4.800e+01
4.200e+01
4.700e+01
7.400e+01
5.200e+01
4.300e+01
4.700e+01
3.000e+01
4.200e+01
4.900e+01
4.500e+01
4.400e+01
6.100e+01
7.600e+01
8.900e+01
7.300e+01
5.700e+01
1.160e+02
1.100e+02
1.110e+02
1.300e+02
1.170e+02
1.230e+02
9.500e+01
1.120e+02
1.320e+02
1.350e+02
1.660e+02
1.320e+02
1.460e+02
1.410e+02
1.380e+02
1.550e+02
1.740e+02
1.810e+02
2.180e+02
2.120e+02
2.420e+02
2.780e+02
3.030e+02
3.140e+02
3.650e+02
3.370e+02
4.310e+02
4.020e+02
3.930e+02
4.060e+02
4.570e+02
5.560e+02
5.850e+02
6.560e+02
5.840e+02
6.490e+02
6.650e+02
6.740e+02
7.820e+02
8.460e+02
7.920e+02
8.290e+02
8.560e+02
9.030e+02
9.300e+02
9.620e+02
1.015e+03
1.000e+03
1.172e+03
1.171e+03
1.177e+03
1.247e+03
1.308e+03
1.480e+03
1.480e+03
1.581e+03
1.681e+03
1.643e+03
1.643e+03
1.716e+03
1.710e+03
1.814e+03
1.992e+03
1.895e+03
2.097e+03
2.404e+03
2.217e+03
2.432e+03
2.437e+03
2.440e+03
2.210e+03
1.961e+03
1.666e+03
1.540e+03
1.420e+03
1.293e+03
1.307e+03
1.305e+03
1.261e+03
1.036e+03
9.990e+02
8.850e+02
6.320e+02
5.000e+02
4.140e+02
3.890e+02
3.570e+02
2.920e+02
2.420e+02
1.810e+02
1.530e+02
1.530e+02
1.130e+02
1.130e+02
1.120e+02
9.100e+01
6.200e+01
7.500e+01
6.200e+01
5.800e+01
5.200e+01
5.000e+01
5.800e+01
5.000e+01
4.400e+01
3.000e+01
3.100e+01
3.300e+01
3.300e+01
3.500e+01
2.800e+01
3.300e+01
2.600e+01
2.200e+01
2.700e+01
3.700e+01
4.100e+01
3.200e+01
3.100e+01
3.500e+01
3.400e+01
4.300e+01
5.300e+01
5.700e+01
5.600e+01
8.700e+01
1.100e+02
4.500e+02
1.170e+02
1.050e+02
7.300e+01
6.400e+01
4.300e+01
3.400e+01
4.000e+01
3.800e+01
2.500e+01
2.100e+01
2.800e+01
2.600e+01
3.100e+01
2.500e+01
3.500e+01
3.000e+01
2.700e+01
3.700e+01
3.300e+01
3.000e+01
4.000e+01
2.600e+01
3.700e+01
4.500e+01
5.100e+01
4.800e+01
5.600e+01
7.500e+01
5.900e+01
7.700e+01
7.300e+01
9.000e+01
9.100e+01
1.050e+02
1.230e+02
1.680e+02
1.990e+02
2.030e+02
2.210e+02
2.770e+02
3.360e+02
3.900e+02
4.780e+02
5.520e+02
6.810e+02
9.130e+02
1.072e+03
1.103e+03
1.255e+03
1.287e+03
1.324e+03
1.351e+03
1.474e+03
1.660e+03
1.694e+03
1.930e+03
2.135e+03
2.457e+03
2.346e+03
2.306e+03
2.323e+03
2.372e+03
2.108e+03
2.009e+03
1.940e+03
1.797e+03
1.739e+03
1.689e+03
1.687e+03
1.648e+03
1.646e+03
1.595e+03
1.519e+03
1.368e+03
1.444e+03
1.249e+03
1.150e+03
1.214e+03
1.190e+03
9.890e+02
9.500e+02
9.710e+02
9.170e+02
8.840e+02
8.570e+02
8.550e+02
8.190e+02
8.620e+02
7.550e+02
7.070e+02
6.880e+02
6.400e+02
5.580e+02
5.970e+02
6.020e+02
5.310e+02
4.850e+02
4.200e+02
4.020e+02
3.930e+02
4.050e+02
3.790e+02
3.470e+02
2.900e+02
3.340e+02
2.380e+02
2.220e+02
1.910e+02
1.840e+02
1.560e+02
1.600e+02
1.440e+02
1.380e+02
1.250e+02
1.190e+02
1.080e+02
1.210e+02
1.350e+02
9.900e+01
1.220e+02
1.330e+02
1.010e+02
1.270e+02
1.070e+02
9.700e+01
9.900e+01
7.600e+01
7.000e+01
7.300e+01
7.800e+01
6.600e+01
5.000e+01
5.500e+01
5.100e+01
4.200e+01
4.700e+01
3.500e+01
2.900e+01
4.900e+01
6.200e+01
6.700e+01
4.600e+01
5.000e+01
3.600e+01
5.400e+01
3.300e+01
3.600e+01
4.800e+01
3.500e+01
3.900e+01
3.500e+01
3.300e+01
4.700e+01
4.900e+01
3.600e+01
4.300e+01
5.000e+01
5.400e+01
6.700e+01
6.300e+01
6.900e+01
6.400e+01
8.900e+01
1.150e+02
1.150e+02
1.840e+02
2.210e+02
2.540e+02
3.380e+02
3.620e+02
4.640e+02
6.730e+02
8.080e+02
6.990e+02
5.460e+02
5.720e+02
6.130e+02
7.410e+02
8.660e+02
