4.237e+04
1.111e+04
6.201e+03
4.475e+03
3.304e+03
2.645e+03
2.263e+03
2.017e+03
1.840e+03
1.487e+03
1.359e+03
1.084e+03
1.135e+03
9.910e+02
8.670e+02
8.580e+02
8.470e+02
7.600e+02
7.640e+02
7.370e+02
6.880e+02
6.510e+02
6.110e+02
5.670e+02
5.650e+02
5.400e+02
5.380e+02
4.890e+02
5.240e+02
5.460e+02
4.820e+02
4.130e+02
4.650e+02
3.840e+02
4.530e+02
4.540e+02
3.910e+02
4.540e+02
4.080e+02
4.590e+02
3.720e+02
4.090e+02
3.850e+02
3.720e+02
3.830e+02
3.450e+02
3.390e+02
3.690e+02
3.410e+02
2.620e+02
2.910e+02
3.020e+02
2.940e+02
2.600e+02
2.370e+02
2.690e+02
2.480e+02
2.560e+02
1.960e+02
1.840e+02
2.420e+02
2.140e+02
1.740e+02
1.900e+02
1.850e+02
1.890e+02
1.990e+02
1.610e+02
1.650e+02
1.380e+02
1.730e+02
1.400e+02
1.300e+02
1.490e+02
1.860e+02
1.610e+02
2.010e+02
2.110e+02
1.830e+02
2.070e+02
2.410e+02
2.250e+02
2.360e+02
2.380e+02
2.550e+02
2.310e+02
2.560e+02
2.600e+02
2.080e+02
2.560e+02
4.770e+02
3.110e+02
2.750e+02
2.540e+02
2.340e+02
2.480e+02
2.770e+02
2.260e+02
2.730e+02
2.350e+02
2.200e+02
2.370e+02
2.270e+02
2.160e+02
1.650e+02
2.130e+02
1.710e+02
1.880e+02
2.070e+02
1.720e+02
1.880e+02
2.270e+02
1.740e+02
2.520e+02
2.440e+02
2.220e+02
2.300e+02
2.080e+02
2.150e+02
2.320e+02
2.440e+02
1.880e+02
2.420e+02
2.330e+02
2.360e+02
2.360e+02
2.710e+02
2.730e+02
2.780e+02
2.540e+02
2.650e+02
3.000e+02
2.990e+02
3.160e+02
3.460e+02
3.280e+02
3.140e+02
3.320e+02
3.130e+02
3.430e+02
3.710e+02
3.660e+02
3.910e+02
3.990e+02
4.320e+02
4.690e+02
4.940e+02
4.660e+02
4.420e+02
4.520e+02
4.350e+02
5.480e+02
4.940e+02
5.050e+02
5.600e+02
5.410e+02
5.020e+02
5.360e+02
6.270e+02
6.050e+02
7.110e+02
6.910e+02
6.860e+02
7.000e+02
7.890e+02
7.620e+02
8.020e+02
8.750e+02
9.330e+02
1.095e+03
1.119e+03
1.337e+03
1.419e+03
1.660e+03
2.020e+03
2.177e+03
2.699e+03
3.586e+03
5.055e+03
9.781e+03
4.232e+04
9.901e+03
5.297e+03
3.419e+03
2.819e+03
2.193e+03
1.971e+03
1.686e+03
1.363e+03
1.316e+03
1.117e+03
1.045e+03
9.650e+02
9.470e+02
8.170e+02
8.110e+02
7.360e+02
8.110e+02
7.280e+02
6.770e+02
6.360e+02
6.530e+02
5.820e+02
5.710e+02
5.480e+02
5.560e+02
4.860e+02
4.380e+02
5.040e+02
5.980e+02
4.900e+02
4.930e+02
4.740e+02
4.660e+02
5.110e+02
4.170e+02
4.470e+02
4.410e+02
4.050e+02
4.130e+02
3.850e+02
3.750e+02
3.370e+02
3.710e+02
3.320e+02
3.380e+02
3.020e+02
3.040e+02
3.020e+02
2.810e+02
2.970e+02
2.890e+02
2.430e+02
2.690e+02
2.800e+02
2.670e+02
2.620e+02
2.600e+02
2.220e+02
2.460e+02
2.500e+02
2.080e+02
2.010e+02
2.050e+02
2.360e+02
2.110e+02
2.320e+02
1.830e+02
1.980e+02
1.650e+02
2.340e+02
1.670e+02
1.630e+02
2.110e+02
1.810e+02
1.830e+02
2.040e+02
2.360e+02
2.130e+02
2.000e+02
2.470e+02
2.560e+02
2.360e+02
2.760e+02
2.820e+02
2.450e+02
2.680e+02
2.560e+02
2.790e+02
3.660e+02
4.620e+02
2.510e+02
2.340e+02
2.700e+02
2.650e+02
2.770e+02
2.170e+02
2.290e+02
2.290e+02
2.230e+02
2.250e+02
1.960e+02
2.240e+02
1.940e+02
1.820e+02
1.590e+02
1.620e+02
1.610e+02
1.440e+02
1.670e+02
1.690e+02
1.650e+02
2.010e+02
1.960e+02
2.350e+02
1.590e+02
1.530e+02
2.100e+02
2.170e+02
2.240e+02
1.930e+02
2.020e+02
2.370e+02
2.520e+02
2.520e+02
2.310e+02
2.720e+02
2.540e+02
2.690e+02
3.340e+02
3.080e+02
3.310e+02
3.340e+02
2.940e+02
3.340e+02
3.420e+02
3.680e+02
3.770e+02
3.940e+02
3.870e+02
3.340e+02
3.750e+02
4.050e+02
4.130e+02
4.050e+02
3.940e+02
4.300e+02
4.180e+02
4.110e+02
3.920e+02
4.330e+02
4.670e+02
4.760e+02
4.820e+02
5.160e+02
5.690e+02
5.920e+02
5.660e+02
5.980e+02
6.900e+02
6.430e+02
7.000e+02
7.360e+02
8.070e+02
7.630e+02
8.160e+02
8.570e+02
9.480e+02
1.066e+03
1.245e+03
1.362e+03
1.594e+03
1.853e+03
1.959e+03
2.291e+03
2.690e+03
3.380e+03
4.493e+03
6.110e+03
1.064e+04
