3.448e+04
8.679e+03
5.060e+03
3.698e+03
2.822e+03
2.218e+03
1.924e+03
1.730e+03
1.598e+03
1.279e+03
1.205e+03
9.890e+02
1.024e+03
9.140e+02
8.090e+02
8.130e+02
7.810e+02
7.400e+02
7.360e+02
6.900e+02
6.960e+02
6.740e+02
6.160e+02
5.410e+02
5.290e+02
5.130e+02
5.090e+02
4.870e+02
5.190e+02
5.310e+02
5.120e+02
4.600e+02
4.770e+02
3.930e+02
4.480e+02
4.630e+02
4.100e+02
4.480e+02
4.060e+02
4.400e+02
3.810e+02
4.200e+02
3.710e+02
3.560e+02
3.800e+02
3.310e+02
3.290e+02
3.600e+02
3.440e+02
2.780e+02
2.920e+02
2.950e+02
2.900e+02
2.750e+02
2.410e+02
2.760e+02
2.520e+02
2.670e+02
2.180e+02
2.080e+02
2.410e+02
2.300e+02
2.010e+02
2.050e+02
1.920e+02
1.960e+02
1.930e+02
1.820e+02
1.760e+02
1.500e+02
1.760e+02
1.610e+02
1.340e+02
1.510e+02
1.910e+02
1.710e+02
1.980e+02
2.130e+02
2.070e+02
2.140e+02
2.450e+02
2.170e+02
2.590e+02
2.640e+02
2.730e+02
2.590e+02
2.780e+02
2.790e+02
2.270e+02
2.710e+02
4.200e+02
3.000e+02
2.650e+02
2.660e+02
2.460e+02
2.820e+02
2.820e+02
2.130e+02
2.560e+02
2.270e+02
2.260e+02
2.160e+02
1.980e+02
2.080e+02
1.690e+02
1.950e+02
1.630e+02
1.810e+02
1.940e+02
1.700e+02
1.750e+02
2.010e+02
1.650e+02
2.220e+02
2.030e+02
1.930e+02
2.000e+02
1.990e+02
2.200e+02
2.170e+02
2.160e+02
1.930e+02
2.120e+02
2.310e+02
2.440e+02
2.380e+02
2.730e+02
2.760e+02
2.760e+02
2.770e+02
2.600e+02
2.900e+02
2.850e+02
2.940e+02
3.210e+02
3.050e+02
3.300e+02
3.270e+02
3.220e+02
3.480e+02
3.620e+02
3.510e+02
3.640e+02
4.060e+02
4.070e+02
4.520e+02
4.490e+02
4.390e+02
4.110e+02
4.440e+02
4.470e+02
5.190e+02
4.940e+02
5.270e+02
5.590e+02
5.420e+02
5.210e+02
5.530e+02
6.230e+02
6.330e+02
7.170e+02
7.110e+02
7.040e+02
6.910e+02
7.840e+02
7.470e+02
8.460e+02
8.810e+02
9.740e+02
1.088e+03
1.137e+03
1.357e+03
1.480e+03
1.712e+03
1.994e+03
2.247e+03
2.783e+03
3.715e+03
5.259e+03
9.778e+03
3.853e+04
9.686e+03
5.405e+03
3.548e+03
2.813e+03
2.188e+03
1.975e+03
1.717e+03
1.391e+03
1.350e+03
1.127e+03
1.050e+03
9.540e+02
9.390e+02
8.310e+02
8.200e+02
7.480e+02
8.160e+02
7.490e+02
7.040e+02
6.760e+02
6.740e+02
6.000e+02
5.940e+02
5.290e+02
5.390e+02
4.940e+02
4.430e+02
5.170e+02
5.610e+02
4.870e+02
4.710e+02
4.780e+02
4.360e+02
4.770e+02
4.130e+02
4.400e+02
4.360e+02
4.140e+02
3.810e+02
3.960e+02
3.950e+02
3.290e+02
3.630e+02
3.200e+02
3.200e+02
2.800e+02
3.070e+02
2.800e+02
2.650e+02
2.920e+02
2.790e+02
2.460e+02
2.770e+02
2.730e+02
2.530e+02
2.530e+02
2.490e+02
2.230e+02
2.300e+02
2.230e+02
2.040e+02
2.000e+02
1.830e+02
1.990e+02
1.870e+02
1.970e+02
1.580e+02
1.800e+02
1.570e+02
1.990e+02
1.680e+02
1.580e+02
1.910e+02
1.700e+02
1.830e+02
2.040e+02
2.060e+02
2.050e+02
2.180e+02
2.610e+02
2.420e+02
2.420e+02
2.770e+02
2.890e+02
2.410e+02
2.630e+02
2.560e+02
2.800e+02
3.320e+02
4.240e+02
2.720e+02
2.530e+02
2.740e+02
2.870e+02
2.780e+02
2.360e+02
2.320e+02
2.310e+02
2.350e+02
2.370e+02
1.900e+02
2.340e+02
1.910e+02
1.770e+02
1.580e+02
1.600e+02
1.660e+02
1.500e+02
1.830e+02
1.730e+02
1.760e+02
2.090e+02
2.110e+02
2.420e+02
1.690e+02
1.680e+02
2.220e+02
2.220e+02
2.370e+02
2.090e+02
2.050e+02
2.250e+02
2.540e+02
2.590e+02
2.590e+02
2.790e+02
2.740e+02
2.740e+02
3.240e+02
3.120e+02
3.450e+02
3.210e+02
3.140e+02
3.060e+02
3.260e+02
3.360e+02
3.670e+02
3.700e+02
3.700e+02
3.440e+02
3.800e+02
4.000e+02
4.120e+02
4.050e+02
4.080e+02
4.220e+02
4.120e+02
4.370e+02
4.110e+02
4.750e+02
4.890e+02
4.970e+02
4.890e+02
5.190e+02
5.380e+02
5.520e+02
5.520e+02
6.030e+02
6.620e+02
6.490e+02
6.560e+02
7.190e+02
7.570e+02
7.290e+02
7.730e+02
7.900e+02
8.830e+02
9.430e+02
1.116e+03
1.209e+03
1.390e+03
1.577e+03
1.723e+03
1.962e+03
2.269e+03
2.883e+03
3.742e+03
5.069e+03
8.567e+03
