2.181e+03
9.860e+02
7.090e+02
6.110e+02
5.150e+02
4.720e+02
4.250e+02
3.560e+02
2.960e+02
2.880e+02
2.580e+02
2.170e+02
1.710e+02
1.780e+02
1.630e+02
1.480e+02
1.440e+02
1.310e+02
1.350e+02
1.350e+02
1.330e+02
1.220e+02
1.160e+02
1.180e+02
1.340e+02
1.320e+02
1.740e+02
1.390e+02
1.460e+02
1.350e+02
1.740e+02
2.860e+02
2.180e+02
2.530e+02
3.250e+02
3.630e+02
3.680e+02
3.000e+02
3.840e+02
4.200e+02
4.680e+02
5.760e+02
5.950e+02
7.080e+02
5.760e+02
5.300e+02
9.290e+02
5.490e+02
2.540e+02
1.960e+02
1.700e+02
9.000e+01
7.900e+01
6.300e+01
6.700e+01
5.000e+01
9.500e+01
3.740e+02
8.000e+01
5.000e+00
7.000e+00
4.000e+00
8.000e+00
4.000e+00
2.000e+00
1.000e+00
0.000e+00
0.000e+00
0.000e+00
2.000e+00
1.000e+00
0.000e+00
0.000e+00
0.000e+00
4.000e+00
1.000e+00
0.000e+00
0.000e+00
0.000e+00
0.000e+00
0.000e+00
0.000e+00
0.000e+00
0.000e+00
0.000e+00
0.000e+00
0.000e+00
0.000e+00
0.000e+00
0.000e+00
0.000e+00
0.000e+00
0.000e+00
0.000e+00
0.000e+00
0.000e+00
0.000e+00
0.000e+00
0.000e+00
0.000e+00
0.000e+00
0.000e+00
0.000e+00
0.000e+00
0.000e+00
0.000e+00
0.000e+00
0.000e+00
0.000e+00
0.000e+00
0.000e+00
0.000e+00
0.000e+00
0.000e+00
0.000e+00
0.000e+00
0.000e+00
0.000e+00
0.000e+00
0.000e+00
0.000e+00
0.000e+00
0.000e+00
0.000e+00
0.000e+00
0.000e+00
0.000e+00
0.000e+00
0.000e+00
0.000e+00
0.000e+00
0.000e+00
0.000e+00
0.000e+00
0.000e+00
0.000e+00
0.000e+00
0.000e+00
0.000e+00
0.000e+00
0.000e+00
0.000e+00
0.000e+00
0.000e+00
0.000e+00
0.000e+00
0.000e+00
0.000e+00
0.000e+00
0.000e+00
0.000e+00
0.000e+00
0.000e+00
0.000e+00
0.000e+00
0.000e+00
0.000e+00
0.000e+00
0.000e+00
0.000e+00
0.000e+00
0.000e+00
0.000e+00
0.000e+00
0.000e+00
0.000e+00
0.000e+00
0.000e+00
0.000e+00
0.000e+00
0.000e+00
0.000e+00
0.000e+00
0.000e+00
0.000e+00
0.000e+00
0.000e+00
0.000e+00
0.000e+00
0.000e+00
0.000e+00
0.000e+00
0.000e+00
0.000e+00
0.000e+00
0.000e+00
0.000e+00
0.000e+00
0.000e+00
0.000e+00
0.000e+00
0.000e+00
0.000e+00
0.000e+00
0.000e+00
0.000e+00
0.000e+00
0.000e+00
0.000e+00
0.000e+00
0.000e+00
0.000e+00
0.000e+00
0.000e+00
0.000e+00
0.000e+00
0.000e+00
0.000e+00
0.000e+00
0.000e+00
0.000e+00
0.000e+00
0.000e+00
0.000e+00
0.000e+00
0.000e+00
0.000e+00
0.000e+00
0.000e+00
0.000e+00
0.000e+00
0.000e+00
0.000e+00
0.000e+00
0.000e+00
0.000e+00
0.000e+00
0.000e+00
0.000e+00
0.000e+00
0.000e+00
0.000e+00
0.000e+00
0.000e+00
0.000e+00
0.000e+00
0.000e+00
0.000e+00
0.000e+00
0.000e+00
0.000e+00
0.000e+00
0.000e+00
0.000e+00
0.000e+00
0.000e+00
0.000e+00
0.000e+00
0.000e+00
0.000e+00
0.000e+00
0.000e+00
0.000e+00
0.000e+00
0.000e+00
0.000e+00
0.000e+00
0.000e+00
0.000e+00
0.000e+00
0.000e+00
0.000e+00
0.000e+00
0.000e+00
0.000e+00
0.000e+00
0.000e+00
0.000e+00
0.000e+00
0.000e+00
0.000e+00
0.000e+00
0.000e+00
0.000e+00
0.000e+00
0.000e+00
0.000e+00
0.000e+00
0.000e+00
0.000e+00
0.000e+00
0.000e+00
0.000e+00
0.000e+00
0.000e+00
0.000e+00
0.000e+00
0.000e+00
0.000e+00
0.000e+00
0.000e+00
0.000e+00
0.000e+00
0.000e+00
0.000e+00
0.000e+00
3.000e+00
1.500e+01
3.000e+00
3.000e+00
2.000e+00
6.000e+00
8.000e+00
1.200e+01
8.000e+00
2.900e+01
6.400e+01
7.600e+01
1.750e+02
1.210e+02
1.340e+02
2.080e+02
2.010e+02
1.910e+02
1.820e+02
1.890e+02
2.020e+02
1.960e+02
1.950e+02
2.080e+02
2.070e+02
1.930e+02
1.760e+02
1.350e+02
1.790e+02
1.680e+02
2.040e+02
1.590e+02
1.560e+02
1.440e+02
1.200e+02
1.230e+02
1.270e+02
1.270e+02
1.160e+02
1.230e+02
1.110e+02
1.140e+02
1.190e+02
1.080e+02
1.180e+02
1.160e+02
1.460e+02
1.510e+02
1.510e+02
1.490e+02
1.830e+02
2.040e+02
2.270e+02
2.550e+02
2.790e+02
3.680e+02
3.530e+02
3.660e+02
4.670e+02
4.930e+02
5.020e+02
5.820e+02
6.820e+02
9.750e+02
