1.000e+00
0.000e+00
0.000e+00
0.000e+00
0.000e+00
0.000e+00
0.000e+00
0.000e+00
0.000e+00
0.000e+00
0.000e+00
0.000e+00
0.000e+00
0.000e+00
0.000e+00
0.000e+00
0.000e+00
0.000e+00
0.000e+00
0.000e+00
1.000e+00
1.000e+00
0.000e+00
1.000e+00
0.000e+00
0.000e+00
0.000e+00
0.000e+00
0.000e+00
1.000e+00
0.000e+00
0.000e+00
0.000e+00
1.000e+00
2.000e+00
2.000e+00
4.000e+00
8.000e+00
9.000e+00
8.000e+00
1.000e+01
1.500e+01
1.100e+01
1.500e+01
1.600e+01
3.200e+01
4.400e+01
5.800e+01
4.200e+01
4.700e+01
6.100e+01
1.290e+02
2.040e+02
1.840e+02
1.060e+02
6.000e+01
4.400e+01
4.600e+01
5.600e+01
6.200e+01
4.900e+01
4.600e+01
4.900e+01
6.500e+01
8.900e+01
8.300e+01
9.400e+01
9.400e+01
1.070e+02
9.700e+01
7.000e+01
6.800e+01
8.900e+01
8.200e+01
7.800e+01
7.900e+01
8.300e+01
1.000e+02
1.100e+02
8.400e+01
7.000e+01
8.500e+01
5.200e+01
4.900e+01
5.200e+01
5.900e+01
7.200e+01
5.100e+01
6.200e+01
5.400e+01
4.000e+01
2.900e+01
3.000e+01
1.400e+01
2.300e+01
1.900e+01
3.000e+00
6.000e+00
3.000e+00
2.000e+00
0.000e+00
2.000e+00
3.000e+00
5.000e+00
6.000e+00
6.000e+00
6.000e+00
1.000e+00
1.000e+00
3.000e+00
3.000e+00
1.000e+00
1.000e+00
7.000e+00
1.100e+01
2.000e+00
2.000e+00
0.000e+00
6.000e+00
0.000e+00
2.000e+00
1.000e+00
1.000e+00
2.000e+00
1.000e+00
0.000e+00
1.000e+00
0.000e+00
0.000e+00
1.000e+00
0.000e+00
3.000e+00
0.000e+00
1.000e+00
1.000e+00
0.000e+00
1.000e+00
0.000e+00
0.000e+00
0.000e+00
0.000e+00
0.000e+00
0.000e+00
0.000e+00
0.000e+00
0.000e+00
2.000e+00
0.000e+00
0.000e+00
1.000e+00
1.000e+00
0.000e+00
3.000e+00
0.000e+00
1.000e+00
0.000e+00
1.000e+00
3.000e+00
1.000e+00
0.000e+00
3.000e+00
1.000e+00
0.000e+00
3.000e+00
2.000e+00
4.000e+00
2.000e+00
5.000e+00
6.000e+00
1.000e+00
3.000e+00
3.000e+00
4.000e+00
4.000e+00
3.000e+00
8.000e+00
2.000e+00
9.000e+00
2.000e+00
1.200e+01
1.100e+01
5.000e+00
8.000e+00
3.000e+00
5.000e+00
2.000e+00
7.000e+00
4.000e+00
4.000e+00
2.000e+00
3.000e+00
2.000e+00
5.000e+00
7.000e+00
0.000e+00
2.000e+00
4.000e+00
0.000e+00
0.000e+00
0.000e+00
0.000e+00
0.000e+00
1.000e+00
3.000e+00
0.000e+00
1.000e+00
0.000e+00
0.000e+00
1.000e+00
0.000e+00
0.000e+00
0.000e+00
0.000e+00
1.000e+00
1.000e+00
1.000e+00
1.000e+00
0.000e+00
1.000e+00
0.000e+00
0.000e+00
0.000e+00
0.000e+00
0.000e+00
2.000e+00
0.000e+00
0.000e+00
0.000e+00
0.000e+00
1.000e+00
0.000e+00
0.000e+00
0.000e+00
0.000e+00
2.000e+00
0.000e+00
0.000e+00
0.000e+00
0.000e+00
1.000e+00
1.000e+00
0.000e+00
3.000e+00
0.000e+00
3.000e+00
4.000e+00
1.200e+01
4.000e+00
7.000e+00
2.000e+00
5.000e+00
2.000e+00
1.000e+01
5.000e+00
4.000e+00
3.000e+00
2.000e+00
5.000e+00
2.000e+00
2.000e+00
5.000e+00
4.000e+00
5.000e+00
8.000e+00
1.000e+01
1.200e+01
3.300e+01
2.000e+01
2.700e+01
2.100e+01
4.900e+01
5.000e+01
8.500e+01
7.100e+01
4.800e+01
4.500e+01
4.400e+01
4.600e+01
7.500e+01
8.600e+01
8.800e+01
8.700e+01
1.190e+02
1.160e+02
1.030e+02
9.100e+01
9.000e+01
8.400e+01
8.700e+01
6.300e+01
7.500e+01
1.100e+02
1.210e+02
1.120e+02
1.020e+02
1.060e+02
9.500e+01
5.900e+01
7.000e+01
5.000e+01
4.700e+01
5.300e+01
4.700e+01
4.400e+01
4.500e+01
5.500e+01
1.060e+02
1.800e+02
1.580e+02
1.500e+02
4.600e+01
3.900e+01
5.700e+01
5.700e+01
4.100e+01
2.500e+01
1.600e+01
1.600e+01
1.200e+01
1.000e+01
9.000e+00
1.100e+01
8.000e+00
6.000e+00
2.000e+00
3.000e+00
3.000e+00
0.000e+00
1.000e+00
0.000e+00
3.000e+00
1.000e+00
0.000e+00
0.000e+00
0.000e+00
0.000e+00
1.000e+00
1.000e+00
2.000e+00
0.000e+00
4.000e+00
0.000e+00
1.000e+00
0.000e+00
0.000e+00
0.000e+00
0.000e+00
0.000e+00
1.000e+00
0.000e+00
0.000e+00
0.000e+00
0.000e+00
0.000e+00
0.000e+00
0.000e+00
0.000e+00
0.000e+00
0.000e+00
0.000e+00
