3.000e+00
0.000e+00
0.000e+00
0.000e+00
0.000e+00
0.000e+00
0.000e+00
0.000e+00
0.000e+00
0.000e+00
0.000e+00
0.000e+00
0.000e+00
1.000e+00
0.000e+00
1.000e+00
0.000e+00
1.000e+00
0.000e+00
0.000e+00
1.000e+00
1.000e+00
1.000e+00
2.000e+00
1.000e+00
0.000e+00
2.000e+00
4.000e+00
1.000e+00
4.000e+00
8.000e+00
9.000e+00
1.300e+01
1.500e+01
2.700e+01
3.000e+01
2.200e+01
3.800e+01
6.200e+01
6.300e+01
8.100e+01
1.220e+02
1.190e+02
1.200e+02
1.530e+02
1.780e+02
2.740e+02
3.100e+02
3.670e+02
4.050e+02
5.190e+02
6.020e+02
7.500e+02
7.820e+02
7.250e+02
6.630e+02
7.410e+02
8.120e+02
8.920e+02
7.780e+02
7.270e+02
6.100e+02
5.210e+02
5.300e+02
4.710e+02
4.840e+02
5.190e+02
5.440e+02
5.080e+02
5.480e+02
4.580e+02
5.460e+02
5.740e+02
5.460e+02
5.320e+02
5.820e+02
5.820e+02
5.340e+02
5.240e+02
4.290e+02
3.460e+02
3.410e+02
3.060e+02
3.030e+02
2.590e+02
2.680e+02
3.120e+02
2.770e+02
3.140e+02
2.960e+02
2.800e+02
2.780e+02
2.850e+02
2.240e+02
2.130e+02
2.270e+02
1.440e+02
1.040e+02
7.000e+01
4.600e+01
2.700e+01
2.500e+01
1.900e+01
2.900e+01
2.100e+01
1.700e+01
2.600e+01
1.900e+01
1.200e+01
1.000e+01
2.000e+01
1.100e+01
5.000e+00
2.100e+01
1.800e+01
1.500e+01
1.200e+01
7.000e+00
1.800e+01
1.100e+01
5.000e+00
1.600e+01
8.000e+00
7.000e+00
6.000e+00
1.000e+00
2.000e+00
2.000e+00
4.000e+00
2.000e+00
2.000e+00
5.000e+00
3.000e+00
1.000e+00
5.000e+00
1.000e+00
2.000e+00
2.000e+00
1.000e+00
3.000e+00
4.000e+00
3.000e+00
5.000e+00
9.000e+00
7.000e+00
6.000e+00
6.000e+00
2.000e+00
1.000e+01
7.000e+00
8.000e+00
2.000e+00
8.000e+00
5.000e+00
9.000e+00
5.000e+00
4.000e+00
1.600e+01
9.000e+00
1.600e+01
1.400e+01
9.000e+00
1.800e+01
1.300e+01
1.100e+01
1.800e+01
1.100e+01
3.000e+01
3.200e+01
2.300e+01
2.500e+01
3.400e+01
4.100e+01
4.500e+01
3.100e+01
3.300e+01
3.000e+01
4.500e+01
5.800e+01
9.500e+01
8.500e+01
5.900e+01
5.700e+01
4.900e+01
3.400e+01
3.100e+01
4.500e+01
4.300e+01
4.100e+01
3.400e+01
2.200e+01
3.200e+01
2.500e+01
2.500e+01
1.500e+01
1.600e+01
2.500e+01
1.000e+01
1.000e+01
1.200e+01
1.900e+01
2.200e+01
1.400e+01
1.200e+01
1.800e+01
1.100e+01
1.300e+01
9.000e+00
7.000e+00
4.000e+00
4.000e+00
4.000e+00
4.000e+00
6.000e+00
8.000e+00
6.000e+00
5.000e+00
4.000e+00
5.000e+00
3.000e+00
3.000e+00
3.000e+00
3.000e+00
0.000e+00
3.000e+00
1.000e+00
4.000e+00
4.000e+00
1.000e+00
2.000e+00
6.000e+00
3.000e+00
2.000e+00
5.000e+00
7.000e+00
5.000e+00
5.000e+00
5.000e+00
1.000e+01
7.000e+00
9.000e+00
1.400e+01
2.200e+01
1.100e+01
1.900e+01
1.700e+01
2.800e+01
1.400e+01
1.600e+01
1.700e+01
2.000e+01
1.300e+01
1.200e+01
2.000e+01
2.400e+01
2.000e+01
1.200e+01
2.300e+01
2.400e+01
3.300e+01
4.000e+01
3.900e+01
6.900e+01
9.800e+01
1.260e+02
1.890e+02
2.260e+02
2.530e+02
2.470e+02
2.710e+02
2.670e+02
2.750e+02
2.920e+02
2.810e+02
2.420e+02
2.320e+02
2.790e+02
2.790e+02
3.520e+02
3.730e+02
3.970e+02
4.740e+02
6.180e+02
6.440e+02
6.040e+02
5.710e+02
5.410e+02
5.640e+02
5.220e+02
5.330e+02
5.150e+02
4.700e+02
4.700e+02
5.000e+02
5.260e+02
5.290e+02
5.370e+02
4.580e+02
4.780e+02
5.690e+02
7.420e+02
7.570e+02
8.480e+02
7.860e+02
6.830e+02
6.340e+02
6.250e+02
7.350e+02
7.300e+02
5.440e+02
3.850e+02
3.700e+02
3.270e+02
3.400e+02
2.610e+02
1.680e+02
1.400e+02
1.340e+02
1.190e+02
9.400e+01
6.900e+01
6.000e+01
5.600e+01
3.900e+01
2.100e+01
1.000e+01
2.100e+01
1.100e+01
5.000e+00
1.000e+01
6.000e+00
4.000e+00
1.000e+00
3.000e+00
0.000e+00
1.000e+00
1.000e+00
1.000e+00
4.000e+00
1.000e+00
5.000e+00
1.000e+00
2.000e+00
0.000e+00
0.000e+00
0.000e+00
1.000e+00
1.000e+00
2.000e+00
0.000e+00
0.000e+00
0.000e+00
0.000e+00
0.000e+00
0.000e+00
0.000e+00
1.000e+00
0.000e+00
0.000e+00
0.000e+00
