3.000e+00
6.000e+00
2.000e+00
2.000e+00
1.000e+00
0.000e+00
1.000e+00
3.000e+00
3.000e+00
1.000e+00
2.000e+00
2.000e+00
3.000e+00
6.000e+00
6.000e+00
7.000e+00
7.000e+00
6.000e+00
9.000e+00
6.000e+00
1.400e+01
1.800e+01
1.500e+01
2.200e+01
1.500e+01
1.100e+01
1.100e+01
1.500e+01
1.600e+01
2.300e+01
4.600e+01
5.500e+01
6.700e+01
8.400e+01
1.160e+02
1.340e+02
1.310e+02
1.710e+02
2.190e+02
2.750e+02
3.240e+02
4.200e+02
5.560e+02
6.430e+02
7.080e+02
8.630e+02
1.262e+03
1.634e+03
1.768e+03
1.990e+03
2.338e+03
2.538e+03
2.810e+03
3.071e+03
3.278e+03
3.274e+03
3.585e+03
3.198e+03
2.736e+03
2.419e+03
2.117e+03
1.923e+03
1.779e+03
1.498e+03
1.345e+03
1.349e+03
1.257e+03
1.246e+03
1.111e+03
1.132e+03
1.056e+03
1.052e+03
1.106e+03
1.009e+03
9.880e+02
1.059e+03
1.062e+03
9.340e+02
9.090e+02
7.900e+02
8.440e+02
7.960e+02
7.030e+02
7.090e+02
6.410e+02
6.730e+02
7.050e+02
6.590e+02
7.280e+02
6.970e+02
7.030e+02
5.630e+02
5.970e+02
5.360e+02
4.120e+02
3.530e+02
2.900e+02
1.940e+02
1.370e+02
1.020e+02
7.000e+01
6.300e+01
4.100e+01
5.500e+01
3.900e+01
3.900e+01
4.000e+01
2.800e+01
2.500e+01
2.300e+01
2.700e+01
1.600e+01
9.000e+00
3.000e+01
2.500e+01
2.300e+01
1.800e+01
1.600e+01
2.500e+01
1.900e+01
1.000e+01
2.800e+01
1.300e+01
1.100e+01
1.200e+01
1.200e+01
8.000e+00
1.000e+01
8.000e+00
1.000e+01
6.000e+00
7.000e+00
1.000e+01
5.000e+00
1.400e+01
6.000e+00
9.000e+00
9.000e+00
1.000e+01
1.400e+01
1.100e+01
1.200e+01
1.800e+01
2.300e+01
2.300e+01
3.000e+01
2.400e+01
2.600e+01
4.000e+01
4.000e+01
4.800e+01
3.700e+01
6.900e+01
6.100e+01
7.800e+01
5.500e+01
8.800e+01
8.000e+01
8.300e+01
1.420e+02
1.670e+02
1.700e+02
1.740e+02
1.890e+02
2.050e+02
2.320e+02
2.020e+02
2.850e+02
3.250e+02
3.290e+02
4.190e+02
5.410e+02
4.920e+02
5.110e+02
5.240e+02
6.080e+02
5.810e+02
6.150e+02
7.600e+02
7.810e+02
7.380e+02
6.930e+02
6.700e+02
6.080e+02
6.390e+02
6.890e+02
7.030e+02
6.200e+02
4.890e+02
4.440e+02
4.070e+02
4.000e+02
3.400e+02
2.710e+02
2.420e+02
2.150e+02
1.660e+02
1.680e+02
1.300e+02
1.200e+02
1.260e+02
1.160e+02
8.200e+01
6.700e+01
6.500e+01
7.500e+01
5.300e+01
6.500e+01
5.200e+01
5.000e+01
3.000e+01
3.200e+01
3.000e+01
2.700e+01
1.900e+01
2.400e+01
1.700e+01
1.700e+01
1.700e+01
1.500e+01
9.000e+00
8.000e+00
1.400e+01
6.000e+00
8.000e+00
9.000e+00
5.000e+00
6.000e+00
5.000e+00
5.000e+00
1.200e+01
1.000e+01
1.000e+01
1.200e+01
1.700e+01
1.700e+01
1.000e+01
1.300e+01
1.900e+01
1.400e+01
1.900e+01
1.600e+01
3.000e+01
2.000e+01
2.600e+01
1.900e+01
3.300e+01
2.000e+01
2.300e+01
2.300e+01
2.500e+01
2.300e+01
2.900e+01
3.300e+01
3.400e+01
2.600e+01
2.200e+01
4.600e+01
4.300e+01
5.000e+01
5.700e+01
5.800e+01
9.800e+01
1.310e+02
1.630e+02
2.490e+02
3.190e+02
4.070e+02
3.990e+02
4.480e+02
5.100e+02
5.220e+02
5.750e+02
6.340e+02
5.980e+02
5.490e+02
5.960e+02
5.710e+02
6.550e+02
6.570e+02
7.970e+02
8.320e+02
9.600e+02
9.540e+02
9.930e+02
9.540e+02
9.310e+02
9.770e+02
9.920e+02
9.870e+02
1.035e+03
1.003e+03
1.036e+03
1.228e+03
1.261e+03
1.268e+03
1.234e+03
1.317e+03
1.529e+03
1.721e+03
1.999e+03
2.298e+03
2.510e+03
2.726e+03
3.150e+03
3.219e+03
2.839e+03
2.762e+03
2.504e+03
2.284e+03
1.956e+03
1.735e+03
1.647e+03
1.558e+03
1.051e+03
7.340e+02
6.040e+02
5.650e+02
5.170e+02
3.880e+02
3.440e+02
2.930e+02
2.140e+02
1.710e+02
1.440e+02
8.500e+01
1.060e+02
9.100e+01
5.100e+01
4.100e+01
3.700e+01
4.400e+01
2.900e+01
2.200e+01
2.300e+01
2.000e+01
1.200e+01
1.000e+01
2.100e+01
7.000e+00
1.100e+01
4.000e+00
4.000e+00
7.000e+00
6.000e+00
2.000e+00
4.000e+00
7.000e+00
4.000e+00
2.000e+00
0.000e+00
0.000e+00
1.000e+00
1.000e+00
0.000e+00
1.000e+00
3.000e+00
2.000e+00
3.000e+00
6.000e+00
