0.000e+00
0.000e+00
0.000e+00
0.000e+00
0.000e+00
0.000e+00
0.000e+00
0.000e+00
0.000e+00
0.000e+00
0.000e+00
0.000e+00
0.000e+00
0.000e+00
0.000e+00
0.000e+00
0.000e+00
0.000e+00
0.000e+00
0.000e+00
0.000e+00
0.000e+00
0.000e+00
0.000e+00
0.000e+00
0.000e+00
0.000e+00
0.000e+00
0.000e+00
4.000e+00
0.000e+00
0.000e+00
0.000e+00
1.000e+00
1.000e+00
0.000e+00
1.000e+00
4.000e+00
1.000e+00
0.000e+00
1.000e+00
6.000e+00
3.000e+00
9.000e+00
7.000e+00
1.300e+01
1.400e+01
1.500e+01
2.200e+01
1.600e+01
1.900e+01
2.800e+01
4.000e+01
5.000e+01
7.400e+01
1.130e+02
1.250e+02
1.330e+02
1.330e+02
1.610e+02
1.980e+02
1.860e+02
1.940e+02
1.900e+02
2.210e+02
3.140e+02
2.080e+02
1.490e+02
1.420e+02
1.290e+02
1.180e+02
1.450e+02
1.490e+02
1.750e+02
1.880e+02
2.430e+02
2.170e+02
2.740e+02
3.250e+02
4.430e+02
3.530e+02
4.410e+02
4.550e+02
4.750e+02
3.350e+02
3.180e+02
2.460e+02
2.030e+02
1.840e+02
1.740e+02
1.090e+02
8.700e+01
8.300e+01
8.600e+01
6.400e+01
6.500e+01
6.200e+01
7.700e+01
1.350e+02
1.570e+02
6.100e+01
3.000e+01
2.700e+01
1.800e+01
1.500e+01
1.200e+01
1.400e+01
9.000e+00
5.000e+00
8.000e+00
2.000e+01
1.200e+01
2.400e+01
1.800e+01
1.500e+01
2.400e+01
1.400e+01
1.400e+01
7.000e+00
6.000e+00
3.000e+00
7.000e+00
4.000e+00
2.000e+00
4.000e+00
4.000e+00
3.000e+00
3.000e+00
2.000e+00
3.000e+00
3.000e+00
2.000e+00
4.000e+00
5.000e+00
2.000e+00
3.000e+00
2.000e+00
4.000e+00
3.000e+00
4.000e+00
3.000e+00
6.000e+00
4.000e+00
2.000e+00
3.000e+00
4.000e+00
5.000e+00
7.000e+00
4.000e+00
4.000e+00
2.000e+00
3.000e+00
5.000e+00
4.000e+00
5.000e+00
4.000e+00
9.000e+00
1.100e+01
8.000e+00
6.000e+00
1.000e+01
1.100e+01
5.000e+00
1.400e+01
8.000e+00
1.500e+01
1.400e+01
2.500e+01
1.600e+01
1.800e+01
2.700e+01
1.700e+01
1.500e+01
2.100e+01
3.300e+01
4.000e+01
4.700e+01
4.400e+01
5.600e+01
9.600e+01
1.550e+02
8.100e+01
5.200e+01
3.700e+01
4.900e+01
5.800e+01
4.100e+01
1.900e+01
2.600e+01
2.200e+01
1.500e+01
1.500e+01
2.200e+01
2.100e+01
1.400e+01
1.200e+01
1.100e+01
1.700e+01
7.000e+00
1.000e+01
1.300e+01
1.800e+01
5.000e+00
7.000e+00
7.000e+00
4.000e+00
8.000e+00
4.000e+00
1.000e+00
6.000e+00
3.000e+00
4.000e+00
5.000e+00
7.000e+00
6.000e+00
2.000e+00
6.000e+00
3.000e+00
4.000e+00
3.000e+00
4.000e+00
3.000e+00
2.000e+00
2.000e+00
7.000e+00
3.000e+00
6.000e+00
6.000e+00
5.000e+00
1.000e+00
3.000e+00
1.000e+00
3.000e+00
0.000e+00
2.000e+00
1.000e+00
0.000e+00
2.000e+00
3.000e+00
4.000e+00
8.000e+00
5.000e+00
1.500e+01
1.300e+01
1.300e+01
2.100e+01
1.600e+01
2.500e+01
1.800e+01
1.300e+01
2.200e+01
1.500e+01
1.000e+01
1.000e+01
1.300e+01
1.700e+01
1.400e+01
2.800e+01
2.600e+01
3.200e+01
7.800e+01
1.270e+02
1.570e+02
6.900e+01
6.300e+01
5.600e+01
7.300e+01
8.500e+01
9.000e+01
1.000e+02
1.290e+02
1.820e+02
1.890e+02
2.350e+02
2.870e+02
3.500e+02
3.490e+02
4.980e+02
4.170e+02
3.910e+02
3.350e+02
4.270e+02
3.290e+02
2.540e+02
2.000e+02
2.090e+02
2.120e+02
1.730e+02
1.520e+02
1.300e+02
1.140e+02
1.200e+02
1.390e+02
1.410e+02
1.990e+02
2.550e+02
1.980e+02
1.600e+02
1.720e+02
1.760e+02
1.890e+02
1.480e+02
1.380e+02
9.300e+01
7.600e+01
1.110e+02
5.900e+01
6.200e+01
3.800e+01
2.600e+01
2.000e+01
2.400e+01
2.400e+01
1.600e+01
1.000e+01
7.000e+00
6.000e+00
6.000e+00
7.000e+00
3.000e+00
1.000e+00
1.000e+00
3.000e+00
1.000e+00
1.000e+00
0.000e+00
1.000e+00
1.000e+00
0.000e+00
0.000e+00
1.000e+00
1.000e+00
0.000e+00
0.000e+00
0.000e+00
0.000e+00
1.000e+00
0.000e+00
0.000e+00
0.000e+00
0.000e+00
0.000e+00
0.000e+00
0.000e+00
0.000e+00
0.000e+00
0.000e+00
0.000e+00
0.000e+00
0.000e+00
0.000e+00
0.000e+00
0.000e+00
0.000e+00
1.000e+00
0.000e+00
0.000e+00
0.000e+00
0.000e+00
0.000e+00
