7.000e+00
6.000e+00
4.000e+00
6.000e+00
3.000e+00
1.100e+01
4.000e+00
7.000e+00
3.000e+00
6.000e+00
4.000e+00
3.000e+00
3.000e+00
4.000e+00
1.000e+01
1.100e+01
9.000e+00
7.000e+00
2.100e+01
7.000e+00
1.300e+01
1.400e+01
1.700e+01
1.400e+01
2.100e+01
1.300e+01
2.500e+01
2.700e+01
2.700e+01
3.200e+01
2.800e+01
3.800e+01
4.300e+01
6.200e+01
5.100e+01
7.000e+01
8.000e+01
7.000e+01
8.800e+01
9.000e+01
1.170e+02
1.200e+02
1.290e+02
1.440e+02
1.740e+02
2.580e+02
2.520e+02
2.990e+02
3.170e+02
3.690e+02
4.860e+02
4.940e+02
5.270e+02
6.630e+02
7.760e+02
9.590e+02
1.031e+03
1.176e+03
1.177e+03
1.048e+03
1.069e+03
9.180e+02
8.410e+02
6.860e+02
6.370e+02
6.940e+02
5.190e+02
4.440e+02
4.360e+02
4.030e+02
4.190e+02
4.160e+02
4.380e+02
4.840e+02
4.420e+02
5.440e+02
4.940e+02
5.760e+02
6.000e+02
7.090e+02
6.620e+02
7.220e+02
7.880e+02
7.300e+02
6.030e+02
5.910e+02
4.840e+02
3.810e+02
3.830e+02
2.880e+02
2.290e+02
2.020e+02
1.870e+02
2.210e+02
1.930e+02
2.220e+02
2.360e+02
2.490e+02
2.630e+02
2.750e+02
1.760e+02
9.200e+01
8.000e+01
6.500e+01
7.500e+01
9.600e+01
6.000e+01
4.900e+01
4.400e+01
3.500e+01
5.300e+01
6.500e+01
9.000e+01
1.050e+02
1.360e+02
1.460e+02
1.390e+02
1.390e+02
1.050e+02
6.500e+01
2.600e+01
2.500e+01
3.100e+01
1.500e+01
1.600e+01
1.500e+01
1.100e+01
1.200e+01
1.600e+01
1.600e+01
1.200e+01
1.000e+01
1.600e+01
1.800e+01
2.400e+01
2.000e+01
9.000e+00
1.600e+01
1.500e+01
2.200e+01
2.300e+01
2.100e+01
2.800e+01
1.900e+01
2.400e+01
3.000e+01
3.600e+01
4.500e+01
4.000e+01
4.800e+01
5.800e+01
5.200e+01
5.600e+01
7.200e+01
6.100e+01
7.700e+01
8.400e+01
1.030e+02
1.140e+02
1.000e+02
1.160e+02
1.310e+02
1.350e+02
1.960e+02
1.990e+02
2.540e+02
2.940e+02
3.770e+02
4.390e+02
4.980e+02
5.450e+02
5.680e+02
5.620e+02
5.960e+02
6.550e+02
6.940e+02
7.220e+02
6.420e+02
7.320e+02
8.370e+02
1.116e+03
7.800e+02
7.450e+02
6.840e+02
6.870e+02
6.400e+02
6.050e+02
5.570e+02
5.210e+02
4.760e+02
4.730e+02
4.050e+02
3.390e+02
3.200e+02
2.960e+02
2.100e+02
2.490e+02
2.550e+02
1.740e+02
1.420e+02
1.580e+02
1.430e+02
1.420e+02
1.050e+02
9.300e+01
9.200e+01
8.800e+01
5.400e+01
6.800e+01
5.200e+01
7.100e+01
4.300e+01
5.600e+01
4.900e+01
4.200e+01
3.200e+01
2.400e+01
2.700e+01
2.600e+01
2.000e+01
2.700e+01
2.000e+01
9.000e+00
1.700e+01
1.900e+01
1.300e+01
3.000e+01
2.400e+01
1.500e+01
1.200e+01
7.000e+00
1.100e+01
1.600e+01
1.300e+01
7.000e+00
1.300e+01
1.900e+01
1.900e+01
1.700e+01
2.000e+01
3.200e+01
2.500e+01
5.000e+01
3.800e+01
3.600e+01
4.200e+01
5.400e+01
4.300e+01
3.500e+01
3.000e+01
3.900e+01
2.700e+01
3.200e+01
2.100e+01
4.500e+01
5.700e+01
4.800e+01
6.900e+01
5.700e+01
6.800e+01
1.260e+02
1.940e+02
2.510e+02
1.670e+02
2.010e+02
2.090e+02
1.780e+02
1.560e+02
1.510e+02
1.590e+02
2.100e+02
2.880e+02
3.100e+02
3.670e+02
4.340e+02
5.440e+02
5.160e+02
7.500e+02
6.660e+02
6.320e+02
5.650e+02
6.720e+02
5.930e+02
5.550e+02
4.720e+02
4.820e+02
4.920e+02
4.420e+02
4.090e+02
4.020e+02
4.110e+02
4.350e+02
5.050e+02
4.650e+02
5.870e+02
6.640e+02
6.670e+02
7.380e+02
8.730e+02
9.800e+02
1.106e+03
1.109e+03
1.166e+03
1.077e+03
9.480e+02
9.560e+02
6.920e+02
6.920e+02
5.890e+02
5.930e+02
5.580e+02
4.020e+02
3.920e+02
3.720e+02
3.110e+02
2.540e+02
2.380e+02
1.880e+02
1.800e+02
1.770e+02
1.460e+02
1.940e+02
1.820e+02
1.460e+02
1.380e+02
9.500e+01
8.800e+01
1.490e+02
9.500e+01
4.600e+01
6.800e+01
3.200e+01
4.100e+01
4.500e+01
1.900e+01
2.000e+01
1.700e+01
1.900e+01
7.000e+00
1.000e+01
1.700e+01
8.000e+00
2.900e+01
1.700e+01
1.100e+01
3.000e+00
1.500e+01
4.000e+00
1.000e+01
3.000e+00
4.000e+00
6.000e+00
8.000e+00
4.000e+00
1.300e+01
4.000e+00
4.000e+00
3.000e+00
5.000e+00
7.000e+00
