6.000e+00
7.000e+00
6.000e+00
5.000e+00
9.000e+00
5.000e+00
8.000e+00
1.000e+01
9.000e+00
1.500e+01
1.300e+01
9.000e+00
1.800e+01
2.100e+01
1.800e+01
1.900e+01
2.100e+01
1.300e+01
3.200e+01
4.400e+01
4.100e+01
6.700e+01
4.100e+01
5.200e+01
5.100e+01
4.400e+01
3.300e+01
4.800e+01
5.600e+01
7.600e+01
1.100e+02
9.500e+01
8.500e+01
6.300e+01
1.110e+02
1.810e+02
1.840e+02
8.600e+01
1.020e+02
1.380e+02
1.690e+02
1.320e+02
1.440e+02
1.270e+02
1.270e+02
1.650e+02
2.220e+02
1.860e+02
2.350e+02
2.170e+02
2.770e+02
3.020e+02
4.880e+02
3.560e+02
4.770e+02
5.910e+02
5.130e+02
5.880e+02
6.830e+02
6.890e+02
6.450e+02
6.620e+02
6.160e+02
6.460e+02
6.840e+02
6.130e+02
5.900e+02
4.880e+02
4.530e+02
3.950e+02
3.180e+02
3.450e+02
6.510e+02
3.510e+02
2.410e+02
2.290e+02
1.960e+02
1.850e+02
3.400e+02
3.060e+02
2.340e+02
2.210e+02
2.500e+02
4.530e+02
5.100e+02
2.860e+02
1.770e+02
1.880e+02
2.360e+02
1.990e+02
1.720e+02
1.910e+02
1.900e+02
1.900e+02
1.180e+02
1.450e+02
2.080e+02
1.190e+02
9.900e+01
6.900e+01
7.000e+01
3.500e+01
6.400e+01
3.900e+01
4.900e+01
5.300e+01
6.500e+01
6.800e+01
2.700e+01
2.100e+01
2.200e+01
2.200e+01
2.900e+01
2.100e+01
3.200e+01
2.800e+01
2.400e+01
3.100e+01
2.100e+01
1.400e+01
1.200e+01
1.300e+01
1.700e+01
1.200e+01
1.100e+01
2.000e+01
2.700e+01
1.300e+01
1.100e+01
1.700e+01
2.400e+01
1.500e+01
2.000e+01
3.200e+01
2.500e+01
4.200e+01
6.200e+01
3.900e+01
1.090e+02
6.100e+01
1.010e+02
1.150e+02
1.060e+02
1.190e+02
1.130e+02
6.200e+01
8.400e+01
9.300e+01
1.480e+02
3.340e+02
1.680e+02
1.720e+02
2.190e+02
3.360e+02
5.520e+02
3.210e+02
2.030e+02
1.720e+02
2.410e+02
2.590e+02
1.850e+02
2.350e+02
2.290e+02
3.090e+02
4.060e+02
3.090e+02
3.260e+02
2.970e+02
3.260e+02
3.300e+02
3.620e+02
4.630e+02
4.180e+02
4.870e+02
5.860e+02
5.630e+02
6.200e+02
6.910e+02
8.920e+02
8.580e+02
1.003e+03
7.800e+02
7.810e+02
7.030e+02
6.090e+02
5.570e+02
5.040e+02
4.590e+02
4.300e+02
4.440e+02
3.150e+02
2.780e+02
3.670e+02
2.930e+02
3.230e+02
3.000e+02
3.480e+02
1.720e+02
1.950e+02
2.120e+02
2.040e+02
2.690e+02
4.170e+02
3.370e+02
2.940e+02
5.130e+02
4.220e+02
2.690e+02
2.050e+02
1.910e+02
1.380e+02
1.170e+02
9.200e+01
8.500e+01
1.190e+02
1.050e+02
9.700e+01
8.500e+01
1.000e+02
1.210e+02
1.210e+02
1.220e+02
9.500e+01
3.600e+01
5.000e+01
2.400e+01
3.900e+01
2.800e+01
1.500e+01
1.500e+01
1.400e+01
1.600e+01
1.000e+01
1.600e+01
1.500e+01
1.200e+01
1.000e+01
2.000e+01
2.900e+01
1.800e+01
1.900e+01
1.900e+01
2.100e+01
2.700e+01
2.100e+01
4.200e+01
3.700e+01
1.700e+01
2.600e+01
3.000e+01
2.800e+01
2.900e+01
1.300e+01
2.100e+01
4.000e+01
3.800e+01
4.600e+01
6.000e+01
6.800e+01
4.100e+01
5.700e+01
7.100e+01
1.000e+02
1.130e+02
2.480e+02
1.520e+02
1.110e+02
1.590e+02
1.030e+02
1.440e+02
1.040e+02
1.740e+02
3.010e+02
4.290e+02
2.600e+02
3.830e+02
5.980e+02
2.930e+02
2.050e+02
1.760e+02
1.670e+02
1.890e+02
2.000e+02
1.980e+02
2.390e+02
2.680e+02
2.590e+02
3.210e+02
6.660e+02
3.430e+02
3.580e+02
4.840e+02
4.750e+02
4.820e+02
5.970e+02
6.340e+02
7.060e+02
6.530e+02
5.760e+02
7.580e+02
7.290e+02
6.760e+02
5.630e+02
5.590e+02
4.630e+02
4.840e+02
4.480e+02
3.980e+02
4.900e+02
3.040e+02
3.130e+02
2.780e+02
2.280e+02
1.530e+02
1.290e+02
1.230e+02
1.430e+02
1.250e+02
1.670e+02
1.270e+02
1.090e+02
1.010e+02
1.090e+02
9.500e+01
1.670e+02
1.840e+02
1.310e+02
1.140e+02
1.350e+02
9.100e+01
9.300e+01
6.700e+01
5.700e+01
5.900e+01
9.700e+01
5.900e+01
3.100e+01
4.400e+01
3.800e+01
5.000e+01
6.500e+01
8.500e+01
2.900e+01
2.300e+01
2.000e+01
1.600e+01
1.200e+01
1.400e+01
1.300e+01
5.000e+00
8.000e+00
1.000e+01
1.400e+01
6.000e+00
5.000e+00
8.000e+00
7.000e+00
1.000e+01
5.000e+00
1.500e+01
