4.000e+00
1.000e+00
2.000e+00
3.000e+00
1.000e+00
1.000e+00
1.000e+00
0.000e+00
3.000e+00
1.000e+00
1.000e+00
5.000e+00
1.000e+00
6.000e+00
6.000e+00
7.000e+00
9.000e+00
5.000e+00
2.000e+00
5.000e+00
8.000e+00
1.300e+01
1.400e+01
1.500e+01
1.400e+01
3.000e+01
1.600e+01
2.500e+01
2.900e+01
3.200e+01
3.600e+01
3.200e+01
5.500e+01
5.300e+01
7.700e+01
8.500e+01
1.060e+02
1.250e+02
1.930e+02
2.380e+02
3.040e+02
4.170e+02
5.210e+02
6.310e+02
7.190e+02
8.890e+02
1.238e+03
1.498e+03
1.765e+03
2.296e+03
2.812e+03
3.367e+03
4.357e+03
5.120e+03
6.048e+03
6.859e+03
8.369e+03
1.014e+04
1.239e+04
1.423e+04
1.715e+04
2.070e+04
2.615e+04
2.498e+04
2.652e+04
2.748e+04
2.201e+04
1.892e+04
1.635e+04
1.456e+04
1.240e+04
1.033e+04
8.914e+03
7.839e+03
6.991e+03
6.430e+03
5.774e+03
5.157e+03
4.747e+03
4.382e+03
4.025e+03
3.733e+03
3.326e+03
3.039e+03
2.652e+03
2.233e+03
2.006e+03
1.695e+03
1.520e+03
1.434e+03
1.289e+03
1.169e+03
1.056e+03
8.590e+02
6.880e+02
6.420e+02
5.450e+02
4.640e+02
4.550e+02
4.250e+02
2.690e+02
2.210e+02
1.560e+02
1.580e+02
1.340e+02
1.060e+02
9.700e+01
8.700e+01
8.300e+01
7.800e+01
9.200e+01
8.000e+01
1.120e+02
1.120e+02
1.120e+02
1.320e+02
9.700e+01
1.020e+02
9.300e+01
7.600e+01
7.600e+01
9.500e+01
7.000e+01
7.200e+01
9.400e+01
8.300e+01
1.090e+02
9.000e+01
9.900e+01
7.900e+01
9.100e+01
8.800e+01
8.400e+01
9.400e+01
7.500e+01
8.800e+01
7.800e+01
1.060e+02
9.300e+01
9.400e+01
1.110e+02
1.170e+02
1.170e+02
1.280e+02
1.260e+02
1.160e+02
1.370e+02
1.450e+02
1.380e+02
1.630e+02
1.690e+02
1.680e+02
2.170e+02
2.540e+02
2.550e+02
2.760e+02
3.500e+02
3.800e+02
3.840e+02
4.810e+02
5.590e+02
6.450e+02
6.810e+02
8.330e+02
9.410e+02
1.055e+03
1.235e+03
1.576e+03
2.031e+03
2.706e+03
3.385e+03
3.782e+03
5.130e+03
6.770e+03
8.735e+03
1.324e+04
2.014e+04
1.929e+04
2.555e+04
3.822e+04
1.389e+05
3.806e+04
2.498e+04
1.828e+04
1.625e+04
1.137e+04
8.178e+03
6.646e+03
5.039e+03
3.648e+03
3.172e+03
2.703e+03
2.100e+03
1.750e+03
1.316e+03
1.158e+03
9.820e+02
9.520e+02
7.890e+02
6.470e+02
6.070e+02
4.940e+02
4.460e+02
3.740e+02
3.980e+02
3.350e+02
3.130e+02
2.900e+02
2.570e+02
1.910e+02
2.020e+02
2.030e+02
1.510e+02
1.720e+02
1.410e+02
1.430e+02
1.540e+02
1.320e+02
1.410e+02
1.330e+02
1.070e+02
1.130e+02
8.600e+01
8.200e+01
1.020e+02
8.200e+01
8.900e+01
9.900e+01
9.200e+01
8.200e+01
1.020e+02
8.800e+01
9.500e+01
9.700e+01
9.000e+01
7.900e+01
8.900e+01
1.080e+02
7.300e+01
8.700e+01
1.230e+02
8.900e+01
1.110e+02
1.030e+02
1.230e+02
1.150e+02
1.350e+02
1.280e+02
1.170e+02
8.600e+01
1.080e+02
8.800e+01
1.030e+02
9.800e+01
1.060e+02
1.270e+02
1.490e+02
1.920e+02
1.860e+02
2.330e+02
3.060e+02
4.040e+02
5.000e+02
4.620e+02
5.960e+02
6.580e+02
7.580e+02
9.100e+02
1.087e+03
1.330e+03
1.372e+03
1.432e+03
1.493e+03
1.788e+03
2.031e+03
2.356e+03
2.705e+03
3.202e+03
3.492e+03
3.781e+03
4.201e+03
4.658e+03
5.160e+03
5.413e+03
5.933e+03
6.517e+03
7.262e+03
8.023e+03
9.067e+03
1.067e+04
1.223e+04
1.461e+04
1.700e+04
1.938e+04
2.200e+04
2.769e+04
2.622e+04
2.464e+04
2.488e+04
2.046e+04
1.738e+04
1.440e+04
1.227e+04
1.013e+04
8.098e+03
6.949e+03
5.976e+03
5.084e+03
4.126e+03
3.317e+03
2.591e+03
2.246e+03
1.720e+03
1.517e+03
1.113e+03
8.350e+02
7.230e+02
6.290e+02
5.200e+02
3.460e+02
2.410e+02
2.240e+02
1.910e+02
1.260e+02
7.600e+01
6.300e+01
6.100e+01
5.000e+01
5.600e+01
4.700e+01
4.400e+01
4.400e+01
3.500e+01
2.600e+01
1.800e+01
1.900e+01
3.200e+01
2.000e+01
2.600e+01
1.600e+01
1.200e+01
7.000e+00
9.000e+00
3.000e+00
2.000e+00
6.000e+00
5.000e+00
3.000e+00
7.000e+00
5.000e+00
0.000e+00
2.000e+00
0.000e+00
1.000e+00
2.000e+00
0.000e+00
6.000e+00
1.000e+00
1.000e+00
1.000e+00
