6.000e+01
6.000e+01
5.800e+01
6.300e+01
7.100e+01
9.400e+01
6.900e+01
8.200e+01
8.600e+01
1.220e+02
1.110e+02
9.400e+01
1.450e+02
1.190e+02
1.180e+02
1.410e+02
1.710e+02
1.660e+02
2.140e+02
2.060e+02
2.680e+02
3.180e+02
3.470e+02
3.700e+02
4.460e+02
4.820e+02
5.160e+02
5.900e+02
6.870e+02
8.420e+02
9.940e+02
1.201e+03
1.224e+03
1.370e+03
1.618e+03
1.954e+03
2.178e+03
2.081e+03
2.417e+03
2.815e+03
3.374e+03
3.859e+03
4.621e+03
5.212e+03
6.291e+03
7.670e+03
9.313e+03
1.139e+04
1.348e+04
1.566e+04
1.835e+04
2.168e+04
2.509e+04
2.836e+04
3.321e+04
3.961e+04
4.643e+04
5.214e+04
5.773e+04
6.309e+04
6.869e+04
7.628e+04
7.736e+04
7.582e+04
7.520e+04
7.174e+04
6.286e+04
5.462e+04
4.847e+04
4.574e+04
3.817e+04
3.292e+04
3.004e+04
2.761e+04
2.449e+04
2.243e+04
2.048e+04
1.890e+04
1.737e+04
1.544e+04
1.324e+04
1.185e+04
1.054e+04
9.771e+03
8.833e+03
7.790e+03
6.815e+03
6.326e+03
5.781e+03
5.448e+03
5.047e+03
4.961e+03
4.595e+03
3.944e+03
3.214e+03
3.063e+03
3.171e+03
2.630e+03
2.164e+03
1.901e+03
1.575e+03
1.322e+03
1.196e+03
1.126e+03
9.200e+02
8.510e+02
7.060e+02
6.160e+02
5.150e+02
4.270e+02
3.990e+02
3.700e+02
4.620e+02
4.650e+02
5.160e+02
5.130e+02
4.750e+02
5.000e+02
3.840e+02
3.530e+02
3.180e+02
3.610e+02
3.290e+02
3.140e+02
3.390e+02
3.820e+02
4.110e+02
3.860e+02
4.320e+02
4.310e+02
4.820e+02
5.740e+02
6.510e+02
6.800e+02
7.170e+02
8.320e+02
9.120e+02
9.980e+02
1.078e+03
1.238e+03
1.240e+03
1.443e+03
1.645e+03
1.807e+03
1.914e+03
2.036e+03
2.342e+03
2.719e+03
2.907e+03
3.469e+03
3.701e+03
4.094e+03
4.556e+03
4.992e+03
5.896e+03
6.148e+03
6.736e+03
6.990e+03
8.172e+03
9.450e+03
1.000e+04
1.141e+04
1.291e+04
1.438e+04
1.449e+04
1.502e+04
1.741e+04
1.939e+04
2.211e+04
2.659e+04
3.102e+04
3.515e+04
3.972e+04
4.791e+04
5.555e+04
6.160e+04
7.148e+04
6.872e+04
7.587e+04
9.048e+04
1.982e+05
8.989e+04
7.302e+04
6.526e+04
6.069e+04
5.323e+04
4.819e+04
4.209e+04
3.752e+04
3.454e+04
3.034e+04
2.713e+04
2.227e+04
1.907e+04
1.705e+04
1.509e+04
1.426e+04
1.392e+04
1.273e+04
1.123e+04
1.030e+04
9.818e+03
8.904e+03
7.450e+03
6.848e+03
6.419e+03
5.765e+03
5.055e+03
4.505e+03
3.934e+03
3.654e+03
3.331e+03
2.938e+03
3.129e+03
2.946e+03
2.580e+03
2.260e+03
1.919e+03
1.641e+03
1.517e+03
1.216e+03
1.082e+03
9.580e+02
8.450e+02
7.550e+02
6.970e+02
6.870e+02
6.290e+02
5.910e+02
4.840e+02
4.450e+02
4.020e+02
3.650e+02
3.600e+02
3.810e+02
3.610e+02
3.580e+02
3.560e+02
3.590e+02
3.340e+02
3.930e+02
3.550e+02
3.720e+02
3.710e+02
4.110e+02
3.820e+02
4.530e+02
4.190e+02
4.300e+02
4.030e+02
4.610e+02
4.740e+02
5.320e+02
5.840e+02
6.850e+02
8.300e+02
9.420e+02
1.204e+03
1.298e+03
1.409e+03
1.595e+03
1.905e+03
2.264e+03
2.402e+03
2.923e+03
2.948e+03
3.044e+03
3.525e+03
3.962e+03
4.501e+03
4.754e+03
5.232e+03
5.769e+03
6.548e+03
6.948e+03
7.722e+03
8.755e+03
9.778e+03
1.063e+04
1.153e+04
1.318e+04
1.531e+04
1.682e+04
1.827e+04
2.143e+04
2.305e+04
2.544e+04
2.754e+04
2.954e+04
3.378e+04
3.840e+04
4.542e+04
5.024e+04
5.627e+04
6.368e+04
7.454e+04
7.540e+04
7.588e+04
7.973e+04
7.848e+04
7.167e+04
6.389e+04
5.708e+04
5.088e+04
4.411e+04
3.739e+04
3.140e+04
2.733e+04
2.367e+04
2.050e+04
1.718e+04
1.448e+04
1.240e+04
1.072e+04
8.567e+03
6.909e+03
5.740e+03
4.953e+03
4.377e+03
3.621e+03
2.933e+03
2.638e+03
2.378e+03
2.151e+03
2.029e+03
1.715e+03
1.401e+03
1.339e+03
1.184e+03
1.099e+03
9.450e+02
7.470e+02
7.280e+02
6.700e+02
5.880e+02
4.150e+02
3.940e+02
3.260e+02
2.690e+02
2.800e+02
2.690e+02
2.700e+02
1.940e+02
1.770e+02
1.620e+02
1.210e+02
1.430e+02
1.280e+02
1.340e+02
9.100e+01
8.500e+01
7.700e+01
9.800e+01
7.800e+01
7.000e+01
6.900e+01
7.500e+01
7.400e+01
5.100e+01
7.300e+01
