1.054e+03
3.250e+02
2.690e+02
2.800e+02
2.210e+02
2.010e+02
2.150e+02
2.100e+02
2.160e+02
2.510e+02
2.310e+02
2.300e+02
1.880e+02
1.960e+02
1.860e+02
1.980e+02
2.140e+02
1.780e+02
1.580e+02
1.490e+02
1.110e+02
9.800e+01
6.000e+01
5.800e+01
5.900e+01
4.700e+01
3.200e+01
3.000e+01
2.600e+01
2.400e+01
2.700e+01
1.800e+01
2.100e+01
1.700e+01
1.200e+01
1.200e+01
1.100e+01
7.000e+00
4.000e+00
3.000e+00
8.000e+00
5.000e+00
2.000e+00
3.000e+00
2.000e+00
2.000e+00
1.000e+00
2.000e+00
1.000e+00
3.000e+00
0.000e+00
2.000e+00
0.000e+00
3.000e+00
2.000e+00
1.000e+00
1.000e+00
4.000e+00
1.000e+00
6.000e+00
2.000e+00
2.000e+00
3.000e+00
2.000e+00
1.000e+00
2.000e+00
2.000e+00
0.000e+00
1.000e+00
1.000e+00
1.000e+00
0.000e+00
1.000e+00
0.000e+00
1.000e+00
4.000e+00
0.000e+00
0.000e+00
2.000e+00
1.000e+00
0.000e+00
0.000e+00
1.000e+00
1.000e+00
1.000e+00
0.000e+00
4.000e+00
1.000e+00
2.000e+00
2.000e+00
1.000e+00
0.000e+00
2.000e+00
3.000e+00
0.000e+00
1.000e+00
1.000e+00
0.000e+00
3.000e+00
3.000e+00
2.000e+00
1.000e+00
2.000e+00
8.000e+00
6.000e+00
3.000e+00
7.000e+00
8.000e+00
1.000e+01
5.000e+00
4.000e+00
9.000e+00
4.000e+00
1.100e+01
6.000e+00
7.000e+00
1.300e+01
1.900e+01
7.000e+00
5.000e+00
1.300e+01
8.000e+00
1.200e+01
9.000e+00
5.000e+00
8.000e+00
7.000e+00
6.000e+00
6.000e+00
7.000e+00
5.000e+00
6.000e+00
9.000e+00
7.000e+00
8.000e+00
6.000e+00
1.200e+01
8.000e+00
1.500e+01
1.200e+01
1.800e+01
2.200e+01
1.300e+01
1.000e+01
1.300e+01
2.100e+01
2.500e+01
2.100e+01
2.400e+01
2.200e+01
3.100e+01
2.900e+01
3.800e+01
4.000e+01
4.600e+01
3.200e+01
3.700e+01
3.400e+01
2.700e+01
3.800e+01
4.100e+01
3.200e+01
3.200e+01
4.400e+01
4.100e+01
5.800e+01
5.900e+01
8.900e+01
1.070e+02
1.600e+02
2.020e+02
1.780e+02
1.320e+02
1.410e+02
1.360e+02
1.400e+02
1.280e+02
1.310e+02
1.330e+02
1.410e+02
2.280e+02
1.640e+02
1.010e+02
1.060e+02
1.100e+02
1.380e+02
1.220e+02
1.600e+02
1.800e+02
1.810e+02
1.880e+02
1.480e+02
1.210e+02
1.240e+02
8.300e+01
7.600e+01
6.100e+01
5.700e+01
4.600e+01
6.300e+01
4.200e+01
4.500e+01
4.900e+01
5.400e+01
4.500e+01
5.200e+01
4.800e+01
4.700e+01
2.900e+01
3.200e+01
2.600e+01
1.700e+01
2.000e+01
2.000e+01
8.000e+00
1.200e+01
1.800e+01
1.300e+01
7.000e+00
8.000e+00
1.700e+01
1.100e+01
1.100e+01
7.000e+00
1.200e+01
7.000e+00
4.000e+00
1.300e+01
9.000e+00
6.000e+00
1.000e+01
3.000e+00
8.000e+00
6.000e+00
6.000e+00
6.000e+00
6.000e+00
9.000e+00
3.000e+00
6.000e+00
1.400e+01
1.100e+01
9.000e+00
2.800e+01
7.000e+00
8.000e+00
4.000e+00
9.000e+00
4.000e+00
8.000e+00
1.200e+01
6.000e+00
3.000e+00
6.000e+00
8.000e+00
5.000e+00
3.000e+00
3.000e+00
1.000e+00
3.000e+00
4.000e+00
2.000e+00
1.000e+00
0.000e+00
0.000e+00
0.000e+00
0.000e+00
0.000e+00
0.000e+00
2.000e+00
0.000e+00
3.000e+00
0.000e+00
1.000e+00
1.000e+00
0.000e+00
1.000e+00
0.000e+00
1.000e+00
2.000e+00
1.000e+00
1.000e+00
2.000e+00
0.000e+00
0.000e+00
1.000e+00
2.000e+00
2.000e+00
3.000e+00
2.000e+00
0.000e+00
0.000e+00
1.000e+00
3.000e+00
0.000e+00
0.000e+00
3.000e+00
1.000e+00
2.000e+00
3.000e+00
1.000e+00
4.000e+00
1.000e+00
0.000e+00
1.000e+00
1.000e+00
1.000e+00
0.000e+00
1.000e+00
2.000e+00
2.000e+00
3.000e+00
2.000e+00
1.000e+00
2.000e+00
2.000e+00
1.000e+00
5.000e+00
2.000e+00
3.000e+00
3.000e+00
9.000e+00
9.000e+00
1.200e+01
6.000e+00
4.000e+00
1.100e+01
1.600e+01
2.000e+01
1.900e+01
1.900e+01
1.500e+01
1.500e+01
2.800e+01
1.900e+01
5.000e+01
5.300e+01
7.200e+01
6.600e+01
1.230e+02
1.550e+02
1.690e+02
1.410e+02
1.670e+02
1.860e+02
1.670e+02
1.710e+02
1.610e+02
1.850e+02
1.840e+02
2.080e+02
2.270e+02
2.400e+02
2.300e+02
2.310e+02
2.090e+02
2.200e+02
2.330e+02
2.750e+02
3.310e+02
