2.820e+02
1.930e+02
1.800e+02
1.750e+02
1.890e+02
2.410e+02
2.560e+02
2.670e+02
2.810e+02
2.080e+02
2.350e+02
2.430e+02
2.470e+02
2.390e+02
2.060e+02
2.210e+02
1.960e+02
2.160e+02
1.870e+02
1.800e+02
1.450e+02
1.870e+02
1.480e+02
1.510e+02
1.660e+02
1.570e+02
1.690e+02
1.540e+02
1.640e+02
1.980e+02
1.930e+02
1.980e+02
1.440e+02
1.310e+02
9.600e+01
9.100e+01
1.110e+02
1.100e+02
1.250e+02
1.130e+02
9.300e+01
7.800e+01
5.300e+01
4.400e+01
4.700e+01
4.900e+01
3.300e+01
3.500e+01
3.700e+01
3.700e+01
3.900e+01
2.400e+01
2.100e+01
8.000e+00
1.100e+01
1.600e+01
2.000e+01
1.800e+01
1.700e+01
6.000e+00
1.000e+01
1.200e+01
8.000e+00
2.000e+01
1.400e+01
8.000e+00
1.100e+01
7.000e+00
1.900e+01
1.200e+01
1.200e+01
1.400e+01
1.600e+01
8.000e+00
1.500e+01
1.600e+01
1.000e+01
1.500e+01
1.400e+01
1.600e+01
1.300e+01
1.700e+01
1.100e+01
1.500e+01
1.900e+01
2.900e+01
2.900e+01
4.400e+01
2.300e+01
3.100e+01
2.100e+01
1.400e+01
7.000e+00
1.800e+01
9.000e+00
1.900e+01
1.400e+01
1.500e+01
8.000e+00
1.600e+01
1.800e+01
1.000e+01
1.100e+01
2.000e+01
2.500e+01
2.700e+01
3.400e+01
3.100e+01
3.800e+01
4.400e+01
4.800e+01
6.300e+01
6.900e+01
5.800e+01
7.700e+01
8.900e+01
1.210e+02
1.020e+02
1.170e+02
1.140e+02
1.250e+02
1.290e+02
1.160e+02
7.900e+01
6.100e+01
7.000e+01
6.400e+01
6.200e+01
8.400e+01
7.900e+01
8.800e+01
8.900e+01
9.300e+01
1.010e+02
1.000e+02
8.900e+01
9.500e+01
8.100e+01
7.300e+01
5.400e+01
6.000e+01
5.300e+01
6.400e+01
6.500e+01
6.000e+01
7.000e+01
7.300e+01
7.700e+01
9.500e+01
9.800e+01
9.100e+01
1.260e+02
1.620e+02
1.560e+02
1.790e+02
2.590e+02
3.020e+02
3.170e+02
2.740e+02
2.510e+02
3.110e+02
3.420e+02
3.450e+02
3.300e+02
3.080e+02
2.240e+02
2.000e+02
1.660e+02
1.380e+02
1.110e+02
1.190e+02
1.820e+02
1.580e+02
9.300e+01
9.500e+01
1.030e+02
9.000e+01
8.400e+01
9.100e+01
1.090e+02
9.100e+01
1.030e+02
9.500e+01
8.600e+01
1.090e+02
1.200e+02
1.320e+02
1.350e+02
1.410e+02
1.620e+02
1.540e+02
2.130e+02
1.840e+02
2.360e+02
2.200e+02
2.240e+02
2.700e+02
2.510e+02
2.120e+02
2.260e+02
2.330e+02
2.230e+02
2.370e+02
2.680e+02
2.910e+02
2.400e+02
1.760e+02
1.590e+02
1.310e+02
1.450e+02
8.800e+01
7.500e+01
9.900e+01
7.900e+01
6.500e+01
6.700e+01
5.800e+01
5.800e+01
5.100e+01
4.500e+01
5.400e+01
7.400e+01
8.700e+01
9.000e+01
7.900e+01
9.700e+01
1.370e+02
7.300e+01
7.600e+01
7.700e+01
7.000e+01
4.000e+01
6.400e+01
5.400e+01
7.900e+01
8.400e+01
7.900e+01
8.300e+01
1.440e+02
1.760e+02
1.590e+02
1.890e+02
1.630e+02
1.700e+02
1.500e+02
1.640e+02
1.300e+02
1.350e+02
1.310e+02
1.190e+02
1.100e+02
7.800e+01
8.300e+01
5.800e+01
4.000e+01
3.600e+01
4.000e+01
2.300e+01
1.700e+01
3.200e+01
1.500e+01
1.200e+01
2.000e+01
2.100e+01
1.900e+01
1.200e+01
8.000e+00
1.700e+01
1.900e+01
2.600e+01
1.900e+01
2.000e+01
2.300e+01
2.200e+01
2.700e+01
2.700e+01
3.800e+01
1.900e+01
3.400e+01
2.100e+01
1.900e+01
2.700e+01
2.300e+01
2.800e+01
2.500e+01
1.900e+01
1.100e+01
1.900e+01
3.100e+01
2.100e+01
2.100e+01
1.700e+01
1.700e+01
1.500e+01
2.000e+01
1.600e+01
2.400e+01
1.200e+01
2.300e+01
1.600e+01
2.100e+01
2.400e+01
2.400e+01
2.800e+01
4.600e+01
3.700e+01
3.000e+01
3.400e+01
5.900e+01
4.500e+01
6.100e+01
5.700e+01
6.400e+01
7.200e+01
8.000e+01
7.500e+01
8.900e+01
9.100e+01
8.800e+01
1.050e+02
1.310e+02
1.330e+02
1.850e+02
1.910e+02
1.790e+02
1.820e+02
2.390e+02
2.500e+02
2.730e+02
3.010e+02
3.110e+02
2.990e+02
2.650e+02
2.870e+02
2.540e+02
2.470e+02
2.450e+02
2.470e+02
2.490e+02
2.830e+02
2.440e+02
2.780e+02
2.640e+02
2.720e+02
3.040e+02
3.620e+02
3.140e+02
3.510e+02
3.010e+02
3.210e+02
3.130e+02
3.200e+02
3.470e+02
3.180e+02
3.390e+02
2.760e+02
2.350e+02
2.040e+02
1.670e+02
1.730e+02
