1.081e+04
2.259e+03
1.123e+03
1.002e+03
9.710e+02
1.007e+03
1.002e+03
1.064e+03
1.225e+03
8.810e+02
8.540e+02
7.600e+02
7.500e+02
7.850e+02
1.142e+03
1.318e+03
1.398e+03
1.588e+03
1.801e+03
1.891e+03
1.768e+03
1.577e+03
2.131e+03
2.686e+03
3.046e+03
3.467e+03
5.394e+03
1.905e+03
1.119e+03
8.900e+02
7.600e+02
6.790e+02
5.340e+02
3.880e+02
4.440e+02
4.140e+02
4.870e+02
4.730e+02
7.010e+02
8.080e+02
1.040e+03
1.281e+03
1.921e+03
2.468e+03
3.325e+03
4.328e+03
5.628e+03
1.043e+04
1.269e+04
1.229e+04
1.002e+04
8.187e+03
6.006e+03
5.046e+03
4.053e+03
4.014e+03
3.549e+03
3.444e+03
2.757e+03
2.509e+03
1.854e+03
1.345e+03
1.050e+03
7.530e+02
6.650e+02
6.570e+02
6.960e+02
7.540e+02
9.410e+02
8.600e+02
7.430e+02
6.870e+02
7.230e+02
6.010e+02
6.870e+02
6.820e+02
7.940e+02
8.830e+02
1.016e+03
1.383e+03
1.388e+03
1.216e+03
1.278e+03
1.188e+03
8.620e+02
4.880e+02
4.300e+02
3.530e+02
2.850e+02
2.480e+02
2.130e+02
2.240e+02
1.510e+02
1.190e+02
1.110e+02
1.440e+02
1.260e+02
1.090e+02
1.300e+02
1.980e+02
1.140e+02
1.570e+02
1.530e+02
1.080e+02
1.060e+02
9.300e+01
1.250e+02
1.790e+02
1.640e+02
1.280e+02
1.620e+02
1.380e+02
1.580e+02
1.750e+02
1.370e+02
1.220e+02
1.170e+02
1.940e+02
2.560e+02
2.140e+02
1.670e+02
1.250e+02
1.580e+02
9.300e+01
8.800e+01
9.000e+01
9.500e+01
1.110e+02
9.600e+01
7.200e+01
6.500e+01
5.700e+01
8.100e+01
9.000e+01
8.300e+01
7.500e+01
9.800e+01
9.100e+01
8.400e+01
8.100e+01
1.100e+02
1.120e+02
1.060e+02
1.220e+02
8.700e+01
6.600e+01
7.500e+01
9.700e+01
1.390e+02
1.140e+02
1.010e+02
1.280e+02
1.180e+02
1.290e+02
2.120e+02
1.450e+02
1.550e+02
1.060e+02
1.470e+02
1.950e+02
1.820e+02
1.660e+02
1.770e+02
2.190e+02
2.990e+02
3.300e+02
3.360e+02
2.550e+02
3.770e+02
3.640e+02
3.570e+02
4.030e+02
4.400e+02
4.640e+02
6.780e+02
7.610e+02
6.810e+02
5.170e+02
5.900e+02
6.470e+02
6.600e+02
7.330e+02
5.700e+02
4.820e+02
5.260e+02
6.020e+02
5.320e+02
3.090e+02
3.110e+02
2.850e+02
2.440e+02
2.260e+02
2.610e+02
2.180e+02
2.770e+02
2.370e+02
2.650e+02
2.290e+02
1.820e+02
1.300e+02
1.420e+02
1.590e+02
1.500e+02
1.550e+02
1.610e+02
1.300e+02
1.440e+02
1.640e+02
1.960e+02
1.130e+02
1.230e+02
1.120e+02
1.020e+02
1.260e+02
1.400e+02
6.500e+01
8.700e+01
9.600e+01
9.300e+01
6.300e+01
8.200e+01
8.600e+01
7.600e+01
7.800e+01
6.300e+01
7.000e+01
6.800e+01
6.100e+01
9.500e+01
8.100e+01
7.400e+01
8.000e+01
6.800e+01
9.500e+01
8.400e+01
6.100e+01
7.400e+01
7.800e+01
9.500e+01
1.360e+02
1.200e+02
1.750e+02
2.220e+02
1.970e+02
1.300e+02
1.300e+02
8.700e+01
1.440e+02
9.600e+01
1.010e+02
8.700e+01
9.200e+01
1.340e+02
1.530e+02
1.140e+02
8.600e+01
1.230e+02
8.800e+01
1.170e+02
1.140e+02
1.180e+02
1.220e+02
9.000e+01
1.010e+02
1.410e+02
1.360e+02
1.320e+02
1.110e+02
1.760e+02
2.170e+02
2.330e+02
2.750e+02
3.190e+02
3.780e+02
3.160e+02
4.320e+02
7.910e+02
8.500e+02
1.094e+03
1.404e+03
1.408e+03
1.037e+03
7.710e+02
6.590e+02
6.120e+02
5.260e+02
6.350e+02
6.120e+02
7.110e+02
7.580e+02
6.720e+02
8.290e+02
9.570e+02
7.320e+02
6.700e+02
6.890e+02
7.500e+02
8.740e+02
1.017e+03
1.258e+03
1.828e+03
2.561e+03
2.704e+03
3.021e+03
3.138e+03
3.621e+03
3.426e+03
4.120e+03
4.645e+03
5.638e+03
6.729e+03
8.848e+03
9.289e+03
8.736e+03
5.656e+03
4.201e+03
3.191e+03
2.368e+03
1.653e+03
1.149e+03
8.190e+02
6.780e+02
5.810e+02
4.430e+02
4.920e+02
3.460e+02
4.590e+02
3.790e+02
5.880e+02
7.530e+02
7.040e+02
8.060e+02
1.144e+03
1.821e+03
5.431e+03
3.636e+03
3.099e+03
2.641e+03
2.153e+03
1.668e+03
1.911e+03
1.899e+03
1.843e+03
1.486e+03
1.413e+03
9.840e+02
9.600e+02
7.530e+02
7.500e+02
7.240e+02
8.990e+02
8.320e+02
9.630e+02
8.590e+02
8.100e+02
9.060e+02
8.530e+02
8.880e+02
1.177e+03
2.343e+03
