1.141e+03
4.070e+02
3.470e+02
3.540e+02
2.910e+02
2.790e+02
3.030e+02
2.990e+02
2.780e+02
3.100e+02
2.950e+02
2.920e+02
2.500e+02
2.550e+02
2.490e+02
2.580e+02
2.700e+02
2.260e+02
1.990e+02
1.900e+02
1.540e+02
1.410e+02
1.030e+02
1.010e+02
1.000e+02
9.300e+01
7.500e+01
7.300e+01
7.700e+01
6.300e+01
7.100e+01
7.400e+01
7.300e+01
6.000e+01
6.100e+01
6.400e+01
5.400e+01
4.700e+01
3.400e+01
3.900e+01
4.900e+01
4.900e+01
3.400e+01
3.700e+01
3.000e+01
3.900e+01
3.000e+01
2.300e+01
2.400e+01
1.900e+01
2.200e+01
1.700e+01
2.300e+01
2.500e+01
1.600e+01
2.100e+01
1.300e+01
1.800e+01
1.600e+01
2.900e+01
1.100e+01
8.000e+00
1.700e+01
1.800e+01
1.400e+01
1.700e+01
1.100e+01
1.500e+01
1.100e+01
1.500e+01
1.700e+01
5.000e+00
1.300e+01
7.000e+00
1.100e+01
1.200e+01
1.100e+01
1.600e+01
1.100e+01
1.800e+01
1.200e+01
1.800e+01
1.300e+01
1.200e+01
1.500e+01
1.000e+01
1.000e+01
1.000e+01
1.700e+01
9.000e+00
1.000e+01
1.400e+01
1.000e+01
1.100e+01
1.200e+01
8.000e+00
2.000e+01
2.100e+01
1.900e+01
1.500e+01
2.000e+01
1.200e+01
1.800e+01
4.200e+01
2.700e+01
2.500e+01
2.900e+01
2.600e+01
3.100e+01
3.100e+01
3.200e+01
6.100e+01
5.600e+01
5.600e+01
6.200e+01
5.200e+01
7.900e+01
1.030e+02
1.420e+02
9.300e+01
1.220e+02
1.050e+02
1.280e+02
1.340e+02
1.320e+02
1.270e+02
1.570e+02
1.030e+02
9.700e+01
1.020e+02
1.010e+02
1.230e+02
1.330e+02
1.530e+02
1.570e+02
1.390e+02
1.660e+02
1.650e+02
2.180e+02
1.860e+02
2.210e+02
3.120e+02
2.940e+02
2.540e+02
2.430e+02
2.440e+02
2.570e+02
2.470e+02
2.290e+02
2.200e+02
2.600e+02
3.000e+02
3.470e+02
4.280e+02
4.170e+02
4.910e+02
4.580e+02
4.990e+02
4.090e+02
4.600e+02
4.560e+02
4.010e+02
3.660e+02
3.430e+02
3.130e+02
3.030e+02
3.380e+02
3.660e+02
3.730e+02
4.150e+02
4.400e+02
4.350e+02
3.330e+02
3.670e+02
3.860e+02
3.870e+02
4.360e+02
4.180e+02
4.340e+02
4.540e+02
8.140e+02
4.590e+02
3.180e+02
3.380e+02
3.190e+02
3.510e+02
3.090e+02
3.340e+02
3.440e+02
3.800e+02
3.940e+02
3.500e+02
3.690e+02
3.850e+02
3.430e+02
3.130e+02
3.030e+02
3.210e+02
3.360e+02
3.570e+02
4.430e+02
3.800e+02
3.490e+02
3.830e+02
4.200e+02
3.710e+02
3.670e+02
3.160e+02
2.760e+02
2.220e+02
1.990e+02
1.980e+02
1.760e+02
2.390e+02
2.180e+02
2.200e+02
2.470e+02
2.430e+02
2.650e+02
2.650e+02
2.280e+02
2.110e+02
1.820e+02
1.700e+02
1.710e+02
1.450e+02
1.170e+02
1.460e+02
1.180e+02
1.210e+02
1.080e+02
7.400e+01
8.300e+01
1.140e+02
1.220e+02
1.050e+02
1.190e+02
1.330e+02
9.900e+01
1.150e+02
1.140e+02
1.110e+02
1.100e+02
1.070e+02
8.000e+01
6.400e+01
7.500e+01
5.800e+01
5.700e+01
5.500e+01
4.400e+01
2.800e+01
2.200e+01
3.000e+01
3.000e+01
3.800e+01
3.600e+01
2.700e+01
3.400e+01
2.300e+01
1.700e+01
1.500e+01
2.700e+01
1.800e+01
1.600e+01
1.700e+01
1.800e+01
1.900e+01
1.300e+01
1.800e+01
1.900e+01
1.800e+01
1.600e+01
1.100e+01
1.400e+01
1.700e+01
1.600e+01
2.200e+01
1.600e+01
1.200e+01
1.900e+01
2.000e+01
2.600e+01
1.600e+01
1.900e+01
1.300e+01
1.200e+01
1.700e+01
1.700e+01
1.400e+01
2.000e+01
1.300e+01
1.400e+01
2.200e+01
2.100e+01
1.600e+01
2.500e+01
2.300e+01
1.900e+01
1.300e+01
1.300e+01
2.900e+01
1.400e+01
1.400e+01
2.000e+01
2.800e+01
1.400e+01
1.600e+01
3.300e+01
2.900e+01
1.000e+01
4.100e+01
3.200e+01
4.600e+01
4.700e+01
5.300e+01
5.600e+01
4.100e+01
3.600e+01
6.200e+01
5.700e+01
5.300e+01
5.600e+01
5.300e+01
5.800e+01
4.900e+01
5.100e+01
6.000e+01
6.800e+01
5.800e+01
6.700e+01
7.200e+01
7.400e+01
1.090e+02
6.700e+01
1.090e+02
9.800e+01
1.250e+02
1.070e+02
1.760e+02
2.060e+02
2.130e+02
2.030e+02
2.130e+02
2.520e+02
2.260e+02
2.340e+02
2.410e+02
2.450e+02
2.470e+02
2.760e+02
3.040e+02
3.030e+02
3.060e+02
2.960e+02
3.010e+02
2.880e+02
3.120e+02
3.450e+02
4.190e+02
