1.634e+03
8.320e+02
7.260e+02
7.230e+02
6.500e+02
6.470e+02
6.120e+02
5.890e+02
6.110e+02
5.310e+02
5.770e+02
5.430e+02
5.650e+02
5.440e+02
5.180e+02
5.450e+02
5.040e+02
4.620e+02
4.130e+02
3.650e+02
3.230e+02
3.750e+02
3.510e+02
3.360e+02
3.770e+02
3.440e+02
3.470e+02
3.020e+02
3.040e+02
3.220e+02
2.970e+02
3.010e+02
2.810e+02
2.500e+02
2.010e+02
2.010e+02
2.340e+02
2.330e+02
2.260e+02
2.430e+02
2.140e+02
1.970e+02
1.680e+02
1.530e+02
1.750e+02
1.840e+02
1.460e+02
1.290e+02
1.470e+02
1.320e+02
1.480e+02
1.230e+02
1.280e+02
1.410e+02
1.290e+02
1.380e+02
1.330e+02
1.250e+02
9.500e+01
1.020e+02
8.400e+01
8.100e+01
1.060e+02
1.200e+02
8.900e+01
9.300e+01
8.500e+01
1.060e+02
1.150e+02
1.380e+02
1.190e+02
1.260e+02
1.190e+02
1.470e+02
1.720e+02
1.380e+02
1.340e+02
1.420e+02
1.240e+02
1.230e+02
1.400e+02
1.350e+02
1.170e+02
1.390e+02
1.190e+02
1.420e+02
1.390e+02
2.020e+02
1.730e+02
1.800e+02
1.260e+02
1.210e+02
1.310e+02
1.210e+02
1.150e+02
1.600e+02
1.680e+02
1.560e+02
1.330e+02
1.580e+02
1.320e+02
1.350e+02
1.030e+02
1.470e+02
1.370e+02
1.750e+02
1.820e+02
2.150e+02
2.000e+02
2.250e+02
2.360e+02
2.900e+02
3.930e+02
3.830e+02
4.050e+02
4.210e+02
4.420e+02
3.930e+02
4.190e+02
4.170e+02
3.970e+02
3.880e+02
3.510e+02
3.250e+02
2.710e+02
2.920e+02
2.460e+02
2.710e+02
3.120e+02
3.000e+02
3.090e+02
3.020e+02
3.270e+02
3.730e+02
3.670e+02
3.250e+02
3.420e+02
3.040e+02
3.210e+02
2.960e+02
3.370e+02
2.910e+02
3.310e+02
3.000e+02
3.160e+02
3.120e+02
3.090e+02
3.000e+02
3.450e+02
3.280e+02
3.840e+02
4.590e+02
5.170e+02
4.620e+02
5.210e+02
5.970e+02
7.340e+02
7.220e+02
8.140e+02
7.810e+02
7.620e+02
7.850e+02
8.420e+02
8.560e+02
9.440e+02
8.410e+02
9.150e+02
8.660e+02
8.250e+02
6.500e+02
6.580e+02
6.750e+02
6.230e+02
4.860e+02
3.760e+02
3.900e+02
3.880e+02
3.300e+02
3.750e+02
5.020e+02
8.750e+02
4.440e+02
3.390e+02
3.220e+02
3.310e+02
3.640e+02
4.220e+02
4.450e+02
5.140e+02
6.750e+02
7.610e+02
9.340e+02
1.109e+03
1.185e+03
1.207e+03
1.150e+03
1.061e+03
9.490e+02
8.690e+02
8.590e+02
9.050e+02
8.430e+02
8.130e+02
7.440e+02
7.340e+02
6.320e+02
5.530e+02
4.630e+02
4.820e+02
4.690e+02
3.690e+02
3.450e+02
3.230e+02
3.130e+02
3.130e+02
3.020e+02
2.730e+02
3.300e+02
2.880e+02
3.150e+02
3.180e+02
3.550e+02
3.550e+02
3.780e+02
3.330e+02
3.540e+02
4.290e+02
3.550e+02
3.620e+02
3.450e+02
3.230e+02
2.900e+02
2.750e+02
2.500e+02
3.180e+02
3.000e+02
3.000e+02
2.850e+02
4.140e+02
4.330e+02
4.790e+02
5.070e+02
5.620e+02
6.190e+02
5.740e+02
5.330e+02
5.240e+02
5.900e+02
5.900e+02
4.250e+02
3.750e+02
3.400e+02
3.080e+02
2.590e+02
2.220e+02
1.940e+02
1.630e+02
1.270e+02
1.380e+02
1.590e+02
1.300e+02
1.330e+02
1.270e+02
1.610e+02
1.550e+02
1.670e+02
1.440e+02
1.550e+02
1.420e+02
1.900e+02
1.660e+02
1.810e+02
1.690e+02
1.650e+02
1.500e+02
1.560e+02
1.840e+02
1.510e+02
1.950e+02
1.410e+02
1.660e+02
1.970e+02
1.720e+02
1.730e+02
1.760e+02
1.930e+02
1.800e+02
1.760e+02
1.950e+02
1.560e+02
1.570e+02
1.540e+02
1.630e+02
1.630e+02
1.330e+02
1.490e+02
1.560e+02
1.510e+02
1.430e+02
1.390e+02
1.430e+02
1.550e+02
1.480e+02
1.620e+02
1.780e+02
1.910e+02
1.690e+02
1.950e+02
1.800e+02
2.040e+02
2.350e+02
1.940e+02
2.070e+02
2.250e+02
2.330e+02
2.250e+02
2.220e+02
2.340e+02
2.400e+02
2.710e+02
2.900e+02
3.080e+02
3.390e+02
3.810e+02
3.330e+02
3.160e+02
3.700e+02
4.140e+02
4.330e+02
4.470e+02
4.950e+02
4.810e+02
4.490e+02
4.930e+02
4.980e+02
4.990e+02
5.070e+02
4.720e+02
5.380e+02
5.590e+02
4.730e+02
5.760e+02
5.410e+02
5.860e+02
6.340e+02
7.080e+02
7.060e+02
6.710e+02
6.240e+02
6.630e+02
6.720e+02
6.980e+02
7.200e+02
7.400e+02
7.430e+02
7.040e+02
7.160e+02
6.940e+02
7.530e+02
8.280e+02
