4.412e+03
1.458e+03
1.177e+03
1.066e+03
1.020e+03
9.240e+02
8.480e+02
8.440e+02
8.310e+02
8.030e+02
8.320e+02
7.310e+02
7.010e+02
6.610e+02
6.760e+02
6.060e+02
5.780e+02
5.760e+02
5.450e+02
5.400e+02
5.220e+02
5.310e+02
5.490e+02
5.160e+02
5.510e+02
5.380e+02
5.370e+02
5.330e+02
4.910e+02
4.720e+02
5.170e+02
5.380e+02
5.080e+02
5.310e+02
5.980e+02
5.370e+02
5.520e+02
5.520e+02
5.970e+02
6.280e+02
6.260e+02
6.590e+02
6.150e+02
6.010e+02
5.440e+02
5.380e+02
4.990e+02
4.730e+02
4.390e+02
4.710e+02
4.050e+02
4.020e+02
3.960e+02
3.920e+02
4.020e+02
4.130e+02
3.650e+02
3.900e+02
4.140e+02
4.230e+02
4.150e+02
4.660e+02
5.190e+02
4.480e+02
4.900e+02
4.910e+02
5.560e+02
5.490e+02
4.880e+02
5.380e+02
5.440e+02
5.460e+02
5.320e+02
5.810e+02
5.010e+02
5.140e+02
6.060e+02
5.790e+02
5.400e+02
5.160e+02
5.460e+02
5.950e+02
6.300e+02
6.790e+02
6.880e+02
6.530e+02
6.570e+02
6.810e+02
7.440e+02
7.000e+02
7.890e+02
8.210e+02
7.710e+02
7.950e+02
7.860e+02
7.250e+02
7.390e+02
7.830e+02
7.780e+02
6.930e+02
6.870e+02
7.290e+02
6.550e+02
6.420e+02
7.360e+02
6.360e+02
6.300e+02
5.960e+02
6.360e+02
5.760e+02
6.150e+02
5.540e+02
5.320e+02
4.940e+02
4.510e+02
4.870e+02
4.330e+02
4.600e+02
4.970e+02
4.260e+02
4.610e+02
4.070e+02
4.530e+02
4.230e+02
4.300e+02
4.270e+02
4.000e+02
4.590e+02
4.720e+02
4.070e+02
4.230e+02
4.500e+02
5.170e+02
6.010e+02
5.880e+02
5.180e+02
5.450e+02
5.910e+02
5.880e+02
6.630e+02
6.960e+02
7.780e+02
5.260e+02
4.420e+02
3.060e+02
2.510e+02
1.480e+02
1.390e+02
1.200e+02
9.500e+01
6.500e+01
7.200e+01
5.800e+01
4.400e+01
4.000e+01
3.700e+01
4.400e+01
3.700e+01
3.800e+01
3.200e+01
2.500e+01
2.400e+01
2.800e+01
2.400e+01
3.400e+01
2.200e+01
2.200e+01
3.000e+01
2.000e+01
1.500e+01
1.400e+01
2.000e+01
1.100e+01
1.000e+01
1.300e+01
9.000e+00
2.400e+01
1.900e+01
2.000e+01
2.800e+01
6.900e+01
3.500e+01
2.700e+01
3.100e+01
1.500e+01
2.100e+01
2.400e+01
9.000e+00
1.800e+01
1.500e+01
1.000e+01
1.800e+01
1.900e+01
1.500e+01
2.400e+01
3.600e+01
3.500e+01
3.300e+01
2.800e+01
2.700e+01
2.300e+01
3.900e+01
4.800e+01
3.700e+01
4.900e+01
6.400e+01
6.800e+01
7.300e+01
7.400e+01
8.000e+01
1.130e+02
8.200e+01
1.130e+02
1.080e+02
1.610e+02
2.270e+02
2.980e+02
3.910e+02
4.370e+02
6.120e+02
5.370e+02
5.750e+02
6.330e+02
6.370e+02
6.060e+02
6.000e+02
6.070e+02
7.200e+02
6.430e+02
5.080e+02
4.860e+02
4.770e+02
5.050e+02
5.400e+02
4.810e+02
5.140e+02
4.500e+02
4.380e+02
4.820e+02
4.400e+02
5.260e+02
5.030e+02
5.000e+02
5.430e+02
5.230e+02
4.720e+02
4.940e+02
4.750e+02
5.530e+02
6.080e+02
6.610e+02
5.510e+02
5.930e+02
5.430e+02
6.560e+02
6.150e+02
7.590e+02
7.010e+02
6.410e+02
6.980e+02
7.530e+02
7.380e+02
7.050e+02
7.770e+02
7.150e+02
7.420e+02
7.290e+02
7.500e+02
7.690e+02
8.410e+02
7.470e+02
7.470e+02
7.310e+02
7.300e+02
6.720e+02
7.000e+02
6.900e+02
7.070e+02
6.600e+02
6.090e+02
5.310e+02
4.970e+02
5.200e+02
5.310e+02
5.580e+02
5.540e+02
5.250e+02
5.330e+02
5.510e+02
5.380e+02
5.320e+02
5.140e+02
4.900e+02
4.850e+02
4.820e+02
4.940e+02
4.770e+02
4.500e+02
4.260e+02
4.180e+02
3.760e+02
3.770e+02
4.250e+02
3.560e+02
4.030e+02
3.950e+02
3.770e+02
3.640e+02
3.820e+02
3.820e+02
4.250e+02
3.730e+02
3.940e+02
3.890e+02
4.450e+02
5.090e+02
4.970e+02
5.680e+02
5.880e+02
6.240e+02
6.330e+02
5.820e+02
6.060e+02
5.850e+02
5.460e+02
5.220e+02
4.780e+02
5.220e+02
5.020e+02
5.110e+02
5.040e+02
5.330e+02
5.100e+02
5.280e+02
5.500e+02
5.200e+02
5.410e+02
5.010e+02
5.080e+02
5.220e+02
5.350e+02
5.530e+02
5.440e+02
6.190e+02
6.190e+02
6.350e+02
6.720e+02
6.390e+02
6.950e+02
7.600e+02
7.760e+02
8.280e+02
8.170e+02
8.070e+02
7.960e+02
9.260e+02
1.035e+03
1.043e+03
1.179e+03
1.397e+03
