4.700e+01
1.400e+01
1.000e+01
6.000e+00
8.000e+00
1.500e+01
1.200e+01
7.000e+00
1.300e+01
1.200e+01
1.200e+01
9.000e+00
9.000e+00
1.500e+01
1.700e+01
1.300e+01
1.800e+01
1.500e+01
1.700e+01
1.600e+01
1.500e+01
2.100e+01
1.100e+01
1.800e+01
1.100e+01
1.300e+01
8.000e+00
2.200e+01
8.000e+00
1.500e+01
1.300e+01
9.000e+00
1.200e+01
1.100e+01
1.500e+01
1.400e+01
9.000e+00
2.100e+01
1.800e+01
1.500e+01
7.000e+00
1.800e+01
1.600e+01
1.400e+01
8.000e+00
1.500e+01
1.000e+01
1.300e+01
1.200e+01
1.000e+01
1.100e+01
4.000e+00
1.100e+01
4.000e+00
5.000e+00
1.100e+01
6.000e+00
6.000e+00
1.100e+01
1.800e+01
9.000e+00
9.000e+00
5.000e+00
6.000e+00
5.000e+00
1.200e+01
1.700e+01
1.400e+01
1.600e+01
1.600e+01
2.100e+01
2.200e+01
3.200e+01
2.700e+01
2.700e+01
2.800e+01
2.900e+01
5.400e+01
5.200e+01
4.200e+01
4.900e+01
5.600e+01
9.900e+01
7.200e+01
9.300e+01
7.700e+01
1.070e+02
1.240e+02
1.150e+02
1.620e+02
1.810e+02
2.170e+02
1.900e+02
1.660e+02
1.510e+02
1.760e+02
1.830e+02
1.970e+02
2.060e+02
1.930e+02
1.860e+02
1.890e+02
1.850e+02
1.610e+02
1.730e+02
1.730e+02
1.400e+02
1.730e+02
1.550e+02
1.390e+02
1.440e+02
1.460e+02
1.510e+02
1.430e+02
1.170e+02
1.050e+02
1.030e+02
1.120e+02
1.160e+02
8.800e+01
8.900e+01
9.400e+01
1.090e+02
8.100e+01
9.000e+01
7.900e+01
8.000e+01
7.700e+01
5.700e+01
7.200e+01
7.600e+01
6.600e+01
7.400e+01
8.500e+01
9.000e+01
1.110e+02
1.100e+02
1.150e+02
1.290e+02
1.420e+02
1.260e+02
1.220e+02
1.070e+02
1.040e+02
1.130e+02
1.090e+02
1.110e+02
9.100e+01
6.200e+01
4.300e+01
4.000e+01
2.300e+01
2.100e+01
2.000e+01
1.800e+01
8.000e+00
1.100e+01
5.000e+00
8.000e+00
9.000e+00
8.000e+00
9.000e+00
9.000e+00
4.000e+00
5.000e+00
5.000e+00
5.000e+00
6.000e+00
3.000e+00
5.000e+00
3.000e+00
5.000e+00
6.000e+00
7.000e+00
5.000e+00
3.000e+00
4.000e+00
4.000e+00
5.000e+00
5.000e+00
1.100e+01
2.000e+00
6.000e+00
6.000e+00
1.000e+00
6.000e+00
4.000e+00
4.000e+00
8.000e+00
5.000e+00
3.000e+00
3.000e+00
5.000e+00
8.000e+00
7.000e+00
9.000e+00
7.000e+00
6.000e+00
4.000e+00
4.000e+00
5.000e+00
1.400e+01
9.000e+00
6.000e+00
1.100e+01
6.000e+00
1.000e+01
1.600e+01
2.500e+01
3.200e+01
4.000e+01
5.900e+01
6.500e+01
8.200e+01
1.200e+02
1.050e+02
1.090e+02
1.080e+02
1.360e+02
1.250e+02
1.400e+02
1.380e+02
1.110e+02
1.110e+02
1.030e+02
8.800e+01
8.900e+01
7.700e+01
8.900e+01
8.300e+01
6.800e+01
6.100e+01
7.400e+01
7.100e+01
8.100e+01
8.600e+01
8.500e+01
8.600e+01
8.600e+01
8.800e+01
1.020e+02
1.120e+02
8.000e+01
1.120e+02
9.300e+01
9.800e+01
1.110e+02
1.500e+02
1.590e+02
1.510e+02
1.540e+02
1.200e+02
1.620e+02
1.510e+02
1.670e+02
1.880e+02
1.560e+02
1.630e+02
1.920e+02
1.600e+02
1.650e+02
1.950e+02
2.080e+02
1.870e+02
1.820e+02
1.840e+02
1.610e+02
1.870e+02
1.770e+02
1.900e+02
1.820e+02
1.670e+02
1.260e+02
1.130e+02
9.600e+01
9.700e+01
8.600e+01
6.900e+01
6.800e+01
4.700e+01
3.900e+01
3.900e+01
4.600e+01
4.100e+01
3.300e+01
3.400e+01
3.500e+01
2.800e+01
1.800e+01
1.600e+01
1.600e+01
1.600e+01
1.600e+01
1.700e+01
7.000e+00
1.100e+01
8.000e+00
9.000e+00
8.000e+00
1.900e+01
1.000e+01
1.600e+01
9.000e+00
1.100e+01
1.300e+01
1.600e+01
3.000e+00
7.000e+00
8.000e+00
8.000e+00
9.000e+00
4.000e+00
5.000e+00
1.100e+01
1.500e+01
1.600e+01
8.000e+00
1.000e+01
2.000e+01
9.000e+00
1.000e+01
1.300e+01
1.300e+01
1.200e+01
1.300e+01
1.000e+01
1.000e+01
1.100e+01
5.000e+00
1.400e+01
1.000e+01
1.000e+01
1.600e+01
1.300e+01
1.300e+01
1.000e+01
1.600e+01
2.000e+01
1.400e+01
2.900e+01
2.100e+01
2.300e+01
2.300e+01
1.000e+01
1.100e+01
1.300e+01
9.000e+00
2.400e+01
9.000e+00
1.100e+01
1.100e+01
1.600e+01
1.100e+01
1.400e+01
9.000e+00
9.000e+00
1.100e+01
1.200e+01
7.000e+00
1.900e+01
