6.307e+03
2.113e+03
1.746e+03
1.532e+03
1.465e+03
1.368e+03
1.278e+03
1.211e+03
1.187e+03
1.064e+03
1.080e+03
9.910e+02
9.530e+02
8.950e+02
8.810e+02
8.320e+02
7.930e+02
7.630e+02
7.410e+02
7.110e+02
6.790e+02
6.960e+02
6.890e+02
6.540e+02
6.930e+02
6.500e+02
6.620e+02
6.620e+02
6.030e+02
5.890e+02
6.210e+02
6.600e+02
6.050e+02
6.410e+02
7.310e+02
6.780e+02
6.920e+02
6.890e+02
7.100e+02
7.280e+02
7.190e+02
7.650e+02
7.170e+02
6.940e+02
6.330e+02
6.290e+02
5.720e+02
5.430e+02
5.200e+02
5.360e+02
4.740e+02
4.500e+02
4.600e+02
4.340e+02
4.530e+02
4.670e+02
4.150e+02
4.380e+02
4.740e+02
4.740e+02
4.550e+02
5.040e+02
5.750e+02
5.010e+02
5.410e+02
5.460e+02
6.250e+02
6.180e+02
5.880e+02
6.210e+02
6.180e+02
6.320e+02
6.260e+02
6.800e+02
6.290e+02
6.300e+02
7.270e+02
7.330e+02
6.810e+02
6.430e+02
6.880e+02
7.820e+02
8.300e+02
8.620e+02
8.810e+02
8.380e+02
8.530e+02
9.240e+02
9.630e+02
9.890e+02
1.072e+03
1.149e+03
1.070e+03
1.100e+03
1.074e+03
1.067e+03
1.076e+03
1.110e+03
1.131e+03
1.036e+03
1.033e+03
1.074e+03
1.012e+03
9.580e+02
1.076e+03
9.450e+02
9.240e+02
9.540e+02
9.810e+02
9.110e+02
9.660e+02
9.210e+02
9.420e+02
9.760e+02
9.060e+02
8.740e+02
8.570e+02
8.400e+02
9.100e+02
8.250e+02
8.740e+02
8.080e+02
8.610e+02
7.820e+02
7.530e+02
7.320e+02
7.160e+02
7.210e+02
7.150e+02
6.660e+02
7.110e+02
7.380e+02
8.200e+02
9.720e+02
8.930e+02
8.700e+02
8.840e+02
9.650e+02
9.910e+02
1.038e+03
1.079e+03
1.218e+03
9.580e+02
8.330e+02
7.320e+02
6.560e+02
5.340e+02
5.080e+02
4.370e+02
3.490e+02
3.630e+02
3.590e+02
3.550e+02
3.730e+02
3.640e+02
4.330e+02
4.870e+02
4.820e+02
4.340e+02
4.710e+02
4.660e+02
4.240e+02
4.770e+02
3.980e+02
3.840e+02
3.280e+02
2.910e+02
2.200e+02
1.890e+02
1.750e+02
1.620e+02
1.490e+02
1.340e+02
1.690e+02
1.390e+02
1.340e+02
1.450e+02
1.610e+02
1.800e+02
2.510e+02
9.670e+02
2.460e+02
1.510e+02
1.680e+02
1.400e+02
1.310e+02
1.480e+02
1.450e+02
1.420e+02
1.450e+02
1.520e+02
1.750e+02
1.800e+02
2.070e+02
2.760e+02
3.310e+02
4.020e+02
4.150e+02
4.490e+02
4.510e+02
5.190e+02
4.800e+02
4.280e+02
4.260e+02
4.800e+02
4.450e+02
4.360e+02
3.940e+02
4.220e+02
3.600e+02
3.960e+02
3.690e+02
4.080e+02
5.080e+02
5.800e+02
6.400e+02
7.370e+02
8.310e+02
9.260e+02
1.069e+03
9.520e+02
9.950e+02
1.027e+03
1.001e+03
9.550e+02
9.380e+02
9.250e+02
1.050e+03
9.690e+02
8.240e+02
7.630e+02
7.340e+02
8.010e+02
8.150e+02
7.910e+02
8.020e+02
7.820e+02
7.660e+02
9.200e+02
8.700e+02
9.890e+02
9.370e+02
9.160e+02
9.740e+02
9.190e+02
8.810e+02
9.570e+02
9.920e+02
1.011e+03
9.950e+02
1.017e+03
8.920e+02
9.730e+02
9.170e+02
1.005e+03
9.370e+02
1.047e+03
1.007e+03
9.780e+02
1.022e+03
1.085e+03
1.072e+03
1.068e+03
1.092e+03
1.044e+03
1.107e+03
1.044e+03
1.066e+03
1.079e+03
1.175e+03
1.041e+03
1.026e+03
9.740e+02
9.570e+02
8.780e+02
9.090e+02
8.950e+02
8.880e+02
8.700e+02
7.560e+02
6.680e+02
6.410e+02
6.530e+02
6.640e+02
6.670e+02
6.630e+02
6.290e+02
6.250e+02
6.500e+02
6.140e+02
6.030e+02
5.690e+02
5.700e+02
5.580e+02
5.420e+02
5.600e+02
5.270e+02
5.020e+02
4.690e+02
4.680e+02
4.090e+02
4.300e+02
4.800e+02
4.130e+02
4.610e+02
4.570e+02
4.250e+02
4.290e+02
4.370e+02
4.390e+02
4.870e+02
4.470e+02
4.610e+02
4.690e+02
5.250e+02
5.890e+02
5.850e+02
6.570e+02
7.030e+02
7.130e+02
7.360e+02
6.870e+02
7.250e+02
7.380e+02
6.750e+02
6.400e+02
5.940e+02
6.280e+02
6.030e+02
6.120e+02
6.180e+02
6.630e+02
6.150e+02
6.620e+02
6.780e+02
6.360e+02
6.720e+02
6.420e+02
6.860e+02
7.090e+02
6.960e+02
7.330e+02
7.070e+02
7.910e+02
8.070e+02
8.300e+02
8.870e+02
8.880e+02
9.170e+02
1.033e+03
1.071e+03
1.103e+03
1.150e+03
1.209e+03
1.232e+03
1.358e+03
1.491e+03
1.460e+03
1.698e+03
1.998e+03
