7.600e+01
2.800e+01
3.300e+01
1.900e+01
2.200e+01
2.700e+01
2.200e+01
2.400e+01
2.700e+01
2.900e+01
2.100e+01
1.700e+01
2.300e+01
2.200e+01
2.800e+01
2.600e+01
3.900e+01
3.700e+01
3.600e+01
2.700e+01
3.200e+01
3.000e+01
2.400e+01
2.500e+01
2.600e+01
2.700e+01
2.100e+01
3.900e+01
2.900e+01
3.100e+01
2.300e+01
1.900e+01
2.800e+01
3.000e+01
3.600e+01
4.000e+01
3.900e+01
6.100e+01
5.400e+01
6.700e+01
4.600e+01
7.100e+01
4.600e+01
4.600e+01
2.800e+01
3.900e+01
4.100e+01
3.800e+01
4.000e+01
2.300e+01
2.500e+01
2.700e+01
3.200e+01
2.000e+01
2.700e+01
3.000e+01
2.400e+01
3.900e+01
3.900e+01
4.300e+01
3.700e+01
3.700e+01
3.500e+01
3.400e+01
5.200e+01
6.200e+01
5.200e+01
7.700e+01
7.400e+01
6.700e+01
6.900e+01
7.200e+01
9.500e+01
8.100e+01
8.200e+01
9.200e+01
1.050e+02
1.210e+02
1.330e+02
1.060e+02
1.400e+02
1.880e+02
2.890e+02
2.130e+02
2.610e+02
2.420e+02
3.610e+02
3.060e+02
2.370e+02
2.800e+02
3.480e+02
3.720e+02
3.440e+02
2.790e+02
2.890e+02
3.200e+02
3.210e+02
3.470e+02
3.900e+02
3.480e+02
3.430e+02
3.070e+02
3.080e+02
3.120e+02
3.250e+02
3.080e+02
2.840e+02
3.460e+02
3.000e+02
2.610e+02
2.610e+02
2.550e+02
2.430e+02
2.510e+02
2.570e+02
2.010e+02
1.850e+02
1.750e+02
1.880e+02
1.610e+02
1.730e+02
1.760e+02
1.830e+02
1.520e+02
1.840e+02
1.670e+02
1.700e+02
1.600e+02
1.560e+02
1.740e+02
1.830e+02
1.490e+02
1.620e+02
1.690e+02
1.530e+02
1.990e+02
2.080e+02
1.960e+02
2.250e+02
2.220e+02
1.910e+02
1.930e+02
1.660e+02
1.630e+02
1.730e+02
1.600e+02
1.540e+02
1.220e+02
1.000e+02
7.200e+01
7.100e+01
6.300e+01
4.000e+01
3.100e+01
3.700e+01
2.200e+01
2.500e+01
2.300e+01
1.900e+01
1.500e+01
2.700e+01
2.300e+01
2.400e+01
1.200e+01
1.600e+01
9.000e+00
2.600e+01
1.400e+01
7.000e+00
1.600e+01
5.000e+00
1.000e+01
1.300e+01
1.700e+01
1.200e+01
1.800e+01
2.200e+01
2.400e+01
3.000e+01
4.600e+01
1.560e+02
5.400e+01
3.500e+01
2.400e+01
1.400e+01
1.500e+01
1.500e+01
1.700e+01
1.400e+01
2.200e+01
8.000e+00
1.300e+01
1.500e+01
1.600e+01
2.800e+01
2.200e+01
1.500e+01
2.200e+01
2.100e+01
1.400e+01
1.700e+01
2.400e+01
2.600e+01
1.400e+01
2.500e+01
2.000e+01
2.700e+01
3.700e+01
5.400e+01
7.100e+01
6.800e+01
9.800e+01
1.000e+02
1.110e+02
1.550e+02
1.580e+02
1.470e+02
1.680e+02
1.880e+02
1.960e+02
2.150e+02
2.230e+02
2.550e+02
1.990e+02
1.940e+02
1.730e+02
1.490e+02
1.340e+02
1.560e+02
1.320e+02
1.510e+02
1.350e+02
1.750e+02
1.830e+02
1.810e+02
1.790e+02
1.570e+02
1.470e+02
1.560e+02
1.520e+02
1.970e+02
2.070e+02
1.520e+02
1.800e+02
1.680e+02
1.870e+02
2.170e+02
2.390e+02
2.450e+02
2.290e+02
2.390e+02
2.070e+02
2.850e+02
2.760e+02
2.980e+02
3.410e+02
2.970e+02
3.320e+02
3.110e+02
2.820e+02
3.030e+02
3.080e+02
3.670e+02
3.590e+02
3.410e+02
3.480e+02
3.220e+02
3.520e+02
3.310e+02
3.210e+02
3.120e+02
3.250e+02
2.840e+02
3.180e+02
2.940e+02
2.330e+02
2.400e+02
2.670e+02
3.700e+02
2.060e+02
1.220e+02
1.020e+02
9.900e+01
8.600e+01
8.800e+01
1.050e+02
8.200e+01
8.300e+01
6.600e+01
6.900e+01
7.900e+01
8.100e+01
1.260e+02
1.340e+02
9.200e+01
8.100e+01
5.800e+01
5.400e+01
4.500e+01
5.100e+01
4.200e+01
6.200e+01
5.100e+01
3.100e+01
4.300e+01
3.600e+01
2.100e+01
2.600e+01
3.300e+01
2.600e+01
3.700e+01
3.100e+01
4.600e+01
4.200e+01
4.100e+01
5.300e+01
5.800e+01
7.000e+01
6.900e+01
8.800e+01
8.900e+01
7.700e+01
7.600e+01
6.200e+01
6.000e+01
3.800e+01
3.500e+01
3.400e+01
2.200e+01
4.100e+01
3.500e+01
3.000e+01
5.800e+01
3.200e+01
2.600e+01
2.500e+01
2.500e+01
3.000e+01
2.500e+01
4.100e+01
3.600e+01
3.700e+01
3.100e+01
1.600e+01
2.500e+01
2.600e+01
2.200e+01
3.500e+01
2.200e+01
2.000e+01
2.200e+01
2.800e+01
2.200e+01
2.100e+01
1.700e+01
1.900e+01
1.500e+01
2.400e+01
1.700e+01
3.000e+01
