7.436e+03
3.359e+03
2.825e+03
2.639e+03
2.601e+03
2.494e+03
2.438e+03
2.299e+03
2.295e+03
2.440e+03
2.441e+03
2.416e+03
2.298e+03
2.253e+03
2.197e+03
2.057e+03
2.056e+03
2.062e+03
2.100e+03
2.224e+03
2.169e+03
2.127e+03
2.059e+03
2.027e+03
1.999e+03
2.176e+03
2.138e+03
2.043e+03
2.067e+03
2.140e+03
2.151e+03
2.370e+03
2.464e+03
3.100e+03
2.870e+03
2.403e+03
2.252e+03
2.123e+03
2.059e+03
2.140e+03
1.989e+03
2.012e+03
1.890e+03
1.877e+03
1.762e+03
1.702e+03
1.724e+03
1.593e+03
1.585e+03
1.556e+03
1.486e+03
1.474e+03
1.437e+03
1.447e+03
1.409e+03
1.401e+03
1.404e+03
1.459e+03
1.578e+03
1.778e+03
1.826e+03
1.737e+03
1.757e+03
1.580e+03
1.531e+03
1.573e+03
1.623e+03
1.599e+03
1.634e+03
1.689e+03
1.683e+03
1.679e+03
1.720e+03
1.777e+03
1.726e+03
1.842e+03
1.860e+03
1.829e+03
1.796e+03
1.765e+03
1.861e+03
1.909e+03
2.003e+03
2.104e+03
2.243e+03
2.261e+03
2.284e+03
2.328e+03
2.388e+03
2.321e+03
2.351e+03
2.328e+03
2.325e+03
2.367e+03
2.350e+03
2.302e+03
2.243e+03
2.424e+03
2.403e+03
2.283e+03
2.344e+03
2.478e+03
2.294e+03
2.262e+03
2.541e+03
2.195e+03
2.305e+03
2.263e+03
2.219e+03
2.122e+03
2.190e+03
2.127e+03
2.042e+03
2.142e+03
2.063e+03
2.022e+03
1.959e+03
2.044e+03
2.311e+03
2.550e+03
2.588e+03
2.129e+03
2.018e+03
1.789e+03
1.668e+03
1.634e+03
1.576e+03
1.562e+03
1.554e+03
1.468e+03
1.490e+03
1.517e+03
1.704e+03
1.883e+03
1.749e+03
1.602e+03
1.570e+03
1.583e+03
1.530e+03
1.525e+03
1.520e+03
1.700e+03
1.348e+03
1.134e+03
1.022e+03
9.020e+02
9.900e+02
8.350e+02
7.690e+02
6.240e+02
5.670e+02
5.700e+02
5.010e+02
4.960e+02
4.310e+02
4.490e+02
4.380e+02
4.300e+02
4.030e+02
3.650e+02
3.720e+02
3.470e+02
3.730e+02
3.870e+02
3.660e+02
3.590e+02
3.190e+02
3.430e+02
2.840e+02
3.070e+02
2.940e+02
2.710e+02
2.920e+02
2.760e+02
3.010e+02
2.560e+02
3.480e+02
3.170e+02
3.350e+02
3.110e+02
5.600e+02
3.320e+02
2.960e+02
3.170e+02
2.940e+02
2.250e+02
2.660e+02
2.590e+02
2.760e+02
2.710e+02
2.840e+02
3.260e+02
2.820e+02
2.980e+02
3.360e+02
3.740e+02
4.190e+02
4.060e+02
3.870e+02
3.670e+02
3.650e+02
3.910e+02
4.530e+02
4.410e+02
4.880e+02
5.270e+02
5.610e+02
5.790e+02
5.930e+02
6.300e+02
7.150e+02
6.410e+02
7.690e+02
8.050e+02
1.003e+03
9.970e+02
1.068e+03
1.171e+03
1.276e+03
1.505e+03
1.436e+03
1.540e+03
1.583e+03
1.644e+03
1.665e+03
1.759e+03
1.836e+03
2.084e+03
1.832e+03
1.602e+03
1.581e+03
1.690e+03
1.626e+03
1.659e+03
1.625e+03
1.729e+03
1.671e+03
1.751e+03
1.987e+03
2.108e+03
2.542e+03
2.593e+03
2.271e+03
2.115e+03
2.015e+03
2.001e+03
2.009e+03
2.123e+03
2.036e+03
2.120e+03
2.252e+03
2.001e+03
2.040e+03
1.992e+03
2.187e+03
2.160e+03
2.313e+03
2.311e+03
2.213e+03
2.360e+03
2.290e+03
2.250e+03
2.354e+03
2.295e+03
2.237e+03
2.277e+03
2.270e+03
2.354e+03
2.330e+03
2.469e+03
2.368e+03
2.370e+03
2.365e+03
2.400e+03
2.387e+03
2.376e+03
2.369e+03
2.195e+03
2.155e+03
2.069e+03
1.993e+03
1.906e+03
1.937e+03
1.881e+03
2.025e+03
1.955e+03
1.909e+03
1.858e+03
1.873e+03
1.835e+03
1.736e+03
1.783e+03
1.812e+03
1.821e+03
1.783e+03
1.711e+03
1.648e+03
1.709e+03
1.774e+03
1.915e+03
1.837e+03
1.729e+03
1.597e+03
1.416e+03
1.597e+03
1.473e+03
1.448e+03
1.606e+03
1.590e+03
1.601e+03
1.684e+03
1.676e+03
1.791e+03
1.802e+03
2.004e+03
2.181e+03
2.134e+03
2.439e+03
2.513e+03
2.545e+03
2.583e+03
2.627e+03
2.733e+03
2.814e+03
2.754e+03
2.994e+03
3.094e+03
3.271e+03
2.659e+03
2.436e+03
2.296e+03
2.203e+03
2.176e+03
2.167e+03
2.088e+03
2.004e+03
1.950e+03
1.985e+03
1.909e+03
1.893e+03
1.991e+03
2.030e+03
1.984e+03
2.043e+03
2.037e+03
2.004e+03
2.120e+03
2.112e+03
2.269e+03
2.262e+03
2.381e+03
2.319e+03
2.315e+03
2.256e+03
2.277e+03
2.436e+03
2.633e+03
2.723e+03
2.939e+03
3.353e+03
