1.142e+04
4.866e+03
4.093e+03
3.857e+03
3.696e+03
3.552e+03
3.485e+03
3.312e+03
3.292e+03
3.378e+03
3.396e+03
3.332e+03
3.178e+03
3.137e+03
3.047e+03
2.947e+03
2.927e+03
2.850e+03
2.822e+03
2.869e+03
2.730e+03
2.730e+03
2.581e+03
2.556e+03
2.552e+03
2.683e+03
2.631e+03
2.512e+03
2.526e+03
2.606e+03
2.602e+03
2.828e+03
2.893e+03
3.501e+03
3.232e+03
2.775e+03
2.660e+03
2.544e+03
2.447e+03
2.571e+03
2.357e+03
2.395e+03
2.210e+03
2.149e+03
2.036e+03
2.001e+03
1.969e+03
1.817e+03
1.826e+03
1.761e+03
1.716e+03
1.673e+03
1.666e+03
1.672e+03
1.617e+03
1.638e+03
1.616e+03
1.698e+03
1.765e+03
1.986e+03
1.993e+03
1.901e+03
1.949e+03
1.776e+03
1.721e+03
1.771e+03
1.808e+03
1.831e+03
1.867e+03
1.944e+03
1.925e+03
1.910e+03
1.989e+03
2.050e+03
2.057e+03
2.142e+03
2.170e+03
2.167e+03
2.129e+03
2.089e+03
2.236e+03
2.379e+03
2.524e+03
2.594e+03
2.770e+03
2.765e+03
2.909e+03
2.978e+03
2.947e+03
2.933e+03
2.973e+03
3.011e+03
2.964e+03
2.967e+03
2.953e+03
2.979e+03
2.956e+03
3.112e+03
3.136e+03
2.987e+03
3.028e+03
3.136e+03
2.915e+03
2.937e+03
3.221e+03
2.874e+03
2.974e+03
3.044e+03
2.963e+03
2.812e+03
2.884e+03
2.906e+03
2.907e+03
3.044e+03
3.018e+03
2.888e+03
2.868e+03
2.907e+03
3.285e+03
3.544e+03
4.038e+03
3.471e+03
2.965e+03
2.612e+03
2.433e+03
2.372e+03
2.329e+03
2.234e+03
2.243e+03
2.169e+03
2.203e+03
2.202e+03
2.420e+03
2.675e+03
2.495e+03
2.364e+03
2.381e+03
2.361e+03
2.389e+03
2.331e+03
2.380e+03
2.630e+03
2.263e+03
2.009e+03
1.961e+03
1.821e+03
1.908e+03
1.672e+03
1.603e+03
1.383e+03
1.429e+03
1.530e+03
1.532e+03
1.546e+03
1.563e+03
1.693e+03
1.814e+03
1.807e+03
1.753e+03
1.701e+03
1.713e+03
1.637e+03
1.679e+03
1.671e+03
1.726e+03
1.604e+03
1.690e+03
1.658e+03
1.604e+03
1.460e+03
1.476e+03
1.488e+03
1.334e+03
1.225e+03
1.160e+03
1.129e+03
1.274e+03
1.182e+03
1.279e+03
1.428e+03
2.688e+03
1.391e+03
1.066e+03
1.076e+03
1.049e+03
1.020e+03
1.089e+03
1.129e+03
1.224e+03
1.428e+03
1.521e+03
1.700e+03
1.858e+03
1.974e+03
1.991e+03
1.947e+03
1.882e+03
1.790e+03
1.687e+03
1.684e+03
1.821e+03
1.749e+03
1.765e+03
1.716e+03
1.817e+03
1.702e+03
1.637e+03
1.522e+03
1.580e+03
1.559e+03
1.510e+03
1.440e+03
1.543e+03
1.655e+03
1.879e+03
1.848e+03
1.902e+03
2.068e+03
2.156e+03
2.422e+03
2.319e+03
2.445e+03
2.491e+03
2.494e+03
2.460e+03
2.531e+03
2.640e+03
2.819e+03
2.561e+03
2.307e+03
2.267e+03
2.321e+03
2.338e+03
2.362e+03
2.403e+03
2.471e+03
2.454e+03
2.525e+03
2.993e+03
3.520e+03
4.078e+03
3.751e+03
3.342e+03
3.232e+03
3.031e+03
2.985e+03
3.020e+03
3.230e+03
3.122e+03
3.012e+03
3.099e+03
2.788e+03
2.881e+03
2.805e+03
2.972e+03
2.927e+03
2.990e+03
2.987e+03
2.903e+03
3.019e+03
2.966e+03
2.880e+03
3.069e+03
3.004e+03
2.942e+03
3.027e+03
2.953e+03
3.063e+03
3.006e+03
3.172e+03
3.010e+03
3.034e+03
2.964e+03
3.044e+03
3.002e+03
2.934e+03
2.949e+03
2.766e+03
2.884e+03
2.531e+03
2.409e+03
2.295e+03
2.302e+03
2.205e+03
2.348e+03
2.317e+03
2.234e+03
2.176e+03
2.187e+03
2.116e+03
2.015e+03
2.061e+03
2.150e+03
2.175e+03
2.073e+03
2.000e+03
1.927e+03
1.973e+03
2.024e+03
2.157e+03
2.070e+03
2.000e+03
1.855e+03
1.684e+03
1.880e+03
1.770e+03
1.689e+03
1.879e+03
1.867e+03
1.884e+03
1.994e+03
1.973e+03
2.105e+03
2.155e+03
2.364e+03
2.560e+03
2.517e+03
2.824e+03
2.908e+03
3.016e+03
3.080e+03
3.149e+03
3.292e+03
3.383e+03
3.272e+03
3.470e+03
3.607e+03
3.835e+03
3.236e+03
3.040e+03
2.954e+03
2.847e+03
2.809e+03
2.850e+03
2.737e+03
2.674e+03
2.643e+03
2.666e+03
2.648e+03
2.724e+03
2.773e+03
2.912e+03
2.817e+03
2.906e+03
3.016e+03
3.019e+03
3.150e+03
3.125e+03
3.215e+03
3.260e+03
3.430e+03
3.423e+03
3.445e+03
3.420e+03
3.447e+03
3.569e+03
3.751e+03
3.880e+03
4.216e+03
4.819e+03
