3.300e+01
1.200e+01
7.000e+00
7.000e+00
6.000e+00
1.000e+00
1.000e+00
3.000e+00
3.000e+00
3.000e+00
2.000e+00
4.000e+00
4.000e+00
1.000e+00
4.000e+00
5.000e+00
1.000e+00
4.000e+00
5.000e+00
2.000e+00
0.000e+00
2.000e+00
4.000e+00
3.000e+00
4.000e+00
1.000e+00
2.000e+00
4.000e+00
3.000e+00
5.000e+00
6.000e+00
4.000e+00
9.000e+00
1.200e+01
8.000e+00
1.200e+01
1.600e+01
2.000e+01
2.900e+01
2.700e+01
3.300e+01
4.300e+01
3.600e+01
3.100e+01
3.200e+01
3.500e+01
4.900e+01
5.000e+01
5.500e+01
4.900e+01
4.700e+01
5.500e+01
7.800e+01
7.600e+01
8.900e+01
8.800e+01
1.100e+02
1.240e+02
1.110e+02
1.460e+02
1.130e+02
1.680e+02
1.740e+02
1.730e+02
2.090e+02
1.860e+02
1.510e+02
1.720e+02
1.600e+02
1.790e+02
1.840e+02
1.900e+02
1.690e+02
1.970e+02
1.740e+02
1.890e+02
1.630e+02
2.030e+02
2.000e+02
1.850e+02
1.920e+02
2.100e+02
1.980e+02
1.620e+02
1.470e+02
1.160e+02
1.280e+02
1.070e+02
8.600e+01
8.800e+01
5.700e+01
5.700e+01
4.600e+01
6.600e+01
3.500e+01
4.000e+01
4.100e+01
3.200e+01
2.900e+01
3.600e+01
2.200e+01
2.400e+01
3.100e+01
4.000e+01
3.400e+01
1.800e+01
2.000e+01
1.700e+01
2.000e+01
2.200e+01
1.700e+01
1.800e+01
1.600e+01
1.400e+01
1.300e+01
1.800e+01
2.000e+01
1.300e+01
1.500e+01
1.500e+01
8.000e+00
1.700e+01
2.200e+01
1.800e+01
1.300e+01
1.300e+01
1.200e+01
1.600e+01
5.000e+00
9.000e+00
9.000e+00
1.300e+01
8.000e+00
1.200e+01
9.000e+00
5.000e+00
9.000e+00
3.000e+00
8.000e+00
5.000e+00
6.000e+00
6.000e+00
8.000e+00
1.300e+01
7.000e+00
6.000e+00
5.000e+00
1.400e+01
7.000e+00
4.000e+00
1.300e+01
1.000e+01
9.000e+00
1.000e+01
1.300e+01
1.400e+01
1.100e+01
9.000e+00
6.000e+00
1.800e+01
1.700e+01
1.300e+01
1.300e+01
1.500e+01
1.400e+01
8.000e+00
1.100e+01
9.000e+00
8.000e+00
9.000e+00
8.000e+00
9.000e+00
9.000e+00
1.700e+01
1.500e+01
3.000e+01
2.800e+01
1.800e+01
2.900e+01
3.300e+01
7.000e+01
6.400e+01
6.000e+01
3.500e+01
3.100e+01
2.800e+01
1.700e+01
9.000e+00
1.900e+01
1.100e+01
6.000e+00
1.100e+01
9.000e+00
1.000e+01
9.000e+00
1.300e+01
1.000e+01
1.800e+01
1.500e+01
1.700e+01
1.400e+01
7.000e+00
4.000e+00
5.000e+00
4.000e+00
1.000e+01
8.000e+00
1.600e+01
1.200e+01
1.000e+01
3.000e+00
1.200e+01
5.000e+00
8.000e+00
5.000e+00
9.000e+00
1.600e+01
1.400e+01
1.300e+01
9.000e+00
8.000e+00
5.000e+00
8.000e+00
3.000e+00
4.000e+00
6.000e+00
7.000e+00
1.000e+00
6.000e+00
3.000e+00
1.900e+01
3.000e+00
1.100e+01
1.000e+01
4.000e+00
1.300e+01
1.200e+01
1.200e+01
1.800e+01
1.300e+01
1.100e+01
1.900e+01
2.400e+01
1.200e+01
2.000e+01
1.900e+01
1.000e+01
1.500e+01
2.000e+01
1.700e+01
2.300e+01
2.000e+01
2.300e+01
1.700e+01
1.800e+01
1.700e+01
3.300e+01
3.500e+01
3.400e+01
3.600e+01
3.300e+01
3.700e+01
4.200e+01
4.500e+01
4.500e+01
5.800e+01
5.100e+01
5.400e+01
4.800e+01
5.100e+01
5.100e+01
8.800e+01
8.600e+01
9.100e+01
1.160e+02
1.210e+02
1.350e+02
1.490e+02
1.840e+02
2.190e+02
1.780e+02
2.040e+02
2.240e+02
1.920e+02
1.530e+02
2.080e+02
1.780e+02
2.330e+02
2.230e+02
1.650e+02
1.850e+02
2.080e+02
1.860e+02
2.190e+02
2.530e+02
1.930e+02
2.030e+02
2.140e+02
1.670e+02
1.510e+02
1.380e+02
1.150e+02
1.220e+02
1.070e+02
1.030e+02
9.000e+01
7.800e+01
6.500e+01
7.900e+01
8.900e+01
6.800e+01
4.900e+01
6.200e+01
4.100e+01
4.400e+01
4.900e+01
3.600e+01
3.300e+01
3.400e+01
4.800e+01
2.900e+01
2.900e+01
2.300e+01
2.200e+01
1.200e+01
6.000e+00
6.000e+00
1.200e+01
4.000e+00
4.000e+00
8.000e+00
2.000e+00
3.000e+00
3.000e+00
7.000e+00
3.000e+00
1.000e+00
2.000e+00
0.000e+00
0.000e+00
2.000e+00
2.000e+00
1.000e+00
3.000e+00
3.000e+00
1.000e+00
2.000e+00
2.000e+00
0.000e+00
2.000e+00
1.000e+00
1.000e+00
5.000e+00
0.000e+00
4.000e+00
6.000e+00
3.000e+00
7.000e+00
9.000e+00
1.400e+01
