3.323e+04
1.747e+04
1.365e+04
1.148e+04
9.762e+03
9.269e+03
9.052e+03
9.054e+03
9.540e+03
9.481e+03
9.523e+03
9.408e+03
9.214e+03
9.286e+03
9.894e+03
9.969e+03
1.027e+04
1.084e+04
1.098e+04
1.094e+04
1.121e+04
1.114e+04
1.178e+04
1.291e+04
1.414e+04
1.532e+04
1.765e+04
1.509e+04
1.503e+04
1.598e+04
1.609e+04
1.655e+04
1.793e+04
1.842e+04
2.013e+04
2.148e+04
2.281e+04
1.983e+04
2.097e+04
1.905e+04
1.512e+04
1.580e+04
1.672e+04
7.004e+03
2.716e+03
2.683e+03
2.805e+03
1.972e+03
1.491e+03
1.815e+03
4.950e+03
3.134e+03
2.743e+03
3.751e+03
4.665e+03
7.156e+03
1.183e+04
7.747e+03
4.001e+03
1.377e+03
6.360e+02
4.720e+02
4.240e+02
3.280e+02
3.960e+02
5.770e+02
1.253e+03
1.892e+03
2.783e+03
4.942e+03
6.072e+03
7.223e+03
5.483e+03
4.060e+03
3.442e+03
2.814e+03
1.691e+03
9.060e+02
7.650e+02
7.720e+02
6.980e+02
6.000e+02
5.520e+02
6.370e+02
7.250e+02
6.100e+02
5.990e+02
6.580e+02
1.071e+03
1.070e+03
7.780e+02
6.280e+02
5.860e+02
4.930e+02
5.100e+02
5.080e+02
4.740e+02
4.830e+02
4.720e+02
5.090e+02
5.250e+02
5.070e+02
5.210e+02
8.280e+02
5.610e+02
4.290e+02
5.270e+02
5.310e+02
5.290e+02
5.200e+02
4.940e+02
5.210e+02
6.270e+02
5.050e+02
5.530e+02
5.650e+02
5.810e+02
7.030e+02
7.080e+02
8.400e+02
8.860e+02
8.030e+02
6.140e+02
5.550e+02
5.010e+02
5.080e+02
4.340e+02
3.870e+02
3.930e+02
3.570e+02
3.700e+02
3.360e+02
3.460e+02
3.860e+02
4.130e+02
3.730e+02
4.590e+02
5.480e+02
5.430e+02
5.460e+02
4.970e+02
4.990e+02
4.460e+02
4.280e+02
4.210e+02
3.860e+02
3.430e+02
4.040e+02
4.330e+02
4.140e+02
4.860e+02
4.570e+02
4.580e+02
4.180e+02
4.750e+02
4.700e+02
4.030e+02
3.930e+02
4.030e+02
3.940e+02
3.150e+02
2.860e+02
2.640e+02
2.340e+02
2.330e+02
2.210e+02
1.730e+02
2.050e+02
2.030e+02
2.160e+02
2.380e+02
5.200e+02
5.270e+02
5.420e+02
7.970e+02
6.130e+02
6.640e+02
4.650e+02
3.810e+02
3.890e+02
5.840e+02
4.110e+02
4.450e+02
3.560e+02
3.610e+02
3.920e+02
4.760e+02
3.600e+02
2.800e+02
2.330e+02
3.530e+02
3.410e+02
3.570e+02
3.930e+02
4.050e+02
6.150e+02
5.730e+02
8.470e+02
9.040e+02
5.780e+02
4.880e+02
4.310e+02
3.800e+02
4.460e+02
4.940e+02
5.190e+02
7.140e+02
5.880e+02
5.770e+02
4.850e+02
4.170e+02
4.490e+02
4.110e+02
3.820e+02
3.580e+02
3.560e+02
3.830e+02
4.380e+02
4.470e+02
5.370e+02
5.170e+02
4.870e+02
5.130e+02
5.010e+02
4.950e+02
4.600e+02
3.990e+02
4.110e+02
4.100e+02
3.850e+02
3.820e+02
4.170e+02
4.110e+02
4.610e+02
5.130e+02
6.000e+02
5.090e+02
5.220e+02
6.240e+02
9.270e+02
8.470e+02
7.970e+02
7.660e+02
7.400e+02
5.770e+02
4.840e+02
4.940e+02
4.450e+02
5.520e+02
4.340e+02
4.610e+02
4.430e+02
3.930e+02
3.840e+02
3.760e+02
3.890e+02
4.170e+02
3.610e+02
3.900e+02
4.000e+02
3.970e+02
3.950e+02
3.610e+02
4.420e+02
4.120e+02
4.710e+02
5.850e+02
4.900e+02
5.550e+02
6.130e+02
6.200e+02
5.940e+02
5.730e+02
5.840e+02
5.310e+02
5.500e+02
5.080e+02
5.050e+02
5.450e+02
5.740e+02
6.740e+02
7.670e+02
7.750e+02
7.620e+02
1.081e+03
2.233e+03
3.663e+03
4.990e+03
7.078e+03
6.095e+03
3.637e+03
2.971e+03
2.725e+03
2.383e+03
2.158e+03
1.311e+03
5.820e+02
5.220e+02
1.181e+03
1.281e+03
1.524e+03
2.454e+03
4.994e+03
4.466e+03
1.055e+04
8.847e+03
3.823e+03
3.444e+03
3.220e+03
4.320e+03
4.573e+03
1.650e+03
1.436e+03
1.527e+03
1.607e+03
2.030e+03
3.237e+03
7.874e+03
1.847e+04
1.534e+04
1.347e+04
1.770e+04
2.393e+04
2.335e+04
2.323e+04
2.139e+04
1.903e+04
1.715e+04
1.668e+04
1.638e+04
1.512e+04
1.498e+04
1.444e+04
1.486e+04
1.821e+04
1.549e+04
1.452e+04
1.322e+04
1.207e+04
1.114e+04
1.129e+04
1.098e+04
1.012e+04
9.717e+03
9.832e+03
9.267e+03
9.159e+03
9.062e+03
8.934e+03
9.475e+03
9.482e+03
9.075e+03
8.558e+03
8.338e+03
8.555e+03
8.664e+03
8.809e+03
1.049e+04
1.321e+04
1.696e+04
