1.284e+03
1.119e+03
1.400e+03
7.930e+02
4.280e+02
2.160e+02
1.540e+02
1.050e+02
9.400e+01
9.500e+01
6.500e+01
4.900e+01
5.200e+01
2.000e+01
2.100e+01
1.200e+01
9.000e+00
4.000e+00
9.000e+00
5.000e+00
7.000e+00
2.000e+00
2.000e+00
0.000e+00
1.000e+00
3.000e+00
0.000e+00
4.000e+00
1.000e+00
1.000e+00
2.000e+00
2.000e+00
1.000e+00
1.000e+00
1.000e+00
0.000e+00
1.000e+00
1.000e+00
0.000e+00
1.000e+00
0.000e+00
1.000e+00
0.000e+00
0.000e+00
0.000e+00
0.000e+00
0.000e+00
0.000e+00
0.000e+00
0.000e+00
0.000e+00
0.000e+00
0.000e+00
0.000e+00
0.000e+00
0.000e+00
0.000e+00
0.000e+00
0.000e+00
0.000e+00
0.000e+00
0.000e+00
0.000e+00
0.000e+00
0.000e+00
0.000e+00
0.000e+00
0.000e+00
1.000e+00
0.000e+00
3.000e+00
2.000e+00
2.000e+00
0.000e+00
0.000e+00
4.000e+00
1.000e+00
0.000e+00
2.000e+00
2.000e+00
0.000e+00
0.000e+00
0.000e+00
0.000e+00
0.000e+00
0.000e+00
0.000e+00
0.000e+00
0.000e+00
1.000e+00
0.000e+00
0.000e+00
0.000e+00
0.000e+00
0.000e+00
0.000e+00
0.000e+00
0.000e+00
0.000e+00
0.000e+00
0.000e+00
0.000e+00
1.000e+00
1.000e+00
1.000e+00
0.000e+00
0.000e+00
0.000e+00
0.000e+00
1.000e+00
0.000e+00
0.000e+00
0.000e+00
1.000e+00
1.000e+00
3.000e+00
2.000e+00
1.000e+00
0.000e+00
0.000e+00
0.000e+00
0.000e+00
0.000e+00
0.000e+00
0.000e+00
0.000e+00
0.000e+00
0.000e+00
2.000e+00
1.000e+00
0.000e+00
0.000e+00
0.000e+00
0.000e+00
0.000e+00
1.000e+00
1.000e+00
2.000e+00
0.000e+00
0.000e+00
0.000e+00
0.000e+00
0.000e+00
0.000e+00
0.000e+00
0.000e+00
2.000e+00
0.000e+00
2.000e+00
1.000e+00
2.000e+00
2.000e+00
3.000e+00
3.000e+00
6.000e+00
0.000e+00
3.000e+00
5.000e+00
4.000e+00
2.000e+00
8.000e+00
3.000e+00
2.000e+00
4.000e+00
7.000e+00
1.200e+01
2.000e+01
3.300e+01
3.400e+01
3.600e+01
6.000e+01
3.400e+01
4.000e+01
2.700e+01
4.900e+01
1.100e+02
2.030e+02
3.640e+02
8.110e+02
5.250e+02
7.010e+02
4.910e+02
8.340e+02
4.590e+02
1.820e+02
1.010e+02
6.300e+01
6.600e+01
5.600e+01
5.600e+01
4.000e+01
3.500e+01
1.900e+01
2.400e+01
1.200e+01
7.000e+00
8.000e+00
4.000e+00
8.000e+00
9.000e+00
3.000e+00
6.000e+00
8.000e+00
5.000e+00
3.000e+00
4.000e+00
3.000e+00
5.000e+00
0.000e+00
1.000e+00
0.000e+00
0.000e+00
0.000e+00
1.000e+00
0.000e+00
2.000e+00
0.000e+00
1.000e+00
3.000e+00
1.000e+00
1.000e+00
0.000e+00
0.000e+00
0.000e+00
0.000e+00
0.000e+00
0.000e+00
0.000e+00
0.000e+00
0.000e+00
0.000e+00
0.000e+00
0.000e+00
0.000e+00
0.000e+00
2.000e+00
0.000e+00
0.000e+00
0.000e+00
0.000e+00
0.000e+00
1.000e+00
0.000e+00
0.000e+00
1.000e+00
0.000e+00
0.000e+00
1.000e+00
1.000e+00
0.000e+00
0.000e+00
0.000e+00
1.000e+00
0.000e+00
0.000e+00
0.000e+00
0.000e+00
0.000e+00
2.000e+00
0.000e+00
0.000e+00
0.000e+00
0.000e+00
0.000e+00
0.000e+00
1.000e+00
1.000e+00
0.000e+00
0.000e+00
0.000e+00
0.000e+00
1.000e+00
0.000e+00
0.000e+00
3.000e+00
1.000e+00
1.000e+00
0.000e+00
0.000e+00
0.000e+00
0.000e+00
0.000e+00
1.000e+00
0.000e+00
0.000e+00
0.000e+00
0.000e+00
0.000e+00
0.000e+00
0.000e+00
1.000e+00
0.000e+00
0.000e+00
0.000e+00
0.000e+00
0.000e+00
0.000e+00
0.000e+00
0.000e+00
0.000e+00
0.000e+00
0.000e+00
0.000e+00
0.000e+00
0.000e+00
0.000e+00
0.000e+00
0.000e+00
0.000e+00
0.000e+00
1.000e+00
0.000e+00
0.000e+00
0.000e+00
0.000e+00
0.000e+00
0.000e+00
0.000e+00
1.000e+00
0.000e+00
0.000e+00
0.000e+00
1.000e+00
0.000e+00
2.000e+00
0.000e+00
0.000e+00
0.000e+00
0.000e+00
3.000e+00
0.000e+00
1.000e+00
2.000e+00
3.000e+00
0.000e+00
2.000e+00
5.000e+00
1.000e+00
3.000e+00
4.000e+00
4.000e+00
4.000e+00
5.000e+00
8.000e+00
1.100e+01
2.200e+01
4.500e+01
4.100e+01
4.500e+01
5.900e+01
8.100e+01
8.100e+01
8.000e+01
9.400e+01
1.880e+02
2.290e+02
4.250e+02
6.490e+02
1.370e+03
1.074e+03
