4.500e+02
8.600e+01
5.500e+01
6.200e+01
6.500e+01
7.300e+01
6.800e+01
6.100e+01
7.500e+01
7.000e+01
6.800e+01
8.600e+01
8.900e+01
9.100e+01
7.900e+01
9.200e+01
1.130e+02
1.060e+02
1.250e+02
1.510e+02
1.020e+02
1.160e+02
1.340e+02
1.050e+02
1.370e+02
1.400e+02
1.540e+02
1.280e+02
1.440e+02
1.650e+02
1.990e+02
2.090e+02
2.300e+02
2.010e+02
2.610e+02
3.210e+02
2.730e+02
2.510e+02
2.680e+02
2.790e+02
2.780e+02
3.070e+02
3.470e+02
3.820e+02
4.050e+02
4.350e+02
5.710e+02
5.330e+02
6.220e+02
6.110e+02
6.280e+02
6.310e+02
6.720e+02
6.890e+02
6.790e+02
7.300e+02
7.240e+02
7.460e+02
9.450e+02
1.056e+03
1.574e+03
1.722e+03
1.635e+03
1.250e+03
1.192e+03
1.236e+03
1.252e+03
1.264e+03
1.290e+03
1.371e+03
1.515e+03
1.568e+03
1.508e+03
1.562e+03
1.631e+03
1.604e+03
1.508e+03
1.629e+03
1.650e+03
1.638e+03
1.652e+03
1.497e+03
1.514e+03
1.512e+03
1.394e+03
1.359e+03
1.303e+03
1.289e+03
1.364e+03
1.420e+03
1.197e+03
1.197e+03
1.155e+03
1.186e+03
1.126e+03
1.039e+03
9.000e+02
9.000e+02
8.760e+02
8.510e+02
7.350e+02
6.660e+02
6.780e+02
7.240e+02
6.880e+02
6.330e+02
6.280e+02
6.230e+02
5.690e+02
5.070e+02
5.470e+02
4.500e+02
5.060e+02
4.810e+02
5.080e+02
4.750e+02
5.620e+02
5.710e+02
8.020e+02
8.110e+02
8.250e+02
5.890e+02
4.950e+02
4.010e+02
4.140e+02
3.930e+02
3.820e+02
3.750e+02
4.150e+02
4.260e+02
4.130e+02
4.480e+02
4.130e+02
3.950e+02
4.180e+02
4.760e+02
4.710e+02
5.130e+02
5.690e+02
6.060e+02
6.020e+02
6.780e+02
6.940e+02
7.390e+02
7.630e+02
8.730e+02
1.120e+03
1.007e+03
8.450e+02
7.830e+02
7.420e+02
7.790e+02
7.860e+02
7.760e+02
7.370e+02
7.040e+02
7.190e+02
6.860e+02
6.790e+02
6.520e+02
6.640e+02
6.560e+02
7.270e+02
8.220e+02
8.330e+02
7.990e+02
8.520e+02
7.680e+02
8.370e+02
9.230e+02
8.410e+02
8.640e+02
8.920e+02
9.270e+02
1.047e+03
1.121e+03
8.720e+02
8.620e+02
9.190e+02
1.236e+03
2.842e+03
1.121e+03
8.860e+02
7.820e+02
8.110e+02
8.850e+02
8.840e+02
8.360e+02
8.410e+02
8.200e+02
8.700e+02
9.010e+02
8.150e+02
8.340e+02
8.530e+02
7.990e+02
8.180e+02
7.840e+02
7.580e+02
7.560e+02
6.850e+02
7.990e+02
7.410e+02
8.040e+02
7.470e+02
6.790e+02
7.340e+02
7.840e+02
8.120e+02
8.100e+02
7.570e+02
8.260e+02
8.390e+02
9.870e+02
1.040e+03
9.430e+02
6.960e+02
6.910e+02
6.080e+02
5.650e+02
5.470e+02
5.380e+02
5.270e+02
4.490e+02
4.360e+02
4.410e+02
4.000e+02
4.200e+02
4.140e+02
4.180e+02
3.670e+02
3.520e+02
4.060e+02
3.490e+02
3.620e+02
3.810e+02
4.230e+02
4.700e+02
4.950e+02
5.800e+02
8.390e+02
8.300e+02
8.130e+02
5.750e+02
6.180e+02
5.170e+02
5.160e+02
5.330e+02
5.420e+02
4.970e+02
5.760e+02
6.320e+02
6.520e+02
6.550e+02
6.510e+02
7.070e+02
7.320e+02
7.330e+02
7.310e+02
7.190e+02
7.110e+02
8.480e+02
8.730e+02
8.810e+02
8.710e+02
9.630e+02
1.135e+03
1.240e+03
1.183e+03
1.143e+03
1.277e+03
1.452e+03
1.311e+03
1.274e+03
1.405e+03
1.365e+03
1.425e+03
1.546e+03
1.461e+03
1.488e+03
1.629e+03
1.549e+03
1.555e+03
1.564e+03
1.560e+03
1.688e+03
1.674e+03
1.628e+03
1.503e+03
1.512e+03
1.467e+03
1.363e+03
1.255e+03
1.239e+03
1.291e+03
1.308e+03
1.133e+03
1.221e+03
1.600e+03
1.663e+03
1.638e+03
1.036e+03
8.520e+02
7.710e+02
7.270e+02
6.540e+02
6.010e+02
6.400e+02
6.040e+02
5.960e+02
6.060e+02
5.510e+02
5.350e+02
4.480e+02
4.460e+02
4.080e+02
3.530e+02
3.620e+02
3.400e+02
2.830e+02
2.720e+02
2.300e+02
2.480e+02
2.030e+02
2.610e+02
2.740e+02
2.400e+02
2.070e+02
1.970e+02
2.160e+02
1.820e+02
1.580e+02
1.280e+02
1.150e+02
1.430e+02
1.430e+02
1.500e+02
1.330e+02
1.090e+02
1.220e+02
1.150e+02
1.270e+02
1.070e+02
1.080e+02
8.100e+01
9.700e+01
7.700e+01
9.200e+01
8.200e+01
6.900e+01
9.200e+01
6.200e+01
5.700e+01
7.700e+01
6.600e+01
8.900e+01
5.600e+01
7.300e+01
7.800e+01
9.300e+01
