4.942e+03
1.826e+03
1.533e+03
1.299e+03
1.297e+03
1.206e+03
1.251e+03
1.245e+03
1.295e+03
1.512e+03
1.574e+03
1.743e+03
1.990e+03
2.142e+03
2.259e+03
2.244e+03
2.316e+03
2.232e+03
2.263e+03
2.040e+03
2.062e+03
2.342e+03
2.348e+03
2.318e+03
2.300e+03
2.324e+03
2.427e+03
2.433e+03
2.297e+03
2.290e+03
2.353e+03
2.340e+03
2.375e+03
2.547e+03
2.904e+03
2.696e+03
2.540e+03
2.524e+03
2.729e+03
2.876e+03
3.105e+03
3.230e+03
3.428e+03
3.439e+03
3.742e+03
3.638e+03
4.130e+03
4.267e+03
4.226e+03
3.912e+03
3.953e+03
4.217e+03
4.053e+03
4.161e+03
4.310e+03
4.507e+03
4.597e+03
4.971e+03
5.808e+03
7.212e+03
8.416e+03
8.396e+03
7.567e+03
6.501e+03
6.242e+03
6.269e+03
6.191e+03
6.184e+03
6.103e+03
6.173e+03
6.330e+03
6.168e+03
6.085e+03
6.154e+03
6.078e+03
6.149e+03
5.823e+03
6.163e+03
5.846e+03
5.793e+03
5.853e+03
5.548e+03
5.541e+03
5.392e+03
5.348e+03
5.284e+03
5.184e+03
5.250e+03
5.213e+03
5.393e+03
5.027e+03
5.014e+03
4.969e+03
4.786e+03
4.693e+03
4.584e+03
4.605e+03
4.360e+03
4.280e+03
4.187e+03
3.999e+03
3.881e+03
3.921e+03
4.031e+03
3.812e+03
3.683e+03
3.499e+03
3.479e+03
3.302e+03
3.296e+03
3.118e+03
3.301e+03
3.256e+03
3.112e+03
3.000e+03
2.938e+03
3.037e+03
3.165e+03
3.696e+03
3.992e+03
4.143e+03
3.422e+03
2.845e+03
2.599e+03
2.594e+03
2.498e+03
2.505e+03
2.561e+03
2.654e+03
2.728e+03
2.693e+03
2.802e+03
2.765e+03
2.833e+03
3.048e+03
3.166e+03
3.179e+03
3.332e+03
3.646e+03
3.667e+03
3.739e+03
4.012e+03
4.115e+03
4.306e+03
4.445e+03
4.574e+03
5.523e+03
4.928e+03
4.272e+03
3.968e+03
3.715e+03
3.623e+03
3.639e+03
3.619e+03
3.660e+03
3.655e+03
3.640e+03
3.621e+03
3.488e+03
3.500e+03
3.657e+03
3.781e+03
3.650e+03
4.088e+03
4.104e+03
4.231e+03
4.343e+03
4.350e+03
4.338e+03
4.581e+03
4.519e+03
4.460e+03
4.396e+03
4.328e+03
4.301e+03
4.551e+03
4.739e+03
4.951e+03
5.474e+03
6.558e+03
1.591e+04
6.588e+03
5.541e+03
4.909e+03
4.905e+03
4.733e+03
4.580e+03
4.509e+03
4.502e+03
4.407e+03
4.567e+03
4.320e+03
4.122e+03
4.163e+03
4.214e+03
3.930e+03
3.892e+03
3.825e+03
3.620e+03
3.551e+03
3.345e+03
3.320e+03
3.334e+03
3.462e+03
3.385e+03
3.415e+03
3.289e+03
3.296e+03
3.239e+03
3.287e+03
3.348e+03
3.700e+03
3.757e+03
4.413e+03
4.762e+03
3.968e+03
3.444e+03
3.415e+03
3.172e+03
3.093e+03
3.046e+03
2.990e+03
3.051e+03
2.749e+03
2.645e+03
2.628e+03
2.614e+03
2.476e+03
2.438e+03
2.469e+03
2.308e+03
2.438e+03
2.482e+03
2.377e+03
2.270e+03
2.372e+03
2.423e+03
2.563e+03
2.851e+03
3.332e+03
4.033e+03
3.760e+03
3.593e+03
3.035e+03
3.035e+03
2.880e+03
2.831e+03
3.059e+03
3.115e+03
3.066e+03
3.128e+03
3.219e+03
3.371e+03
3.442e+03
3.566e+03
3.843e+03
3.785e+03
3.867e+03
3.912e+03
3.941e+03
3.852e+03
3.964e+03
4.059e+03
4.230e+03
4.209e+03
4.350e+03
4.509e+03
4.807e+03
4.926e+03
4.947e+03
4.930e+03
5.293e+03
5.046e+03
5.095e+03
5.225e+03
5.160e+03
5.468e+03
5.603e+03
5.529e+03
5.585e+03
5.985e+03
5.889e+03
6.253e+03
6.177e+03
6.062e+03
6.385e+03
6.304e+03
6.381e+03
6.283e+03
6.189e+03
6.126e+03
6.150e+03
6.099e+03
6.129e+03
6.305e+03
5.872e+03
5.872e+03
6.322e+03
7.359e+03
8.317e+03
8.623e+03
7.230e+03
5.790e+03
5.093e+03
4.579e+03
4.402e+03
4.228e+03
4.139e+03
4.069e+03
4.287e+03
4.054e+03
4.158e+03
4.488e+03
4.431e+03
4.166e+03
3.724e+03
3.779e+03
3.785e+03
3.636e+03
3.506e+03
3.434e+03
3.111e+03
2.969e+03
2.642e+03
2.765e+03
2.747e+03
3.103e+03
2.663e+03
2.447e+03
2.504e+03
2.434e+03
2.357e+03
2.248e+03
2.366e+03
2.344e+03
2.429e+03
2.384e+03
2.262e+03
2.178e+03
2.192e+03
2.012e+03
2.050e+03
2.078e+03
2.027e+03
1.923e+03
1.922e+03
1.889e+03
1.873e+03
1.772e+03
1.700e+03
1.652e+03
1.548e+03
1.388e+03
1.412e+03
1.383e+03
1.388e+03
1.453e+03
1.464e+03
1.633e+03
1.873e+03
