5.452e+03
2.186e+03
1.645e+03
1.424e+03
1.347e+03
1.334e+03
1.318e+03
1.384e+03
1.201e+03
1.299e+03
1.228e+03
1.327e+03
1.324e+03
1.355e+03
1.346e+03
1.309e+03
1.308e+03
1.294e+03
1.266e+03
1.241e+03
1.286e+03
1.389e+03
1.458e+03
1.463e+03
1.602e+03
1.633e+03
1.708e+03
1.539e+03
1.608e+03
1.621e+03
1.573e+03
1.463e+03
1.419e+03
1.470e+03
1.501e+03
1.428e+03
1.488e+03
1.388e+03
1.317e+03
1.430e+03
1.438e+03
1.313e+03
1.339e+03
1.480e+03
1.506e+03
1.505e+03
1.503e+03
1.482e+03
1.477e+03
1.448e+03
1.319e+03
1.350e+03
1.242e+03
1.289e+03
1.140e+03
1.111e+03
1.047e+03
1.004e+03
8.730e+02
8.280e+02
8.210e+02
7.650e+02
6.920e+02
7.010e+02
6.220e+02
6.330e+02
5.970e+02
6.560e+02
5.860e+02
5.400e+02
5.940e+02
5.280e+02
5.750e+02
5.780e+02
4.150e+02
4.320e+02
3.720e+02
3.710e+02
3.710e+02
3.400e+02
2.940e+02
2.860e+02
3.100e+02
3.110e+02
2.920e+02
2.870e+02
2.110e+02
2.430e+02
3.040e+02
2.530e+02
2.810e+02
2.780e+02
3.180e+02
2.650e+02
2.310e+02
2.270e+02
2.210e+02
2.600e+02
3.040e+02
3.100e+02
3.150e+02
2.630e+02
2.970e+02
2.940e+02
2.510e+02
2.520e+02
2.150e+02
2.060e+02
1.400e+02
1.680e+02
1.490e+02
1.840e+02
1.390e+02
1.450e+02
1.470e+02
1.830e+02
1.780e+02
1.370e+02
1.780e+02
1.650e+02
1.800e+02
2.330e+02
2.220e+02
2.080e+02
2.160e+02
2.090e+02
2.410e+02
2.380e+02
2.590e+02
3.070e+02
2.880e+02
2.850e+02
2.480e+02
2.760e+02
2.790e+02
2.490e+02
2.180e+02
2.680e+02
2.930e+02
3.110e+02
3.050e+02
3.030e+02
3.630e+02
3.540e+02
3.930e+02
3.990e+02
4.750e+02
4.500e+02
4.850e+02
5.250e+02
5.890e+02
5.480e+02
5.500e+02
6.640e+02
6.750e+02
6.280e+02
6.450e+02
6.870e+02
7.450e+02
7.490e+02
7.760e+02
8.740e+02
9.570e+02
1.038e+03
1.070e+03
1.113e+03
1.188e+03
1.159e+03
1.078e+03
1.077e+03
1.173e+03
1.113e+03
1.264e+03
1.231e+03
1.345e+03
1.491e+03
1.527e+03
1.720e+03
1.809e+03
2.333e+03
6.269e+03
2.280e+03
1.796e+03
1.719e+03
1.518e+03
1.546e+03
1.320e+03
1.371e+03
1.447e+03
1.492e+03
1.290e+03
1.216e+03
1.194e+03
1.234e+03
1.218e+03
1.192e+03
1.128e+03
1.138e+03
1.044e+03
9.830e+02
9.160e+02
9.110e+02
8.680e+02
8.330e+02
8.600e+02
9.190e+02
1.001e+03
9.790e+02
9.200e+02
9.070e+02
8.330e+02
8.410e+02
9.860e+02
9.280e+02
7.860e+02
7.060e+02
7.450e+02
7.030e+02
6.800e+02
6.380e+02
6.930e+02
6.680e+02
5.470e+02
5.270e+02
4.900e+02
4.870e+02
4.670e+02
5.640e+02
6.020e+02
6.460e+02
6.020e+02
5.180e+02
4.850e+02
4.560e+02
3.430e+02
4.120e+02
3.920e+02
3.960e+02
4.150e+02
3.700e+02
2.660e+02
2.400e+02
2.390e+02
2.300e+02
2.440e+02
2.240e+02
2.210e+02
2.270e+02
2.440e+02
2.510e+02
3.160e+02
3.310e+02
3.420e+02
4.170e+02
5.340e+02
6.820e+02
6.930e+02
8.270e+02
8.380e+02
8.150e+02
8.770e+02
8.060e+02
7.460e+02
7.690e+02
6.420e+02
6.700e+02
6.490e+02
5.990e+02
6.160e+02
5.670e+02
5.280e+02
4.720e+02
5.040e+02
4.170e+02
3.850e+02
3.790e+02
3.250e+02
3.330e+02
2.890e+02
3.400e+02
3.310e+02
3.740e+02
3.530e+02
3.680e+02
3.670e+02
4.350e+02
4.890e+02
4.280e+02
4.200e+02
4.660e+02
4.520e+02
4.630e+02
4.280e+02
4.940e+02
4.890e+02
5.850e+02
5.890e+02
6.350e+02
6.600e+02
6.830e+02
7.010e+02
7.790e+02
8.050e+02
8.920e+02
1.032e+03
1.123e+03
1.174e+03
1.216e+03
1.161e+03
1.235e+03
1.234e+03
1.206e+03
1.284e+03
1.357e+03
1.384e+03
1.332e+03
1.281e+03
1.320e+03
1.239e+03
1.289e+03
1.228e+03
1.226e+03
1.233e+03
1.314e+03
1.366e+03
1.379e+03
1.445e+03
1.356e+03
1.311e+03
1.353e+03
1.332e+03
1.355e+03
1.341e+03
1.371e+03
1.452e+03
1.408e+03
1.374e+03
1.341e+03
1.308e+03
1.239e+03
1.273e+03
1.251e+03
1.192e+03
1.182e+03
1.171e+03
1.172e+03
1.199e+03
1.230e+03
1.221e+03
1.298e+03
1.227e+03
1.228e+03
1.163e+03
1.213e+03
1.276e+03
1.288e+03
1.394e+03
1.470e+03
1.921e+03
2.209e+03
