1.742e+03
4.160e+02
2.940e+02
2.300e+02
1.950e+02
1.900e+02
1.980e+02
2.040e+02
1.920e+02
1.830e+02
2.050e+02
1.990e+02
2.320e+02
2.300e+02
3.100e+02
2.960e+02
3.820e+02
4.470e+02
5.050e+02
5.130e+02
5.250e+02
6.740e+02
6.500e+02
6.220e+02
6.220e+02
6.940e+02
6.370e+02
6.490e+02
6.440e+02
6.280e+02
5.810e+02
6.160e+02
5.980e+02
6.410e+02
6.470e+02
7.160e+02
7.880e+02
7.950e+02
9.550e+02
1.047e+03
1.264e+03
1.275e+03
1.294e+03
1.307e+03
1.430e+03
1.308e+03
1.421e+03
1.440e+03
1.526e+03
1.480e+03
1.358e+03
1.462e+03
1.386e+03
1.520e+03
1.560e+03
1.617e+03
1.566e+03
1.693e+03
1.899e+03
1.885e+03
2.144e+03
2.168e+03
2.152e+03
2.362e+03
2.456e+03
2.568e+03
2.571e+03
2.805e+03
2.741e+03
2.842e+03
2.997e+03
2.949e+03
2.970e+03
2.929e+03
2.973e+03
3.087e+03
2.819e+03
3.152e+03
3.084e+03
2.974e+03
3.080e+03
2.788e+03
2.798e+03
2.726e+03
2.636e+03
2.531e+03
2.591e+03
2.547e+03
2.523e+03
2.597e+03
2.387e+03
2.218e+03
2.167e+03
2.133e+03
2.110e+03
2.074e+03
1.977e+03
1.986e+03
1.975e+03
1.975e+03
1.814e+03
1.758e+03
1.730e+03
1.744e+03
1.757e+03
1.718e+03
1.620e+03
1.630e+03
1.474e+03
1.459e+03
1.275e+03
1.370e+03
1.314e+03
1.197e+03
1.094e+03
1.155e+03
1.102e+03
1.071e+03
9.950e+02
9.840e+02
9.240e+02
8.810e+02
8.640e+02
8.710e+02
8.500e+02
7.680e+02
8.170e+02
8.360e+02
8.120e+02
8.100e+02
8.430e+02
8.510e+02
7.830e+02
7.700e+02
8.310e+02
8.550e+02
8.220e+02
8.360e+02
1.008e+03
1.046e+03
1.006e+03
9.680e+02
1.019e+03
9.700e+02
9.630e+02
9.450e+02
9.640e+02
8.970e+02
9.150e+02
8.480e+02
8.000e+02
7.840e+02
8.600e+02
8.900e+02
9.280e+02
8.510e+02
8.560e+02
8.850e+02
8.970e+02
9.750e+02
9.960e+02
1.095e+03
1.080e+03
1.167e+03
1.169e+03
1.175e+03
1.362e+03
1.276e+03
1.353e+03
1.497e+03
1.444e+03
1.422e+03
1.444e+03
1.538e+03
1.706e+03
1.978e+03
1.877e+03
1.952e+03
2.079e+03
2.632e+03
7.696e+03
2.704e+03
2.230e+03
1.927e+03
1.941e+03
1.749e+03
1.589e+03
1.416e+03
1.440e+03
1.376e+03
1.458e+03
1.427e+03
1.264e+03
1.347e+03
1.365e+03
1.199e+03
1.153e+03
1.121e+03
1.072e+03
1.053e+03
9.720e+02
9.610e+02
9.300e+02
9.430e+02
8.760e+02
8.360e+02
8.610e+02
8.010e+02
8.500e+02
8.260e+02
8.390e+02
8.810e+02
8.750e+02
9.270e+02
9.630e+02
9.930e+02
9.650e+02
9.650e+02
9.860e+02
9.630e+02
1.063e+03
1.045e+03
1.046e+03
9.530e+02
8.600e+02
8.820e+02
8.740e+02
7.810e+02
8.130e+02
8.730e+02
7.960e+02
8.540e+02
8.960e+02
8.400e+02
8.520e+02
8.370e+02
8.630e+02
9.020e+02
9.220e+02
9.040e+02
9.310e+02
9.790e+02
1.047e+03
1.105e+03
1.150e+03
1.186e+03
1.172e+03
1.348e+03
1.403e+03
1.349e+03
1.428e+03
1.509e+03
1.617e+03
1.678e+03
1.700e+03
1.820e+03
1.750e+03
1.833e+03
1.827e+03
1.908e+03
1.868e+03
1.961e+03
1.944e+03
2.074e+03
1.980e+03
2.017e+03
2.080e+03
2.185e+03
2.134e+03
2.216e+03
2.286e+03
2.637e+03
2.520e+03
2.547e+03
2.634e+03
2.480e+03
2.676e+03
2.769e+03
2.761e+03
2.919e+03
3.111e+03
3.032e+03
3.193e+03
3.134e+03
3.005e+03
3.120e+03
3.033e+03
2.988e+03
3.057e+03
2.894e+03
2.854e+03
2.870e+03
2.741e+03
2.731e+03
2.726e+03
2.390e+03
2.230e+03
2.325e+03
2.107e+03
2.157e+03
2.164e+03
1.871e+03
1.863e+03
1.656e+03
1.559e+03
1.450e+03
1.420e+03
1.401e+03
1.280e+03
1.423e+03
1.319e+03
1.464e+03
1.442e+03
1.392e+03
1.330e+03
1.323e+03
1.392e+03
1.394e+03
1.428e+03
1.349e+03
1.427e+03
1.136e+03
9.750e+02
8.520e+02
8.010e+02
6.720e+02
7.190e+02
5.800e+02
6.290e+02
5.760e+02
5.860e+02
6.040e+02
5.990e+02
6.630e+02
6.630e+02
6.980e+02
6.840e+02
5.820e+02
6.500e+02
6.130e+02
5.100e+02
5.870e+02
4.590e+02
4.570e+02
3.910e+02
3.240e+02
3.240e+02
2.540e+02
2.190e+02
2.310e+02
1.840e+02
1.990e+02
1.900e+02
2.350e+02
1.990e+02
2.020e+02
2.310e+02
2.290e+02
3.010e+02
4.510e+02
