5.006e+03
1.840e+03
1.539e+03
1.305e+03
1.307e+03
1.212e+03
1.260e+03
1.252e+03
1.299e+03
1.515e+03
1.582e+03
1.749e+03
1.995e+03
2.150e+03
2.274e+03
2.246e+03
2.321e+03
2.240e+03
2.269e+03
2.045e+03
2.073e+03
2.345e+03
2.356e+03
2.328e+03
2.307e+03
2.327e+03
2.441e+03
2.447e+03
2.304e+03
2.303e+03
2.367e+03
2.353e+03
2.387e+03
2.562e+03
2.928e+03
2.711e+03
2.559e+03
2.539e+03
2.748e+03
2.894e+03
3.122e+03
3.250e+03
3.448e+03
3.474e+03
3.782e+03
3.662e+03
4.155e+03
4.297e+03
4.282e+03
3.973e+03
4.017e+03
4.292e+03
4.128e+03
4.266e+03
4.442e+03
4.663e+03
4.756e+03
5.145e+03
6.014e+03
7.498e+03
8.688e+03
8.679e+03
7.806e+03
6.795e+03
6.536e+03
6.483e+03
6.401e+03
6.379e+03
6.277e+03
6.318e+03
6.503e+03
6.318e+03
6.209e+03
6.262e+03
6.181e+03
6.260e+03
5.933e+03
6.301e+03
5.982e+03
5.913e+03
5.988e+03
5.667e+03
5.655e+03
5.519e+03
5.490e+03
5.403e+03
5.316e+03
5.348e+03
5.301e+03
5.476e+03
5.105e+03
5.089e+03
5.045e+03
4.868e+03
4.760e+03
4.659e+03
4.663e+03
4.414e+03
4.336e+03
4.242e+03
4.045e+03
3.929e+03
3.962e+03
4.083e+03
3.858e+03
3.729e+03
3.568e+03
3.536e+03
3.361e+03
3.339e+03
3.146e+03
3.341e+03
3.296e+03
3.160e+03
3.043e+03
2.973e+03
3.084e+03
3.195e+03
3.733e+03
4.062e+03
4.206e+03
3.472e+03
2.892e+03
2.621e+03
2.627e+03
2.526e+03
2.537e+03
2.589e+03
2.688e+03
2.764e+03
2.715e+03
2.833e+03
2.800e+03
2.868e+03
3.086e+03
3.211e+03
3.219e+03
3.360e+03
3.681e+03
3.706e+03
3.781e+03
4.053e+03
4.147e+03
4.348e+03
4.486e+03
4.620e+03
5.595e+03
4.975e+03
4.326e+03
4.006e+03
3.748e+03
3.685e+03
3.717e+03
3.691e+03
3.711e+03
3.732e+03
3.694e+03
3.675e+03
3.571e+03
3.545e+03
3.713e+03
3.853e+03
3.716e+03
4.150e+03
4.183e+03
4.306e+03
4.416e+03
4.422e+03
4.442e+03
4.672e+03
4.634e+03
4.596e+03
4.592e+03
4.594e+03
4.706e+03
5.036e+03
5.028e+03
5.179e+03
5.755e+03
6.935e+03
1.634e+04
6.917e+03
5.832e+03
5.164e+03
5.156e+03
4.983e+03
4.805e+03
4.683e+03
4.644e+03
4.546e+03
4.676e+03
4.401e+03
4.192e+03
4.231e+03
4.293e+03
4.005e+03
3.978e+03
3.907e+03
3.691e+03
3.639e+03
3.432e+03
3.447e+03
3.450e+03
3.528e+03
3.439e+03
3.487e+03
3.343e+03
3.347e+03
3.289e+03
3.333e+03
3.389e+03
3.741e+03
3.798e+03
4.464e+03
4.831e+03
4.030e+03
3.494e+03
3.455e+03
3.218e+03
3.118e+03
3.081e+03
3.028e+03
3.078e+03
2.790e+03
2.694e+03
2.663e+03
2.667e+03
2.524e+03
2.476e+03
2.508e+03
2.334e+03
2.462e+03
2.519e+03
2.406e+03
2.297e+03
2.404e+03
2.459e+03
2.592e+03
2.891e+03
3.391e+03
4.087e+03
3.832e+03
3.626e+03
3.077e+03
3.064e+03
2.931e+03
2.869e+03
3.089e+03
3.149e+03
3.101e+03
3.158e+03
3.270e+03
3.413e+03
3.495e+03
3.621e+03
3.895e+03
3.836e+03
3.923e+03
3.960e+03
3.993e+03
3.911e+03
4.018e+03
4.119e+03
4.276e+03
4.269e+03
4.400e+03
4.579e+03
4.870e+03
5.000e+03
5.062e+03
5.046e+03
5.448e+03
5.171e+03
5.216e+03
5.370e+03
5.289e+03
5.636e+03
5.714e+03
5.650e+03
5.715e+03
6.151e+03
6.008e+03
6.375e+03
6.322e+03
6.194e+03
6.509e+03
6.413e+03
6.518e+03
6.441e+03
6.341e+03
6.276e+03
6.333e+03
6.304e+03
6.345e+03
6.570e+03
6.117e+03
6.081e+03
6.578e+03
7.603e+03
8.607e+03
8.866e+03
7.480e+03
5.986e+03
5.254e+03
4.697e+03
4.520e+03
4.317e+03
4.227e+03
4.127e+03
4.366e+03
4.095e+03
4.209e+03
4.530e+03
4.465e+03
4.187e+03
3.752e+03
3.800e+03
3.815e+03
3.665e+03
3.525e+03
3.457e+03
3.133e+03
2.981e+03
2.649e+03
2.784e+03
2.768e+03
3.115e+03
2.668e+03
2.458e+03
2.513e+03
2.441e+03
2.361e+03
2.259e+03
2.376e+03
2.354e+03
2.431e+03
2.392e+03
2.268e+03
2.181e+03
2.199e+03
2.019e+03
2.059e+03
2.087e+03
2.034e+03
1.927e+03
1.926e+03
1.892e+03
1.884e+03
1.780e+03
1.704e+03
1.653e+03
1.556e+03
1.392e+03
1.424e+03
1.392e+03
1.399e+03
1.460e+03
1.468e+03
1.642e+03
1.885e+03
