9.143e+03
2.730e+03
1.954e+03
1.744e+03
1.634e+03
1.497e+03
1.455e+03
1.527e+03
1.621e+03
1.423e+03
1.401e+03
1.373e+03
1.419e+03
1.440e+03
1.714e+03
1.950e+03
2.238e+03
2.511e+03
2.623e+03
2.916e+03
3.151e+03
2.798e+03
3.275e+03
3.558e+03
4.191e+03
4.585e+03
6.040e+03
3.556e+03
3.234e+03
2.957e+03
3.014e+03
2.836e+03
2.513e+03
2.141e+03
2.255e+03
2.038e+03
2.186e+03
2.165e+03
2.304e+03
2.453e+03
2.507e+03
2.862e+03
3.343e+03
3.858e+03
5.017e+03
6.762e+03
9.014e+03
1.256e+04
1.357e+04
1.147e+04
1.276e+04
9.611e+03
7.562e+03
7.508e+03
8.138e+03
8.817e+03
9.841e+03
9.553e+03
7.581e+03
5.696e+03
3.836e+03
2.529e+03
1.918e+03
1.463e+03
1.374e+03
1.368e+03
1.522e+03
1.972e+03
2.529e+03
2.771e+03
2.911e+03
1.965e+03
1.869e+03
1.645e+03
1.402e+03
1.210e+03
1.211e+03
1.260e+03
1.480e+03
1.648e+03
1.511e+03
1.358e+03
1.350e+03
1.413e+03
1.449e+03
1.116e+03
8.010e+02
7.490e+02
7.380e+02
5.540e+02
4.660e+02
4.290e+02
3.690e+02
3.050e+02
3.060e+02
2.500e+02
2.900e+02
2.700e+02
2.870e+02
2.910e+02
3.420e+02
3.120e+02
3.480e+02
3.230e+02
3.090e+02
2.830e+02
3.130e+02
3.670e+02
3.310e+02
3.320e+02
3.100e+02
2.580e+02
2.630e+02
3.220e+02
3.090e+02
2.990e+02
3.280e+02
4.980e+02
5.380e+02
4.630e+02
3.920e+02
3.100e+02
3.020e+02
2.550e+02
2.340e+02
2.070e+02
1.940e+02
2.060e+02
1.870e+02
1.770e+02
1.560e+02
1.450e+02
1.890e+02
1.930e+02
2.080e+02
1.700e+02
2.180e+02
1.920e+02
1.900e+02
2.160e+02
2.470e+02
2.410e+02
2.530e+02
2.570e+02
2.200e+02
2.310e+02
2.490e+02
2.690e+02
2.970e+02
3.030e+02
3.580e+02
3.220e+02
3.930e+02
3.750e+02
4.750e+02
5.050e+02
4.950e+02
4.870e+02
4.990e+02
5.560e+02
5.870e+02
5.570e+02
6.700e+02
7.650e+02
8.190e+02
8.280e+02
7.800e+02
7.340e+02
8.820e+02
8.480e+02
9.120e+02
9.560e+02
1.012e+03
1.085e+03
1.223e+03
1.315e+03
1.434e+03
1.323e+03
1.432e+03
1.494e+03
1.747e+03
1.638e+03
1.423e+03
1.198e+03
1.270e+03
1.203e+03
1.080e+03
1.024e+03
9.430e+02
7.860e+02
8.580e+02
8.670e+02
7.730e+02
7.780e+02
7.600e+02
7.340e+02
6.450e+02
6.110e+02
5.660e+02
5.490e+02
5.800e+02
5.980e+02
5.530e+02
6.570e+02
5.320e+02
4.830e+02
4.510e+02
5.300e+02
5.580e+02
3.990e+02
3.780e+02
3.410e+02
3.280e+02
3.000e+02
3.150e+02
1.980e+02
1.890e+02
2.130e+02
2.350e+02
2.470e+02
2.480e+02
2.180e+02
1.820e+02
1.980e+02
1.880e+02
2.040e+02
1.870e+02
1.650e+02
2.010e+02
1.660e+02
1.900e+02
2.050e+02
1.810e+02
1.960e+02
1.970e+02
1.930e+02
2.600e+02
2.720e+02
2.770e+02
3.190e+02
3.610e+02
4.500e+02
5.180e+02
5.210e+02
3.450e+02
3.040e+02
2.710e+02
2.580e+02
2.410e+02
2.540e+02
2.590e+02
2.680e+02
2.660e+02
2.470e+02
2.390e+02
2.320e+02
2.190e+02
2.510e+02
2.470e+02
2.740e+02
2.500e+02
2.690e+02
2.060e+02
2.500e+02
2.720e+02
2.500e+02
3.210e+02
3.150e+02
4.380e+02
4.980e+02
5.470e+02
5.400e+02
6.290e+02
6.550e+02
6.410e+02
8.210e+02
9.830e+02
1.088e+03
1.279e+03
1.536e+03
1.636e+03
1.478e+03
1.316e+03
1.153e+03
1.156e+03
1.097e+03
1.399e+03
1.591e+03
1.653e+03
1.921e+03
1.993e+03
1.938e+03
2.362e+03
2.455e+03
2.689e+03
2.099e+03
1.649e+03
1.571e+03
2.076e+03
2.601e+03
3.656e+03
5.544e+03
7.678e+03
8.615e+03
9.700e+03
8.900e+03
7.740e+03
7.530e+03
6.757e+03
8.740e+03
1.001e+04
9.173e+03
9.684e+03
9.911e+03
7.769e+03
6.388e+03
5.079e+03
4.004e+03
3.032e+03
2.439e+03
2.286e+03
2.087e+03
2.016e+03
2.168e+03
2.131e+03
1.869e+03
2.116e+03
2.141e+03
2.583e+03
2.783e+03
2.718e+03
2.786e+03
2.924e+03
3.563e+03
6.132e+03
4.869e+03
4.237e+03
3.616e+03
3.352e+03
2.836e+03
3.132e+03
2.947e+03
2.545e+03
2.363e+03
2.185e+03
1.845e+03
1.604e+03
1.374e+03
1.353e+03
1.319e+03
1.439e+03
1.376e+03
1.383e+03
1.239e+03
1.224e+03
1.274e+03
1.308e+03
1.434e+03
1.714e+03
2.715e+03
