3.402e+03
2.018e+03
2.220e+03
1.740e+03
1.448e+03
9.420e+02
6.380e+02
4.160e+02
3.200e+02
2.650e+02
2.640e+02
2.210e+02
2.430e+02
1.790e+02
1.780e+02
1.530e+02
1.230e+02
7.300e+01
7.500e+01
6.900e+01
6.500e+01
5.000e+01
4.400e+01
4.600e+01
3.800e+01
3.400e+01
4.000e+01
3.300e+01
2.800e+01
2.300e+01
1.600e+01
1.800e+01
1.500e+01
1.800e+01
9.000e+00
1.400e+01
4.000e+00
1.000e+01
5.000e+00
1.000e+01
1.400e+01
1.400e+01
1.600e+01
5.000e+00
4.000e+00
1.000e+01
4.000e+00
1.300e+01
9.000e+00
1.300e+01
7.000e+00
1.000e+01
1.000e+01
6.000e+00
8.000e+00
8.000e+00
2.000e+00
4.000e+00
2.000e+00
1.000e+00
2.000e+00
2.000e+00
2.000e+00
0.000e+00
0.000e+00
0.000e+00
2.000e+00
1.000e+00
1.000e+00
0.000e+00
3.000e+00
2.000e+00
4.000e+00
0.000e+00
1.000e+00
4.000e+00
2.000e+00
2.000e+00
4.000e+00
4.000e+00
9.000e+00
1.000e+00
3.000e+00
7.000e+00
2.000e+00
2.000e+00
2.000e+00
1.000e+00
2.000e+00
1.000e+00
1.000e+00
1.000e+00
1.000e+00
1.000e+00
1.000e+00
0.000e+00
1.000e+00
0.000e+00
0.000e+00
1.000e+00
2.000e+00
0.000e+00
1.000e+00
2.000e+00
3.000e+00
1.000e+00
1.000e+00
2.000e+00
1.000e+00
2.000e+00
0.000e+00
0.000e+00
0.000e+00
1.000e+00
4.000e+00
8.000e+00
4.000e+00
3.000e+00
5.000e+00
5.000e+00
4.000e+00
0.000e+00
7.000e+00
7.000e+00
2.000e+00
1.600e+01
7.000e+00
8.000e+00
1.300e+01
1.200e+01
1.200e+01
6.000e+00
5.000e+00
9.000e+00
1.300e+01
7.000e+00
5.000e+00
1.600e+01
1.200e+01
9.000e+00
8.000e+00
6.000e+00
8.000e+00
8.000e+00
1.200e+01
4.000e+00
1.000e+01
1.000e+01
1.000e+01
1.700e+01
1.300e+01
1.800e+01
2.400e+01
2.500e+01
3.600e+01
2.600e+01
2.000e+01
4.700e+01
3.800e+01
3.400e+01
4.500e+01
3.300e+01
4.200e+01
3.800e+01
4.000e+01
5.600e+01
7.200e+01
7.800e+01
9.600e+01
9.200e+01
1.210e+02
1.080e+02
1.160e+02
1.520e+02
2.180e+02
3.990e+02
6.470e+02
1.097e+03
1.584e+03
1.232e+03
2.210e+03
1.168e+03
1.544e+03
1.257e+03
7.060e+02
4.700e+02
2.950e+02
2.270e+02
1.520e+02
1.720e+02
1.570e+02
1.520e+02
1.390e+02
1.490e+02
1.130e+02
9.200e+01
4.800e+01
5.500e+01
5.700e+01
4.100e+01
3.500e+01
3.900e+01
3.600e+01
2.900e+01
2.600e+01
1.500e+01
2.400e+01
2.100e+01
1.200e+01
1.400e+01
1.500e+01
9.000e+00
9.000e+00
9.000e+00
6.000e+00
1.200e+01
1.000e+01
1.400e+01
1.100e+01
1.300e+01
1.200e+01
7.000e+00
9.000e+00
8.000e+00
1.000e+01
5.000e+00
1.000e+01
5.000e+00
9.000e+00
5.000e+00
5.000e+00
8.000e+00
6.000e+00
6.000e+00
5.000e+00
7.000e+00
5.000e+00
7.000e+00
3.000e+00
1.000e+00
2.000e+00
7.000e+00
4.000e+00
0.000e+00
2.000e+00
2.000e+00
0.000e+00
1.000e+00
1.000e+00
0.000e+00
0.000e+00
0.000e+00
1.000e+00
0.000e+00
1.000e+00
0.000e+00
1.000e+00
1.000e+00
2.000e+00
1.000e+00
0.000e+00
1.000e+00
0.000e+00
2.000e+00
0.000e+00
3.000e+00
2.000e+00
0.000e+00
2.000e+00
0.000e+00
0.000e+00
2.000e+00
1.000e+00
4.000e+00
4.000e+00
3.000e+00
4.000e+00
4.000e+00
4.000e+00
4.000e+00
1.000e+00
1.000e+00
6.000e+00
3.000e+00
1.000e+00
2.000e+00
4.000e+00
3.000e+00
2.000e+00
1.000e+00
1.000e+00
0.000e+00
0.000e+00
2.000e+00
3.000e+00
3.000e+00
3.000e+00
0.000e+00
4.000e+00
0.000e+00
4.000e+00
4.000e+00
9.000e+00
1.000e+01
7.000e+00
1.500e+01
2.200e+01
1.000e+01
8.000e+00
1.700e+01
1.200e+01
9.000e+00
1.200e+01
8.000e+00
1.000e+01
1.000e+01
8.000e+00
7.000e+00
1.100e+01
6.000e+00
8.000e+00
7.000e+00
1.100e+01
1.100e+01
1.500e+01
1.500e+01
1.000e+01
1.400e+01
1.900e+01
3.100e+01
3.500e+01
2.400e+01
3.200e+01
3.200e+01
2.200e+01
4.900e+01
4.200e+01
4.300e+01
5.600e+01
5.500e+01
5.100e+01
4.600e+01
4.300e+01
4.300e+01
6.400e+01
8.200e+01
9.900e+01
1.270e+02
1.330e+02
1.530e+02
2.210e+02
2.330e+02
2.740e+02
3.810e+02
5.810e+02
7.760e+02
1.367e+03
1.630e+03
2.303e+03
2.009e+03
