1.800e+01
0.000e+00
0.000e+00
0.000e+00
0.000e+00
0.000e+00
0.000e+00
0.000e+00
0.000e+00
0.000e+00
0.000e+00
0.000e+00
1.000e+00
1.000e+00
1.000e+00
4.000e+00
5.000e+00
1.100e+01
1.400e+01
1.200e+01
1.900e+01
3.400e+01
2.300e+01
2.600e+01
2.000e+01
1.200e+01
6.000e+00
0.000e+00
8.000e+00
7.000e+00
1.100e+01
1.200e+01
2.300e+01
1.200e+01
2.000e+00
5.000e+00
9.000e+00
2.000e+01
5.000e+01
1.390e+02
2.370e+02
3.880e+02
4.080e+02
6.100e+01
7.000e+00
3.000e+00
1.000e+00
2.000e+00
0.000e+00
1.000e+00
0.000e+00
0.000e+00
0.000e+00
0.000e+00
0.000e+00
0.000e+00
0.000e+00
0.000e+00
0.000e+00
0.000e+00
0.000e+00
0.000e+00
0.000e+00
0.000e+00
0.000e+00
0.000e+00
0.000e+00
0.000e+00
0.000e+00
0.000e+00
0.000e+00
0.000e+00
0.000e+00
0.000e+00
0.000e+00
0.000e+00
0.000e+00
0.000e+00
0.000e+00
0.000e+00
0.000e+00
0.000e+00
0.000e+00
0.000e+00
0.000e+00
0.000e+00
0.000e+00
0.000e+00
0.000e+00
0.000e+00
0.000e+00
0.000e+00
0.000e+00
0.000e+00
0.000e+00
0.000e+00
0.000e+00
0.000e+00
0.000e+00
0.000e+00
0.000e+00
0.000e+00
0.000e+00
0.000e+00
0.000e+00
0.000e+00
0.000e+00
0.000e+00
0.000e+00
0.000e+00
0.000e+00
0.000e+00
0.000e+00
0.000e+00
0.000e+00
0.000e+00
0.000e+00
0.000e+00
0.000e+00
0.000e+00
0.000e+00
0.000e+00
0.000e+00
0.000e+00
0.000e+00
0.000e+00
0.000e+00
0.000e+00
0.000e+00
0.000e+00
0.000e+00
1.000e+00
0.000e+00
0.000e+00
2.000e+00
4.000e+00
6.000e+00
7.400e+01
3.560e+02
4.390e+02
2.720e+02
1.240e+02
5.200e+01
1.000e+01
5.000e+00
4.000e+00
4.000e+00
1.400e+01
1.800e+01
1.000e+01
1.200e+01
7.000e+00
1.000e+00
2.000e+00
5.000e+00
1.100e+01
2.700e+01
2.900e+01
1.800e+01
3.800e+01
2.000e+01
2.100e+01
8.000e+00
1.000e+00
5.000e+00
0.000e+00
3.000e+00
0.000e+00
1.000e+00
0.000e+00
0.000e+00
0.000e+00
0.000e+00
0.000e+00
0.000e+00
0.000e+00
1.000e+00
0.000e+00
1.000e+00
2.000e+00
6.000e+00
4.000e+00
0.000e+00
0.000e+00
0.000e+00
0.000e+00
0.000e+00
0.000e+00
0.000e+00
0.000e+00
0.000e+00
3.000e+00
3.000e+00
4.000e+00
5.000e+00
4.000e+00
8.000e+00
1.700e+01
1.500e+01
2.400e+01
2.200e+01
3.800e+01
4.500e+01
2.800e+01
3.300e+01
7.000e+00
4.000e+00
3.000e+00
7.000e+00
1.900e+01
4.300e+01
6.800e+01
6.600e+01
2.000e+01
9.000e+00
5.000e+00
3.000e+01
5.400e+01
1.280e+02
3.290e+02
5.750e+02
8.070e+02
5.420e+02
1.180e+02
9.000e+00
3.000e+00
1.000e+00
0.000e+00
0.000e+00
1.000e+00
0.000e+00
0.000e+00
0.000e+00
0.000e+00
0.000e+00
0.000e+00
0.000e+00
0.000e+00
0.000e+00
0.000e+00
0.000e+00
0.000e+00
0.000e+00
0.000e+00
0.000e+00
0.000e+00
0.000e+00
0.000e+00
0.000e+00
0.000e+00
0.000e+00
0.000e+00
0.000e+00
0.000e+00
0.000e+00
0.000e+00
0.000e+00
0.000e+00
0.000e+00
0.000e+00
0.000e+00
0.000e+00
0.000e+00
0.000e+00
0.000e+00
0.000e+00
0.000e+00
0.000e+00
0.000e+00
0.000e+00
0.000e+00
0.000e+00
0.000e+00
0.000e+00
0.000e+00
0.000e+00
0.000e+00
0.000e+00
0.000e+00
0.000e+00
0.000e+00
0.000e+00
0.000e+00
0.000e+00
0.000e+00
0.000e+00
0.000e+00
0.000e+00
0.000e+00
0.000e+00
0.000e+00
0.000e+00
0.000e+00
0.000e+00
0.000e+00
0.000e+00
0.000e+00
0.000e+00
0.000e+00
0.000e+00
0.000e+00
0.000e+00
0.000e+00
0.000e+00
0.000e+00
0.000e+00
0.000e+00
0.000e+00
0.000e+00
0.000e+00
1.000e+00
0.000e+00
1.000e+00
0.000e+00
2.000e+00
0.000e+00
6.000e+00
1.220e+02
5.800e+02
7.680e+02
5.770e+02
2.960e+02
1.360e+02
6.300e+01
1.800e+01
8.000e+00
7.000e+00
2.800e+01
4.800e+01
4.400e+01
4.400e+01
1.600e+01
4.000e+00
7.000e+00
7.000e+00
1.600e+01
2.900e+01
3.200e+01
4.200e+01
3.800e+01
2.700e+01
2.800e+01
1.200e+01
1.200e+01
1.000e+01
1.100e+01
2.000e+00
2.000e+00
4.000e+00
2.000e+00
0.000e+00
1.000e+00
0.000e+00
0.000e+00
0.000e+00
0.000e+00
0.000e+00
0.000e+00
1.000e+00
1.000e+00
