1.518e+04
1.827e+03
4.920e+02
2.270e+02
1.500e+02
1.630e+02
1.470e+02
1.120e+02
9.700e+01
1.220e+02
9.600e+01
1.080e+02
8.800e+01
1.200e+02
1.230e+02
1.190e+02
1.320e+02
1.760e+02
1.790e+02
1.880e+02
1.910e+02
1.650e+02
1.430e+02
1.340e+02
9.300e+01
1.010e+02
1.160e+02
7.900e+01
8.200e+01
9.100e+01
1.030e+02
9.200e+01
8.500e+01
1.160e+02
1.220e+02
1.030e+02
7.100e+01
1.090e+02
1.060e+02
7.200e+01
6.900e+01
5.500e+01
6.000e+01
4.400e+01
3.300e+01
2.900e+01
2.500e+01
1.800e+01
2.200e+01
1.800e+01
9.000e+00
1.500e+01
1.400e+01
1.400e+01
1.000e+01
3.000e+00
1.300e+01
9.000e+00
8.000e+00
5.000e+00
3.000e+00
4.000e+00
3.000e+00
2.000e+00
5.000e+00
3.000e+00
3.000e+00
1.000e+00
3.000e+00
1.000e+00
1.000e+00
0.000e+00
1.000e+00
0.000e+00
1.000e+00
0.000e+00
2.000e+00
2.000e+00
1.000e+00
1.000e+00
1.000e+00
0.000e+00
0.000e+00
2.000e+00
1.000e+00
0.000e+00
0.000e+00
1.000e+00
1.000e+00
2.000e+00
2.000e+00
2.000e+00
0.000e+00
0.000e+00
0.000e+00
0.000e+00
1.000e+00
0.000e+00
2.000e+00
2.000e+00
0.000e+00
0.000e+00
0.000e+00
2.000e+00
1.000e+00
0.000e+00
0.000e+00
2.000e+00
1.000e+00
1.000e+00
2.000e+00
0.000e+00
0.000e+00
5.000e+00
1.000e+00
3.000e+00
1.000e+00
2.000e+00
2.000e+00
7.000e+00
2.000e+00
2.000e+00
6.000e+00
6.000e+00
6.000e+00
1.300e+01
8.000e+00
8.000e+00
7.000e+00
1.800e+01
1.400e+01
1.600e+01
2.600e+01
2.000e+01
2.200e+01
4.000e+01
2.800e+01
3.700e+01
5.700e+01
6.600e+01
6.500e+01
7.400e+01
1.110e+02
8.400e+01
1.070e+02
1.350e+02
1.090e+02
9.600e+01
8.600e+01
9.800e+01
1.170e+02
9.000e+01
9.600e+01
1.070e+02
1.120e+02
1.440e+02
1.000e+02
9.700e+01
1.040e+02
1.620e+02
1.820e+02
1.780e+02
2.050e+02
1.630e+02
1.350e+02
9.900e+01
1.250e+02
1.230e+02
1.180e+02
1.190e+02
1.000e+02
1.220e+02
1.140e+02
1.050e+02
1.380e+02
1.710e+02
1.630e+02
2.340e+02
4.480e+02
1.879e+03
1.580e+04
1.951e+03
5.090e+02
2.370e+02
1.550e+02
1.410e+02
1.260e+02
1.140e+02
9.500e+01
1.220e+02
1.110e+02
9.500e+01
1.050e+02
1.220e+02
1.060e+02
1.340e+02
1.210e+02
1.870e+02
1.900e+02
1.900e+02
1.880e+02
1.670e+02
1.290e+02
1.080e+02
9.800e+01
1.170e+02
1.030e+02
8.600e+01
7.300e+01
9.300e+01
8.100e+01
1.070e+02
8.500e+01
1.060e+02
1.080e+02
9.700e+01
1.070e+02
8.700e+01
9.700e+01
8.500e+01
5.900e+01
6.400e+01
5.300e+01
4.000e+01
3.600e+01
2.800e+01
3.200e+01
2.800e+01
2.700e+01
1.400e+01
1.500e+01
1.700e+01
1.700e+01
9.000e+00
1.000e+01
4.000e+00
1.600e+01
1.000e+01
5.000e+00
6.000e+00
2.000e+00
5.000e+00
2.000e+00
4.000e+00
3.000e+00
4.000e+00
1.000e+00
4.000e+00
2.000e+00
2.000e+00
0.000e+00
1.000e+00
2.000e+00
0.000e+00
0.000e+00
0.000e+00
2.000e+00
2.000e+00
1.000e+00
1.000e+00
0.000e+00
0.000e+00
0.000e+00
2.000e+00
0.000e+00
2.000e+00
0.000e+00
1.000e+00
0.000e+00
0.000e+00
5.000e+00
1.000e+00
1.000e+00
1.000e+00
0.000e+00
1.000e+00
0.000e+00
0.000e+00
0.000e+00
2.000e+00
0.000e+00
0.000e+00
0.000e+00
2.000e+00
1.000e+00
0.000e+00
1.000e+00
0.000e+00
3.000e+00
1.000e+00
1.000e+00
1.000e+00
0.000e+00
0.000e+00
2.000e+00
2.000e+00
4.000e+00
3.000e+00
2.000e+00
2.000e+00
2.000e+00
5.000e+00
4.000e+00
7.000e+00
5.000e+00
8.000e+00
1.000e+01
1.100e+01
1.300e+01
1.300e+01
1.000e+01
1.600e+01
1.400e+01
1.700e+01
2.200e+01
3.000e+01
3.400e+01
3.700e+01
4.300e+01
5.500e+01
6.400e+01
8.800e+01
1.060e+02
1.140e+02
8.200e+01
1.090e+02
1.290e+02
1.040e+02
1.100e+02
8.700e+01
1.000e+02
1.070e+02
1.080e+02
1.180e+02
1.150e+02
1.330e+02
1.100e+02
1.030e+02
1.100e+02
1.710e+02
1.740e+02
1.740e+02
2.080e+02
1.480e+02
1.270e+02
1.090e+02
1.220e+02
1.190e+02
1.070e+02
1.230e+02
1.080e+02
1.030e+02
1.180e+02
1.140e+02
1.650e+02
1.710e+02
1.590e+02
2.080e+02
4.680e+02
1.777e+03
