3.589e+04
1.876e+04
1.468e+04
1.240e+04
1.066e+04
1.016e+04
9.999e+03
1.002e+04
1.054e+04
1.043e+04
1.028e+04
1.011e+04
9.922e+03
9.986e+03
1.067e+04
1.079e+04
1.102e+04
1.158e+04
1.160e+04
1.158e+04
1.178e+04
1.171e+04
1.237e+04
1.356e+04
1.486e+04
1.608e+04
1.847e+04
1.602e+04
1.618e+04
1.720e+04
1.753e+04
1.812e+04
1.990e+04
2.046e+04
2.256e+04
2.408e+04
2.587e+04
2.341e+04
2.486e+04
2.355e+04
1.971e+04
2.092e+04
2.302e+04
1.424e+04
1.214e+04
1.455e+04
1.699e+04
1.942e+04
2.054e+04
2.021e+04
2.453e+04
2.703e+04
3.157e+04
4.454e+04
6.640e+04
1.062e+05
1.277e+05
1.742e+05
1.863e+05
9.957e+04
7.240e+04
2.927e+04
1.956e+04
1.595e+04
1.500e+04
1.289e+04
1.335e+04
9.624e+03
1.050e+04
1.273e+04
1.349e+04
1.457e+04
1.412e+04
1.415e+04
1.163e+04
7.846e+03
5.143e+03
3.686e+03
3.514e+03
3.967e+03
3.731e+03
3.461e+03
3.347e+03
3.330e+03
3.828e+03
3.584e+03
3.494e+03
4.195e+03
6.110e+03
7.968e+03
6.711e+03
3.573e+03
2.421e+03
1.658e+03
1.425e+03
1.216e+03
1.229e+03
1.163e+03
1.131e+03
1.140e+03
1.198e+03
1.472e+03
1.687e+03
1.859e+03
1.481e+03
1.335e+03
1.100e+03
1.093e+03
1.056e+03
1.070e+03
9.770e+02
9.910e+02
1.132e+03
1.002e+03
1.026e+03
1.097e+03
1.087e+03
1.349e+03
1.450e+03
1.521e+03
1.464e+03
1.382e+03
1.136e+03
1.030e+03
9.830e+02
9.080e+02
7.840e+02
7.520e+02
8.000e+02
6.860e+02
6.780e+02
6.250e+02
6.350e+02
7.460e+02
7.620e+02
6.970e+02
8.570e+02
9.530e+02
9.350e+02
1.047e+03
9.920e+02
9.120e+02
8.590e+02
8.920e+02
8.360e+02
8.350e+02
7.660e+02
8.930e+02
9.670e+02
9.300e+02
1.083e+03
1.080e+03
1.253e+03
1.185e+03
1.313e+03
1.298e+03
1.381e+03
1.393e+03
1.556e+03
1.539e+03
1.638e+03
1.626e+03
1.891e+03
2.157e+03
2.296e+03
2.321e+03
2.412e+03
2.722e+03
3.070e+03
3.362e+03
3.834e+03
4.355e+03
4.298e+03
5.009e+03
5.602e+03
5.564e+03
6.318e+03
6.383e+03
6.953e+03
7.917e+03
9.214e+03
7.253e+03
6.750e+03
5.678e+03
5.423e+03
4.653e+03
4.305e+03
3.904e+03
3.293e+03
2.902e+03
2.767e+03
2.468e+03
2.343e+03
2.372e+03
2.244e+03
2.356e+03
2.244e+03
2.434e+03
2.414e+03
2.035e+03
1.847e+03
1.884e+03
1.886e+03
1.847e+03
1.789e+03
1.645e+03
1.771e+03
1.612e+03
1.573e+03
1.285e+03
1.194e+03
1.112e+03
1.052e+03
9.970e+02
9.150e+02
8.520e+02
8.680e+02
8.770e+02
8.780e+02
9.840e+02
1.009e+03
9.510e+02
9.500e+02
9.280e+02
8.720e+02
8.450e+02
7.660e+02
7.460e+02
7.480e+02
7.040e+02
7.310e+02
7.980e+02
8.110e+02
8.270e+02
8.950e+02
9.580e+02
9.480e+02
1.020e+03
1.140e+03
1.446e+03
1.412e+03
1.463e+03
1.455e+03
1.406e+03
1.143e+03
1.048e+03
1.006e+03
8.990e+02
1.103e+03
9.610e+02
9.320e+02
9.330e+02
9.680e+02
8.990e+02
1.009e+03
1.220e+03
1.340e+03
1.510e+03
1.631e+03
1.427e+03
1.109e+03
1.134e+03
1.020e+03
1.049e+03
1.122e+03
1.211e+03
1.542e+03
1.977e+03
3.077e+03
4.247e+03
6.791e+03
6.864e+03
5.656e+03
4.177e+03
3.605e+03
3.327e+03
3.320e+03
3.354e+03
3.477e+03
3.612e+03
3.844e+03
3.844e+03
3.490e+03
3.497e+03
4.509e+03
7.340e+03
1.146e+04
1.467e+04
1.718e+04
1.415e+04
1.161e+04
1.106e+04
1.089e+04
1.112e+04
1.676e+04
1.591e+04
1.917e+04
1.842e+04
2.020e+04
2.872e+04
7.198e+04
9.824e+04
1.782e+05
1.699e+05
1.308e+05
1.129e+05
6.293e+04
4.365e+04
3.228e+04
2.667e+04
2.266e+04
1.788e+04
1.625e+04
1.599e+04
1.429e+04
1.337e+04
1.217e+04
1.492e+04
2.444e+04
2.025e+04
1.786e+04
2.173e+04
2.764e+04
2.679e+04
2.645e+04
2.408e+04
2.143e+04
1.916e+04
1.850e+04
1.763e+04
1.635e+04
1.605e+04
1.533e+04
1.574e+04
1.896e+04
1.625e+04
1.524e+04
1.384e+04
1.265e+04
1.167e+04
1.182e+04
1.155e+04
1.074e+04
1.034e+04
1.048e+04
9.945e+03
9.772e+03
9.698e+03
9.507e+03
1.006e+04
1.007e+04
9.682e+03
9.153e+03
8.995e+03
9.240e+03
9.500e+03
9.715e+03
1.146e+04
1.418e+04
1.820e+04
