2.733e+04
3.479e+03
9.780e+02
4.480e+02
3.090e+02
2.580e+02
1.610e+02
1.470e+02
1.210e+02
1.330e+02
1.120e+02
1.130e+02
1.120e+02
9.400e+01
1.120e+02
1.140e+02
1.340e+02
1.580e+02
1.750e+02
2.020e+02
2.710e+02
3.240e+02
4.220e+02
4.500e+02
5.380e+02
4.850e+02
3.720e+02
3.180e+02
2.640e+02
2.690e+02
2.490e+02
2.310e+02
2.420e+02
2.260e+02
2.300e+02
2.030e+02
1.950e+02
1.600e+02
1.350e+02
1.430e+02
1.400e+02
1.620e+02
1.820e+02
1.780e+02
1.520e+02
1.550e+02
1.370e+02
1.220e+02
9.400e+01
6.700e+01
5.200e+01
4.700e+01
4.100e+01
5.100e+01
3.600e+01
3.100e+01
2.700e+01
1.800e+01
2.000e+01
2.100e+01
1.400e+01
1.400e+01
1.300e+01
1.700e+01
1.100e+01
1.200e+01
1.000e+01
1.100e+01
6.000e+00
5.000e+00
4.000e+00
5.000e+00
3.000e+00
8.000e+00
5.000e+00
3.000e+00
0.000e+00
7.000e+00
3.000e+00
1.000e+00
2.000e+00
1.000e+00
4.000e+00
1.000e+00
0.000e+00
1.000e+00
1.000e+00
1.000e+00
3.000e+00
1.200e+01
1.000e+01
7.000e+00
1.000e+00
0.000e+00
0.000e+00
0.000e+00
2.000e+00
0.000e+00
0.000e+00
1.000e+00
1.000e+00
0.000e+00
2.000e+00
4.000e+00
2.000e+00
2.000e+00
4.000e+00
0.000e+00
4.000e+00
5.000e+00
9.000e+00
4.000e+00
3.000e+00
5.000e+00
9.000e+00
1.000e+01
6.000e+00
1.100e+01
1.500e+01
1.200e+01
3.100e+01
3.000e+01
2.000e+01
3.000e+01
2.500e+01
3.600e+01
4.200e+01
3.900e+01
5.900e+01
7.400e+01
7.000e+01
1.290e+02
1.180e+02
1.250e+02
1.460e+02
1.610e+02
1.820e+02
1.630e+02
1.860e+02
1.660e+02
1.600e+02
1.460e+02
1.670e+02
1.970e+02
1.910e+02
2.150e+02
2.140e+02
2.010e+02
2.140e+02
1.940e+02
2.560e+02
2.710e+02
2.600e+02
3.590e+02
4.380e+02
5.020e+02
4.940e+02
3.950e+02
3.600e+02
2.930e+02
2.160e+02
2.180e+02
1.520e+02
1.060e+02
1.030e+02
9.500e+01
8.900e+01
1.050e+02
1.190e+02
1.050e+02
9.500e+01
1.070e+02
1.140e+02
1.550e+02
1.550e+02
1.880e+02
2.380e+02
3.780e+02
7.740e+02
2.676e+03
2.124e+04
2.717e+03
8.150e+02
3.910e+02
2.650e+02
2.060e+02
1.390e+02
1.290e+02
1.220e+02
1.170e+02
9.300e+01
9.400e+01
9.700e+01
8.300e+01
9.700e+01
1.100e+02
1.110e+02
1.260e+02
1.480e+02
1.880e+02
1.830e+02
3.010e+02
3.530e+02
4.340e+02
4.290e+02
5.420e+02
4.030e+02
3.280e+02
2.640e+02
2.430e+02
2.460e+02
2.160e+02
2.280e+02
1.860e+02
2.330e+02
2.300e+02
2.050e+02
1.770e+02
1.720e+02
1.410e+02
1.700e+02
1.470e+02
1.520e+02
1.770e+02
1.690e+02
1.550e+02
1.520e+02
1.480e+02
1.070e+02
1.130e+02
1.020e+02
5.100e+01
4.800e+01
3.900e+01
4.800e+01
4.000e+01
4.900e+01
2.400e+01
1.800e+01
1.800e+01
2.200e+01
1.300e+01
1.900e+01
1.900e+01
1.700e+01
7.000e+00
1.200e+01
1.000e+01
1.000e+01
7.000e+00
3.000e+00
3.000e+00
8.000e+00
2.000e+00
6.000e+00
1.000e+00
5.000e+00
4.000e+00
2.000e+00
3.000e+00
4.000e+00
0.000e+00
2.000e+00
1.000e+00
2.000e+00
1.000e+00
1.000e+00
0.000e+00
2.000e+00
7.000e+00
9.000e+00
1.100e+01
2.000e+00
2.000e+00
2.000e+00
0.000e+00
1.000e+00
0.000e+00
0.000e+00
2.000e+00
3.000e+00
2.000e+00
1.000e+00
1.000e+00
3.000e+00
0.000e+00
3.000e+00
3.000e+00
6.000e+00
1.000e+00
8.000e+00
4.000e+00
4.000e+00
6.000e+00
4.000e+00
7.000e+00
8.000e+00
1.000e+01
1.000e+01
1.900e+01
1.300e+01
2.400e+01
2.500e+01
2.300e+01
2.600e+01
2.900e+01
3.600e+01
4.900e+01
3.400e+01
5.000e+01
6.500e+01
8.800e+01
9.100e+01
1.070e+02
1.420e+02
1.210e+02
1.550e+02
1.830e+02
1.920e+02
1.280e+02
1.690e+02
1.600e+02
1.660e+02
1.760e+02
1.730e+02
1.960e+02
2.570e+02
2.130e+02
2.340e+02
2.250e+02
2.300e+02
2.600e+02
2.900e+02
3.260e+02
4.080e+02
4.690e+02
5.350e+02
4.670e+02
4.250e+02
3.210e+02
2.880e+02
2.050e+02
1.880e+02
1.390e+02
1.250e+02
1.090e+02
1.000e+02
1.050e+02
1.240e+02
1.190e+02
1.270e+02
1.140e+02
1.270e+02
1.550e+02
1.890e+02
2.200e+02
2.750e+02
4.520e+02
9.700e+02
3.311e+03
