6.209e+03
1.130e+03
4.270e+02
2.190e+02
1.450e+02
1.350e+02
1.490e+02
1.030e+02
9.900e+01
1.340e+02
1.190e+02
9.900e+01
1.130e+02
1.420e+02
1.260e+02
1.140e+02
1.490e+02
1.760e+02
2.060e+02
2.230e+02
2.610e+02
3.190e+02
3.180e+02
3.010e+02
2.390e+02
1.940e+02
1.670e+02
2.110e+02
1.900e+02
1.970e+02
2.990e+02
3.860e+02
3.820e+02
3.000e+02
2.920e+02
3.240e+02
3.450e+02
3.420e+02
3.220e+02
3.220e+02
3.140e+02
3.210e+02
3.210e+02
3.160e+02
2.850e+02
2.910e+02
2.360e+02
2.070e+02
1.830e+02
1.300e+02
1.410e+02
9.100e+01
1.130e+02
7.700e+01
8.900e+01
7.200e+01
4.600e+01
4.600e+01
3.600e+01
3.900e+01
3.600e+01
2.900e+01
2.400e+01
2.600e+01
1.300e+01
2.000e+01
1.200e+01
1.500e+01
1.000e+01
1.300e+01
6.000e+00
5.000e+00
4.000e+00
5.000e+00
6.000e+00
2.000e+00
8.000e+00
3.000e+00
1.000e+00
7.000e+00
3.000e+00
1.000e+00
0.000e+00
3.000e+00
3.000e+00
4.000e+00
3.000e+00
7.000e+00
1.000e+01
1.100e+01
1.500e+01
2.500e+01
5.000e+00
5.000e+00
1.000e+00
3.000e+00
2.000e+00
1.000e+00
3.000e+00
2.000e+00
4.000e+00
2.000e+00
1.000e+00
3.000e+00
2.000e+00
2.000e+00
2.000e+00
6.000e+00
7.000e+00
4.000e+00
7.000e+00
7.000e+00
8.000e+00
8.000e+00
1.100e+01
2.200e+01
2.400e+01
4.000e+01
3.000e+01
3.600e+01
2.400e+01
3.700e+01
4.000e+01
5.500e+01
6.700e+01
8.300e+01
8.100e+01
9.300e+01
1.100e+02
1.270e+02
1.420e+02
1.430e+02
1.530e+02
2.160e+02
2.070e+02
2.470e+02
2.570e+02
3.080e+02
2.940e+02
3.150e+02
2.870e+02
2.950e+02
3.070e+02
3.330e+02
3.180e+02
3.320e+02
2.700e+02
3.030e+02
3.600e+02
3.150e+02
3.260e+02
2.540e+02
2.080e+02
2.140e+02
2.070e+02
2.150e+02
2.800e+02
3.040e+02
3.250e+02
3.280e+02
2.650e+02
2.330e+02
1.890e+02
1.500e+02
1.240e+02
1.190e+02
1.240e+02
1.240e+02
1.170e+02
1.410e+02
1.090e+02
1.170e+02
1.210e+02
1.140e+02
1.440e+02
1.430e+02
1.510e+02
2.280e+02
3.980e+02
1.152e+03
7.223e+03
1.220e+03
4.440e+02
2.040e+02
1.530e+02
1.350e+02
1.400e+02
1.050e+02
1.150e+02
1.230e+02
1.090e+02
1.150e+02
1.120e+02
1.230e+02
1.210e+02
1.220e+02
1.600e+02
1.830e+02
2.010e+02
2.260e+02
2.500e+02
3.640e+02
3.140e+02
2.980e+02
2.530e+02
2.050e+02
1.840e+02
2.000e+02
1.910e+02
2.340e+02
2.970e+02
3.710e+02
3.940e+02
3.070e+02
2.910e+02
3.060e+02
3.560e+02
3.240e+02
2.940e+02
2.740e+02
2.680e+02
3.040e+02
3.200e+02
3.190e+02
2.950e+02
2.690e+02
2.490e+02
2.120e+02
1.530e+02
1.550e+02
1.310e+02
1.270e+02
9.800e+01
7.400e+01
9.000e+01
7.800e+01
5.700e+01
5.700e+01
4.300e+01
2.600e+01
3.500e+01
2.800e+01
3.400e+01
2.500e+01
1.900e+01
1.400e+01
1.500e+01
1.700e+01
1.000e+01
1.000e+01
8.000e+00
7.000e+00
4.000e+00
3.000e+00
5.000e+00
7.000e+00
7.000e+00
1.000e+00
4.000e+00
4.000e+00
3.000e+00
2.000e+00
2.000e+00
2.000e+00
4.000e+00
1.000e+00
4.000e+00
4.000e+00
5.000e+00
1.600e+01
1.800e+01
1.800e+01
1.200e+01
4.000e+00
2.000e+00
1.000e+00
3.000e+00
2.000e+00
2.000e+00
3.000e+00
4.000e+00
1.000e+00
1.000e+00
4.000e+00
0.000e+00
3.000e+00
3.000e+00
5.000e+00
6.000e+00
7.000e+00
3.000e+00
1.000e+01
8.000e+00
1.100e+01
9.000e+00
2.000e+01
2.900e+01
3.200e+01
2.100e+01
3.300e+01
3.900e+01
3.500e+01
3.800e+01
4.300e+01
5.900e+01
6.000e+01
8.000e+01
9.700e+01
1.140e+02
1.280e+02
1.460e+02
1.330e+02
1.660e+02
1.690e+02
2.360e+02
2.430e+02
2.830e+02
3.090e+02
2.950e+02
3.240e+02
3.250e+02
3.290e+02
3.520e+02
3.490e+02
3.700e+02
2.860e+02
2.510e+02
3.300e+02
3.580e+02
3.160e+02
3.250e+02
2.220e+02
1.820e+02
2.410e+02
1.900e+02
1.940e+02
2.800e+02
2.880e+02
3.230e+02
3.340e+02
2.530e+02
2.370e+02
1.820e+02
1.440e+02
1.310e+02
1.170e+02
1.230e+02
1.300e+02
1.290e+02
1.360e+02
1.030e+02
1.200e+02
1.210e+02
1.170e+02
1.380e+02
1.440e+02
1.580e+02
2.180e+02
4.020e+02
1.065e+03
