1.000e+02
6.000e+00
5.000e+00
2.000e+00
1.000e+00
2.000e+00
2.000e+00
1.000e+00
1.000e+00
0.000e+00
1.000e+00
4.000e+00
4.000e+00
3.000e+00
2.000e+00
9.000e+00
4.000e+00
5.000e+00
6.000e+00
7.000e+00
1.000e+01
1.000e+01
1.400e+01
1.500e+01
1.800e+01
2.300e+01
2.500e+01
3.100e+01
3.600e+01
6.200e+01
5.300e+01
6.000e+01
5.000e+01
5.100e+01
5.200e+01
5.000e+01
4.100e+01
5.300e+01
6.500e+01
8.100e+01
7.200e+01
1.140e+02
1.290e+02
2.330e+02
3.510e+02
3.850e+02
3.360e+02
3.430e+02
3.710e+02
3.770e+02
3.180e+02
3.490e+02
3.250e+02
2.900e+02
2.760e+02
3.150e+02
3.180e+02
3.070e+02
2.830e+02
1.910e+02
1.580e+02
1.360e+02
1.220e+02
1.140e+02
1.130e+02
7.600e+01
8.900e+01
9.600e+01
9.500e+01
7.500e+01
7.000e+01
4.300e+01
3.400e+01
3.700e+01
3.200e+01
2.500e+01
4.200e+01
3.400e+01
3.100e+01
1.900e+01
1.600e+01
1.700e+01
2.600e+01
4.400e+01
5.400e+01
2.500e+01
8.000e+00
1.900e+01
2.900e+01
5.800e+01
2.250e+02
6.700e+01
2.300e+01
3.200e+01
3.700e+01
2.000e+01
2.400e+01
2.800e+01
1.500e+01
1.800e+01
2.100e+01
2.600e+01
2.400e+01
4.000e+01
2.700e+01
2.000e+01
2.500e+01
2.800e+01
4.800e+01
6.500e+01
5.900e+01
1.090e+02
1.070e+02
1.120e+02
1.110e+02
1.000e+02
9.500e+01
9.300e+01
1.530e+02
1.420e+02
1.480e+02
1.660e+02
1.830e+02
2.440e+02
3.100e+02
3.570e+02
3.750e+02
3.180e+02
3.440e+02
2.760e+02
3.120e+02
3.320e+02
3.790e+02
3.940e+02
3.290e+02
3.630e+02
4.480e+02
3.660e+02
2.360e+02
1.400e+02
1.260e+02
1.270e+02
8.600e+01
6.700e+01
5.400e+01
5.300e+01
3.400e+01
2.000e+01
2.800e+01
1.800e+01
2.000e+01
2.700e+01
3.100e+01
3.100e+01
2.900e+01
2.500e+01
3.000e+01
2.100e+01
1.900e+01
2.500e+01
1.300e+01
1.500e+01
1.400e+01
1.400e+01
1.400e+01
1.700e+01
1.600e+01
2.000e+01
1.000e+01
7.000e+00
1.300e+01
7.000e+00
7.000e+00
7.000e+00
5.000e+00
4.000e+00
4.000e+00
2.000e+00
7.000e+00
2.100e+01
2.060e+02
1.600e+01
7.000e+00
5.000e+00
7.000e+00
5.000e+00
6.000e+00
7.000e+00
7.000e+00
7.000e+00
1.100e+01
1.500e+01
1.300e+01
1.500e+01
1.600e+01
1.500e+01
1.900e+01
1.600e+01
1.000e+01
1.500e+01
2.000e+01
1.700e+01
1.900e+01
1.400e+01
2.200e+01
2.100e+01
2.000e+01
2.800e+01
2.700e+01
2.600e+01
2.500e+01
2.800e+01
3.000e+01
4.000e+01
3.100e+01
5.200e+01
5.900e+01
5.800e+01
8.900e+01
1.030e+02
1.520e+02
1.330e+02
2.260e+02
3.590e+02
4.390e+02
3.650e+02
3.510e+02
3.640e+02
3.860e+02
3.040e+02
3.080e+02
3.060e+02
3.310e+02
3.350e+02
3.710e+02
3.560e+02
2.750e+02
2.170e+02
1.700e+02
1.710e+02
1.380e+02
1.470e+02
1.450e+02
1.090e+02
1.070e+02
1.110e+02
1.240e+02
9.900e+01
9.400e+01
8.500e+01
6.200e+01
4.200e+01
3.600e+01
3.800e+01
3.500e+01
4.000e+01
4.100e+01
4.600e+01
2.200e+01
2.100e+01
1.200e+01
1.700e+01
2.400e+01
3.500e+01
3.300e+01
1.600e+01
1.900e+01
3.000e+01
2.900e+01
5.300e+01
2.260e+02
6.800e+01
2.000e+01
2.400e+01
2.200e+01
9.000e+00
3.700e+01
2.900e+01
2.500e+01
2.100e+01
2.500e+01
2.400e+01
2.800e+01
2.900e+01
2.300e+01
1.800e+01
2.000e+01
2.500e+01
4.700e+01
5.300e+01
6.600e+01
9.900e+01
9.400e+01
9.400e+01
6.700e+01
8.500e+01
8.400e+01
1.260e+02
1.320e+02
1.280e+02
1.350e+02
1.850e+02
3.030e+02
3.190e+02
3.360e+02
3.010e+02
3.220e+02
2.770e+02
3.040e+02
3.220e+02
3.430e+02
3.540e+02
3.730e+02
3.590e+02
3.440e+02
3.820e+02
3.560e+02
2.720e+02
1.270e+02
1.150e+02
8.200e+01
6.200e+01
5.600e+01
5.000e+01
5.600e+01
4.100e+01
4.300e+01
3.400e+01
4.000e+01
6.300e+01
6.200e+01
5.400e+01
5.100e+01
2.800e+01
2.800e+01
2.600e+01
1.400e+01
1.700e+01
1.200e+01
8.000e+00
1.200e+01
8.000e+00
1.100e+01
6.000e+00
9.000e+00
9.000e+00
4.000e+00
3.000e+00
1.000e+00
1.000e+00
1.000e+00
3.000e+00
2.000e+00
3.000e+00
1.000e+00
0.000e+00
0.000e+00
2.000e+00
2.000e+00
1.100e+01
