1.650e+02
1.100e+01
1.100e+01
3.000e+00
5.000e+00
5.000e+00
5.000e+00
1.000e+01
7.000e+00
9.000e+00
1.400e+01
1.500e+01
1.900e+01
1.900e+01
2.200e+01
3.100e+01
3.800e+01
4.400e+01
4.900e+01
7.300e+01
1.050e+02
1.350e+02
1.720e+02
2.440e+02
3.450e+02
3.660e+02
4.370e+02
3.090e+02
1.900e+02
1.500e+02
1.070e+02
9.200e+01
7.200e+01
7.300e+01
9.000e+01
1.220e+02
1.540e+02
2.410e+02
4.930e+02
1.094e+03
1.794e+03
2.646e+03
2.239e+03
8.990e+02
6.990e+02
6.150e+02
5.460e+02
5.480e+02
5.820e+02
6.440e+02
5.970e+02
6.390e+02
5.990e+02
5.520e+02
5.810e+02
5.620e+02
4.940e+02
4.230e+02
3.680e+02
2.680e+02
2.230e+02
2.030e+02
1.700e+02
1.540e+02
1.540e+02
1.250e+02
1.470e+02
1.490e+02
1.240e+02
9.600e+01
7.800e+01
5.600e+01
4.200e+01
4.400e+01
4.300e+01
4.100e+01
4.900e+01
3.900e+01
3.400e+01
2.300e+01
1.600e+01
2.000e+01
2.900e+01
4.700e+01
6.000e+01
3.100e+01
1.800e+01
3.000e+01
3.000e+01
5.800e+01
2.280e+02
7.000e+01
2.400e+01
3.400e+01
3.800e+01
2.200e+01
4.000e+01
3.400e+01
2.200e+01
2.300e+01
2.500e+01
3.200e+01
2.600e+01
4.200e+01
2.700e+01
2.600e+01
3.100e+01
3.400e+01
5.600e+01
7.300e+01
7.000e+01
1.300e+02
1.370e+02
1.510e+02
1.410e+02
1.290e+02
1.380e+02
1.520e+02
2.030e+02
2.050e+02
2.490e+02
2.420e+02
3.200e+02
4.850e+02
5.800e+02
5.410e+02
5.960e+02
5.390e+02
6.390e+02
5.440e+02
5.530e+02
5.840e+02
5.700e+02
5.950e+02
5.190e+02
6.360e+02
7.370e+02
1.022e+03
2.218e+03
2.623e+03
1.869e+03
1.029e+03
5.160e+02
2.610e+02
1.440e+02
1.190e+02
8.400e+01
6.600e+01
6.000e+01
6.200e+01
9.900e+01
1.290e+02
1.740e+02
2.730e+02
3.420e+02
4.130e+02
4.000e+02
3.030e+02
2.290e+02
1.730e+02
1.390e+02
1.010e+02
6.300e+01
4.300e+01
4.500e+01
3.800e+01
2.900e+01
2.800e+01
2.000e+01
1.300e+01
1.500e+01
9.000e+00
7.000e+00
1.000e+01
5.000e+00
6.000e+00
1.200e+01
1.300e+01
4.000e+01
8.700e+01
7.740e+02
8.900e+01
4.500e+01
1.200e+01
1.700e+01
7.000e+00
1.000e+01
8.000e+00
8.000e+00
1.200e+01
1.500e+01
2.200e+01
1.800e+01
2.000e+01
3.400e+01
3.700e+01
4.500e+01
5.500e+01
6.700e+01
9.500e+01
1.240e+02
1.670e+02
2.230e+02
3.140e+02
3.680e+02
4.250e+02
3.810e+02
2.170e+02
1.900e+02
1.160e+02
9.000e+01
7.900e+01
6.700e+01
7.800e+01
7.500e+01
1.240e+02
1.680e+02
2.600e+02
5.000e+02
1.091e+03
1.812e+03
2.623e+03
2.259e+03
9.570e+02
7.530e+02
6.170e+02
5.410e+02
5.630e+02
5.740e+02
5.270e+02
5.530e+02
6.050e+02
6.040e+02
5.490e+02
5.790e+02
5.760e+02
5.400e+02
4.310e+02
3.070e+02
2.540e+02
2.140e+02
2.100e+02
1.860e+02
1.550e+02
1.440e+02
1.410e+02
1.510e+02
1.300e+02
1.220e+02
1.170e+02
7.000e+01
4.900e+01
4.200e+01
4.300e+01
4.400e+01
4.500e+01
4.500e+01
5.000e+01
2.800e+01
2.700e+01
1.300e+01
2.000e+01
2.900e+01
4.800e+01
5.900e+01
2.600e+01
2.100e+01
3.000e+01
3.100e+01
5.600e+01
2.290e+02
6.900e+01
2.200e+01
3.700e+01
3.200e+01
2.100e+01
4.300e+01
3.400e+01
2.600e+01
2.300e+01
2.800e+01
2.700e+01
3.300e+01
3.400e+01
3.000e+01
2.600e+01
2.700e+01
3.700e+01
5.600e+01
6.900e+01
8.700e+01
1.260e+02
1.210e+02
1.560e+02
1.300e+02
1.430e+02
1.330e+02
1.550e+02
1.880e+02
2.000e+02
2.110e+02
2.790e+02
4.160e+02
4.460e+02
5.340e+02
5.620e+02
6.000e+02
5.380e+02
5.840e+02
6.090e+02
6.250e+02
6.100e+02
6.170e+02
5.850e+02
5.610e+02
6.140e+02
7.120e+02
9.530e+02
2.192e+03
2.642e+03
1.887e+03
9.860e+02
5.070e+02
2.470e+02
1.420e+02
1.060e+02
8.300e+01
6.700e+01
6.700e+01
9.000e+01
1.210e+02
1.430e+02
2.420e+02
2.800e+02
4.060e+02
4.100e+02
3.280e+02
2.610e+02
1.720e+02
1.470e+02
1.020e+02
7.900e+01
4.400e+01
4.000e+01
3.600e+01
3.200e+01
2.700e+01
2.300e+01
2.000e+01
5.000e+00
1.300e+01
1.100e+01
5.000e+00
7.000e+00
4.000e+00
3.000e+00
3.000e+00
6.000e+00
5.000e+00
1.700e+01
