8.010e+03
1.313e+03
5.010e+02
2.600e+02
1.710e+02
1.640e+02
1.670e+02
1.310e+02
1.220e+02
1.620e+02
1.540e+02
1.270e+02
1.500e+02
1.810e+02
1.640e+02
1.620e+02
2.010e+02
2.320e+02
2.660e+02
3.110e+02
3.880e+02
4.670e+02
5.050e+02
5.580e+02
6.010e+02
5.750e+02
6.190e+02
5.340e+02
4.000e+02
3.650e+02
4.250e+02
4.920e+02
4.790e+02
3.830e+02
3.900e+02
4.670e+02
5.050e+02
5.910e+02
8.220e+02
1.426e+03
2.119e+03
2.970e+03
2.567e+03
1.220e+03
9.910e+02
9.100e+02
7.880e+02
7.620e+02
7.680e+02
7.820e+02
7.430e+02
7.320e+02
7.160e+02
6.320e+02
6.710e+02
6.360e+02
5.430e+02
4.730e+02
4.050e+02
3.110e+02
2.620e+02
2.330e+02
1.940e+02
1.800e+02
1.670e+02
1.450e+02
1.590e+02
1.640e+02
1.340e+02
1.090e+02
8.400e+01
6.100e+01
4.600e+01
4.900e+01
4.900e+01
4.300e+01
5.700e+01
4.200e+01
3.500e+01
3.000e+01
1.900e+01
2.100e+01
2.900e+01
5.000e+01
6.300e+01
3.500e+01
2.100e+01
3.800e+01
4.000e+01
6.900e+01
2.430e+02
9.500e+01
2.900e+01
3.900e+01
3.900e+01
2.500e+01
4.200e+01
3.500e+01
2.500e+01
2.500e+01
2.900e+01
3.400e+01
2.700e+01
4.500e+01
2.900e+01
2.800e+01
3.300e+01
4.000e+01
6.300e+01
7.700e+01
7.700e+01
1.370e+02
1.470e+02
1.600e+02
1.520e+02
1.510e+02
1.630e+02
1.920e+02
2.330e+02
2.410e+02
2.790e+02
2.800e+02
3.650e+02
5.420e+02
6.510e+02
6.270e+02
6.790e+02
6.340e+02
7.520e+02
6.740e+02
7.010e+02
7.360e+02
7.330e+02
8.140e+02
7.310e+02
8.880e+02
9.990e+02
1.336e+03
2.519e+03
2.946e+03
2.159e+03
1.333e+03
8.300e+02
6.010e+02
4.710e+02
4.590e+02
3.600e+02
3.810e+02
4.330e+02
3.880e+02
4.490e+02
4.010e+02
4.010e+02
5.040e+02
5.650e+02
6.420e+02
6.950e+02
6.190e+02
5.720e+02
5.200e+02
4.240e+02
3.580e+02
2.700e+02
2.030e+02
1.870e+02
1.770e+02
1.720e+02
1.680e+02
1.510e+02
1.680e+02
1.460e+02
1.370e+02
1.370e+02
1.390e+02
1.830e+02
1.790e+02
1.860e+02
2.980e+02
5.150e+02
1.484e+03
1.052e+04
1.547e+03
5.470e+02
2.600e+02
2.040e+02
1.760e+02
1.720e+02
1.270e+02
1.460e+02
1.560e+02
1.460e+02
1.480e+02
1.530e+02
1.610e+02
1.700e+02
1.700e+02
2.160e+02
2.500e+02
2.870e+02
3.320e+02
3.860e+02
5.430e+02
5.550e+02
6.260e+02
6.330e+02
6.460e+02
5.800e+02
4.320e+02
3.960e+02
3.720e+02
4.020e+02
4.640e+02
4.800e+02
4.030e+02
3.790e+02
4.380e+02
5.350e+02
5.890e+02
8.030e+02
1.374e+03
2.088e+03
2.937e+03
2.588e+03
1.282e+03
1.056e+03
8.980e+02
7.970e+02
7.800e+02
7.310e+02
6.900e+02
6.890e+02
7.340e+02
7.050e+02
6.260e+02
6.710e+02
6.590e+02
5.980e+02
4.910e+02
3.530e+02
2.840e+02
2.500e+02
2.400e+02
2.210e+02
1.800e+02
1.630e+02
1.550e+02
1.660e+02
1.470e+02
1.320e+02
1.270e+02
7.800e+01
5.600e+01
4.600e+01
4.600e+01
4.900e+01
5.200e+01
5.200e+01
5.100e+01
3.200e+01
3.100e+01
1.600e+01
2.200e+01
3.100e+01
5.000e+01
6.300e+01
2.700e+01
2.500e+01
3.400e+01
3.600e+01
7.200e+01
2.470e+02
8.800e+01
3.400e+01
4.100e+01
3.400e+01
2.200e+01
4.600e+01
3.600e+01
2.800e+01
2.600e+01
3.200e+01
2.800e+01
3.500e+01
3.800e+01
3.000e+01
2.900e+01
3.000e+01
4.200e+01
6.200e+01
7.600e+01
9.100e+01
1.360e+02
1.290e+02
1.670e+02
1.390e+02
1.640e+02
1.630e+02
1.870e+02
2.100e+02
2.330e+02
2.550e+02
3.140e+02
4.610e+02
4.910e+02
5.950e+02
6.250e+02
6.840e+02
6.360e+02
7.030e+02
7.400e+02
7.790e+02
7.520e+02
7.910e+02
7.580e+02
8.020e+02
8.630e+02
1.001e+03
1.266e+03
2.492e+03
2.971e+03
2.217e+03
1.326e+03
8.690e+02
6.020e+02
5.150e+02
3.990e+02
3.420e+02
4.080e+02
4.390e+02
4.210e+02
4.650e+02
3.810e+02
4.450e+02
5.340e+02
6.150e+02
6.210e+02
6.270e+02
5.690e+02
5.070e+02
5.050e+02
3.750e+02
3.360e+02
2.430e+02
2.010e+02
1.870e+02
1.680e+02
1.720e+02
1.730e+02
1.640e+02
1.590e+02
1.290e+02
1.450e+02
1.410e+02
1.360e+02
1.580e+02
1.580e+02
1.930e+02
2.720e+02
4.730e+02
1.257e+03
