2.484e+05
5.973e+04
3.623e+04
2.769e+04
2.238e+04
2.018e+04
1.900e+04
1.873e+04
1.887e+04
1.873e+04
1.862e+04
1.929e+04
1.970e+04
2.035e+04
2.187e+04
2.203e+04
2.168e+04
2.093e+04
1.957e+04
1.806e+04
1.737e+04
1.658e+04
1.689e+04
1.766e+04
1.888e+04
1.983e+04
2.225e+04
1.975e+04
2.008e+04
2.113e+04
2.167e+04
2.303e+04
2.523e+04
2.688e+04
3.007e+04
2.886e+04
2.982e+04
2.672e+04
2.794e+04
2.616e+04
2.200e+04
2.311e+04
2.530e+04
1.634e+04
1.421e+04
1.647e+04
1.886e+04
2.156e+04
2.270e+04
2.248e+04
2.702e+04
2.973e+04
3.487e+04
4.845e+04
7.084e+04
1.106e+05
1.321e+05
1.785e+05
1.907e+05
1.032e+05
7.519e+04
3.152e+04
2.158e+04
1.783e+04
1.666e+04
1.441e+04
1.507e+04
1.138e+04
1.213e+04
1.430e+04
1.574e+04
1.950e+04
1.575e+04
1.533e+04
1.311e+04
8.846e+03
5.880e+03
4.294e+03
4.077e+03
4.452e+03
4.325e+03
3.993e+03
3.867e+03
3.845e+03
4.310e+03
4.150e+03
4.079e+03
4.813e+03
6.771e+03
8.703e+03
7.434e+03
4.415e+03
3.136e+03
2.259e+03
1.882e+03
1.629e+03
1.630e+03
1.529e+03
1.447e+03
1.483e+03
1.559e+03
1.844e+03
2.048e+03
2.218e+03
1.878e+03
1.721e+03
1.565e+03
1.616e+03
1.600e+03
1.618e+03
1.539e+03
1.641e+03
1.852e+03
1.682e+03
1.782e+03
1.884e+03
1.927e+03
2.299e+03
2.576e+03
2.687e+03
2.547e+03
2.348e+03
2.102e+03
1.841e+03
1.727e+03
1.679e+03
1.554e+03
1.514e+03
1.489e+03
1.368e+03
1.382e+03
1.382e+03
1.388e+03
1.531e+03
1.460e+03
1.470e+03
1.638e+03
1.695e+03
1.645e+03
1.800e+03
1.724e+03
1.685e+03
1.615e+03
1.733e+03
1.811e+03
1.891e+03
1.774e+03
1.832e+03
1.884e+03
1.888e+03
2.134e+03
2.202e+03
2.309e+03
2.207e+03
2.374e+03
2.273e+03
2.557e+03
2.519e+03
2.776e+03
2.880e+03
2.950e+03
2.897e+03
3.239e+03
3.563e+03
3.915e+03
3.834e+03
3.884e+03
4.094e+03
4.332e+03
4.564e+03
5.045e+03
5.511e+03
5.582e+03
6.333e+03
7.138e+03
7.261e+03
8.461e+03
9.232e+03
1.107e+04
1.566e+04
5.537e+04
1.485e+04
1.060e+04
8.437e+03
7.688e+03
6.372e+03
5.875e+03
5.319e+03
4.679e+03
4.182e+03
4.201e+03
3.867e+03
3.635e+03
3.830e+03
3.613e+03
3.761e+03
3.766e+03
3.741e+03
3.630e+03
3.126e+03
3.010e+03
3.104e+03
3.026e+03
2.899e+03
2.893e+03
2.682e+03
2.946e+03
2.704e+03
2.714e+03
2.318e+03
2.324e+03
2.069e+03
2.037e+03
1.889e+03
1.940e+03
1.851e+03
1.855e+03
1.779e+03
1.752e+03
1.828e+03
1.788e+03
1.853e+03
1.797e+03
1.724e+03
1.621e+03
1.550e+03
1.471e+03
1.410e+03
1.388e+03
1.391e+03
1.365e+03
1.389e+03
1.449e+03
1.416e+03
1.540e+03
1.672e+03
1.733e+03
1.847e+03
2.125e+03
2.538e+03
2.555e+03
2.553e+03
2.557e+03
2.306e+03
1.994e+03
1.848e+03
1.722e+03
1.657e+03
1.848e+03
1.620e+03
1.567e+03
1.570e+03
1.490e+03
1.406e+03
1.528e+03
1.700e+03
1.719e+03
1.860e+03
1.972e+03
1.775e+03
1.474e+03
1.459e+03
1.339e+03
1.361e+03
1.490e+03
1.591e+03
1.984e+03
2.437e+03
3.724e+03
5.072e+03
7.559e+03
7.563e+03
6.297e+03
4.815e+03
4.210e+03
3.904e+03
3.797e+03
3.875e+03
3.953e+03
4.093e+03
4.336e+03
4.331e+03
4.014e+03
4.035e+03
5.132e+03
8.411e+03
1.274e+04
1.586e+04
1.895e+04
1.930e+04
1.368e+04
1.252e+04
1.266e+04
1.283e+04
1.878e+04
1.752e+04
2.080e+04
2.005e+04
2.209e+04
3.094e+04
7.474e+04
1.020e+05
1.825e+05
1.742e+05
1.351e+05
1.171e+05
6.715e+04
4.757e+04
3.549e+04
2.936e+04
2.503e+04
2.008e+04
1.822e+04
1.804e+04
1.613e+04
1.507e+04
1.426e+04
1.709e+04
2.676e+04
2.250e+04
2.017e+04
2.423e+04
3.075e+04
3.026e+04
3.073e+04
2.910e+04
2.876e+04
2.741e+04
2.464e+04
2.360e+04
2.146e+04
2.058e+04
1.984e+04
2.007e+04
2.316e+04
2.054e+04
1.946e+04
1.828e+04
1.752e+04
1.698e+04
1.795e+04
1.894e+04
1.935e+04
2.126e+04
2.419e+04
2.237e+04
2.086e+04
2.008e+04
1.906e+04
1.870e+04
1.815e+04
1.759e+04
1.732e+04
1.723e+04
1.821e+04
1.971e+04
2.166e+04
2.718e+04
3.677e+04
5.892e+04
