2.040e+02
2.400e+01
1.600e+01
1.300e+01
1.700e+01
1.800e+01
2.000e+01
1.700e+01
1.400e+01
1.900e+01
1.500e+01
1.600e+01
1.100e+01
1.100e+01
1.200e+01
2.000e+01
2.100e+01
1.000e+01
2.000e+01
2.100e+01
1.200e+01
2.000e+01
1.300e+01
1.400e+01
1.700e+01
1.800e+01
1.000e+01
1.500e+01
2.000e+01
2.600e+01
5.000e+01
3.500e+01
2.100e+01
3.800e+01
2.400e+01
4.600e+01
1.700e+01
1.800e+01
3.000e+01
3.600e+01
3.700e+01
4.300e+01
4.000e+01
3.500e+01
3.200e+01
6.600e+01
7.600e+01
1.050e+02
8.700e+01
1.620e+02
1.190e+02
1.250e+02
6.400e+01
1.120e+02
1.130e+02
1.470e+02
2.710e+02
2.760e+02
3.220e+02
5.380e+02
2.338e+03
1.190e+03
5.900e+02
2.950e+02
2.290e+02
2.420e+02
2.110e+02
2.590e+02
2.110e+02
2.090e+02
2.490e+02
2.610e+02
2.130e+02
2.510e+02
2.070e+02
1.400e+02
1.370e+02
1.110e+02
1.070e+02
9.000e+01
8.200e+01
5.700e+01
4.400e+01
6.700e+01
4.700e+01
4.000e+01
3.800e+01
3.600e+01
4.400e+01
4.200e+01
4.500e+01
4.800e+01
4.700e+01
4.000e+01
2.700e+01
2.700e+01
2.300e+01
3.400e+01
3.800e+01
3.000e+01
2.700e+01
4.800e+01
2.500e+01
2.400e+01
2.200e+01
1.200e+01
3.700e+01
1.900e+01
3.800e+01
2.900e+01
3.400e+01
2.300e+01
2.400e+01
3.100e+01
2.500e+01
4.100e+01
2.300e+01
2.800e+01
4.500e+01
9.900e+01
1.810e+02
6.200e+01
3.000e+01
3.900e+01
3.400e+01
2.900e+01
5.300e+01
3.400e+01
4.000e+01
2.900e+01
1.700e+01
2.500e+01
2.200e+01
3.000e+01
3.600e+01
3.000e+01
2.200e+01
4.300e+01
3.800e+01
5.700e+01
3.700e+01
2.600e+01
3.200e+01
2.900e+01
4.500e+01
6.100e+01
3.100e+01
4.300e+01
4.400e+01
3.700e+01
4.600e+01
4.800e+01
3.700e+01
4.200e+01
4.100e+01
2.800e+01
4.000e+01
3.300e+01
5.100e+01
7.000e+01
6.500e+01
4.900e+01
5.300e+01
7.900e+01
6.900e+01
1.250e+02
1.450e+02
1.550e+02
1.760e+02
2.010e+02
1.770e+02
1.530e+02
1.220e+02
1.360e+02
1.790e+02
1.690e+02
2.180e+02
2.060e+02
1.970e+02
4.530e+02
3.212e+03
4.420e+02
2.040e+02
2.160e+02
2.150e+02
1.940e+02
1.410e+02
1.440e+02
1.460e+02
1.540e+02
1.710e+02
2.140e+02
2.000e+02
2.130e+02
1.480e+02
1.310e+02
1.120e+02
1.090e+02
5.800e+01
7.000e+01
6.300e+01
6.800e+01
5.600e+01
3.400e+01
3.600e+01
2.100e+01
3.300e+01
4.000e+01
5.200e+01
3.600e+01
3.900e+01
5.100e+01
3.400e+01
4.700e+01
4.000e+01
5.400e+01
5.400e+01
4.500e+01
3.200e+01
2.400e+01
3.200e+01
3.100e+01
3.400e+01
3.500e+01
4.200e+01
4.000e+01
3.700e+01
2.900e+01
2.100e+01
2.600e+01
2.800e+01
4.000e+01
4.100e+01
4.600e+01
3.800e+01
3.500e+01
2.700e+01
3.100e+01
3.300e+01
4.900e+01
1.830e+02
9.000e+01
4.200e+01
3.300e+01
2.800e+01
3.900e+01
2.500e+01
4.300e+01
2.300e+01
2.200e+01
3.000e+01
2.300e+01
2.900e+01
2.300e+01
1.400e+01
2.400e+01
1.600e+01
1.800e+01
2.500e+01
3.400e+01
2.700e+01
2.600e+01
3.800e+01
3.600e+01
3.400e+01
3.300e+01
2.800e+01
3.900e+01
5.300e+01
3.700e+01
5.500e+01
6.100e+01
6.100e+01
3.200e+01
3.500e+01
5.000e+01
5.000e+01
6.300e+01
7.200e+01
5.800e+01
7.900e+01
7.800e+01
1.010e+02
1.210e+02
1.440e+02
1.480e+02
1.860e+02
2.230e+02
2.160e+02
2.220e+02
2.090e+02
1.720e+02
2.120e+02
2.300e+02
2.320e+02
2.490e+02
2.700e+02
3.020e+02
5.880e+02
1.156e+03
2.330e+03
5.760e+02
2.660e+02
2.400e+02
2.500e+02
1.200e+02
1.090e+02
8.900e+01
7.800e+01
8.700e+01
1.100e+02
1.820e+02
9.400e+01
9.300e+01
8.100e+01
5.800e+01
4.500e+01
4.300e+01
3.200e+01
4.800e+01
3.000e+01
3.100e+01
2.700e+01
2.500e+01
1.800e+01
3.700e+01
1.500e+01
2.200e+01
1.200e+01
4.900e+01
5.200e+01
4.000e+01
2.500e+01
1.400e+01
1.400e+01
1.700e+01
1.100e+01
1.700e+01
1.300e+01
1.800e+01
2.300e+01
5.000e+00
1.600e+01
2.400e+01
1.700e+01
1.900e+01
1.700e+01
1.300e+01
2.000e+01
2.100e+01
2.500e+01
1.300e+01
1.900e+01
1.500e+01
1.500e+01
1.500e+01
1.600e+01
1.500e+01
2.000e+01
3.000e+01
