5.410e+02
6.800e+01
5.300e+01
3.900e+01
4.400e+01
4.000e+01
4.100e+01
3.200e+01
2.700e+01
3.400e+01
3.700e+01
3.800e+01
2.400e+01
2.100e+01
1.900e+01
2.900e+01
3.200e+01
2.200e+01
2.600e+01
3.400e+01
2.200e+01
3.600e+01
2.800e+01
2.900e+01
3.900e+01
3.100e+01
2.300e+01
2.800e+01
5.100e+01
5.300e+01
7.800e+01
5.300e+01
4.800e+01
7.000e+01
6.500e+01
7.200e+01
6.100e+01
7.300e+01
1.030e+02
1.180e+02
1.070e+02
1.410e+02
1.670e+02
1.350e+02
1.290e+02
1.750e+02
1.890e+02
2.250e+02
2.170e+02
2.920e+02
2.510e+02
2.670e+02
1.750e+02
2.510e+02
2.350e+02
2.610e+02
4.270e+02
5.600e+02
6.970e+02
1.422e+03
4.620e+03
1.785e+03
8.600e+02
5.030e+02
3.610e+02
3.320e+02
3.030e+02
3.340e+02
2.690e+02
2.370e+02
3.010e+02
3.020e+02
2.440e+02
2.940e+02
2.530e+02
1.910e+02
1.860e+02
1.710e+02
1.710e+02
1.760e+02
1.610e+02
1.460e+02
1.050e+02
1.100e+02
7.700e+01
6.600e+01
6.000e+01
6.100e+01
6.500e+01
5.800e+01
6.300e+01
5.800e+01
5.900e+01
6.100e+01
3.900e+01
3.400e+01
3.000e+01
4.200e+01
4.700e+01
3.900e+01
3.100e+01
5.200e+01
3.600e+01
2.800e+01
3.200e+01
1.800e+01
5.000e+01
2.600e+01
4.300e+01
4.000e+01
3.800e+01
3.200e+01
3.300e+01
3.900e+01
3.500e+01
5.600e+01
4.000e+01
4.500e+01
7.000e+01
1.540e+02
3.130e+02
2.150e+02
7.600e+01
5.800e+01
5.900e+01
4.200e+01
6.800e+01
4.600e+01
4.800e+01
4.200e+01
3.400e+01
3.100e+01
2.900e+01
4.200e+01
4.900e+01
3.900e+01
3.100e+01
5.500e+01
4.500e+01
6.600e+01
4.600e+01
3.400e+01
3.700e+01
4.200e+01
5.900e+01
8.200e+01
4.800e+01
6.200e+01
6.700e+01
5.500e+01
6.600e+01
6.900e+01
5.700e+01
6.700e+01
6.500e+01
6.100e+01
7.300e+01
7.800e+01
1.140e+02
1.510e+02
1.740e+02
1.340e+02
1.070e+02
1.390e+02
1.430e+02
1.770e+02
1.990e+02
2.130e+02
2.300e+02
2.680e+02
2.250e+02
1.970e+02
1.790e+02
2.200e+02
2.760e+02
2.720e+02
3.730e+02
4.890e+02
5.820e+02
9.530e+02
6.498e+03
9.110e+02
5.460e+02
4.440e+02
3.450e+02
2.800e+02
2.430e+02
2.210e+02
2.030e+02
1.990e+02
2.180e+02
2.590e+02
2.450e+02
2.630e+02
1.990e+02
1.900e+02
1.780e+02
1.940e+02
1.410e+02
1.460e+02
1.510e+02
1.500e+02
1.150e+02
7.600e+01
6.100e+01
5.700e+01
5.500e+01
7.000e+01
7.600e+01
4.900e+01
5.700e+01
7.600e+01
4.700e+01
7.600e+01
5.200e+01
7.000e+01
6.500e+01
5.900e+01
5.000e+01
4.100e+01
4.200e+01
4.100e+01
4.700e+01
4.700e+01
5.300e+01
5.200e+01
4.800e+01
4.100e+01
3.200e+01
3.200e+01
3.600e+01
5.500e+01
4.600e+01
5.900e+01
5.300e+01
5.000e+01
4.600e+01
5.400e+01
7.100e+01
2.190e+02
3.020e+02
1.440e+02
5.900e+01
5.400e+01
4.100e+01
5.300e+01
3.300e+01
5.000e+01
3.300e+01
3.100e+01
3.900e+01
2.700e+01
3.400e+01
2.700e+01
2.700e+01
3.100e+01
2.700e+01
2.500e+01
3.100e+01
3.800e+01
3.400e+01
3.000e+01
5.300e+01
4.100e+01
4.500e+01
4.400e+01
3.800e+01
5.800e+01
6.800e+01
5.100e+01
6.700e+01
7.600e+01
8.400e+01
5.600e+01
6.400e+01
7.800e+01
7.900e+01
1.110e+02
1.220e+02
1.440e+02
1.570e+02
1.360e+02
1.590e+02
1.700e+02
1.920e+02
1.880e+02
2.270e+02
2.820e+02
2.630e+02
2.590e+02
2.360e+02
2.150e+02
2.610e+02
3.270e+02
3.240e+02
3.520e+02
4.140e+02
5.150e+02
8.350e+02
1.793e+03
4.659e+03
1.436e+03
6.230e+02
5.060e+02
4.130e+02
2.380e+02
2.390e+02
2.100e+02
1.980e+02
2.430e+02
2.790e+02
3.230e+02
2.480e+02
2.260e+02
2.220e+02
2.010e+02
1.740e+02
1.490e+02
1.810e+02
1.480e+02
1.140e+02
1.090e+02
8.900e+01
7.100e+01
6.400e+01
7.300e+01
5.100e+01
4.400e+01
3.600e+01
6.800e+01
7.600e+01
6.700e+01
5.300e+01
3.700e+01
3.400e+01
4.000e+01
2.300e+01
2.700e+01
2.700e+01
3.000e+01
4.000e+01
1.400e+01
2.700e+01
3.500e+01
2.700e+01
4.000e+01
3.100e+01
2.500e+01
3.900e+01
4.000e+01
4.000e+01
3.200e+01
3.500e+01
2.500e+01
2.900e+01
4.400e+01
4.600e+01
4.500e+01
5.600e+01
7.300e+01
