1.000e+00
1.000e+00
0.000e+00
0.000e+00
0.000e+00
0.000e+00
0.000e+00
0.000e+00
0.000e+00
0.000e+00
0.000e+00
0.000e+00
0.000e+00
2.000e+00
0.000e+00
0.000e+00
0.000e+00
0.000e+00
0.000e+00
0.000e+00
3.000e+00
2.000e+00
0.000e+00
0.000e+00
3.000e+00
3.000e+00
4.000e+00
3.000e+00
1.000e+00
4.000e+00
3.000e+00
1.000e+00
3.000e+00
1.000e+00
1.000e+00
1.000e+00
3.000e+00
6.000e+00
7.000e+00
5.000e+00
5.000e+00
7.000e+00
1.000e+01
1.400e+01
1.000e+01
2.000e+01
2.000e+01
3.600e+01
5.500e+01
2.500e+01
2.800e+01
4.000e+01
5.100e+01
6.300e+01
6.300e+01
6.600e+01
5.000e+01
6.700e+01
8.400e+01
7.800e+01
8.500e+01
1.000e+02
8.300e+01
1.010e+02
9.500e+01
1.180e+02
1.560e+02
1.120e+02
1.130e+02
1.310e+02
1.520e+02
1.390e+02
1.920e+02
1.670e+02
2.060e+02
1.990e+02
1.940e+02
1.890e+02
2.110e+02
1.940e+02
2.140e+02
1.950e+02
1.960e+02
2.130e+02
2.000e+02
1.790e+02
2.010e+02
1.290e+02
1.210e+02
1.540e+02
1.100e+02
1.170e+02
9.900e+01
9.700e+01
1.070e+02
1.150e+02
7.400e+01
9.700e+01
9.800e+01
1.040e+02
1.070e+02
1.210e+02
9.100e+01
7.800e+01
7.000e+01
6.400e+01
6.500e+01
7.900e+01
7.800e+01
3.800e+01
4.500e+01
4.400e+01
3.800e+01
4.700e+01
4.900e+01
3.300e+01
3.700e+01
3.300e+01
3.800e+01
2.500e+01
3.200e+01
3.300e+01
3.700e+01
3.900e+01
3.300e+01
4.500e+01
4.600e+01
2.600e+01
2.400e+01
2.900e+01
3.100e+01
1.600e+01
1.500e+01
1.400e+01
8.000e+00
1.000e+01
8.000e+00
1.300e+01
9.000e+00
4.000e+00
6.000e+00
7.000e+00
7.000e+00
1.200e+01
5.000e+00
3.000e+00
4.000e+00
2.000e+00
2.000e+00
1.000e+00
3.000e+00
3.000e+00
1.000e+00
0.000e+00
1.000e+00
2.000e+00
2.000e+00
4.000e+00
2.000e+00
1.000e+00
0.000e+00
2.000e+00
1.000e+00
0.000e+00
2.000e+00
0.000e+00
1.000e+00
0.000e+00
1.000e+00
0.000e+00
0.000e+00
0.000e+00
0.000e+00
0.000e+00
0.000e+00
0.000e+00
0.000e+00
1.000e+00
2.000e+00
1.000e+00
6.000e+00
2.000e+00
1.000e+00
1.000e+00
0.000e+00
1.000e+00
0.000e+00
0.000e+00
0.000e+00
1.000e+00
1.000e+00
1.000e+00
1.000e+00
0.000e+00
0.000e+00
0.000e+00
1.000e+00
0.000e+00
1.000e+00
0.000e+00
1.000e+00
0.000e+00
1.000e+00
1.000e+00
3.000e+00
0.000e+00
1.000e+00
1.000e+00
3.000e+00
1.000e+00
2.000e+00
2.000e+00
6.000e+00
3.000e+00
6.000e+00
9.000e+00
1.000e+01
6.000e+00
8.000e+00
6.000e+00
7.000e+00
7.000e+00
1.100e+01
7.000e+00
1.500e+01
1.200e+01
9.000e+00
8.000e+00
1.600e+01
2.400e+01
2.500e+01
3.200e+01
3.400e+01
3.500e+01
3.400e+01
4.000e+01
3.600e+01
4.100e+01
4.400e+01
3.700e+01
3.700e+01
4.400e+01
3.700e+01
3.800e+01
3.700e+01
5.200e+01
3.800e+01
3.700e+01
5.000e+01
5.200e+01
5.500e+01
5.100e+01
5.800e+01
6.600e+01
7.700e+01
7.800e+01
7.400e+01
7.700e+01
8.800e+01
1.060e+02
1.060e+02
9.400e+01
9.200e+01
9.500e+01
9.400e+01
9.200e+01
7.400e+01
1.020e+02
9.600e+01
1.040e+02
1.240e+02
1.460e+02
1.280e+02
1.750e+02
1.880e+02
1.880e+02
1.980e+02
2.520e+02
2.380e+02
2.150e+02
2.090e+02
2.210e+02
1.900e+02
1.970e+02
2.040e+02
1.970e+02
1.980e+02
1.680e+02
1.830e+02
1.770e+02
1.410e+02
1.040e+02
1.200e+02
1.140e+02
1.530e+02
1.210e+02
1.210e+02
8.400e+01
9.800e+01
8.200e+01
8.800e+01
7.400e+01
7.200e+01
6.300e+01
7.000e+01
7.300e+01
7.600e+01
5.700e+01
6.000e+01
4.700e+01
3.500e+01
3.600e+01
2.600e+01
2.600e+01
1.500e+01
2.000e+01
1.200e+01
1.000e+01
1.000e+01
1.300e+01
6.000e+00
3.000e+00
6.000e+00
3.000e+00
3.000e+00
1.000e+00
0.000e+00
3.000e+00
2.000e+00
3.000e+00
3.000e+00
1.000e+00
1.000e+00
3.000e+00
3.000e+00
4.000e+00
2.000e+00
2.000e+00
0.000e+00
1.000e+00
1.000e+00
4.000e+00
1.000e+00
1.000e+00
0.000e+00
0.000e+00
0.000e+00
0.000e+00
0.000e+00
0.000e+00
0.000e+00
0.000e+00
1.000e+00
0.000e+00
0.000e+00
0.000e+00
0.000e+00
0.000e+00
0.000e+00
1.000e+00
