0.000e+00
0.000e+00
0.000e+00
0.000e+00
0.000e+00
0.000e+00
0.000e+00
0.000e+00
1.000e+00
0.000e+00
0.000e+00
0.000e+00
0.000e+00
0.000e+00
1.000e+00
2.000e+00
0.000e+00
0.000e+00
1.000e+00
1.000e+00
2.000e+00
0.000e+00
0.000e+00
0.000e+00
0.000e+00
0.000e+00
0.000e+00
0.000e+00
0.000e+00
1.000e+00
1.000e+00
0.000e+00
2.000e+00
2.000e+00
1.000e+00
2.000e+00
1.000e+00
0.000e+00
0.000e+00
3.000e+00
3.000e+00
3.000e+00
0.000e+00
5.000e+00
2.000e+00
4.000e+00
7.000e+00
6.000e+00
9.000e+00
7.000e+00
7.000e+00
1.400e+01
1.200e+01
1.200e+01
1.700e+01
3.100e+01
3.500e+01
5.000e+01
6.000e+01
7.100e+01
1.510e+02
1.480e+02
1.750e+02
1.880e+02
2.500e+02
2.300e+02
2.440e+02
2.130e+02
2.400e+02
2.580e+02
2.700e+02
3.150e+02
4.110e+02
4.990e+02
6.100e+02
5.820e+02
1.362e+03
1.217e+03
8.060e+02
6.840e+02
8.000e+02
9.410e+02
1.188e+03
1.140e+03
1.330e+03
1.332e+03
1.282e+03
1.371e+03
2.121e+03
3.340e+03
1.994e+03
1.233e+03
1.154e+03
1.071e+03
1.132e+03
1.005e+03
1.001e+03
7.420e+02
6.650e+02
6.860e+02
8.110e+02
1.160e+03
1.487e+03
1.050e+03
6.320e+02
5.950e+02
5.150e+02
4.420e+02
3.130e+02
2.570e+02
1.900e+02
1.850e+02
2.210e+02
2.100e+02
2.090e+02
1.770e+02
1.760e+02
1.620e+02
1.700e+02
1.630e+02
1.450e+02
1.200e+02
9.700e+01
7.300e+01
6.100e+01
3.500e+01
3.700e+01
3.200e+01
1.500e+01
1.000e+01
1.100e+01
5.000e+00
5.000e+00
9.000e+00
6.000e+00
5.000e+00
7.000e+00
5.000e+00
4.000e+00
4.000e+00
1.000e+00
0.000e+00
0.000e+00
1.000e+00
1.000e+00
1.000e+00
1.000e+00
3.000e+00
0.000e+00
1.000e+00
0.000e+00
2.000e+00
1.000e+00
1.000e+00
0.000e+00
1.000e+00
0.000e+00
0.000e+00
0.000e+00
0.000e+00
0.000e+00
0.000e+00
1.000e+00
1.000e+00
0.000e+00
0.000e+00
0.000e+00
0.000e+00
0.000e+00
0.000e+00
0.000e+00
0.000e+00
1.000e+00
0.000e+00
0.000e+00
1.000e+00
0.000e+00
1.000e+00
1.000e+00
1.000e+00
0.000e+00
1.000e+00
0.000e+00
0.000e+00
0.000e+00
0.000e+00
0.000e+00
0.000e+00
0.000e+00
0.000e+00
0.000e+00
0.000e+00
0.000e+00
1.000e+00
0.000e+00
0.000e+00
1.000e+00
0.000e+00
0.000e+00
1.000e+00
0.000e+00
0.000e+00
0.000e+00
0.000e+00
0.000e+00
0.000e+00
0.000e+00
0.000e+00
0.000e+00
1.000e+00
2.000e+00
4.000e+00
2.000e+00
3.000e+00
0.000e+00
2.000e+00
1.000e+00
2.000e+00
2.000e+00
2.000e+00
0.000e+00
3.000e+00
0.000e+00
2.000e+00
2.000e+00
2.000e+00
5.000e+00
8.000e+00
7.000e+00
7.000e+00
7.000e+00
6.000e+00
1.900e+01
2.500e+01
3.100e+01
3.200e+01
3.700e+01
6.400e+01
8.300e+01
9.900e+01
1.340e+02
1.790e+02
2.050e+02
1.830e+02
2.100e+02
2.370e+02
2.480e+02
2.400e+02
2.030e+02
2.360e+02
2.270e+02
2.470e+02
3.110e+02
3.950e+02
5.140e+02
6.040e+02
6.320e+02
1.111e+03
1.618e+03
1.221e+03
8.250e+02
7.160e+02
7.360e+02
8.940e+02
1.081e+03
1.235e+03
1.217e+03
1.286e+03
1.313e+03
1.294e+03
2.053e+03
3.348e+03
2.012e+03
1.289e+03
1.180e+03
1.087e+03
1.078e+03
1.007e+03
9.470e+02
8.880e+02
6.390e+02
6.480e+02
7.530e+02
1.121e+03
1.228e+03
6.770e+02
6.010e+02
5.100e+02
4.670e+02
3.380e+02
3.020e+02
2.400e+02
2.340e+02
2.020e+02
2.290e+02
2.330e+02
1.940e+02
1.790e+02
1.630e+02
1.330e+02
1.420e+02
1.270e+02
7.400e+01
3.500e+01
4.000e+01
2.700e+01
2.000e+01
8.000e+00
1.000e+01
1.200e+01
8.000e+00
1.000e+01
7.000e+00
9.000e+00
7.000e+00
3.000e+00
1.000e+00
4.000e+00
2.000e+00
3.000e+00
4.000e+00
1.000e+00
1.000e+00
2.000e+00
1.000e+00
0.000e+00
1.000e+00
1.000e+00
0.000e+00
0.000e+00
1.000e+00
0.000e+00
0.000e+00
0.000e+00
1.000e+00
0.000e+00
0.000e+00
0.000e+00
0.000e+00
1.000e+00
0.000e+00
0.000e+00
0.000e+00
0.000e+00
0.000e+00
0.000e+00
0.000e+00
0.000e+00
1.000e+00
1.000e+00
0.000e+00
0.000e+00
0.000e+00
0.000e+00
0.000e+00
0.000e+00
0.000e+00
0.000e+00
0.000e+00
1.000e+00
