1.800e+01
2.000e+00
3.000e+00
4.000e+00
2.000e+00
3.000e+00
1.000e+00
0.000e+00
1.000e+00
1.000e+00
1.000e+00
0.000e+00
2.000e+00
1.000e+00
1.000e+00
1.000e+00
0.000e+00
1.000e+00
1.000e+00
0.000e+00
1.000e+00
2.000e+00
2.000e+00
2.000e+00
4.000e+00
1.000e+00
0.000e+00
1.000e+00
1.000e+00
1.000e+00
3.000e+00
3.000e+00
2.000e+00
3.000e+00
2.000e+00
2.000e+00
3.000e+00
4.000e+00
1.000e+00
2.000e+00
1.000e+00
5.000e+00
1.000e+00
5.000e+00
5.000e+00
2.000e+00
5.000e+00
9.000e+00
3.000e+00
4.000e+00
6.000e+00
1.200e+01
1.100e+01
1.500e+01
1.000e+01
2.300e+01
2.600e+01
2.600e+01
2.900e+01
2.900e+01
3.900e+01
4.400e+01
4.600e+01
5.700e+01
6.200e+01
1.080e+02
1.320e+02
1.540e+02
2.100e+02
2.440e+02
3.010e+02
3.680e+02
4.480e+02
6.050e+02
8.530e+02
9.660e+02
1.211e+03
1.401e+03
1.342e+03
1.364e+03
1.257e+03
1.096e+03
1.022e+03
1.151e+03
1.015e+03
1.090e+03
9.950e+02
1.036e+03
9.820e+02
1.437e+03
1.188e+03
1.132e+03
9.950e+02
1.050e+03
8.500e+02
7.910e+02
6.950e+02
6.340e+02
5.860e+02
5.350e+02
5.240e+02
6.480e+02
6.030e+02
4.940e+02
4.970e+02
4.710e+02
4.320e+02
3.930e+02
3.280e+02
2.680e+02
2.230e+02
1.900e+02
1.580e+02
1.260e+02
9.600e+01
7.000e+01
6.000e+01
5.100e+01
4.000e+01
3.400e+01
4.400e+01
4.200e+01
3.700e+01
3.400e+01
2.700e+01
1.600e+01
2.200e+01
2.300e+01
1.600e+01
1.900e+01
2.000e+01
1.700e+01
1.600e+01
1.500e+01
7.000e+00
5.000e+00
1.400e+01
1.700e+01
1.000e+01
1.800e+01
1.700e+01
2.000e+01
1.000e+01
9.000e+00
2.000e+00
6.000e+00
7.000e+00
5.000e+00
7.000e+00
6.000e+00
3.000e+00
7.000e+00
3.000e+00
5.000e+00
6.000e+00
2.000e+00
5.000e+00
4.000e+00
3.000e+00
6.000e+00
7.000e+00
3.000e+00
7.000e+00
4.000e+00
5.000e+00
5.000e+00
8.000e+00
4.000e+00
7.000e+00
7.000e+00
6.000e+00
4.000e+00
5.000e+00
8.000e+00
1.100e+01
1.500e+01
1.600e+01
1.600e+01
2.200e+01
4.100e+01
4.460e+02
5.300e+01
2.500e+01
1.700e+01
1.100e+01
1.400e+01
7.000e+00
1.300e+01
5.000e+00
3.000e+00
6.000e+00
4.000e+00
8.000e+00
4.000e+00
5.000e+00
4.000e+00
4.000e+00
3.000e+00
1.000e+01
7.000e+00
2.000e+00
9.000e+00
1.200e+01
1.300e+01
1.100e+01
3.000e+00
7.000e+00
2.000e+00
3.000e+00
4.000e+00
5.000e+00
5.000e+00
4.000e+00
1.200e+01
7.000e+00
5.000e+00
7.000e+00
9.000e+00
5.000e+00
2.500e+01
1.700e+01
1.100e+01
1.500e+01
8.000e+00
1.100e+01
1.200e+01
6.000e+00
1.500e+01
1.200e+01
1.700e+01
1.200e+01
1.900e+01
2.000e+01
2.400e+01
1.700e+01
2.000e+01
2.500e+01
3.200e+01
4.100e+01
5.000e+01
4.200e+01
4.000e+01
5.700e+01
5.300e+01
8.100e+01
9.200e+01
1.080e+02
1.460e+02
1.670e+02
1.600e+02
2.110e+02
2.660e+02
3.370e+02
4.380e+02
3.920e+02
4.670e+02
5.250e+02
5.790e+02
6.130e+02
6.000e+02
5.470e+02
5.710e+02
5.510e+02
7.570e+02
7.730e+02
8.240e+02
9.260e+02
1.073e+03
1.062e+03
1.144e+03
1.263e+03
1.555e+03
9.380e+02
9.760e+02
1.020e+03
9.800e+02
1.105e+03
1.102e+03
9.680e+02
1.100e+03
1.236e+03
1.306e+03
1.299e+03
1.518e+03
1.165e+03
9.920e+02
8.940e+02
6.990e+02
4.880e+02
4.020e+02
3.400e+02
2.210e+02
2.270e+02
1.270e+02
1.200e+02
9.800e+01
5.500e+01
5.700e+01
4.600e+01
4.500e+01
3.700e+01
4.000e+01
4.000e+01
2.000e+01
2.400e+01
1.400e+01
1.600e+01
1.200e+01
1.500e+01
7.000e+00
1.200e+01
1.400e+01
1.400e+01
4.000e+00
1.100e+01
3.000e+00
3.000e+00
6.000e+00
1.000e+00
3.000e+00
8.000e+00
3.000e+00
1.000e+00
3.000e+00
2.000e+00
1.000e+00
0.000e+00
0.000e+00
2.000e+00
6.000e+00
0.000e+00
0.000e+00
0.000e+00
1.000e+00
0.000e+00
1.000e+00
3.000e+00
0.000e+00
0.000e+00
0.000e+00
0.000e+00
2.000e+00
0.000e+00
0.000e+00
1.000e+00
0.000e+00
1.000e+00
0.000e+00
0.000e+00
1.000e+00
0.000e+00
2.000e+00
2.000e+00
0.000e+00
0.000e+00
5.000e+00
1.000e+00
0.000e+00
1.000e+00
2.000e+00
