1.500e+01
1.000e+00
5.000e+00
6.000e+00
4.000e+00
1.000e+00
3.000e+00
4.000e+00
2.000e+00
1.000e+00
4.000e+00
5.000e+00
4.000e+00
5.000e+00
6.000e+00
1.000e+00
1.000e+00
3.000e+00
8.000e+00
5.000e+00
8.000e+00
1.100e+01
1.300e+01
1.700e+01
1.100e+01
1.300e+01
1.800e+01
2.200e+01
2.000e+01
2.100e+01
2.800e+01
4.000e+01
4.000e+01
5.600e+01
7.000e+01
5.500e+01
6.900e+01
8.400e+01
1.100e+02
1.310e+02
1.800e+02
2.130e+02
3.090e+02
2.760e+02
2.390e+02
1.760e+02
1.850e+02
2.070e+02
1.810e+02
2.260e+02
2.540e+02
3.030e+02
3.330e+02
4.400e+02
4.340e+02
4.290e+02
4.550e+02
4.120e+02
4.330e+02
4.220e+02
5.800e+02
5.420e+02
6.770e+02
7.790e+02
7.430e+02
7.310e+02
7.580e+02
8.630e+02
8.020e+02
7.010e+02
6.430e+02
6.190e+02
4.940e+02
4.490e+02
5.770e+02
5.170e+02
5.850e+02
4.620e+02
3.570e+02
3.090e+02
2.630e+02
2.460e+02
2.170e+02
2.440e+02
2.090e+02
2.150e+02
1.890e+02
2.010e+02
3.380e+02
2.130e+02
2.660e+02
3.310e+02
3.890e+02
3.800e+02
2.400e+02
2.210e+02
1.980e+02
2.430e+02
1.950e+02
1.920e+02
2.080e+02
1.860e+02
1.830e+02
1.890e+02
1.570e+02
2.020e+02
2.100e+02
1.770e+02
1.640e+02
2.080e+02
1.660e+02
1.760e+02
1.920e+02
1.820e+02
1.830e+02
1.860e+02
1.730e+02
1.810e+02
1.520e+02
1.530e+02
1.480e+02
1.270e+02
1.300e+02
1.290e+02
1.410e+02
1.460e+02
1.320e+02
9.500e+01
1.300e+02
1.070e+02
8.800e+01
8.300e+01
8.200e+01
7.600e+01
7.500e+01
6.100e+01
7.000e+01
8.100e+01
6.600e+01
7.600e+01
9.100e+01
9.300e+01
8.900e+01
1.010e+02
7.900e+01
1.100e+02
8.200e+01
9.400e+01
8.800e+01
7.400e+01
7.700e+01
7.300e+01
6.900e+01
7.900e+01
7.300e+01
6.900e+01
6.000e+01
6.500e+01
5.800e+01
5.700e+01
5.700e+01
7.000e+01
8.000e+01
6.200e+01
7.200e+01
7.200e+01
7.100e+01
5.600e+01
4.700e+01
4.300e+01
5.200e+01
4.800e+01
4.400e+01
5.100e+01
2.900e+01
5.500e+01
4.200e+01
8.500e+01
7.700e+01
1.350e+02
6.520e+02
1.380e+02
7.400e+01
6.000e+01
5.900e+01
4.900e+01
4.600e+01
6.100e+01
4.800e+01
4.700e+01
5.000e+01
5.500e+01
5.000e+01
6.200e+01
6.600e+01
6.600e+01
6.900e+01
4.400e+01
6.100e+01
7.100e+01
6.300e+01
7.600e+01
5.500e+01
5.200e+01
4.800e+01
5.800e+01
6.500e+01
5.900e+01
7.500e+01
6.700e+01
8.700e+01
8.600e+01
1.040e+02
9.100e+01
9.800e+01
8.200e+01
8.000e+01
7.300e+01
7.300e+01
7.900e+01
7.900e+01
6.700e+01
6.500e+01
8.200e+01
6.900e+01
7.200e+01
9.100e+01
7.400e+01
7.500e+01
9.500e+01
9.800e+01
9.000e+01
1.030e+02
1.240e+02
1.050e+02
1.160e+02
1.250e+02
1.180e+02
1.420e+02
1.290e+02
1.360e+02
1.440e+02
1.210e+02
1.650e+02
2.020e+02
1.580e+02
1.810e+02
1.750e+02
1.740e+02
1.720e+02
1.680e+02
1.770e+02
1.570e+02
1.830e+02
2.060e+02
1.840e+02
2.100e+02
2.040e+02
1.710e+02
1.820e+02
1.930e+02
2.180e+02
1.880e+02
2.510e+02
2.060e+02
2.400e+02
2.750e+02
3.640e+02
3.840e+02
4.050e+02
2.560e+02
2.110e+02
3.540e+02
2.110e+02
1.940e+02
2.040e+02
2.240e+02
2.490e+02
2.340e+02
2.530e+02
2.840e+02
3.240e+02
3.580e+02
4.470e+02
5.450e+02
5.020e+02
5.940e+02
5.000e+02
5.080e+02
5.250e+02
6.550e+02
7.240e+02
7.990e+02
8.180e+02
7.930e+02
7.840e+02
8.480e+02
7.860e+02
7.040e+02
5.700e+02
5.580e+02
4.660e+02
4.420e+02
4.330e+02
4.580e+02
4.450e+02
4.320e+02
4.030e+02
3.390e+02
3.490e+02
2.920e+02
2.300e+02
1.950e+02
2.030e+02
1.720e+02
1.780e+02
2.420e+02
2.860e+02
2.840e+02
2.280e+02
1.540e+02
1.320e+02
1.230e+02
1.190e+02
7.600e+01
8.100e+01
5.000e+01
5.100e+01
3.300e+01
3.700e+01
2.800e+01
2.200e+01
2.300e+01
2.600e+01
1.600e+01
1.100e+01
6.000e+00
1.300e+01
1.900e+01
1.000e+01
6.000e+00
6.000e+00
6.000e+00
5.000e+00
3.000e+00
7.000e+00
5.000e+00
7.000e+00
5.000e+00
8.000e+00
5.000e+00
2.000e+00
5.000e+00
3.000e+00
4.000e+00
1.000e+00
1.000e+00
1.000e+00
5.000e+00
1.000e+00
