5.342e+04
2.805e+04
2.224e+04
1.381e+04
9.867e+03
7.158e+03
4.923e+03
3.546e+03
2.289e+03
1.386e+03
7.740e+02
4.770e+02
3.360e+02
1.970e+02
1.420e+02
1.260e+02
1.130e+02
1.100e+02
9.400e+01
7.700e+01
5.500e+01
6.800e+01
3.800e+01
3.300e+01
3.700e+01
3.600e+01
2.400e+01
3.600e+01
2.300e+01
2.000e+01
1.000e+01
5.000e+00
4.000e+00
5.000e+00
5.000e+00
6.000e+00
3.000e+00
6.000e+00
3.000e+00
2.000e+00
2.000e+00
2.000e+00
3.000e+00
2.000e+00
3.000e+00
4.000e+00
3.000e+00
2.000e+00
2.000e+00
2.000e+00
3.000e+00
5.000e+00
3.000e+00
2.000e+00
4.000e+00
2.000e+00
2.000e+00
1.000e+00
1.000e+00
1.000e+00
1.000e+00
0.000e+00
1.000e+00
2.000e+00
0.000e+00
1.000e+00
2.000e+00
2.000e+00
0.000e+00
1.000e+00
0.000e+00
0.000e+00
0.000e+00
0.000e+00
4.000e+00
1.000e+00
3.000e+00
2.000e+00
1.000e+00
1.000e+00
0.000e+00
1.000e+00
0.000e+00
3.000e+00
2.000e+00
2.000e+00
1.000e+00
0.000e+00
2.000e+00
0.000e+00
0.000e+00
1.000e+00
0.000e+00
0.000e+00
0.000e+00
2.000e+00
3.000e+00
0.000e+00
1.000e+00
0.000e+00
0.000e+00
1.000e+00
1.000e+00
1.000e+00
0.000e+00
0.000e+00
0.000e+00
1.000e+00
2.000e+00
0.000e+00
0.000e+00
0.000e+00
0.000e+00
1.000e+00
2.000e+00
2.000e+00
0.000e+00
0.000e+00
0.000e+00
1.000e+00
0.000e+00
0.000e+00
1.000e+00
1.000e+00
0.000e+00
0.000e+00
1.000e+00
1.000e+00
2.000e+00
0.000e+00
1.000e+00
0.000e+00
0.000e+00
1.000e+00
1.000e+00
1.000e+00
1.000e+00
3.000e+00
1.000e+00
2.000e+00
6.000e+00
4.000e+00
1.000e+01
1.000e+01
1.200e+01
1.200e+01
1.200e+01
1.700e+01
1.400e+01
9.000e+00
1.000e+01
7.000e+00
5.000e+00
8.000e+00
5.000e+00
3.000e+00
4.000e+00
7.000e+00
8.000e+00
5.000e+00
7.000e+00
1.100e+01
8.000e+00
5.000e+00
1.100e+01
3.000e+00
4.000e+00
9.000e+00
7.000e+00
9.000e+00
1.900e+01
1.300e+01
2.400e+01
1.700e+01
2.700e+01
3.400e+01
4.500e+01
4.800e+01
4.800e+01
9.100e+01
3.400e+02
9.800e+01
4.900e+01
4.200e+01
3.500e+01
3.200e+01
3.000e+01
1.700e+01
2.100e+01
1.800e+01
1.200e+01
6.000e+00
1.100e+01
8.000e+00
7.000e+00
7.000e+00
5.000e+00
8.000e+00
1.600e+01
7.000e+00
8.000e+00
8.000e+00
1.000e+01
7.000e+00
4.000e+00
5.000e+00
7.000e+00
1.200e+01
7.000e+00
1.500e+01
1.100e+01
2.600e+01
1.800e+01
1.700e+01
1.600e+01
1.200e+01
1.000e+01
1.300e+01
1.000e+01
1.200e+01
5.000e+00
0.000e+00
5.000e+00
2.000e+00
2.000e+00
0.000e+00
1.000e+00
1.000e+00
1.000e+00
1.000e+00
2.000e+00
0.000e+00
1.000e+00
0.000e+00
0.000e+00
0.000e+00
0.000e+00
0.000e+00
2.000e+00
1.000e+00
0.000e+00
1.000e+00
0.000e+00
1.000e+00
0.000e+00
1.000e+00
0.000e+00
0.000e+00
0.000e+00
2.000e+00
1.000e+00
0.000e+00
1.000e+00
1.000e+00
0.000e+00
2.000e+00
0.000e+00
0.000e+00
2.000e+00
0.000e+00
0.000e+00
2.000e+00
0.000e+00
1.000e+00
2.000e+00
0.000e+00
1.000e+00
0.000e+00
0.000e+00
1.000e+00
0.000e+00
0.000e+00
1.000e+00
1.000e+00
0.000e+00
1.000e+00
0.000e+00
0.000e+00
0.000e+00
0.000e+00
2.000e+00
1.000e+00
1.000e+00
0.000e+00
1.000e+00
2.000e+00
0.000e+00
0.000e+00
0.000e+00
0.000e+00
0.000e+00
1.000e+00
1.000e+00
1.000e+00
1.000e+00
2.000e+00
1.000e+00
0.000e+00
2.000e+00
1.000e+00
1.000e+00
2.000e+00
1.000e+00
2.000e+00
4.000e+00
5.000e+00
1.000e+00
1.000e+00
1.000e+00
2.000e+00
1.000e+00
1.000e+00
1.000e+00
1.000e+00
1.000e+00
2.000e+00
3.000e+00
3.000e+00
7.000e+00
1.000e+00
2.000e+00
6.000e+00
2.000e+00
3.000e+00
2.000e+00
4.000e+00
7.000e+00
5.000e+00
4.000e+00
1.300e+01
9.000e+00
1.300e+01
1.700e+01
2.100e+01
3.900e+01
2.200e+01
3.000e+01
3.200e+01
3.700e+01
5.000e+01
6.100e+01
5.900e+01
1.000e+02
1.160e+02
1.240e+02
1.160e+02
1.330e+02
2.070e+02
3.090e+02
4.490e+02
7.990e+02
1.342e+03
2.225e+03
3.428e+03
4.867e+03
6.862e+03
9.866e+03
1.349e+04
2.176e+04
2.865e+04
