1.143e+04
3.907e+03
2.682e+03
2.183e+03
1.835e+03
1.600e+03
1.391e+03
1.417e+03
1.654e+03
1.841e+03
2.033e+03
3.081e+03
2.901e+03
2.561e+03
2.111e+03
9.290e+02
3.620e+02
3.410e+02
1.880e+02
2.090e+02
3.400e+02
1.320e+02
1.100e+02
1.610e+02
1.470e+02
2.390e+02
5.130e+02
5.200e+02
1.890e+02
1.320e+02
5.200e+01
2.900e+01
3.800e+01
5.500e+01
1.100e+02
1.060e+02
6.700e+01
2.000e+01
1.700e+01
1.300e+01
9.000e+00
1.600e+01
2.700e+01
7.800e+01
2.690e+02
4.000e+01
2.300e+01
3.300e+01
6.200e+01
3.300e+01
6.400e+01
6.000e+01
2.400e+01
2.100e+01
1.200e+01
7.000e+01
2.200e+01
2.900e+01
2.900e+01
9.000e+00
8.000e+00
2.000e+00
2.000e+00
6.000e+00
1.000e+00
1.000e+00
1.000e+00
2.000e+00
2.000e+00
4.000e+00
1.000e+00
1.000e+01
1.000e+00
0.000e+00
0.000e+00
0.000e+00
0.000e+00
0.000e+00
0.000e+00
0.000e+00
0.000e+00
0.000e+00
0.000e+00
0.000e+00
0.000e+00
0.000e+00
0.000e+00
0.000e+00
0.000e+00
0.000e+00
0.000e+00
0.000e+00
0.000e+00
0.000e+00
0.000e+00
0.000e+00
0.000e+00
0.000e+00
0.000e+00
0.000e+00
0.000e+00
0.000e+00
0.000e+00
0.000e+00
0.000e+00
0.000e+00
0.000e+00
0.000e+00
0.000e+00
0.000e+00
0.000e+00
0.000e+00
0.000e+00
0.000e+00
0.000e+00
0.000e+00
0.000e+00
0.000e+00
0.000e+00
0.000e+00
1.000e+00
1.000e+00
0.000e+00
0.000e+00
0.000e+00
0.000e+00
0.000e+00
0.000e+00
0.000e+00
0.000e+00
0.000e+00
0.000e+00
0.000e+00
0.000e+00
0.000e+00
0.000e+00
0.000e+00
0.000e+00
0.000e+00
0.000e+00
0.000e+00
0.000e+00
0.000e+00
0.000e+00
0.000e+00
0.000e+00
0.000e+00
0.000e+00
0.000e+00
0.000e+00
0.000e+00
0.000e+00
0.000e+00
0.000e+00
0.000e+00
0.000e+00
0.000e+00
0.000e+00
0.000e+00
0.000e+00
0.000e+00
0.000e+00
0.000e+00
0.000e+00
0.000e+00
0.000e+00
0.000e+00
0.000e+00
0.000e+00
0.000e+00
0.000e+00
0.000e+00
0.000e+00
0.000e+00
0.000e+00
0.000e+00
0.000e+00
0.000e+00
0.000e+00
0.000e+00
0.000e+00
0.000e+00
0.000e+00
0.000e+00
0.000e+00
0.000e+00
0.000e+00
0.000e+00
0.000e+00
0.000e+00
0.000e+00
0.000e+00
0.000e+00
0.000e+00
0.000e+00
0.000e+00
0.000e+00
0.000e+00
0.000e+00
0.000e+00
0.000e+00
0.000e+00
0.000e+00
0.000e+00
0.000e+00
0.000e+00
0.000e+00
0.000e+00
0.000e+00
0.000e+00
0.000e+00
0.000e+00
0.000e+00
0.000e+00
0.000e+00
0.000e+00
0.000e+00
0.000e+00
0.000e+00
0.000e+00
0.000e+00
0.000e+00
0.000e+00
0.000e+00
0.000e+00
0.000e+00
0.000e+00
0.000e+00
0.000e+00
0.000e+00
0.000e+00
0.000e+00
0.000e+00
0.000e+00
0.000e+00
0.000e+00
0.000e+00
0.000e+00
0.000e+00
0.000e+00
0.000e+00
0.000e+00
0.000e+00
0.000e+00
0.000e+00
0.000e+00
0.000e+00
0.000e+00
0.000e+00
0.000e+00
0.000e+00
0.000e+00
0.000e+00
0.000e+00
0.000e+00
0.000e+00
0.000e+00
0.000e+00
0.000e+00
0.000e+00
0.000e+00
0.000e+00
0.000e+00
0.000e+00
0.000e+00
0.000e+00
0.000e+00
0.000e+00
0.000e+00
0.000e+00
0.000e+00
0.000e+00
0.000e+00
0.000e+00
0.000e+00
0.000e+00
0.000e+00
0.000e+00
0.000e+00
0.000e+00
0.000e+00
0.000e+00
1.000e+00
0.000e+00
0.000e+00
0.000e+00
1.000e+00
0.000e+00
0.000e+00
6.000e+00
3.000e+00
3.000e+00
6.000e+00
2.000e+00
1.000e+00
2.000e+00
1.000e+00
3.000e+00
2.000e+00
1.000e+00
1.000e+01
1.500e+01
2.000e+01
3.200e+01
2.100e+01
5.900e+01
1.000e+01
2.100e+01
2.200e+01
5.200e+01
6.300e+01
4.700e+01
5.200e+01
4.300e+01
2.100e+01
3.200e+01
2.660e+02
6.800e+01
1.900e+01
1.700e+01
1.500e+01
7.000e+00
1.100e+01
2.700e+01
7.500e+01
8.200e+01
1.310e+02
6.200e+01
2.500e+01
4.000e+01
5.800e+01
1.180e+02
2.110e+02
5.780e+02
6.570e+02
2.890e+02
1.810e+02
1.460e+02
1.020e+02
1.130e+02
2.750e+02
1.810e+02
2.120e+02
2.740e+02
3.190e+02
7.640e+02
1.631e+03
2.571e+03
2.999e+03
3.046e+03
2.169e+03
1.687e+03
1.500e+03
1.471e+03
1.361e+03
1.462e+03
1.487e+03
1.854e+03
2.473e+03
3.621e+03
