3.996e+04
4.969e+03
2.483e+03
1.780e+03
1.408e+03
1.278e+03
1.176e+03
1.062e+03
1.081e+03
1.235e+03
1.389e+03
1.537e+03
1.909e+03
1.968e+03
2.199e+03
3.129e+03
4.802e+03
2.431e+03
9.630e+02
7.760e+02
5.390e+02
3.910e+02
3.010e+02
2.040e+02
1.390e+02
1.840e+02
1.850e+02
2.210e+02
1.430e+02
8.000e+01
7.000e+01
1.320e+02
1.560e+02
2.090e+02
5.510e+02
2.620e+02
1.880e+02
9.500e+01
8.800e+01
8.700e+01
7.800e+01
7.200e+01
5.500e+01
5.000e+01
7.500e+01
4.200e+01
5.100e+01
4.700e+01
5.300e+01
4.400e+01
5.800e+01
6.500e+01
6.600e+01
7.700e+01
5.700e+01
8.500e+01
5.800e+01
8.300e+01
1.040e+02
9.600e+01
1.690e+02
1.980e+02
2.340e+02
1.500e+02
1.340e+02
1.080e+02
2.480e+02
1.420e+02
1.320e+02
1.330e+02
3.610e+02
3.590e+02
9.500e+01
1.150e+02
1.010e+02
9.300e+01
6.900e+01
5.600e+01
4.000e+01
5.000e+01
4.400e+01
2.300e+01
2.900e+01
2.600e+01
3.500e+01
1.270e+02
6.900e+01
1.020e+02
1.390e+02
1.120e+02
7.100e+01
8.900e+01
1.140e+02
4.000e+01
2.600e+01
2.500e+01
2.700e+01
3.800e+01
4.200e+01
4.300e+01
4.900e+01
6.500e+01
9.200e+01
1.390e+02
1.360e+02
1.390e+02
2.370e+02
2.490e+02
1.370e+02
2.010e+02
1.630e+02
1.620e+02
2.170e+02
1.960e+02
1.590e+02
1.050e+02
1.150e+02
1.540e+02
2.390e+02
2.270e+02
1.770e+02
1.050e+02
9.600e+01
1.010e+02
7.600e+01
8.300e+01
7.900e+01
6.800e+01
4.000e+01
5.700e+01
3.700e+01
6.500e+01
5.400e+01
5.300e+01
5.100e+01
6.600e+01
7.300e+01
6.200e+01
7.200e+01
5.700e+01
7.800e+01
8.900e+01
9.900e+01
1.090e+02
1.390e+02
2.020e+02
2.560e+02
2.860e+02
2.500e+02
3.330e+02
1.950e+02
1.060e+02
1.190e+02
1.040e+02
1.470e+02
2.330e+02
1.870e+02
2.170e+02
2.270e+02
3.600e+02
4.960e+02
6.470e+02
8.950e+02
1.592e+03
3.805e+03
3.262e+03
2.380e+03
2.091e+03
1.713e+03
1.698e+03
1.591e+03
1.640e+03
1.463e+03
1.326e+03
1.173e+03
1.399e+03
1.792e+03
2.032e+03
2.610e+03
5.691e+03
3.858e+04
6.083e+03
2.678e+03
1.997e+03
1.495e+03
1.304e+03
1.267e+03
1.178e+03
1.306e+03
1.617e+03
1.606e+03
1.797e+03
1.782e+03
1.980e+03
2.459e+03
3.346e+03
3.741e+03
1.587e+03
8.990e+02
7.080e+02
5.380e+02
3.450e+02
2.800e+02
2.470e+02
1.950e+02
2.090e+02
1.510e+02
1.180e+02
1.200e+02
1.090e+02
2.150e+02
3.490e+02
2.580e+02
2.760e+02
2.160e+02
1.560e+02
1.060e+02
8.000e+01
8.400e+01
7.300e+01
6.900e+01
7.200e+01
5.200e+01
4.700e+01
5.200e+01
5.400e+01
4.400e+01
6.300e+01
4.900e+01
4.900e+01
3.600e+01
6.700e+01
6.100e+01
5.800e+01
7.100e+01
8.300e+01
4.500e+01
9.600e+01
7.800e+01
8.500e+01
1.790e+02
1.820e+02
2.100e+02
1.350e+02
9.900e+01
1.240e+02
1.210e+02
1.070e+02
1.970e+02
1.590e+02
1.350e+02
2.070e+02
1.220e+02
2.400e+02
1.990e+02
1.060e+02
1.130e+02
1.090e+02
8.100e+01
5.400e+01
4.900e+01
4.000e+01
3.200e+01
5.000e+01
1.700e+01
2.500e+01
2.600e+01
5.400e+01
1.150e+02
1.120e+02
7.000e+01
1.350e+02
1.010e+02
6.900e+01
7.000e+01
1.380e+02
4.200e+01
3.100e+01
4.000e+01
3.300e+01
2.700e+01
6.000e+01
6.100e+01
7.100e+01
7.700e+01
8.500e+01
1.250e+02
1.270e+02
1.260e+02
3.980e+02
3.560e+02
1.730e+02
1.890e+02
1.730e+02
2.530e+02
1.570e+02
1.580e+02
1.800e+02
2.530e+02
2.350e+02
1.860e+02
1.240e+02
9.800e+01
8.900e+01
6.700e+01
1.090e+02
6.400e+01
6.900e+01
5.900e+01
6.400e+01
4.800e+01
4.500e+01
7.600e+01
5.100e+01
6.200e+01
5.300e+01
4.700e+01
6.600e+01
4.800e+01
8.000e+01
1.030e+02
1.030e+02
1.020e+02
9.800e+01
1.910e+02
2.890e+02
5.210e+02
2.360e+02
1.660e+02
1.450e+02
9.500e+01
1.240e+02
1.540e+02
2.580e+02
1.880e+02
1.520e+02
1.390e+02
1.860e+02
2.560e+02
3.320e+02
5.590e+02
7.590e+02
9.530e+02
2.314e+03
4.813e+03
3.358e+03
2.257e+03
1.898e+03
1.842e+03
1.549e+03
1.486e+03
1.280e+03
1.118e+03
1.048e+03
1.238e+03
1.461e+03
1.690e+03
1.782e+03
2.580e+03
4.949e+03
