3.800e+01
6.000e+00
8.000e+00
1.000e+01
6.000e+00
4.000e+00
4.000e+00
4.000e+00
4.000e+00
2.000e+00
5.000e+00
5.000e+00
7.000e+00
8.000e+00
8.000e+00
2.000e+00
1.000e+00
4.000e+00
1.000e+01
5.000e+00
1.200e+01
1.500e+01
1.700e+01
1.900e+01
1.900e+01
1.700e+01
2.400e+01
2.600e+01
2.200e+01
3.200e+01
3.500e+01
4.500e+01
4.700e+01
6.300e+01
7.400e+01
6.000e+01
8.400e+01
1.000e+02
1.220e+02
1.460e+02
1.940e+02
2.310e+02
3.260e+02
3.030e+02
2.620e+02
2.110e+02
2.220e+02
2.670e+02
2.570e+02
2.850e+02
3.130e+02
3.920e+02
4.350e+02
5.620e+02
5.490e+02
5.550e+02
5.940e+02
5.680e+02
6.270e+02
6.140e+02
7.970e+02
7.820e+02
9.010e+02
1.042e+03
1.016e+03
1.091e+03
1.177e+03
1.230e+03
1.250e+03
1.208e+03
1.214e+03
1.241e+03
1.272e+03
1.335e+03
1.741e+03
1.745e+03
2.070e+03
2.128e+03
1.998e+03
1.943e+03
1.799e+03
1.605e+03
1.496e+03
1.664e+03
1.493e+03
1.549e+03
1.439e+03
1.441e+03
1.505e+03
1.929e+03
1.636e+03
1.636e+03
1.542e+03
1.581e+03
1.256e+03
1.169e+03
1.014e+03
1.019e+03
9.330e+02
8.890e+02
8.930e+02
1.018e+03
9.260e+02
7.980e+02
7.680e+02
7.690e+02
7.450e+02
6.880e+02
5.940e+02
5.380e+02
4.580e+02
4.360e+02
4.150e+02
3.810e+02
3.580e+02
3.330e+02
3.130e+02
2.960e+02
2.550e+02
2.440e+02
2.550e+02
2.270e+02
2.420e+02
2.260e+02
2.340e+02
2.280e+02
2.320e+02
1.720e+02
1.890e+02
1.740e+02
1.630e+02
1.340e+02
1.300e+02
1.220e+02
1.050e+02
8.800e+01
1.070e+02
1.200e+02
1.010e+02
1.020e+02
1.180e+02
1.290e+02
1.140e+02
1.300e+02
9.400e+01
1.200e+02
9.900e+01
1.090e+02
1.050e+02
8.500e+01
8.400e+01
8.900e+01
7.400e+01
8.900e+01
8.400e+01
7.700e+01
7.100e+01
7.500e+01
6.400e+01
6.800e+01
6.900e+01
8.200e+01
9.200e+01
7.600e+01
8.300e+01
8.600e+01
9.000e+01
6.700e+01
6.300e+01
5.600e+01
6.600e+01
6.100e+01
5.400e+01
7.200e+01
4.600e+01
8.300e+01
6.700e+01
1.100e+02
1.080e+02
2.140e+02
1.393e+03
2.210e+02
1.210e+02
8.800e+01
8.200e+01
7.300e+01
6.500e+01
8.300e+01
5.800e+01
6.000e+01
6.500e+01
7.100e+01
6.800e+01
7.500e+01
8.400e+01
7.300e+01
8.500e+01
4.800e+01
7.500e+01
8.300e+01
7.100e+01
9.300e+01
7.700e+01
7.200e+01
6.600e+01
6.800e+01
7.900e+01
6.600e+01
8.600e+01
7.800e+01
9.700e+01
1.000e+02
1.220e+02
1.110e+02
1.180e+02
1.000e+02
1.050e+02
9.600e+01
9.400e+01
1.170e+02
1.120e+02
9.400e+01
1.040e+02
1.050e+02
1.050e+02
1.070e+02
1.200e+02
1.200e+02
1.210e+02
1.520e+02
1.490e+02
1.580e+02
1.850e+02
2.080e+02
1.730e+02
2.030e+02
2.130e+02
2.170e+02
2.620e+02
2.430e+02
2.520e+02
2.530e+02
2.440e+02
2.910e+02
3.510e+02
3.400e+02
3.640e+02
3.810e+02
4.180e+02
4.150e+02
4.570e+02
5.210e+02
5.890e+02
7.220e+02
7.130e+02
7.750e+02
8.540e+02
9.080e+02
9.120e+02
9.380e+02
8.900e+02
9.480e+02
8.930e+02
1.157e+03
1.124e+03
1.215e+03
1.338e+03
1.581e+03
1.589e+03
1.727e+03
1.704e+03
2.027e+03
1.498e+03
1.425e+03
1.459e+03
1.435e+03
1.584e+03
1.670e+03
1.505e+03
1.623e+03
1.784e+03
1.932e+03
1.957e+03
2.249e+03
1.992e+03
1.749e+03
1.778e+03
1.489e+03
1.305e+03
1.217e+03
1.286e+03
1.155e+03
1.239e+03
1.179e+03
1.170e+03
1.122e+03
1.149e+03
1.041e+03
9.500e+02
7.910e+02
7.690e+02
6.680e+02
6.460e+02
5.880e+02
6.010e+02
5.740e+02
5.710e+02
5.090e+02
4.630e+02
4.400e+02
3.720e+02
3.040e+02
2.620e+02
2.520e+02
2.070e+02
2.140e+02
2.690e+02
3.090e+02
3.060e+02
2.520e+02
1.740e+02
1.440e+02
1.430e+02
1.290e+02
8.500e+01
8.800e+01
5.300e+01
5.600e+01
3.900e+01
4.700e+01
3.300e+01
2.300e+01
2.500e+01
3.000e+01
1.900e+01
1.800e+01
1.400e+01
1.700e+01
2.000e+01
1.100e+01
7.000e+00
1.200e+01
7.000e+00
6.000e+00
4.000e+00
7.000e+00
6.000e+00
8.000e+00
5.000e+00
9.000e+00
5.000e+00
5.000e+00
8.000e+00
4.000e+00
4.000e+00
6.000e+00
2.000e+00
2.000e+00
9.000e+00
5.000e+00
