0.000e+00
0.000e+00
1.000e+00
0.000e+00
0.000e+00
2.000e+00
3.000e+00
1.000e+00
1.000e+00
0.000e+00
0.000e+00
0.000e+00
1.000e+00
1.000e+00
0.000e+00
0.000e+00
1.000e+00
0.000e+00
1.000e+00
0.000e+00
0.000e+00
2.000e+00
1.000e+00
0.000e+00
2.000e+00
3.000e+00
6.000e+00
5.000e+00
1.000e+00
5.000e+00
1.100e+01
1.000e+01
1.200e+01
1.900e+01
3.600e+01
7.800e+01
4.300e+01
1.500e+01
1.100e+01
1.400e+01
1.700e+01
1.500e+01
2.400e+01
1.500e+01
2.700e+01
1.900e+01
2.600e+01
2.300e+01
4.100e+01
6.600e+01
3.000e+01
8.600e+01
7.300e+01
6.600e+01
5.500e+01
9.200e+01
8.300e+01
1.080e+02
1.490e+02
1.400e+02
3.100e+02
9.970e+02
1.237e+03
4.520e+02
2.680e+02
2.040e+02
2.590e+02
3.730e+02
5.110e+02
7.190e+02
6.270e+02
5.030e+02
5.480e+02
7.050e+02
6.360e+02
5.280e+02
4.750e+02
5.470e+02
4.650e+02
4.660e+02
3.330e+02
2.970e+02
3.150e+02
2.570e+02
2.530e+02
2.510e+02
2.100e+02
2.590e+02
2.270e+02
1.750e+02
2.220e+02
2.090e+02
2.200e+02
2.110e+02
2.010e+02
1.740e+02
2.370e+02
2.270e+02
2.550e+02
2.190e+02
2.400e+02
2.120e+02
2.370e+02
2.780e+02
2.130e+02
2.070e+02
2.400e+02
2.670e+02
2.450e+02
3.180e+02
2.750e+02
3.520e+02
3.870e+02
4.360e+02
5.010e+02
5.340e+02
6.870e+02
1.122e+03
2.756e+03
2.023e+03
8.430e+02
4.410e+02
3.890e+02
3.680e+02
3.060e+02
2.680e+02
2.250e+02
2.180e+02
2.890e+02
2.770e+02
2.220e+02
1.730e+02
1.740e+02
1.340e+02
1.530e+02
1.360e+02
1.500e+02
1.580e+02
1.650e+02
1.760e+02
1.910e+02
2.040e+02
1.820e+02
1.640e+02
2.760e+02
5.900e+02
4.110e+02
1.780e+02
1.770e+02
1.750e+02
1.850e+02
1.470e+02
1.060e+02
1.630e+02
2.020e+02
2.120e+02
1.790e+02
1.460e+02
1.660e+02
2.160e+02
1.030e+02
1.390e+02
1.120e+02
9.500e+01
7.600e+01
8.300e+01
7.900e+01
9.800e+01
7.400e+01
4.600e+01
4.600e+01
4.200e+01
4.100e+01
3.100e+01
3.000e+01
3.300e+01
3.700e+01
2.800e+01
2.800e+01
3.100e+01
3.900e+01
3.100e+01
2.000e+01
3.300e+01
2.400e+01
3.000e+01
3.000e+01
2.900e+01
2.500e+01
2.700e+01
4.000e+01
4.300e+01
4.800e+01
4.700e+01
7.200e+01
7.300e+01
6.600e+01
8.100e+01
9.700e+01
1.370e+02
1.220e+02
1.920e+02
1.640e+02
1.430e+02
1.380e+02
1.920e+02
2.020e+02
1.320e+02
1.450e+02
1.900e+02
1.980e+02
2.220e+02
1.790e+02
1.860e+02
4.320e+02
6.120e+02
2.010e+02
1.500e+02
1.470e+02
1.460e+02
1.330e+02
1.340e+02
1.250e+02
1.460e+02
1.840e+02
1.550e+02
1.390e+02
1.420e+02
1.340e+02
1.780e+02
2.470e+02
2.820e+02
2.670e+02
2.320e+02
2.340e+02
2.720e+02
3.770e+02
4.140e+02
4.440e+02
5.740e+02
9.550e+02
2.129e+03
2.695e+03
1.096e+03
6.660e+02
6.770e+02
5.650e+02
5.920e+02
5.300e+02
5.190e+02
3.820e+02
3.670e+02
3.080e+02
2.960e+02
2.940e+02
2.660e+02
2.330e+02
2.460e+02
2.190e+02
2.560e+02
2.390e+02
2.550e+02
2.910e+02
2.560e+02
2.370e+02
2.430e+02
2.270e+02
2.260e+02
2.290e+02
2.400e+02
2.040e+02
2.510e+02
2.430e+02
2.510e+02
2.680e+02
2.710e+02
3.200e+02
2.840e+02
3.830e+02
2.990e+02
2.830e+02
3.870e+02
3.750e+02
4.400e+02
4.550e+02
4.730e+02
5.280e+02
4.960e+02
4.250e+02
3.490e+02
4.810e+02
4.810e+02
3.360e+02
2.730e+02
2.010e+02
2.030e+02
2.150e+02
4.180e+02
1.180e+03
1.031e+03
2.820e+02
1.410e+02
9.800e+01
1.080e+02
9.400e+01
7.800e+01
4.400e+01
5.700e+01
5.700e+01
6.600e+01
4.200e+01
6.300e+01
3.800e+01
4.500e+01
2.800e+01
2.000e+01
1.300e+01
2.300e+01
1.600e+01
2.000e+01
3.200e+01
2.500e+01
1.900e+01
2.800e+01
4.500e+01
7.300e+01
2.300e+01
7.000e+00
5.000e+00
3.000e+00
2.000e+00
2.000e+00
1.000e+00
2.000e+00
6.000e+00
4.000e+00
2.000e+00
0.000e+00
1.000e+00
0.000e+00
1.000e+00
2.000e+00
0.000e+00
0.000e+00
2.000e+00
1.000e+00
1.000e+00
1.000e+00
1.000e+00
2.000e+00
0.000e+00
1.000e+00
1.000e+00
1.000e+00
1.000e+00
0.000e+00
1.000e+00
0.000e+00
0.000e+00
0.000e+00
