0.000e+00
3.000e+00
3.000e+00
7.000e+00
4.000e+00
5.000e+00
5.000e+00
5.000e+00
1.000e+01
6.000e+00
4.000e+00
4.000e+00
4.000e+00
9.000e+00
5.000e+00
9.000e+00
6.000e+00
1.500e+01
8.000e+00
8.000e+00
7.000e+00
1.100e+01
1.800e+01
1.000e+01
1.600e+01
1.800e+01
1.500e+01
2.600e+01
2.900e+01
3.500e+01
2.300e+01
2.100e+01
3.100e+01
3.800e+01
3.000e+01
4.600e+01
7.200e+01
8.200e+01
5.800e+01
6.300e+01
9.800e+01
1.550e+02
1.190e+02
9.000e+01
1.200e+02
1.210e+02
1.890e+02
1.880e+02
1.790e+02
2.540e+02
2.890e+02
2.880e+02
2.860e+02
4.360e+02
4.270e+02
4.000e+02
2.150e+02
1.810e+02
2.000e+02
1.410e+02
1.490e+02
1.900e+02
1.580e+02
1.670e+02
1.340e+02
1.640e+02
1.770e+02
1.390e+02
1.310e+02
1.030e+02
1.190e+02
1.120e+02
9.200e+01
9.200e+01
7.600e+01
6.500e+01
6.400e+01
5.000e+01
4.300e+01
4.700e+01
3.700e+01
1.700e+01
1.900e+01
2.300e+01
2.600e+01
1.900e+01
3.700e+01
3.000e+01
1.600e+01
2.100e+01
2.100e+01
2.600e+01
2.400e+01
3.000e+01
3.500e+01
5.000e+01
4.700e+01
8.200e+01
9.100e+01
6.400e+01
4.500e+01
3.400e+01
2.500e+01
5.000e+01
3.500e+01
3.600e+01
3.600e+01
5.100e+01
3.400e+01
2.900e+01
4.000e+01
4.300e+01
6.400e+01
8.400e+01
7.800e+01
9.100e+01
1.160e+02
1.030e+02
1.350e+02
1.670e+02
2.340e+02
2.300e+02
2.880e+02
2.240e+02
2.470e+02
2.320e+02
2.830e+02
2.900e+02
2.150e+02
2.040e+02
1.520e+02
1.630e+02
1.520e+02
1.420e+02
1.370e+02
1.240e+02
1.120e+02
1.370e+02
1.510e+02
1.450e+02
1.070e+02
9.200e+01
1.400e+02
1.250e+02
1.060e+02
1.380e+02
1.300e+02
1.330e+02
1.380e+02
1.420e+02
1.380e+02
1.370e+02
1.380e+02
1.060e+02
1.320e+02
1.410e+02
1.470e+02
1.170e+02
1.540e+02
2.100e+02
1.690e+02
1.380e+02
1.350e+02
1.660e+02
1.570e+02
1.180e+02
1.270e+02
1.100e+02
1.010e+02
9.800e+01
6.900e+01
6.600e+01
5.400e+01
8.800e+01
5.800e+01
8.300e+01
6.000e+01
5.700e+01
5.800e+01
6.400e+01
7.800e+01
6.200e+01
4.700e+01
7.400e+01
5.700e+01
6.200e+01
5.400e+01
6.100e+01
6.800e+01
7.200e+01
5.300e+01
7.100e+01
9.000e+01
8.800e+01
1.080e+02
1.250e+02
1.120e+02
1.370e+02
1.220e+02
1.340e+02
1.470e+02
1.310e+02
1.330e+02
1.000e+02
8.400e+01
1.110e+02
1.540e+02
1.280e+02
1.310e+02
1.480e+02
1.100e+02
1.170e+02
1.310e+02
1.010e+02
1.180e+02
1.220e+02
8.400e+01
9.400e+01
1.220e+02
1.110e+02
1.420e+02
1.230e+02
1.130e+02
1.230e+02
1.470e+02
1.360e+02
1.250e+02
1.360e+02
1.770e+02
1.420e+02
1.480e+02
1.470e+02
1.480e+02
1.350e+02
1.590e+02
1.540e+02
1.030e+02
1.070e+02
1.430e+02
1.760e+02
1.640e+02
1.480e+02
1.270e+02
9.600e+01
1.100e+02
7.600e+01
7.300e+01
6.800e+01
6.800e+01
6.000e+01
4.300e+01
4.500e+01
4.400e+01
5.100e+01
5.500e+01
3.600e+01
4.100e+01
2.900e+01
3.800e+01
2.900e+01
5.200e+01
6.900e+01
5.100e+01
5.600e+01
4.300e+01
3.400e+01
3.300e+01
2.700e+01
2.000e+01
2.100e+01
1.700e+01
8.000e+00
7.000e+00
1.800e+01
3.200e+01
1.500e+01
1.700e+01
2.000e+01
3.400e+01
4.000e+01
3.600e+01
4.500e+01
5.400e+01
5.100e+01
6.400e+01
6.000e+01
5.500e+01
7.500e+01
9.500e+01
9.600e+01
9.600e+01
1.070e+02
1.390e+02
1.350e+02
1.260e+02
1.150e+02
9.400e+01
9.900e+01
1.330e+02
1.510e+02
1.590e+02
1.630e+02
2.050e+02
2.170e+02
3.640e+02
6.140e+02
7.010e+02
5.800e+02
3.930e+02
2.900e+02
2.810e+02
2.630e+02
3.250e+02
3.270e+02
2.320e+02
1.740e+02
1.800e+02
2.060e+02
1.950e+02
2.600e+02
1.680e+02
1.220e+02
1.030e+02
6.500e+01
7.600e+01
5.200e+01
3.700e+01
2.900e+01
2.400e+01
3.000e+01
3.400e+01
4.500e+01
2.800e+01
3.800e+01
2.400e+01
2.000e+01
1.900e+01
1.300e+01
6.000e+00
1.400e+01
1.600e+01
5.000e+00
1.000e+01
1.100e+01
1.300e+01
7.000e+00
5.000e+00
3.000e+00
8.000e+00
4.000e+00
3.000e+00
6.000e+00
4.000e+00
9.000e+00
3.000e+00
1.300e+01
4.000e+00
7.000e+00
2.000e+00
3.000e+00
