5.052e+03
1.405e+03
8.980e+02
7.740e+02
7.700e+02
6.850e+02
6.230e+02
6.210e+02
5.890e+02
5.170e+02
3.930e+02
3.960e+02
3.650e+02
3.270e+02
3.140e+02
3.020e+02
3.360e+02
3.100e+02
3.040e+02
2.940e+02
2.880e+02
2.570e+02
2.840e+02
2.830e+02
2.580e+02
2.950e+02
2.530e+02
2.700e+02
2.580e+02
2.510e+02
2.610e+02
3.070e+02
2.660e+02
3.340e+02
2.610e+02
2.780e+02
2.740e+02
2.930e+02
3.180e+02
2.870e+02
2.700e+02
2.920e+02
2.620e+02
2.430e+02
2.710e+02
2.500e+02
2.690e+02
2.660e+02
1.880e+02
1.370e+02
1.250e+02
1.250e+02
1.010e+02
9.600e+01
8.000e+01
9.300e+01
6.900e+01
8.400e+01
6.400e+01
5.200e+01
6.200e+01
5.900e+01
5.900e+01
4.600e+01
4.300e+01
3.100e+01
2.500e+01
3.000e+01
2.800e+01
2.700e+01
3.600e+01
3.200e+01
2.400e+01
1.400e+01
1.600e+01
1.800e+01
1.100e+01
1.500e+01
1.300e+01
2.200e+01
1.100e+01
1.500e+01
1.200e+01
1.300e+01
2.300e+01
1.300e+01
9.000e+00
1.000e+01
9.000e+00
1.100e+01
1.200e+01
1.000e+01
9.000e+00
1.000e+01
7.000e+00
8.000e+00
2.000e+00
1.000e+01
2.000e+00
4.000e+00
7.000e+00
5.000e+00
6.000e+00
6.000e+00
1.000e+00
6.000e+00
2.000e+00
2.000e+00
1.000e+00
6.000e+00
0.000e+00
3.000e+00
2.000e+00
3.000e+00
2.000e+00
1.000e+00
0.000e+00
1.000e+00
4.000e+00
3.000e+00
4.000e+00
3.000e+00
3.000e+00
1.000e+00
4.000e+00
2.000e+00
2.000e+00
5.000e+00
1.000e+00
2.000e+00
3.000e+00
4.000e+00
2.000e+00
3.000e+00
8.000e+00
5.000e+00
4.000e+00
6.000e+00
2.000e+00
6.000e+00
1.600e+01
1.800e+01
1.200e+01
2.400e+01
1.800e+01
1.900e+01
2.400e+01
2.100e+01
2.300e+01
2.500e+01
2.100e+01
2.300e+01
3.100e+01
5.500e+01
5.500e+01
4.300e+01
6.400e+01
7.600e+01
6.100e+01
6.800e+01
7.700e+01
1.260e+02
1.400e+02
2.070e+02
1.640e+02
2.660e+02
3.400e+02
3.480e+02
4.100e+02
3.990e+02
3.650e+02
3.630e+02
5.450e+02
4.790e+02
3.820e+02
3.180e+02
3.100e+02
3.570e+02
4.020e+02
5.680e+02
2.764e+03
5.420e+02
4.200e+02
4.120e+02
3.970e+02
4.520e+02
5.730e+02
7.810e+02
7.260e+02
4.680e+02
4.920e+02
6.230e+02
6.460e+02
5.550e+02
4.320e+02
3.460e+02
2.780e+02
3.160e+02
1.980e+02
1.550e+02
1.260e+02
8.700e+01
1.120e+02
8.600e+01
6.900e+01
6.500e+01
5.100e+01
5.200e+01
3.000e+01
3.400e+01
3.600e+01
3.100e+01
3.300e+01
2.200e+01
2.300e+01
4.000e+01
2.600e+01
2.600e+01
1.400e+01
1.000e+01
9.000e+00
8.000e+00
5.000e+00
8.000e+00
7.000e+00
4.000e+00
7.000e+00
7.000e+00
6.000e+00
6.000e+00
6.000e+00
4.000e+00
1.000e+00
5.000e+00
6.000e+00
2.000e+00
3.000e+00
3.000e+00
1.000e+00
5.000e+00
3.000e+00
1.000e+00
6.000e+00
4.000e+00
2.000e+00
1.000e+00
5.000e+00
2.000e+00
3.000e+00
3.000e+00
5.000e+00
9.000e+00
1.300e+01
5.000e+00
7.000e+00
7.000e+00
2.000e+00
8.000e+00
7.000e+00
1.100e+01
5.000e+00
4.000e+00
7.000e+00
4.000e+00
7.000e+00
7.000e+00
1.300e+01
1.100e+01
1.000e+01
4.000e+00
1.500e+01
9.000e+00
8.000e+00
1.200e+01
1.300e+01
1.700e+01
1.500e+01
1.500e+01
9.000e+00
2.000e+01
1.200e+01
2.000e+01
1.900e+01
1.700e+01
2.300e+01
1.800e+01
1.600e+01
3.500e+01
4.600e+01
2.800e+01
2.600e+01
2.500e+01
4.000e+01
3.700e+01
3.800e+01
5.200e+01
4.900e+01
6.800e+01
6.700e+01
5.500e+01
5.400e+01
3.700e+01
5.300e+01
7.300e+01
7.200e+01
8.900e+01
7.100e+01
7.100e+01
8.800e+01
8.700e+01
1.060e+02
1.230e+02
1.300e+02
1.450e+02
1.900e+02
1.930e+02
1.960e+02
2.160e+02
2.400e+02
2.750e+02
2.900e+02
2.540e+02
2.830e+02
2.210e+02
2.820e+02
2.640e+02
2.470e+02
2.280e+02
2.110e+02
2.350e+02
2.860e+02
2.600e+02
2.520e+02
2.650e+02
2.570e+02
2.350e+02
2.910e+02
2.530e+02
2.370e+02
2.670e+02
2.980e+02
3.160e+02
3.160e+02
3.330e+02
3.340e+02
3.050e+02
3.110e+02
3.170e+02
3.120e+02
3.580e+02
3.900e+02
4.260e+02
4.090e+02
5.160e+02
5.690e+02
5.580e+02
7.170e+02
7.800e+02
1.079e+03
1.591e+03
