1.162e+04
1.855e+03
8.730e+02
5.910e+02
5.440e+02
4.610e+02
4.410e+02
3.780e+02
3.560e+02
3.410e+02
3.510e+02
3.860e+02
4.160e+02
4.800e+02
4.900e+02
4.350e+02
4.850e+02
3.600e+02
3.780e+02
3.150e+02
2.540e+02
2.850e+02
3.050e+02
2.570e+02
2.640e+02
2.390e+02
3.620e+02
2.900e+02
2.630e+02
2.800e+02
3.350e+02
3.430e+02
3.490e+02
4.360e+02
5.900e+02
5.230e+02
2.870e+02
3.260e+02
3.510e+02
3.230e+02
4.250e+02
3.700e+02
3.340e+02
3.820e+02
4.160e+02
4.130e+02
4.230e+02
4.580e+02
4.470e+02
5.330e+02
5.940e+02
6.020e+02
5.800e+02
6.640e+02
6.990e+02
7.940e+02
1.127e+03
1.326e+03
1.414e+03
3.265e+03
1.129e+04
2.863e+03
1.890e+03
1.035e+03
9.760e+02
9.110e+02
8.230e+02
8.390e+02
8.100e+02
7.120e+02
7.540e+02
8.220e+02
7.590e+02
8.090e+02
7.020e+02
6.020e+02
5.860e+02
5.070e+02
5.020e+02
4.610e+02
4.270e+02
4.560e+02
4.130e+02
4.540e+02
4.620e+02
4.330e+02
4.470e+02
4.380e+02
5.380e+02
6.740e+02
5.990e+02
5.610e+02
4.530e+02
4.060e+02
4.060e+02
3.640e+02
3.930e+02
3.990e+02
4.430e+02
4.420e+02
4.450e+02
4.540e+02
4.730e+02
5.060e+02
5.940e+02
6.590e+02
6.630e+02
6.690e+02
6.690e+02
6.660e+02
6.450e+02
6.440e+02
7.520e+02
7.620e+02
7.210e+02
6.910e+02
8.630e+02
1.048e+03
1.569e+03
3.011e+03
1.007e+04
3.584e+03
1.256e+03
9.910e+02
1.003e+03
8.950e+02
7.140e+02
6.850e+02
5.900e+02
5.580e+02
6.070e+02
4.800e+02
4.660e+02
4.540e+02
4.640e+02
3.810e+02
3.300e+02
3.030e+02
3.840e+02
4.640e+02
3.840e+02
3.720e+02
2.970e+02
3.820e+02
4.720e+02
5.490e+02
5.990e+02
4.310e+02
3.540e+02
3.650e+02
3.130e+02
2.850e+02
2.670e+02
1.880e+02
2.710e+02
2.330e+02
2.280e+02
2.300e+02
2.770e+02
2.610e+02
2.840e+02
2.740e+02
2.810e+02
3.360e+02
3.350e+02
5.690e+02
5.360e+02
4.880e+02
4.500e+02
4.330e+02
4.400e+02
4.040e+02
3.450e+02
3.590e+02
4.290e+02
4.940e+02
5.780e+02
5.960e+02
7.410e+02
1.637e+03
1.274e+04
1.671e+03
7.680e+02
6.080e+02
5.710e+02
5.310e+02
3.870e+02
3.580e+02
3.930e+02
4.200e+02
3.940e+02
4.550e+02
4.610e+02
5.550e+02
5.510e+02
5.040e+02
3.880e+02
3.500e+02
2.710e+02
3.080e+02
2.900e+02
2.970e+02
2.610e+02
2.480e+02
2.250e+02
3.010e+02
3.110e+02
2.490e+02
3.070e+02
2.820e+02
3.220e+02
3.610e+02
3.780e+02
4.470e+02
6.090e+02
5.060e+02
4.910e+02
3.760e+02
2.930e+02
3.770e+02
3.190e+02
3.560e+02
3.620e+02
3.260e+02
3.850e+02
4.190e+02
4.300e+02
4.770e+02
4.910e+02
5.090e+02
6.290e+02
6.440e+02
6.600e+02
6.200e+02
7.520e+02
9.800e+02
1.014e+03
1.002e+03
1.263e+03
3.491e+03
1.021e+04
3.015e+03
1.707e+03
1.097e+03
8.690e+02
7.690e+02
7.540e+02
7.820e+02
7.600e+02
7.270e+02
7.080e+02
7.250e+02
6.960e+02
7.540e+02
6.200e+02
6.910e+02
5.930e+02
5.300e+02
5.100e+02
4.710e+02
4.560e+02
4.320e+02
4.220e+02
4.500e+02
4.490e+02
3.980e+02
4.880e+02
4.570e+02
5.400e+02
4.950e+02
5.210e+02
6.980e+02
5.470e+02
4.950e+02
3.870e+02
4.390e+02
4.360e+02
3.970e+02
3.970e+02
4.260e+02
4.210e+02
4.200e+02
4.600e+02
4.950e+02
5.230e+02
6.060e+02
7.370e+02
7.060e+02
7.650e+02
7.540e+02
6.880e+02
6.750e+02
7.630e+02
7.420e+02
8.190e+02
8.690e+02
9.590e+02
1.014e+03
1.797e+03
2.850e+03
1.115e+04
3.345e+03
1.345e+03
1.221e+03
1.153e+03
7.020e+02
6.480e+02
6.260e+02
6.020e+02
5.240e+02
5.340e+02
5.640e+02
3.950e+02
3.590e+02
3.890e+02
5.180e+02
4.530e+02
4.500e+02
3.240e+02
4.030e+02
4.430e+02
3.410e+02
3.570e+02
3.640e+02
3.170e+02
5.180e+02
5.360e+02
4.260e+02
3.260e+02
3.020e+02
3.160e+02
2.880e+02
2.490e+02
2.370e+02
2.790e+02
1.970e+02
2.640e+02
2.900e+02
2.760e+02
2.730e+02
2.950e+02
2.880e+02
3.060e+02
4.000e+02
4.860e+02
4.280e+02
4.240e+02
4.470e+02
4.420e+02
3.970e+02
3.400e+02
3.320e+02
3.600e+02
3.510e+02
3.850e+02
4.830e+02
4.830e+02
5.760e+02
8.270e+02
1.854e+03
