1.891e+03
6.830e+02
4.930e+02
4.820e+02
4.140e+02
3.610e+02
3.760e+02
3.450e+02
2.680e+02
2.940e+02
2.880e+02
2.770e+02
2.500e+02
2.620e+02
3.050e+02
2.170e+02
2.150e+02
2.050e+02
2.190e+02
2.290e+02
2.250e+02
1.950e+02
2.030e+02
1.970e+02
1.770e+02
1.940e+02
1.890e+02
1.790e+02
2.180e+02
2.460e+02
1.780e+02
1.820e+02
1.820e+02
1.970e+02
1.790e+02
1.820e+02
1.500e+02
1.540e+02
1.580e+02
1.780e+02
1.630e+02
1.700e+02
1.610e+02
1.470e+02
1.790e+02
1.630e+02
1.710e+02
1.550e+02
1.650e+02
1.600e+02
1.300e+02
1.080e+02
1.040e+02
8.600e+01
1.130e+02
9.800e+01
8.700e+01
9.300e+01
9.100e+01
9.100e+01
1.030e+02
5.900e+01
7.400e+01
5.400e+01
5.400e+01
3.500e+01
4.500e+01
5.800e+01
6.900e+01
4.200e+01
5.500e+01
3.400e+01
2.500e+01
3.700e+01
4.800e+01
4.200e+01
5.400e+01
4.500e+01
3.300e+01
5.600e+01
5.100e+01
3.900e+01
3.400e+01
2.900e+01
3.000e+01
3.600e+01
3.700e+01
1.070e+02
1.390e+02
5.800e+01
4.000e+01
3.900e+01
3.200e+01
3.700e+01
3.500e+01
3.100e+01
5.200e+01
4.000e+01
3.100e+01
4.000e+01
4.800e+01
3.500e+01
3.400e+01
3.900e+01
2.900e+01
3.100e+01
4.000e+01
3.700e+01
4.800e+01
5.300e+01
3.700e+01
4.700e+01
3.600e+01
4.300e+01
3.900e+01
5.700e+01
5.900e+01
6.100e+01
3.400e+01
4.600e+01
6.800e+01
8.900e+01
7.800e+01
7.600e+01
7.900e+01
9.100e+01
7.000e+01
9.300e+01
8.000e+01
9.600e+01
9.400e+01
1.460e+02
1.650e+02
1.390e+02
2.000e+02
1.660e+02
2.100e+02
2.030e+02
1.620e+02
1.780e+02
1.790e+02
1.610e+02
1.560e+02
1.590e+02
1.790e+02
1.700e+02
1.580e+02
1.890e+02
1.590e+02
2.140e+02
1.730e+02
1.610e+02
1.700e+02
2.110e+02
2.260e+02
2.550e+02
2.250e+02
1.670e+02
1.990e+02
2.080e+02
1.850e+02
2.060e+02
2.040e+02
2.000e+02
2.070e+02
2.390e+02
2.370e+02
2.480e+02
2.790e+02
2.480e+02
2.700e+02
2.930e+02
3.170e+02
3.710e+02
3.760e+02
4.600e+02
4.540e+02
5.940e+02
6.290e+02
6.710e+02
2.033e+03
7.470e+02
5.980e+02
5.110e+02
3.970e+02
4.480e+02
3.680e+02
3.250e+02
3.100e+02
2.630e+02
2.970e+02
2.670e+02
3.110e+02
2.780e+02
2.360e+02
2.340e+02
2.540e+02
2.490e+02
2.140e+02
2.130e+02
1.530e+02
2.110e+02
2.000e+02
1.850e+02
2.120e+02
2.120e+02
2.480e+02
2.020e+02
1.850e+02
1.660e+02
1.790e+02
1.930e+02
1.630e+02
1.860e+02
1.540e+02
1.460e+02
1.480e+02
1.470e+02
1.710e+02
1.590e+02
1.380e+02
1.530e+02
1.400e+02
1.510e+02
1.450e+02
1.590e+02
1.340e+02
1.600e+02
1.290e+02
1.190e+02
8.200e+01
8.600e+01
8.200e+01
8.200e+01
6.900e+01
8.800e+01
7.800e+01
9.500e+01
8.800e+01
9.300e+01
8.600e+01
8.300e+01
5.000e+01
5.100e+01
5.900e+01
5.200e+01
3.800e+01
6.000e+01
3.800e+01
3.100e+01
4.300e+01
4.300e+01
5.100e+01
4.500e+01
2.700e+01
2.600e+01
2.500e+01
2.700e+01
5.300e+01
2.600e+01
3.500e+01
5.300e+01
4.600e+01
3.800e+01
5.200e+01
3.600e+01
3.900e+01
3.900e+01
3.000e+01
3.800e+01
4.200e+01
6.100e+01
1.540e+02
8.900e+01
3.500e+01
3.300e+01
3.600e+01
2.800e+01
3.500e+01
3.900e+01
4.900e+01
4.100e+01
3.500e+01
3.500e+01
5.500e+01
4.700e+01
4.400e+01
3.000e+01
5.400e+01
4.400e+01
3.200e+01
4.500e+01
8.100e+01
4.600e+01
5.300e+01
5.200e+01
4.700e+01
4.500e+01
6.000e+01
5.800e+01
8.500e+01
6.000e+01
7.200e+01
8.600e+01
9.500e+01
8.800e+01
1.120e+02
1.010e+02
9.000e+01
1.340e+02
1.400e+02
1.730e+02
1.980e+02
1.960e+02
1.990e+02
2.360e+02
2.130e+02
1.950e+02
2.040e+02
1.810e+02
1.610e+02
1.860e+02
1.600e+02
1.530e+02
1.590e+02
1.920e+02
1.930e+02
1.780e+02
1.930e+02
1.630e+02
2.130e+02
2.330e+02
1.950e+02
1.920e+02
2.260e+02
2.120e+02
1.470e+02
2.090e+02
1.970e+02
1.880e+02
2.280e+02
1.910e+02
1.950e+02
2.060e+02
2.140e+02
2.020e+02
2.560e+02
2.720e+02
2.690e+02
2.890e+02
2.800e+02
2.590e+02
3.730e+02
4.090e+02
3.640e+02
4.020e+02
4.280e+02
4.750e+02
5.110e+02
5.740e+02
