5.545e+04
6.936e+03
3.618e+03
2.865e+03
2.307e+03
2.160e+03
2.162e+03
2.047e+03
2.167e+03
2.459e+03
2.770e+03
2.998e+03
3.734e+03
4.043e+03
4.917e+03
6.727e+03
9.143e+03
6.998e+03
5.142e+03
4.273e+03
3.177e+03
2.696e+03
2.176e+03
1.763e+03
1.453e+03
1.231e+03
1.136e+03
1.127e+03
1.037e+03
8.450e+02
9.010e+02
8.940e+02
9.270e+02
1.180e+03
1.380e+03
1.065e+03
1.169e+03
9.480e+02
7.150e+02
5.660e+02
4.520e+02
4.040e+02
2.330e+02
2.460e+02
2.450e+02
2.180e+02
2.710e+02
2.880e+02
2.480e+02
2.440e+02
2.210e+02
1.720e+02
1.360e+02
1.860e+02
2.520e+02
2.780e+02
1.860e+02
2.270e+02
3.280e+02
3.030e+02
2.960e+02
2.400e+02
2.710e+02
1.790e+02
1.590e+02
1.280e+02
2.700e+02
1.640e+02
1.550e+02
1.620e+02
3.740e+02
3.870e+02
1.320e+02
1.560e+02
1.410e+02
1.180e+02
9.300e+01
7.600e+01
6.600e+01
6.100e+01
6.100e+01
3.800e+01
5.400e+01
5.300e+01
7.000e+01
1.680e+02
1.020e+02
2.210e+02
2.490e+02
2.050e+02
1.540e+02
1.710e+02
1.650e+02
7.800e+01
5.700e+01
5.400e+01
6.300e+01
8.000e+01
7.900e+01
8.400e+01
9.000e+01
8.500e+01
1.300e+02
1.790e+02
2.330e+02
2.210e+02
2.800e+02
2.850e+02
1.890e+02
2.520e+02
2.090e+02
2.140e+02
2.460e+02
2.220e+02
1.870e+02
1.330e+02
1.470e+02
1.900e+02
2.910e+02
3.360e+02
3.310e+02
2.940e+02
2.870e+02
2.160e+02
1.860e+02
2.450e+02
3.240e+02
2.200e+02
2.470e+02
2.220e+02
2.040e+02
2.890e+02
2.090e+02
1.970e+02
2.390e+02
2.420e+02
2.420e+02
2.330e+02
3.670e+02
3.030e+02
3.400e+02
4.590e+02
4.970e+02
6.240e+02
7.110e+02
9.000e+02
1.219e+03
1.277e+03
1.234e+03
1.305e+03
1.034e+03
1.032e+03
1.219e+03
1.308e+03
1.321e+03
1.514e+03
1.675e+03
1.829e+03
2.461e+03
3.049e+03
3.109e+03
3.953e+03
5.552e+03
7.939e+03
1.001e+04
8.115e+03
5.942e+03
4.956e+03
3.905e+03
3.558e+03
3.121e+03
3.006e+03
2.741e+03
2.571e+03
2.352e+03
2.595e+03
3.101e+03
3.150e+03
3.781e+03
7.776e+03
5.386e+04
8.200e+03
3.811e+03
3.124e+03
2.637e+03
2.463e+03
2.366e+03
2.419e+03
2.691e+03
2.974e+03
3.078e+03
3.527e+03
3.876e+03
4.471e+03
5.516e+03
7.285e+03
8.216e+03
6.048e+03
4.313e+03
3.387e+03
2.589e+03
2.385e+03
2.024e+03
1.716e+03
1.548e+03
1.356e+03
1.237e+03
1.184e+03
1.096e+03
9.300e+02
9.840e+02
1.198e+03
1.108e+03
1.262e+03
1.162e+03
8.190e+02
6.490e+02
5.630e+02
4.620e+02
4.390e+02
3.240e+02
3.430e+02
3.430e+02
2.630e+02
2.470e+02
2.190e+02
2.200e+02
2.200e+02
2.130e+02
3.090e+02
1.980e+02
2.060e+02
2.110e+02
1.900e+02
3.110e+02
2.370e+02
1.660e+02
2.330e+02
2.540e+02
2.660e+02
3.480e+02
2.760e+02
2.450e+02
1.750e+02
1.160e+02
1.470e+02
1.400e+02
1.320e+02
2.180e+02
1.840e+02
1.540e+02
2.280e+02
1.550e+02
2.760e+02
2.200e+02
1.410e+02
1.570e+02
1.350e+02
1.010e+02
6.800e+01
6.700e+01
5.300e+01
5.300e+01
6.700e+01
4.200e+01
4.500e+01
5.400e+01
9.400e+01
1.540e+02
1.600e+02
1.310e+02
2.390e+02
2.450e+02
1.690e+02
1.270e+02
2.020e+02
9.000e+01
5.600e+01
8.500e+01
7.800e+01
6.500e+01
9.200e+01
9.300e+01
1.240e+02
1.190e+02
1.390e+02
2.230e+02
1.930e+02
1.740e+02
4.520e+02
3.910e+02
2.050e+02
2.470e+02
1.990e+02
2.860e+02
1.820e+02
1.870e+02
2.270e+02
2.820e+02
2.970e+02
2.990e+02
3.690e+02
3.070e+02
2.540e+02
1.790e+02
3.120e+02
2.420e+02
1.720e+02
1.570e+02
1.820e+02
2.470e+02
2.730e+02
3.020e+02
2.890e+02
2.620e+02
2.290e+02
2.250e+02
2.840e+02
2.610e+02
4.050e+02
4.460e+02
6.070e+02
7.310e+02
9.540e+02
1.217e+03
1.211e+03
1.471e+03
1.229e+03
1.062e+03
9.590e+02
9.760e+02
1.083e+03
1.162e+03
1.318e+03
1.323e+03
1.396e+03
1.702e+03
2.219e+03
2.878e+03
3.375e+03
4.362e+03
6.066e+03
6.828e+03
8.088e+03
9.995e+03
7.231e+03
5.041e+03
3.957e+03
3.611e+03
3.012e+03
2.824e+03
2.530e+03
2.250e+03
2.111e+03
2.156e+03
2.306e+03
2.672e+03
2.863e+03
3.711e+03
7.029e+03
