1.856e+04
3.516e+03
1.844e+03
1.424e+03
1.254e+03
1.046e+03
1.007e+03
8.850e+02
7.820e+02
7.740e+02
8.100e+02
7.940e+02
8.230e+02
8.990e+02
9.560e+02
8.490e+02
9.250e+02
8.020e+02
8.310e+02
8.280e+02
7.190e+02
7.100e+02
8.040e+02
7.290e+02
7.160e+02
7.130e+02
8.390e+02
7.770e+02
8.320e+02
8.790e+02
9.000e+02
9.580e+02
9.080e+02
1.004e+03
1.170e+03
1.062e+03
7.640e+02
7.880e+02
8.150e+02
8.400e+02
8.970e+02
8.560e+02
8.660e+02
8.340e+02
9.290e+02
9.190e+02
9.290e+02
9.870e+02
1.071e+03
9.920e+02
9.980e+02
1.009e+03
9.590e+02
1.102e+03
1.131e+03
1.259e+03
1.618e+03
1.970e+03
2.279e+03
5.148e+03
1.472e+04
4.094e+03
2.507e+03
1.471e+03
1.307e+03
1.177e+03
1.060e+03
1.075e+03
1.075e+03
9.330e+02
9.860e+02
1.041e+03
9.770e+02
1.075e+03
9.980e+02
8.770e+02
8.570e+02
8.380e+02
8.160e+02
8.240e+02
7.840e+02
8.680e+02
7.850e+02
8.290e+02
8.300e+02
8.260e+02
8.590e+02
9.410e+02
1.109e+03
1.405e+03
1.157e+03
1.004e+03
8.490e+02
8.400e+02
7.970e+02
7.300e+02
7.510e+02
7.280e+02
7.490e+02
7.460e+02
7.600e+02
7.900e+02
7.820e+02
7.730e+02
8.990e+02
9.140e+02
9.100e+02
9.070e+02
9.080e+02
9.140e+02
8.490e+02
8.810e+02
9.700e+02
1.016e+03
1.031e+03
9.980e+02
1.265e+03
1.515e+03
2.139e+03
4.308e+03
1.341e+04
5.524e+03
2.065e+03
1.574e+03
1.523e+03
1.303e+03
1.143e+03
1.053e+03
9.470e+02
9.320e+02
9.870e+02
9.320e+02
9.490e+02
9.620e+02
1.066e+03
9.060e+02
8.940e+02
8.710e+02
9.130e+02
9.820e+02
9.150e+02
8.490e+02
7.470e+02
8.850e+02
9.490e+02
1.031e+03
1.067e+03
9.350e+02
8.790e+02
9.470e+02
8.430e+02
8.440e+02
8.390e+02
7.460e+02
8.180e+02
8.330e+02
7.850e+02
6.750e+02
7.850e+02
7.820e+02
7.670e+02
7.780e+02
7.160e+02
7.760e+02
7.720e+02
1.034e+03
9.640e+02
9.290e+02
9.150e+02
8.590e+02
8.720e+02
8.540e+02
8.250e+02
9.200e+02
1.010e+03
1.165e+03
1.312e+03
1.607e+03
1.896e+03
3.270e+03
1.997e+04
3.374e+03
1.900e+03
1.494e+03
1.210e+03
1.178e+03
9.400e+02
8.850e+02
8.780e+02
8.320e+02
8.440e+02
8.680e+02
9.620e+02
1.012e+03
9.900e+02
9.520e+02
8.820e+02
8.450e+02
7.450e+02
8.000e+02
7.660e+02
8.270e+02
7.830e+02
7.200e+02
7.180e+02
8.340e+02
9.190e+02
7.940e+02
8.620e+02
8.850e+02
8.760e+02
9.340e+02
9.210e+02
1.020e+03
1.076e+03
9.490e+02
9.460e+02
8.210e+02
7.760e+02
8.440e+02
7.580e+02
8.290e+02
7.900e+02
8.310e+02
8.820e+02
9.230e+02
9.580e+02
9.650e+02
9.090e+02
8.690e+02
9.590e+02
1.002e+03
1.011e+03
9.780e+02
1.142e+03
1.382e+03
1.520e+03
1.591e+03
2.126e+03
5.329e+03
1.347e+04
4.337e+03
2.220e+03
1.497e+03
1.255e+03
1.064e+03
1.008e+03
1.005e+03
9.550e+02
9.380e+02
9.180e+02
9.150e+02
9.070e+02
9.840e+02
8.580e+02
9.420e+02
8.360e+02
8.300e+02
8.490e+02
7.950e+02
7.990e+02
7.430e+02
8.040e+02
7.600e+02
7.780e+02
7.600e+02
8.250e+02
8.690e+02
9.740e+02
9.330e+02
1.076e+03
1.426e+03
1.150e+03
9.590e+02
7.890e+02
8.710e+02
8.390e+02
7.760e+02
8.040e+02
7.810e+02
7.750e+02
7.330e+02
7.540e+02
8.060e+02
8.160e+02
8.830e+02
1.025e+03
9.820e+02
1.029e+03
1.011e+03
9.150e+02
9.390e+02
1.039e+03
1.036e+03
1.109e+03
1.182e+03
1.332e+03
1.496e+03
2.405e+03
4.185e+03
1.467e+04
5.261e+03
2.173e+03
1.857e+03
1.670e+03
1.155e+03
1.104e+03
1.048e+03
1.016e+03
9.780e+02
9.990e+02
1.091e+03
1.028e+03
9.520e+02
9.650e+02
1.111e+03
1.019e+03
9.920e+02
9.460e+02
9.440e+02
9.240e+02
8.530e+02
8.570e+02
8.510e+02
7.870e+02
1.013e+03
1.073e+03
9.870e+02
8.850e+02
8.510e+02
9.410e+02
8.610e+02
7.560e+02
7.750e+02
8.330e+02
6.870e+02
6.860e+02
7.720e+02
7.540e+02
6.960e+02
7.530e+02
7.190e+02
7.410e+02
8.330e+02
9.370e+02
8.180e+02
8.620e+02
8.950e+02
8.690e+02
8.360e+02
7.520e+02
7.530e+02
8.800e+02
9.370e+02
9.420e+02
1.122e+03
1.213e+03
1.460e+03
1.820e+03
3.383e+03
