5.700e+01
2.700e+01
1.800e+01
1.000e+01
1.000e+01
1.200e+01
9.000e+00
1.100e+01
1.000e+01
1.600e+01
9.000e+00
1.500e+01
1.300e+01
8.000e+00
1.000e+01
1.400e+01
1.000e+01
8.000e+00
1.000e+01
1.100e+01
1.500e+01
1.700e+01
1.800e+01
1.800e+01
1.600e+01
2.200e+01
2.900e+01
1.800e+01
1.800e+01
3.600e+01
2.400e+01
2.600e+01
3.200e+01
3.200e+01
4.300e+01
4.500e+01
5.600e+01
6.700e+01
6.400e+01
6.800e+01
6.200e+01
8.200e+01
9.600e+01
1.210e+02
1.200e+02
1.390e+02
1.540e+02
1.660e+02
1.790e+02
2.030e+02
1.720e+02
2.050e+02
1.730e+02
2.230e+02
2.380e+02
2.240e+02
2.340e+02
2.200e+02
2.550e+02
2.450e+02
2.520e+02
2.380e+02
3.010e+02
3.060e+02
4.170e+02
4.510e+02
3.940e+02
3.530e+02
3.320e+02
3.330e+02
2.770e+02
2.840e+02
2.850e+02
3.020e+02
2.550e+02
2.570e+02
2.700e+02
2.570e+02
2.490e+02
2.460e+02
2.640e+02
2.690e+02
2.430e+02
2.890e+02
2.480e+02
2.370e+02
2.660e+02
2.410e+02
2.720e+02
2.820e+02
2.330e+02
2.310e+02
2.480e+02
2.610e+02
2.470e+02
2.680e+02
2.480e+02
2.290e+02
2.210e+02
2.600e+02
2.200e+02
2.330e+02
2.120e+02
1.990e+02
2.210e+02
2.490e+02
2.670e+02
2.610e+02
2.610e+02
2.880e+02
3.150e+02
3.430e+02
3.230e+02
3.620e+02
3.390e+02
3.620e+02
3.120e+02
2.750e+02
2.090e+02
2.020e+02
1.940e+02
2.160e+02
2.370e+02
2.160e+02
2.460e+02
2.070e+02
2.240e+02
1.840e+02
1.880e+02
1.600e+02
1.740e+02
1.670e+02
1.690e+02
1.470e+02
1.180e+02
1.240e+02
1.070e+02
1.090e+02
1.000e+02
7.500e+01
7.500e+01
6.500e+01
6.500e+01
5.100e+01
5.300e+01
4.500e+01
4.900e+01
3.600e+01
4.600e+01
3.500e+01
3.000e+01
2.800e+01
1.900e+01
2.300e+01
2.700e+01
1.600e+01
1.800e+01
1.600e+01
1.200e+01
1.500e+01
1.300e+01
1.600e+01
1.400e+01
1.400e+01
1.100e+01
8.000e+00
1.000e+01
8.000e+00
7.000e+00
1.100e+01
6.000e+00
1.200e+01
1.000e+01
7.000e+00
5.000e+00
1.500e+01
9.000e+00
1.300e+01
7.000e+00
1.800e+01
5.700e+01
2.500e+01
2.100e+01
9.000e+00
1.300e+01
9.000e+00
1.400e+01
8.000e+00
9.000e+00
1.400e+01
1.300e+01
1.200e+01
1.400e+01
1.100e+01
9.000e+00
1.200e+01
1.300e+01
5.000e+00
1.400e+01
1.900e+01
1.800e+01
1.000e+01
1.800e+01
1.400e+01
2.000e+01
2.200e+01
2.900e+01
2.300e+01
2.900e+01
3.000e+01
2.100e+01
2.200e+01
3.100e+01
4.300e+01
4.900e+01
3.700e+01
5.800e+01
5.000e+01
7.100e+01
6.100e+01
6.700e+01
9.100e+01
1.010e+02
8.600e+01
1.150e+02
1.230e+02
1.270e+02
1.510e+02
1.690e+02
1.610e+02
1.780e+02
1.560e+02
1.800e+02
1.750e+02
1.960e+02
2.320e+02
2.420e+02
2.110e+02
2.240e+02
2.100e+02
2.320e+02
2.340e+02
2.190e+02
2.760e+02
2.990e+02
3.420e+02
3.670e+02
4.140e+02
3.340e+02
3.590e+02
2.970e+02
2.910e+02
2.570e+02
2.550e+02
2.680e+02
2.370e+02
2.720e+02
2.390e+02
2.330e+02
2.620e+02
2.340e+02
2.540e+02
2.490e+02
2.580e+02
2.540e+02
2.700e+02
2.690e+02
2.400e+02
2.510e+02
2.420e+02
2.360e+02
3.050e+02
2.480e+02
2.510e+02
2.420e+02
2.350e+02
2.610e+02
2.620e+02
2.670e+02
2.470e+02
2.450e+02
2.230e+02
2.450e+02
2.480e+02
2.310e+02
2.280e+02
2.260e+02
2.590e+02
2.980e+02
2.710e+02
3.050e+02
2.790e+02
3.440e+02
3.800e+02
3.730e+02
3.950e+02
3.750e+02
3.670e+02
2.700e+02
2.500e+02
2.310e+02
2.260e+02
2.320e+02
2.260e+02
2.370e+02
2.330e+02
2.340e+02
2.160e+02
2.070e+02
2.060e+02
1.850e+02
1.770e+02
1.940e+02
1.740e+02
1.420e+02
1.410e+02
1.210e+02
1.230e+02
1.000e+02
7.200e+01
7.500e+01
7.400e+01
6.600e+01
5.300e+01
4.200e+01
5.200e+01
4.100e+01
4.700e+01
4.600e+01
3.200e+01
3.400e+01
1.700e+01
2.100e+01
1.800e+01
2.500e+01
2.200e+01
1.400e+01
1.400e+01
9.000e+00
1.900e+01
1.400e+01
1.300e+01
1.700e+01
1.200e+01
7.000e+00
8.000e+00
1.000e+01
8.000e+00
7.000e+00
1.100e+01
8.000e+00
1.000e+01
9.000e+00
6.000e+00
8.000e+00
1.200e+01
1.000e+01
1.300e+01
7.000e+00
1.800e+01
