4.600e+01
1.200e+01
4.000e+00
0.000e+00
3.000e+00
4.000e+00
2.000e+00
2.000e+00
1.000e+00
4.000e+00
1.000e+00
2.000e+00
5.000e+00
5.000e+00
4.000e+00
2.000e+00
3.000e+00
3.000e+00
4.000e+00
2.000e+00
5.000e+00
1.200e+01
5.000e+00
5.000e+00
8.000e+00
4.000e+00
9.000e+00
1.000e+01
8.000e+00
1.400e+01
8.000e+00
1.000e+01
1.300e+01
1.700e+01
2.000e+01
2.700e+01
3.000e+01
3.800e+01
4.300e+01
5.100e+01
5.800e+01
6.300e+01
9.600e+01
1.300e+02
1.610e+02
1.930e+02
2.090e+02
2.000e+02
2.170e+02
1.980e+02
2.160e+02
2.290e+02
2.770e+02
3.210e+02
3.300e+02
3.500e+02
3.520e+02
2.740e+02
3.080e+02
2.630e+02
2.770e+02
3.020e+02
2.830e+02
3.820e+02
3.560e+02
4.060e+02
4.450e+02
4.640e+02
4.360e+02
4.880e+02
5.570e+02
5.860e+02
6.440e+02
5.120e+02
5.760e+02
5.320e+02
5.690e+02
6.020e+02
6.140e+02
5.860e+02
6.310e+02
6.200e+02
6.580e+02
6.820e+02
7.300e+02
7.100e+02
7.940e+02
7.120e+02
7.280e+02
7.870e+02
7.240e+02
7.220e+02
6.880e+02
6.640e+02
6.780e+02
6.490e+02
5.450e+02
6.130e+02
5.650e+02
5.930e+02
5.670e+02
5.480e+02
5.360e+02
5.460e+02
5.560e+02
4.880e+02
5.880e+02
6.370e+02
5.430e+02
4.710e+02
4.350e+02
4.230e+02
3.690e+02
3.580e+02
4.150e+02
2.960e+02
3.160e+02
2.750e+02
2.780e+02
2.470e+02
2.660e+02
3.100e+02
2.920e+02
3.380e+02
3.620e+02
3.170e+02
2.790e+02
2.290e+02
2.160e+02
2.290e+02
1.940e+02
1.760e+02
2.150e+02
2.130e+02
2.050e+02
1.970e+02
1.660e+02
1.330e+02
1.100e+02
8.000e+01
7.200e+01
4.600e+01
5.000e+01
3.900e+01
2.600e+01
1.200e+01
1.700e+01
1.000e+01
1.600e+01
9.000e+00
1.700e+01
1.100e+01
1.200e+01
1.200e+01
6.000e+00
1.000e+01
4.000e+00
5.000e+00
7.000e+00
5.000e+00
2.000e+00
7.000e+00
7.000e+00
6.000e+00
3.000e+00
3.000e+00
6.000e+00
7.000e+00
2.000e+00
1.000e+00
0.000e+00
1.000e+00
3.000e+00
4.000e+00
5.000e+00
3.000e+00
5.000e+00
5.000e+00
7.000e+00
1.000e+01
4.700e+01
1.100e+01
5.000e+00
3.000e+00
0.000e+00
5.000e+00
1.000e+00
1.000e+00
3.000e+00
1.000e+00
4.000e+00
5.000e+00
3.000e+00
4.000e+00
3.000e+00
3.000e+00
5.000e+00
3.000e+00
6.000e+00
3.000e+00
9.000e+00
1.000e+01
5.000e+00
3.000e+00
8.000e+00
6.000e+00
9.000e+00
6.000e+00
1.100e+01
8.000e+00
1.500e+01
1.100e+01
1.600e+01
1.700e+01
2.500e+01
3.100e+01
2.600e+01
4.500e+01
4.500e+01
4.700e+01
5.200e+01
7.800e+01
8.900e+01
1.270e+02
1.710e+02
1.700e+02
1.900e+02
1.900e+02
1.910e+02
2.030e+02
1.650e+02
2.260e+02
2.170e+02
2.570e+02
2.840e+02
3.070e+02
3.060e+02
3.330e+02
2.970e+02
2.830e+02
2.420e+02
2.530e+02
2.670e+02
2.590e+02
3.270e+02
3.790e+02
3.920e+02
3.720e+02
3.610e+02
4.380e+02
4.970e+02
4.650e+02
5.300e+02
5.380e+02
5.770e+02
5.360e+02
5.200e+02
4.880e+02
5.140e+02
5.790e+02
5.820e+02
6.000e+02
5.780e+02
6.090e+02
5.970e+02
6.000e+02
6.590e+02
7.040e+02
6.480e+02
6.930e+02
7.420e+02
7.760e+02
7.410e+02
7.600e+02
7.700e+02
7.230e+02
7.330e+02
7.250e+02
6.590e+02
5.910e+02
6.040e+02
6.040e+02
5.880e+02
5.680e+02
5.370e+02
5.590e+02
5.960e+02
5.770e+02
6.450e+02
6.410e+02
5.430e+02
4.780e+02
4.510e+02
4.500e+02
4.410e+02
3.990e+02
3.840e+02
2.900e+02
3.080e+02
2.680e+02
2.850e+02
2.720e+02
3.300e+02
3.080e+02
3.700e+02
3.760e+02
3.500e+02
3.000e+02
2.510e+02
2.480e+02
2.240e+02
2.090e+02
2.160e+02
2.170e+02
2.160e+02
2.280e+02
1.460e+02
1.500e+02
1.060e+02
8.600e+01
6.300e+01
6.400e+01
3.400e+01
3.100e+01
2.200e+01
1.900e+01
9.000e+00
1.700e+01
1.100e+01
1.100e+01
1.600e+01
1.400e+01
9.000e+00
8.000e+00
9.000e+00
8.000e+00
5.000e+00
5.000e+00
3.000e+00
4.000e+00
8.000e+00
7.000e+00
3.000e+00
3.000e+00
3.000e+00
4.000e+00
5.000e+00
6.000e+00
1.000e+00
1.000e+00
0.000e+00
1.000e+00
6.000e+00
3.000e+00
5.000e+00
1.000e+00
5.000e+00
7.000e+00
5.000e+00
1.100e+01
