6.940e+02
9.500e+01
6.600e+01
5.800e+01
4.800e+01
4.600e+01
5.800e+01
3.200e+01
3.400e+01
4.400e+01
4.100e+01
4.000e+01
3.600e+01
3.600e+01
4.200e+01
3.200e+01
3.900e+01
3.800e+01
2.500e+01
3.600e+01
3.300e+01
2.900e+01
5.100e+01
4.100e+01
4.600e+01
3.000e+01
4.400e+01
5.600e+01
5.200e+01
5.700e+01
6.800e+01
6.600e+01
7.500e+01
7.300e+01
8.300e+01
7.200e+01
8.100e+01
1.150e+02
1.440e+02
1.580e+02
1.680e+02
1.750e+02
1.670e+02
1.820e+02
1.470e+02
1.720e+02
2.200e+02
2.460e+02
2.650e+02
2.220e+02
1.980e+02
2.550e+02
2.820e+02
3.150e+02
3.240e+02
3.740e+02
4.130e+02
5.320e+02
5.930e+02
7.550e+02
9.420e+02
1.096e+03
1.229e+03
1.228e+03
1.451e+03
1.539e+03
1.621e+03
1.689e+03
1.764e+03
1.967e+03
2.094e+03
2.484e+03
3.060e+03
3.520e+03
3.748e+03
3.724e+03
5.662e+03
5.485e+03
4.484e+03
4.252e+03
4.490e+03
4.660e+03
5.021e+03
4.970e+03
5.013e+03
5.193e+03
5.163e+03
5.545e+03
7.295e+03
9.610e+03
6.526e+03
5.090e+03
4.571e+03
4.583e+03
4.399e+03
4.335e+03
4.091e+03
3.648e+03
3.748e+03
3.727e+03
3.700e+03
4.631e+03
5.349e+03
4.147e+03
3.427e+03
3.506e+03
2.997e+03
2.429e+03
2.060e+03
1.902e+03
1.524e+03
1.434e+03
1.406e+03
1.356e+03
1.227e+03
1.121e+03
1.038e+03
9.970e+02
8.910e+02
7.740e+02
6.780e+02
6.050e+02
5.360e+02
4.300e+02
3.910e+02
3.750e+02
3.370e+02
2.840e+02
2.440e+02
2.390e+02
2.140e+02
1.910e+02
1.880e+02
2.540e+02
2.240e+02
2.100e+02
2.130e+02
1.990e+02
2.300e+02
1.950e+02
2.020e+02
1.840e+02
1.300e+02
1.110e+02
9.700e+01
9.900e+01
7.100e+01
6.200e+01
7.900e+01
5.900e+01
6.300e+01
6.200e+01
5.200e+01
5.200e+01
3.800e+01
3.400e+01
2.400e+01
3.300e+01
2.400e+01
4.100e+01
3.200e+01
4.000e+01
3.800e+01
3.000e+01
3.100e+01
3.400e+01
3.300e+01
3.600e+01
3.900e+01
3.500e+01
2.800e+01
3.200e+01
3.800e+01
4.600e+01
4.400e+01
6.000e+01
5.900e+01
5.900e+01
6.700e+01
1.040e+02
7.010e+02
9.200e+01
7.000e+01
6.700e+01
3.600e+01
4.600e+01
5.100e+01
4.000e+01
3.000e+01
4.000e+01
4.400e+01
3.400e+01
5.400e+01
3.500e+01
3.600e+01
4.100e+01
4.000e+01
3.400e+01
3.800e+01
3.800e+01
3.500e+01
3.700e+01
4.200e+01
4.500e+01
4.100e+01
3.200e+01
4.900e+01
4.600e+01
5.400e+01
6.100e+01
7.100e+01
7.100e+01
7.400e+01
9.400e+01
8.200e+01
9.200e+01
1.080e+02
1.220e+02
1.220e+02
1.530e+02
1.670e+02
1.650e+02
1.870e+02
1.640e+02
1.720e+02
2.030e+02
2.240e+02
2.330e+02
2.090e+02
2.220e+02
2.040e+02
2.270e+02
2.550e+02
3.270e+02
3.450e+02
3.610e+02
3.830e+02
4.240e+02
5.000e+02
6.160e+02
6.730e+02
8.940e+02
1.038e+03
1.024e+03
1.214e+03
1.277e+03
1.339e+03
1.569e+03
1.544e+03
1.538e+03
1.637e+03
1.886e+03
2.033e+03
2.544e+03
2.949e+03
3.489e+03
3.438e+03
4.285e+03
5.482e+03
4.728e+03
3.895e+03
3.754e+03
3.998e+03
4.152e+03
4.377e+03
4.904e+03
4.849e+03
5.094e+03
5.018e+03
5.300e+03
6.813e+03
9.737e+03
7.116e+03
5.229e+03
4.875e+03
4.560e+03
4.709e+03
4.550e+03
4.316e+03
4.379e+03
4.029e+03
4.157e+03
4.279e+03
5.400e+03
5.341e+03
3.808e+03
3.772e+03
3.502e+03
2.982e+03
2.509e+03
2.148e+03
1.741e+03
1.743e+03
1.457e+03
1.490e+03
1.399e+03
1.272e+03
1.103e+03
1.104e+03
1.010e+03
9.190e+02
8.070e+02
5.750e+02
4.820e+02
4.110e+02
3.820e+02
3.380e+02
2.770e+02
2.760e+02
2.230e+02
2.180e+02
2.570e+02
2.360e+02
2.200e+02
2.520e+02
2.210e+02
1.790e+02
2.220e+02
2.160e+02
1.850e+02
1.970e+02
1.640e+02
1.240e+02
9.700e+01
9.600e+01
7.300e+01
5.900e+01
5.700e+01
6.300e+01
5.900e+01
6.300e+01
5.600e+01
4.100e+01
4.900e+01
4.000e+01
3.500e+01
3.300e+01
3.200e+01
3.200e+01
3.200e+01
4.100e+01
2.400e+01
3.100e+01
3.400e+01
2.700e+01
2.900e+01
3.400e+01
3.000e+01
3.500e+01
3.700e+01
3.300e+01
4.500e+01
3.200e+01
4.900e+01
4.400e+01
5.200e+01
5.300e+01
5.000e+01
6.600e+01
1.130e+02
