3.526e+03
8.600e+02
4.070e+02
3.150e+02
2.100e+02
2.100e+02
1.920e+02
2.000e+02
2.140e+02
2.000e+02
2.470e+02
2.160e+02
2.430e+02
2.740e+02
3.210e+02
3.070e+02
3.270e+02
3.180e+02
3.550e+02
4.490e+02
4.130e+02
4.130e+02
4.150e+02
4.650e+02
5.000e+02
6.380e+02
6.510e+02
7.250e+02
7.540e+02
6.870e+02
6.880e+02
7.100e+02
7.240e+02
7.410e+02
7.540e+02
6.970e+02
7.530e+02
8.290e+02
9.200e+02
9.770e+02
1.004e+03
1.086e+03
1.191e+03
1.123e+03
1.136e+03
1.064e+03
1.071e+03
1.033e+03
1.062e+03
1.084e+03
1.205e+03
1.211e+03
1.245e+03
1.428e+03
1.412e+03
1.364e+03
1.526e+03
1.629e+03
1.755e+03
1.872e+03
2.093e+03
2.057e+03
2.246e+03
2.311e+03
2.190e+03
2.070e+03
2.059e+03
2.230e+03
2.101e+03
1.973e+03
1.927e+03
1.843e+03
1.701e+03
1.655e+03
1.843e+03
1.788e+03
1.955e+03
1.823e+03
1.694e+03
1.633e+03
1.565e+03
1.622e+03
1.663e+03
1.800e+03
1.861e+03
2.108e+03
2.459e+03
3.003e+03
5.041e+03
3.856e+03
2.422e+03
2.045e+03
1.886e+03
1.803e+03
1.595e+03
1.577e+03
1.532e+03
1.628e+03
1.643e+03
1.752e+03
1.904e+03
1.674e+03
1.552e+03
1.519e+03
1.443e+03
1.455e+03
1.572e+03
1.539e+03
1.597e+03
1.816e+03
1.893e+03
1.942e+03
1.850e+03
1.958e+03
2.033e+03
2.055e+03
2.111e+03
2.057e+03
2.029e+03
1.903e+03
1.741e+03
1.565e+03
1.450e+03
1.348e+03
1.309e+03
1.276e+03
1.290e+03
1.203e+03
1.173e+03
1.092e+03
1.118e+03
1.012e+03
9.920e+02
9.610e+02
1.033e+03
9.790e+02
9.910e+02
1.005e+03
1.135e+03
1.086e+03
1.065e+03
1.051e+03
9.530e+02
9.540e+02
7.790e+02
8.200e+02
7.010e+02
6.990e+02
7.520e+02
6.990e+02
6.910e+02
6.870e+02
7.070e+02
7.200e+02
7.410e+02
6.860e+02
6.220e+02
5.920e+02
4.740e+02
4.460e+02
3.900e+02
3.690e+02
4.050e+02
3.910e+02
4.080e+02
3.960e+02
3.770e+02
3.580e+02
2.810e+02
2.210e+02
2.320e+02
2.120e+02
1.860e+02
2.200e+02
2.090e+02
2.360e+02
2.130e+02
3.350e+02
4.480e+02
8.970e+02
3.546e+03
8.740e+02
4.200e+02
3.110e+02
2.130e+02
2.330e+02
2.140e+02
2.220e+02
2.240e+02
2.200e+02
2.230e+02
2.250e+02
2.530e+02
2.950e+02
3.370e+02
3.430e+02
3.700e+02
3.720e+02
3.940e+02
3.850e+02
3.530e+02
4.350e+02
4.610e+02
4.840e+02
5.700e+02
6.850e+02
6.500e+02
7.120e+02
7.170e+02
6.980e+02
6.940e+02
6.840e+02
7.400e+02
7.130e+02
6.890e+02
7.250e+02
7.760e+02
8.070e+02
9.440e+02
1.042e+03
1.081e+03
1.016e+03
1.054e+03
9.710e+02
9.510e+02
9.680e+02
1.076e+03
9.330e+02
9.600e+02
1.041e+03
1.121e+03
1.082e+03
1.111e+03
1.191e+03
1.259e+03
1.239e+03
1.344e+03
1.318e+03
1.405e+03
1.594e+03
1.760e+03
1.852e+03
1.846e+03
2.077e+03
2.060e+03
1.962e+03
1.908e+03
1.922e+03
1.902e+03
1.936e+03
1.972e+03
1.844e+03
1.684e+03
1.593e+03
1.611e+03
1.540e+03
1.504e+03
1.593e+03
1.482e+03
1.652e+03
1.672e+03
1.703e+03
1.612e+03
1.603e+03
1.569e+03
1.661e+03
1.729e+03
1.921e+03
1.819e+03
2.109e+03
2.570e+03
3.872e+03
5.037e+03
2.983e+03
2.314e+03
2.117e+03
1.803e+03
1.687e+03
1.582e+03
1.590e+03
1.556e+03
1.642e+03
1.701e+03
1.960e+03
2.095e+03
1.792e+03
1.761e+03
1.673e+03
1.711e+03
1.671e+03
1.778e+03
1.973e+03
2.064e+03
2.128e+03
2.155e+03
2.180e+03
2.260e+03
2.398e+03
2.266e+03
2.180e+03
2.114e+03
1.893e+03
1.796e+03
1.549e+03
1.491e+03
1.459e+03
1.468e+03
1.351e+03
1.268e+03
1.222e+03
1.215e+03
1.100e+03
1.074e+03
1.095e+03
1.038e+03
1.064e+03
1.169e+03
1.199e+03
1.247e+03
1.159e+03
1.046e+03
9.380e+02
9.980e+02
9.510e+02
7.840e+02
7.730e+02
7.070e+02
7.130e+02
7.430e+02
6.960e+02
6.950e+02
7.270e+02
7.000e+02
7.780e+02
7.070e+02
6.550e+02
6.050e+02
5.160e+02
4.320e+02
4.300e+02
4.220e+02
4.390e+02
3.880e+02
3.820e+02
3.780e+02
3.360e+02
3.450e+02
2.950e+02
2.740e+02
2.510e+02
1.960e+02
1.920e+02
2.150e+02
2.060e+02
1.940e+02
2.130e+02
1.940e+02
3.390e+02
4.410e+02
8.850e+02
