4.785e+03
1.076e+03
5.240e+02
4.080e+02
2.920e+02
2.820e+02
2.750e+02
2.560e+02
2.690e+02
2.810e+02
3.110e+02
2.820e+02
3.070e+02
3.390e+02
3.910e+02
3.670e+02
3.870e+02
3.750e+02
4.050e+02
5.030e+02
4.690e+02
4.820e+02
4.940e+02
5.340e+02
5.800e+02
6.970e+02
7.370e+02
8.170e+02
8.460e+02
8.090e+02
8.020e+02
8.260e+02
8.610e+02
8.910e+02
9.270e+02
8.500e+02
9.460e+02
1.078e+03
1.202e+03
1.275e+03
1.312e+03
1.455e+03
1.590e+03
1.593e+03
1.609e+03
1.599e+03
1.704e+03
1.702e+03
1.774e+03
1.769e+03
1.867e+03
1.982e+03
2.087e+03
2.390e+03
2.414e+03
2.421e+03
2.642e+03
2.772e+03
3.027e+03
3.268e+03
3.694e+03
3.828e+03
4.217e+03
4.401e+03
4.618e+03
4.651e+03
4.745e+03
4.987e+03
4.865e+03
5.028e+03
5.162e+03
5.543e+03
6.069e+03
6.316e+03
6.742e+03
6.576e+03
8.735e+03
8.469e+03
7.373e+03
7.067e+03
7.282e+03
7.501e+03
7.951e+03
8.094e+03
8.202e+03
8.567e+03
8.973e+03
9.840e+03
1.373e+04
1.513e+04
1.030e+04
8.461e+03
7.752e+03
7.681e+03
7.285e+03
7.209e+03
6.749e+03
6.451e+03
6.494e+03
6.637e+03
6.701e+03
7.412e+03
7.934e+03
6.726e+03
5.938e+03
6.014e+03
5.725e+03
5.185e+03
4.729e+03
4.740e+03
4.422e+03
4.362e+03
4.132e+03
4.222e+03
4.183e+03
4.009e+03
3.932e+03
3.758e+03
3.541e+03
3.270e+03
2.996e+03
2.811e+03
2.620e+03
2.450e+03
2.409e+03
2.276e+03
2.220e+03
2.005e+03
1.910e+03
1.795e+03
1.765e+03
1.601e+03
1.624e+03
1.617e+03
1.621e+03
1.560e+03
1.522e+03
1.477e+03
1.607e+03
1.467e+03
1.452e+03
1.386e+03
1.217e+03
1.184e+03
9.850e+02
9.970e+02
8.640e+02
8.250e+02
9.180e+02
8.190e+02
8.190e+02
7.970e+02
8.000e+02
8.140e+02
8.230e+02
7.510e+02
6.730e+02
6.520e+02
5.240e+02
5.100e+02
4.460e+02
4.380e+02
4.700e+02
4.470e+02
4.630e+02
4.540e+02
4.440e+02
4.150e+02
3.420e+02
2.810e+02
2.780e+02
2.680e+02
2.480e+02
2.960e+02
2.790e+02
3.270e+02
3.050e+02
4.330e+02
5.520e+02
1.112e+03
4.826e+03
1.077e+03
5.460e+02
4.140e+02
2.770e+02
3.090e+02
2.930e+02
2.850e+02
2.810e+02
2.860e+02
2.920e+02
2.850e+02
3.370e+02
3.580e+02
4.040e+02
4.100e+02
4.350e+02
4.210e+02
4.620e+02
4.470e+02
4.210e+02
5.030e+02
5.330e+02
5.550e+02
6.450e+02
7.490e+02
7.440e+02
7.990e+02
8.280e+02
8.050e+02
8.150e+02
8.090e+02
8.870e+02
8.870e+02
8.610e+02
9.100e+02
9.990e+02
1.056e+03
1.208e+03
1.322e+03
1.399e+03
1.385e+03
1.468e+03
1.383e+03
1.441e+03
1.491e+03
1.660e+03
1.567e+03
1.578e+03
1.681e+03
1.738e+03
1.776e+03
1.842e+03
2.046e+03
2.185e+03
2.246e+03
2.385e+03
2.393e+03
2.541e+03
2.812e+03
3.026e+03
3.349e+03
3.494e+03
3.783e+03
4.060e+03
4.126e+03
4.189e+03
4.459e+03
4.338e+03
4.488e+03
4.616e+03
4.737e+03
4.792e+03
5.248e+03
5.735e+03
6.119e+03
6.051e+03
6.893e+03
8.003e+03
7.512e+03
6.694e+03
6.632e+03
6.754e+03
6.931e+03
7.161e+03
7.778e+03
7.876e+03
8.325e+03
8.031e+03
8.695e+03
1.076e+04
1.521e+04
1.353e+04
9.593e+03
8.537e+03
7.972e+03
7.842e+03
7.571e+03
7.193e+03
7.181e+03
6.798e+03
6.982e+03
7.167e+03
8.474e+03
8.509e+03
6.681e+03
6.669e+03
6.379e+03
5.962e+03
5.425e+03
5.076e+03
4.723e+03
4.856e+03
4.679e+03
4.686e+03
4.573e+03
4.483e+03
4.326e+03
4.115e+03
3.854e+03
3.671e+03
3.322e+03
3.067e+03
2.692e+03
2.618e+03
2.553e+03
2.511e+03
2.248e+03
2.100e+03
1.979e+03
1.912e+03
1.809e+03
1.781e+03
1.754e+03
1.700e+03
1.697e+03
1.659e+03
1.735e+03
1.709e+03
1.552e+03
1.420e+03
1.268e+03
1.252e+03
1.149e+03
9.620e+02
9.470e+02
8.370e+02
8.570e+02
8.790e+02
8.180e+02
8.210e+02
8.240e+02
7.800e+02
8.630e+02
7.870e+02
7.240e+02
6.650e+02
5.720e+02
4.810e+02
4.930e+02
4.910e+02
4.890e+02
4.470e+02
4.370e+02
4.250e+02
3.900e+02
4.050e+02
3.530e+02
3.290e+02
3.110e+02
2.480e+02
2.580e+02
2.760e+02
2.790e+02
2.670e+02
2.920e+02
2.850e+02
4.230e+02
5.430e+02
1.110e+03
