3.240e+02
3.310e+02
3.780e+02
3.360e+02
3.750e+02
4.020e+02
3.710e+02
4.290e+02
5.000e+02
5.110e+02
4.640e+02
4.430e+02
5.440e+02
6.210e+02
6.790e+02
7.090e+02
7.380e+02
7.470e+02
7.140e+02
7.020e+02
6.710e+02
7.030e+02
6.720e+02
6.410e+02
6.530e+02
6.680e+02
7.700e+02
9.700e+02
7.300e+02
8.050e+02
8.490e+02
8.250e+02
7.280e+02
7.730e+02
8.330e+02
7.870e+02
7.630e+02
7.770e+02
7.740e+02
7.490e+02
7.720e+02
8.170e+02
7.820e+02
7.200e+02
7.070e+02
7.360e+02
8.210e+02
7.830e+02
7.720e+02
8.680e+02
8.940e+02
1.019e+03
1.110e+03
1.458e+03
1.587e+03
1.765e+03
1.582e+03
1.255e+03
1.257e+03
9.930e+02
9.450e+02
8.830e+02
7.890e+02
7.300e+02
6.640e+02
6.760e+02
6.420e+02
5.460e+02
5.460e+02
5.110e+02
5.210e+02
4.950e+02
4.250e+02
3.450e+02
3.260e+02
2.800e+02
2.670e+02
2.730e+02
2.340e+02
2.560e+02
2.450e+02
2.590e+02
2.380e+02
2.680e+02
3.020e+02
2.890e+02
2.960e+02
3.030e+02
3.150e+02
3.250e+02
3.030e+02
3.310e+02
3.580e+02
3.830e+02
3.860e+02
4.180e+02
4.340e+02
3.940e+02
3.740e+02
3.910e+02
3.070e+02
3.330e+02
2.890e+02
3.260e+02
3.380e+02
4.360e+02
4.190e+02
4.850e+02
4.930e+02
5.410e+02
6.090e+02
6.120e+02
7.030e+02
7.240e+02
7.660e+02
7.480e+02
8.710e+02
1.019e+03
1.221e+03
1.168e+03
1.503e+03
1.536e+03
1.956e+03
2.587e+03
2.546e+03
2.724e+03
2.571e+03
2.364e+03
1.918e+03
1.625e+03
1.378e+03
1.201e+03
1.308e+03
1.256e+03
1.347e+03
1.400e+03
1.321e+03
1.385e+03
1.384e+03
1.318e+03
1.341e+03
1.210e+03
1.425e+03
1.374e+03
1.227e+03
1.358e+03
1.417e+03
1.299e+03
1.222e+03
1.097e+03
1.082e+03
1.026e+03
1.033e+03
9.330e+02
9.100e+02
1.056e+03
9.530e+02
8.420e+02
9.020e+02
8.920e+02
8.440e+02
8.770e+02
9.420e+02
9.560e+02
1.003e+03
9.350e+02
9.660e+02
9.570e+02
9.220e+02
7.750e+02
7.100e+02
6.930e+02
6.150e+02
5.310e+02
4.120e+02
3.850e+02
4.230e+02
3.810e+02
3.240e+02
3.630e+02
3.610e+02
3.660e+02
3.910e+02
3.830e+02
4.160e+02
4.460e+02
4.030e+02
4.420e+02
5.590e+02
5.800e+02
5.050e+02
5.650e+02
7.010e+02
7.610e+02
8.250e+02
8.850e+02
7.940e+02
7.730e+02
7.170e+02
7.660e+02
6.650e+02
6.890e+02
6.640e+02
6.970e+02
7.780e+02
9.050e+02
7.870e+02
7.740e+02
8.230e+02
7.940e+02
7.650e+02
7.350e+02
7.420e+02
7.170e+02
8.240e+02
8.120e+02
6.680e+02
7.330e+02
7.650e+02
7.070e+02
6.950e+02
6.940e+02
6.690e+02
7.360e+02
7.660e+02
7.290e+02
7.580e+02
7.010e+02
8.120e+02
7.990e+02
8.670e+02
8.980e+02
1.040e+03
1.193e+03
1.273e+03
1.508e+03
1.275e+03
1.293e+03
1.101e+03
1.006e+03
1.031e+03
8.320e+02
7.350e+02
7.380e+02
6.620e+02
5.970e+02
5.350e+02
5.530e+02
5.620e+02
5.180e+02
4.710e+02
4.920e+02
4.090e+02
4.250e+02
3.930e+02
3.950e+02
3.170e+02
3.020e+02
2.610e+02
2.280e+02
2.540e+02
2.730e+02
2.260e+02
2.590e+02
2.440e+02
2.310e+02
2.580e+02
2.640e+02
2.770e+02
2.880e+02
3.130e+02
2.770e+02
3.140e+02
3.060e+02
3.560e+02
3.780e+02
3.940e+02
4.190e+02
4.390e+02
4.310e+02
4.440e+02
4.010e+02
3.580e+02
3.350e+02
3.450e+02
3.260e+02
3.050e+02
3.670e+02
4.530e+02
5.820e+02
5.960e+02
5.640e+02
6.430e+02
6.300e+02
7.440e+02
7.420e+02
8.360e+02
9.990e+02
1.203e+03
1.191e+03
1.402e+03
1.552e+03
1.876e+03
2.493e+03
3.352e+03
3.293e+03
3.197e+03
2.706e+03
2.037e+03
1.665e+03
1.398e+03
1.363e+03
1.394e+03
1.466e+03
1.439e+03
1.428e+03
1.411e+03
1.358e+03
1.522e+03
1.496e+03
1.402e+03
1.491e+03
1.507e+03
1.306e+03
1.311e+03
1.393e+03
1.270e+03
1.164e+03
1.070e+03
1.166e+03
1.074e+03
9.520e+02
8.670e+02
1.076e+03
9.040e+02
7.920e+02
9.540e+02
9.220e+02
7.790e+02
8.760e+02
8.340e+02
9.310e+02
8.970e+02
8.800e+02
8.410e+02
8.490e+02
8.100e+02
8.790e+02
7.190e+02
6.710e+02
5.770e+02
6.020e+02
5.150e+02
4.440e+02
3.870e+02
3.950e+02
3.580e+02
3.370e+02
3.200e+02
3.010e+02
