1.600e+01
1.000e+01
1.700e+01
1.000e+01
1.800e+01
3.300e+01
2.400e+01
2.200e+01
1.400e+01
1.300e+01
9.000e+00
2.000e+01
1.300e+01
1.100e+01
4.000e+00
1.500e+01
9.000e+00
2.000e+01
1.300e+01
1.500e+01
1.400e+01
1.900e+01
2.600e+01
1.900e+01
2.400e+01
1.800e+01
3.000e+01
2.800e+01
2.900e+01
2.000e+01
2.900e+01
2.500e+01
2.400e+01
3.900e+01
4.800e+01
3.700e+01
5.500e+01
7.600e+01
8.300e+01
1.170e+02
1.390e+02
1.520e+02
1.400e+02
1.350e+02
1.420e+02
1.510e+02
1.610e+02
1.540e+02
1.700e+02
1.850e+02
1.440e+02
1.130e+02
1.870e+02
2.100e+02
1.840e+02
1.890e+02
1.810e+02
1.440e+02
1.530e+02
1.440e+02
1.440e+02
1.670e+02
1.520e+02
1.720e+02
1.140e+02
1.400e+02
1.630e+02
1.280e+02
1.450e+02
1.310e+02
1.270e+02
1.100e+02
1.350e+02
1.760e+02
1.650e+02
1.810e+02
1.540e+02
1.600e+02
1.770e+02
1.770e+02
1.320e+02
1.270e+02
1.130e+02
1.280e+02
1.410e+02
1.500e+02
1.260e+02
1.500e+02
1.480e+02
1.220e+02
1.340e+02
9.900e+01
1.170e+02
1.370e+02
1.220e+02
1.270e+02
1.140e+02
1.130e+02
1.380e+02
1.230e+02
1.440e+02
1.540e+02
1.460e+02
1.640e+02
1.340e+02
1.260e+02
1.450e+02
1.640e+02
1.330e+02
1.460e+02
1.540e+02
1.740e+02
1.780e+02
1.440e+02
1.380e+02
1.440e+02
1.470e+02
1.960e+02
2.120e+02
2.050e+02
1.530e+02
1.920e+02
2.190e+02
2.320e+02
2.700e+02
3.140e+02
2.710e+02
2.350e+02
1.980e+02
2.440e+02
3.070e+02
3.500e+02
2.770e+02
3.490e+02
2.700e+02
1.910e+02
1.940e+02
1.710e+02
1.650e+02
1.890e+02
1.850e+02
1.810e+02
1.570e+02
9.800e+01
8.700e+01
8.500e+01
6.700e+01
5.300e+01
6.200e+01
4.300e+01
3.400e+01
4.700e+01
5.200e+01
4.300e+01
4.200e+01
5.500e+01
5.300e+01
4.600e+01
5.100e+01
5.300e+01
5.600e+01
2.800e+01
2.800e+01
4.300e+01
2.800e+01
2.700e+01
1.300e+01
1.300e+01
1.100e+01
1.700e+01
1.200e+01
1.300e+01
2.400e+01
2.400e+01
1.800e+01
1.800e+01
2.100e+01
1.300e+01
1.200e+01
2.600e+01
2.200e+01
2.400e+01
6.000e+00
1.900e+01
2.700e+01
3.300e+01
2.000e+01
2.200e+01
1.900e+01
1.100e+01
1.100e+01
1.900e+01
9.000e+00
1.100e+01
1.200e+01
1.200e+01
2.000e+01
2.100e+01
2.100e+01
1.600e+01
1.800e+01
2.100e+01
2.400e+01
2.500e+01
3.000e+01
2.800e+01
2.700e+01
2.200e+01
3.200e+01
2.600e+01
3.700e+01
3.100e+01
3.700e+01
4.300e+01
5.200e+01
7.400e+01
6.800e+01
9.800e+01
1.110e+02
1.580e+02
1.390e+02
1.270e+02
1.530e+02
1.020e+02
1.110e+02
1.460e+02
1.760e+02
1.920e+02
1.620e+02
1.980e+02
1.410e+02
1.360e+02
1.300e+02
1.780e+02
1.660e+02
1.530e+02
1.570e+02
1.480e+02
1.400e+02
1.380e+02
1.180e+02
1.380e+02
1.310e+02
1.290e+02
1.140e+02
1.140e+02
1.450e+02
1.260e+02
1.110e+02
1.150e+02
1.180e+02
9.800e+01
1.140e+02
1.110e+02
1.220e+02
1.610e+02
1.660e+02
1.500e+02
1.560e+02
1.560e+02
1.740e+02
1.730e+02
1.380e+02
1.180e+02
1.370e+02
1.220e+02
1.150e+02
1.340e+02
1.480e+02
1.170e+02
1.660e+02
1.550e+02
1.010e+02
1.160e+02
1.010e+02
1.230e+02
1.330e+02
1.320e+02
1.230e+02
1.190e+02
1.310e+02
1.400e+02
1.490e+02
1.350e+02
1.490e+02
1.630e+02
1.790e+02
1.470e+02
1.900e+02
1.570e+02
1.800e+02
1.650e+02
1.740e+02
1.790e+02
1.980e+02
1.410e+02
1.890e+02
1.980e+02
2.360e+02
2.260e+02
2.140e+02
2.350e+02
2.560e+02
2.720e+02
3.260e+02
2.880e+02
2.770e+02
3.080e+02
3.060e+02
2.510e+02
2.950e+02
2.470e+02
2.280e+02
2.960e+02
2.880e+02
1.930e+02
1.970e+02
1.730e+02
2.260e+02
1.810e+02
1.700e+02
1.580e+02
1.090e+02
9.400e+01
7.900e+01
6.800e+01
5.500e+01
3.800e+01
5.000e+01
4.100e+01
2.300e+01
4.200e+01
3.600e+01
6.200e+01
6.700e+01
5.000e+01
4.600e+01
5.300e+01
4.300e+01
4.500e+01
2.900e+01
3.200e+01
2.600e+01
2.300e+01
2.100e+01
1.200e+01
7.000e+00
1.700e+01
1.000e+01
2.100e+01
1.800e+01
9.000e+00
2.300e+01
1.500e+01
1.400e+01
2.300e+01
5.000e+00
1.700e+01
1.900e+01
2.400e+01
