2.862e+04
7.854e+03
4.818e+03
4.446e+03
4.435e+03
4.920e+03
4.724e+03
4.516e+03
4.116e+03
3.447e+03
3.155e+03
2.895e+03
2.787e+03
2.715e+03
2.648e+03
2.382e+03
2.369e+03
2.095e+03
2.068e+03
2.003e+03
1.879e+03
1.862e+03
1.962e+03
1.950e+03
1.978e+03
1.775e+03
1.696e+03
1.489e+03
1.454e+03
1.594e+03
1.392e+03
1.328e+03
1.183e+03
1.246e+03
1.138e+03
1.142e+03
1.127e+03
1.185e+03
1.194e+03
1.076e+03
9.960e+02
9.930e+02
9.520e+02
9.260e+02
1.022e+03
1.016e+03
1.151e+03
1.076e+03
8.960e+02
7.420e+02
7.890e+02
6.970e+02
6.450e+02
6.680e+02
5.330e+02
4.730e+02
3.940e+02
3.990e+02
3.240e+02
2.730e+02
2.810e+02
3.360e+02
3.060e+02
2.950e+02
2.780e+02
2.550e+02
2.000e+02
2.070e+02
2.180e+02
2.740e+02
2.980e+02
2.750e+02
3.580e+02
3.590e+02
3.540e+02
3.150e+02
2.990e+02
3.600e+02
4.160e+02
3.360e+02
2.250e+02
2.310e+02
1.890e+02
1.740e+02
1.930e+02
1.830e+02
1.910e+02
1.950e+02
2.680e+02
4.990e+02
3.100e+02
2.170e+02
1.970e+02
1.860e+02
1.620e+02
1.820e+02
1.700e+02
2.000e+02
1.630e+02
2.020e+02
2.380e+02
2.590e+02
2.570e+02
2.080e+02
2.440e+02
2.550e+02
2.230e+02
2.970e+02
2.430e+02
1.770e+02
1.980e+02
1.900e+02
2.070e+02
1.720e+02
1.910e+02
2.220e+02
1.590e+02
2.240e+02
2.150e+02
2.240e+02
2.220e+02
2.080e+02
2.020e+02
2.910e+02
2.830e+02
3.290e+02
3.410e+02
3.550e+02
3.720e+02
4.120e+02
4.230e+02
4.620e+02
5.170e+02
5.360e+02
6.630e+02
7.160e+02
7.550e+02
7.910e+02
7.540e+02
7.830e+02
7.200e+02
9.360e+02
8.970e+02
8.930e+02
9.650e+02
9.080e+02
9.250e+02
9.230e+02
9.310e+02
9.880e+02
1.066e+03
1.103e+03
1.148e+03
1.232e+03
1.131e+03
1.174e+03
1.241e+03
1.312e+03
1.408e+03
1.542e+03
1.661e+03
1.471e+03
1.539e+03
1.673e+03
1.674e+03
1.828e+03
1.818e+03
1.913e+03
2.033e+03
2.132e+03
2.345e+03
2.651e+03
3.036e+03
3.273e+03
3.577e+03
3.559e+03
3.771e+03
3.997e+03
5.275e+03
8.483e+03
3.135e+04
7.356e+03
4.807e+03
4.298e+03
4.458e+03
5.140e+03
5.453e+03
5.130e+03
4.653e+03
3.913e+03
3.337e+03
3.099e+03
2.966e+03
2.826e+03
2.586e+03
2.419e+03
2.299e+03
2.245e+03
2.019e+03
2.008e+03
1.975e+03
2.020e+03
1.937e+03
1.779e+03
1.735e+03
1.642e+03
1.625e+03
1.623e+03
1.495e+03
1.337e+03
1.270e+03
1.253e+03
1.127e+03
1.105e+03
1.105e+03
1.172e+03
1.194e+03
1.105e+03
1.061e+03
9.510e+02
8.730e+02
9.280e+02
9.270e+02
1.005e+03
9.530e+02
9.890e+02
9.530e+02
7.430e+02
6.960e+02
7.020e+02
6.140e+02
5.640e+02
5.730e+02
4.980e+02
4.620e+02
3.660e+02
3.650e+02
3.110e+02
2.850e+02
2.750e+02
2.810e+02
2.920e+02
2.770e+02
2.630e+02
2.300e+02
2.320e+02
2.200e+02
1.960e+02
2.110e+02
2.610e+02
2.360e+02
2.820e+02
3.040e+02
3.390e+02
3.060e+02
3.170e+02
2.890e+02
2.880e+02
3.200e+02
3.630e+02
3.300e+02
2.400e+02
2.120e+02
2.170e+02
1.750e+02
2.010e+02
1.720e+02
1.820e+02
2.080e+02
2.160e+02
2.750e+02
5.390e+02
2.690e+02
2.120e+02
1.670e+02
1.670e+02
1.830e+02
1.810e+02
1.740e+02
1.890e+02
1.740e+02
2.590e+02
2.790e+02
2.500e+02
2.530e+02
2.550e+02
2.280e+02
3.060e+02
2.870e+02
2.280e+02
2.130e+02
1.870e+02
2.150e+02
2.050e+02
1.840e+02
2.210e+02
2.190e+02
2.290e+02
2.210e+02
2.410e+02
2.540e+02
2.170e+02
2.760e+02
3.250e+02
3.620e+02
3.650e+02
3.820e+02
4.170e+02
4.600e+02
4.760e+02
5.520e+02
5.820e+02
6.380e+02
7.490e+02
8.460e+02
8.070e+02
8.300e+02
8.370e+02
8.230e+02
8.520e+02
9.410e+02
9.500e+02
9.440e+02
9.120e+02
1.001e+03
9.620e+02
9.500e+02
9.740e+02
1.048e+03
1.065e+03
1.164e+03
1.258e+03
1.146e+03
1.135e+03
1.205e+03
1.272e+03
1.493e+03
1.412e+03
1.426e+03
1.435e+03
1.505e+03
1.593e+03
1.508e+03
1.575e+03
1.708e+03
1.673e+03
1.894e+03
1.898e+03
1.948e+03
1.978e+03
2.170e+03
2.444e+03
2.819e+03
3.281e+03
3.578e+03
3.506e+03
3.757e+03
4.013e+03
5.593e+03
8.489e+03
