5.571e+04
6.998e+03
3.669e+03
2.936e+03
2.347e+03
2.210e+03
2.216e+03
2.111e+03
2.228e+03
2.517e+03
2.809e+03
3.065e+03
3.800e+03
4.112e+03
4.973e+03
6.778e+03
9.200e+03
7.064e+03
5.214e+03
4.350e+03
3.265e+03
2.800e+03
2.267e+03
1.847e+03
1.557e+03
1.314e+03
1.229e+03
1.243e+03
1.155e+03
9.620e+02
1.061e+03
1.049e+03
1.129e+03
1.371e+03
1.568e+03
1.199e+03
1.345e+03
1.098e+03
8.710e+02
7.070e+02
5.800e+02
5.480e+02
3.710e+02
3.740e+02
3.720e+02
3.710e+02
4.080e+02
3.970e+02
3.650e+02
3.480e+02
3.470e+02
2.830e+02
2.780e+02
3.360e+02
4.260e+02
4.890e+02
3.920e+02
5.430e+02
6.050e+02
5.850e+02
6.040e+02
6.020e+02
6.850e+02
9.390e+02
9.070e+02
6.830e+02
8.530e+02
5.790e+02
5.040e+02
4.030e+02
5.710e+02
6.280e+02
4.030e+02
4.020e+02
4.100e+02
3.180e+02
2.050e+02
1.560e+02
1.270e+02
1.330e+02
1.220e+02
1.100e+02
1.230e+02
1.170e+02
1.310e+02
2.500e+02
1.790e+02
3.400e+02
3.380e+02
2.780e+02
2.320e+02
2.540e+02
2.150e+02
1.240e+02
9.600e+01
1.060e+02
1.160e+02
1.260e+02
1.270e+02
1.240e+02
1.450e+02
1.550e+02
1.790e+02
2.780e+02
3.350e+02
3.790e+02
4.710e+02
5.150e+02
4.500e+02
4.920e+02
4.980e+02
6.290e+02
7.500e+02
7.930e+02
7.090e+02
7.950e+02
8.640e+02
6.860e+02
6.480e+02
6.500e+02
6.420e+02
6.090e+02
5.950e+02
5.500e+02
4.090e+02
4.210e+02
5.070e+02
3.740e+02
3.920e+02
3.440e+02
3.010e+02
3.850e+02
3.000e+02
3.110e+02
3.370e+02
3.540e+02
3.630e+02
3.500e+02
4.910e+02
4.600e+02
4.800e+02
6.000e+02
6.590e+02
7.990e+02
8.660e+02
1.054e+03
1.364e+03
1.463e+03
1.398e+03
1.449e+03
1.147e+03
1.150e+03
1.337e+03
1.409e+03
1.441e+03
1.612e+03
1.798e+03
1.950e+03
2.588e+03
3.151e+03
3.243e+03
4.058e+03
5.637e+03
8.006e+03
1.007e+04
8.193e+03
6.000e+03
5.019e+03
3.974e+03
3.617e+03
3.181e+03
3.065e+03
2.796e+03
2.627e+03
2.416e+03
2.654e+03
3.142e+03
3.196e+03
3.823e+03
7.830e+03
5.411e+04
8.254e+03
3.853e+03
3.185e+03
2.692e+03
2.516e+03
2.413e+03
2.473e+03
2.763e+03
3.029e+03
3.137e+03
3.595e+03
3.933e+03
4.537e+03
5.587e+03
7.351e+03
8.279e+03
6.130e+03
4.385e+03
3.476e+03
2.678e+03
2.495e+03
2.117e+03
1.818e+03
1.659e+03
1.464e+03
1.349e+03
1.274e+03
1.223e+03
1.068e+03
1.129e+03
1.327e+03
1.267e+03
1.473e+03
1.322e+03
9.680e+02
8.290e+02
7.130e+02
6.050e+02
5.610e+02
4.480e+02
5.090e+02
4.820e+02
3.900e+02
3.890e+02
3.330e+02
3.420e+02
3.650e+02
3.110e+02
4.220e+02
3.020e+02
3.080e+02
3.290e+02
3.480e+02
5.250e+02
4.570e+02
3.990e+02
4.900e+02
5.470e+02
5.360e+02
6.180e+02
5.890e+02
5.980e+02
6.200e+02
8.170e+02
7.650e+02
6.680e+02
6.500e+02
7.040e+02
5.690e+02
4.060e+02
4.820e+02
4.130e+02
5.370e+02
4.810e+02
3.000e+02
2.540e+02
2.240e+02
1.780e+02
1.220e+02
1.170e+02
1.110e+02
9.400e+01
1.240e+02
1.300e+02
1.000e+02
1.030e+02
1.370e+02
2.030e+02
2.280e+02
2.320e+02
3.090e+02
3.400e+02
2.650e+02
2.110e+02
2.700e+02
1.690e+02
1.120e+02
1.180e+02
1.450e+02
1.220e+02
1.380e+02
1.570e+02
2.090e+02
2.130e+02
3.520e+02
4.500e+02
4.360e+02
3.940e+02
7.050e+02
6.290e+02
4.670e+02
6.430e+02
7.080e+02
1.007e+03
8.150e+02
8.600e+02
1.023e+03
7.220e+02
6.430e+02
5.880e+02
6.510e+02
5.770e+02
5.320e+02
3.940e+02
5.170e+02
4.140e+02
3.220e+02
3.110e+02
2.980e+02
3.680e+02
3.780e+02
4.150e+02
4.170e+02
3.870e+02
3.490e+02
3.530e+02
4.020e+02
3.990e+02
5.360e+02
6.000e+02
7.340e+02
8.700e+02
1.118e+03
1.396e+03
1.344e+03
1.651e+03
1.400e+03
1.240e+03
1.119e+03
1.100e+03
1.217e+03
1.287e+03
1.432e+03
1.445e+03
1.507e+03
1.798e+03
2.302e+03
2.981e+03
3.481e+03
4.452e+03
6.152e+03
6.906e+03
8.151e+03
1.007e+04
7.293e+03
5.107e+03
4.021e+03
3.672e+03
3.073e+03
2.884e+03
2.607e+03
2.307e+03
2.159e+03
2.213e+03
2.357e+03
2.712e+03
2.904e+03
3.751e+03
7.085e+03
