3.474e+03
1.422e+03
6.550e+02
3.430e+02
2.440e+02
1.700e+02
1.540e+02
1.100e+02
1.300e+02
1.220e+02
1.020e+02
8.100e+01
1.010e+02
9.500e+01
9.800e+01
1.010e+02
9.100e+01
9.500e+01
7.900e+01
7.200e+01
8.400e+01
1.170e+02
9.100e+01
1.120e+02
1.060e+02
1.030e+02
9.700e+01
9.200e+01
8.600e+01
8.700e+01
7.700e+01
1.080e+02
1.010e+02
9.700e+01
1.000e+02
1.190e+02
1.030e+02
9.800e+01
9.700e+01
1.150e+02
9.000e+01
8.200e+01
1.240e+02
1.000e+02
1.280e+02
1.500e+02
1.670e+02
2.140e+02
2.770e+02
3.410e+02
3.270e+02
2.400e+02
2.340e+02
1.700e+02
1.960e+02
2.240e+02
1.850e+02
2.020e+02
2.170e+02
2.290e+02
2.490e+02
1.980e+02
1.850e+02
1.710e+02
1.600e+02
1.390e+02
1.340e+02
1.310e+02
1.110e+02
1.100e+02
1.000e+02
8.900e+01
8.300e+01
6.700e+01
5.300e+01
4.200e+01
4.600e+01
5.800e+01
3.300e+01
2.300e+01
2.300e+01
2.800e+01
3.100e+01
2.900e+01
2.900e+01
2.400e+01
1.600e+01
2.300e+01
2.300e+01
3.500e+01
3.000e+01
4.300e+01
2.700e+01
2.400e+01
1.800e+01
2.200e+01
3.000e+01
2.800e+01
2.800e+01
3.000e+01
3.000e+01
3.000e+01
3.700e+01
4.300e+01
4.400e+01
5.400e+01
8.300e+01
7.900e+01
7.400e+01
1.020e+02
1.190e+02
1.230e+02
1.450e+02
1.250e+02
1.610e+02
1.750e+02
1.660e+02
2.040e+02
2.090e+02
2.180e+02
2.530e+02
1.990e+02
2.090e+02
1.970e+02
1.820e+02
2.120e+02
2.010e+02
1.820e+02
1.960e+02
2.570e+02
2.800e+02
2.910e+02
2.970e+02
2.270e+02
1.760e+02
1.590e+02
1.510e+02
1.240e+02
1.220e+02
1.010e+02
9.200e+01
1.030e+02
9.500e+01
9.600e+01
9.200e+01
8.900e+01
7.200e+01
8.600e+01
7.400e+01
1.090e+02
9.700e+01
1.020e+02
1.140e+02
1.010e+02
1.000e+02
1.170e+02
9.400e+01
9.800e+01
7.500e+01
7.600e+01
7.300e+01
6.900e+01
6.300e+01
9.200e+01
9.800e+01
7.200e+01
8.600e+01
7.200e+01
9.200e+01
1.050e+02
1.110e+02
1.160e+02
1.260e+02
1.110e+02
1.420e+02
1.600e+02
2.590e+02
3.740e+02
6.680e+02
1.343e+03
3.471e+03
1.350e+03
6.910e+02
3.650e+02
2.390e+02
1.790e+02
1.370e+02
1.130e+02
1.340e+02
1.210e+02
9.600e+01
9.900e+01
7.900e+01
8.100e+01
1.030e+02
9.400e+01
8.200e+01
9.000e+01
8.200e+01
7.500e+01
6.900e+01
9.300e+01
1.120e+02
9.900e+01
1.090e+02
1.110e+02
9.700e+01
9.100e+01
1.140e+02
9.500e+01
1.050e+02
8.300e+01
1.020e+02
1.000e+02
7.800e+01
1.120e+02
1.040e+02
1.120e+02
1.080e+02
1.070e+02
1.020e+02
8.900e+01
9.600e+01
1.290e+02
1.650e+02
1.450e+02
1.660e+02
2.230e+02
2.950e+02
3.230e+02
2.970e+02
2.550e+02
1.910e+02
1.710e+02
1.720e+02
1.880e+02
1.710e+02
2.000e+02
2.060e+02
2.070e+02
2.290e+02
1.900e+02
2.060e+02
1.800e+02
1.640e+02
1.690e+02
1.360e+02
1.090e+02
1.280e+02
1.170e+02
1.020e+02
9.500e+01
7.900e+01
9.200e+01
6.100e+01
5.600e+01
4.900e+01
5.300e+01
5.000e+01
2.000e+01
3.700e+01
2.900e+01
2.500e+01
2.800e+01
3.700e+01
1.800e+01
1.600e+01
2.100e+01
1.800e+01
3.400e+01
3.200e+01
3.100e+01
2.500e+01
2.400e+01
3.000e+01
2.500e+01
2.900e+01
3.500e+01
2.300e+01
2.000e+01
2.900e+01
3.400e+01
3.600e+01
3.100e+01
4.700e+01
4.200e+01
5.100e+01
7.900e+01
8.500e+01
9.500e+01
1.080e+02
1.070e+02
1.300e+02
1.480e+02
1.380e+02
1.600e+02
1.720e+02
1.790e+02
1.810e+02
2.350e+02
2.350e+02
2.730e+02
2.350e+02
2.170e+02
1.990e+02
1.990e+02
2.210e+02
1.860e+02
2.090e+02
2.590e+02
3.020e+02
3.130e+02
2.850e+02
2.400e+02
1.840e+02
1.380e+02
1.230e+02
1.220e+02
1.140e+02
1.070e+02
8.700e+01
1.050e+02
9.500e+01
9.100e+01
9.200e+01
1.010e+02
8.500e+01
8.500e+01
8.800e+01
1.000e+02
9.900e+01
8.200e+01
1.060e+02
8.100e+01
9.900e+01
1.090e+02
9.200e+01
9.000e+01
9.500e+01
9.200e+01
7.200e+01
7.200e+01
7.000e+01
7.900e+01
1.000e+02
8.100e+01
7.500e+01
9.100e+01
8.300e+01
1.060e+02
1.360e+02
1.210e+02
1.110e+02
1.020e+02
1.360e+02
1.740e+02
2.530e+02
3.470e+02
6.720e+02
1.348e+03
