6.000e+00
0.000e+00
1.000e+00
0.000e+00
1.000e+00
2.000e+00
2.000e+00
0.000e+00
3.000e+00
0.000e+00
2.000e+00
1.000e+00
0.000e+00
1.000e+00
0.000e+00
0.000e+00
1.000e+00
0.000e+00
0.000e+00
0.000e+00
0.000e+00
3.000e+00
1.000e+00
3.000e+00
0.000e+00
2.000e+00
4.000e+00
5.000e+00
2.000e+00
1.000e+00
0.000e+00
2.000e+00
0.000e+00
2.000e+00
1.000e+00
1.000e+00
1.000e+00
0.000e+00
4.000e+00
0.000e+00
0.000e+00
0.000e+00
1.000e+00
1.000e+00
1.000e+00
1.000e+00
1.000e+00
3.000e+00
4.000e+00
2.000e+00
1.000e+00
1.000e+00
0.000e+00
0.000e+00
1.000e+00
0.000e+00
2.000e+00
0.000e+00
0.000e+00
0.000e+00
0.000e+00
0.000e+00
0.000e+00
0.000e+00
0.000e+00
0.000e+00
0.000e+00
0.000e+00
1.000e+00
0.000e+00
0.000e+00
0.000e+00
0.000e+00
0.000e+00
0.000e+00
0.000e+00
0.000e+00
0.000e+00
1.000e+00
0.000e+00
0.000e+00
0.000e+00
0.000e+00
0.000e+00
0.000e+00
0.000e+00
0.000e+00
0.000e+00
0.000e+00
0.000e+00
0.000e+00
0.000e+00
0.000e+00
0.000e+00
0.000e+00
0.000e+00
1.000e+00
0.000e+00
0.000e+00
0.000e+00
0.000e+00
0.000e+00
0.000e+00
0.000e+00
2.000e+00
0.000e+00
0.000e+00
0.000e+00
0.000e+00
0.000e+00
0.000e+00
1.000e+00
0.000e+00
0.000e+00
0.000e+00
0.000e+00
0.000e+00
0.000e+00
0.000e+00
0.000e+00
1.000e+00
0.000e+00
0.000e+00
0.000e+00
0.000e+00
0.000e+00
0.000e+00
0.000e+00
1.000e+00
0.000e+00
3.000e+00
1.000e+00
5.000e+00
8.000e+00
1.300e+01
1.200e+01
8.000e+00
8.000e+00
1.200e+01
3.000e+00
9.000e+00
9.000e+00
9.000e+00
1.200e+01
1.300e+01
9.000e+00
5.000e+00
2.000e+00
1.000e+00
5.000e+00
1.000e+00
5.000e+00
6.000e+00
4.000e+00
7.000e+00
6.000e+00
2.100e+01
2.900e+01
3.800e+01
9.200e+01
8.400e+01
4.800e+01
4.200e+01
4.700e+01
5.300e+01
2.300e+01
1.200e+01
8.000e+00
6.000e+00
3.000e+00
1.600e+01
4.000e+00
6.000e+00
1.200e+01
6.000e+00
1.400e+01
1.000e+01
6.000e+00
3.000e+00
2.000e+00
4.200e+01
6.000e+00
2.000e+00
6.000e+00
1.200e+01
1.600e+01
4.000e+00
7.000e+00
6.000e+00
5.000e+00
5.000e+00
7.000e+00
2.000e+00
8.000e+00
1.000e+01
2.700e+01
5.400e+01
4.200e+01
3.200e+01
5.500e+01
7.500e+01
1.190e+02
3.700e+01
2.900e+01
2.400e+01
5.000e+00
6.000e+00
6.000e+00
4.000e+00
1.000e+00
1.000e+00
2.000e+00
1.000e+00
3.000e+00
3.000e+00
6.000e+00
5.000e+00
8.000e+00
9.000e+00
6.000e+00
5.000e+00
1.300e+01
1.000e+01
8.000e+00
3.000e+00
1.000e+01
1.400e+01
7.000e+00
7.000e+00
3.000e+00
3.000e+00
0.000e+00
3.000e+00
0.000e+00
1.000e+00
0.000e+00
1.000e+00
1.000e+00
0.000e+00
1.000e+00
0.000e+00
0.000e+00
0.000e+00
0.000e+00
0.000e+00
0.000e+00
0.000e+00
0.000e+00
0.000e+00
0.000e+00
0.000e+00
0.000e+00
0.000e+00
0.000e+00
0.000e+00
0.000e+00
0.000e+00
0.000e+00
0.000e+00
0.000e+00
0.000e+00
0.000e+00
0.000e+00
0.000e+00
0.000e+00
0.000e+00
1.000e+00
0.000e+00
0.000e+00
0.000e+00
0.000e+00
0.000e+00
0.000e+00
0.000e+00
1.000e+00
0.000e+00
0.000e+00
0.000e+00
0.000e+00
1.000e+00
0.000e+00
0.000e+00
0.000e+00
0.000e+00
0.000e+00
0.000e+00
0.000e+00
0.000e+00
0.000e+00
0.000e+00
0.000e+00
0.000e+00
0.000e+00
0.000e+00
1.000e+00
0.000e+00
0.000e+00
0.000e+00
0.000e+00
0.000e+00
0.000e+00
0.000e+00
0.000e+00
1.000e+00
0.000e+00
1.000e+00
1.000e+00
0.000e+00
0.000e+00
0.000e+00
0.000e+00
3.000e+00
4.000e+00
1.000e+00
1.000e+00
0.000e+00
0.000e+00
1.000e+00
0.000e+00
0.000e+00
0.000e+00
1.000e+00
2.000e+00
2.000e+00
1.000e+00
0.000e+00
0.000e+00
1.000e+00
0.000e+00
2.000e+00
4.000e+00
4.000e+00
2.000e+00
1.000e+00
1.000e+00
0.000e+00
0.000e+00
4.000e+00
0.000e+00
1.000e+00
0.000e+00
0.000e+00
0.000e+00
1.000e+00
0.000e+00
1.000e+00
0.000e+00
0.000e+00
1.000e+00
0.000e+00
3.000e+00
1.000e+00
0.000e+00
2.000e+00
5.000e+00
1.000e+00
0.000e+00
0.000e+00
0.000e+00
0.000e+00
