1.672e+04
3.682e+03
2.377e+03
1.193e+03
7.990e+02
5.540e+02
4.560e+02
4.000e+02
3.620e+02
3.600e+02
3.650e+02
3.460e+02
3.500e+02
3.340e+02
3.810e+02
3.740e+02
4.140e+02
4.520e+02
4.850e+02
5.320e+02
6.180e+02
5.450e+02
4.250e+02
4.210e+02
3.830e+02
3.810e+02
3.690e+02
3.430e+02
3.120e+02
2.860e+02
3.180e+02
3.150e+02
3.390e+02
3.490e+02
3.720e+02
4.050e+02
4.880e+02
5.820e+02
6.980e+02
5.410e+02
4.300e+02
3.920e+02
4.300e+02
4.110e+02
4.170e+02
3.980e+02
3.660e+02
4.640e+02
5.230e+02
5.640e+02
5.550e+02
4.480e+02
4.220e+02
3.650e+02
3.900e+02
3.750e+02
3.030e+02
3.290e+02
3.300e+02
3.160e+02
3.330e+02
2.580e+02
2.510e+02
2.390e+02
2.080e+02
1.860e+02
1.750e+02
1.650e+02
1.580e+02
1.430e+02
1.320e+02
1.110e+02
1.190e+02
8.600e+01
7.000e+01
5.500e+01
8.200e+01
7.800e+01
5.400e+01
3.200e+01
3.200e+01
4.400e+01
4.600e+01
4.300e+01
4.300e+01
5.300e+01
3.800e+01
4.000e+01
3.800e+01
7.300e+01
5.900e+01
8.100e+01
4.500e+01
4.000e+01
2.900e+01
4.000e+01
5.100e+01
4.300e+01
4.200e+01
4.600e+01
4.400e+01
4.900e+01
5.800e+01
7.000e+01
6.200e+01
8.300e+01
1.090e+02
1.210e+02
1.070e+02
1.270e+02
1.590e+02
1.680e+02
1.950e+02
1.740e+02
2.240e+02
2.440e+02
2.210e+02
2.910e+02
3.100e+02
3.190e+02
3.500e+02
2.930e+02
3.540e+02
3.560e+02
3.550e+02
3.770e+02
3.660e+02
3.660e+02
4.400e+02
4.790e+02
4.850e+02
5.140e+02
5.240e+02
5.060e+02
4.670e+02
4.510e+02
4.280e+02
3.640e+02
3.750e+02
4.920e+02
6.190e+02
6.240e+02
5.620e+02
4.780e+02
4.010e+02
3.720e+02
3.590e+02
2.700e+02
2.920e+02
3.430e+02
3.210e+02
3.320e+02
3.900e+02
3.700e+02
3.530e+02
3.690e+02
3.430e+02
3.710e+02
4.190e+02
5.110e+02
5.490e+02
5.240e+02
4.750e+02
4.380e+02
4.200e+02
3.630e+02
3.240e+02
2.980e+02
3.390e+02
3.390e+02
3.440e+02
3.500e+02
3.670e+02
3.610e+02
3.920e+02
4.860e+02
8.100e+02
1.179e+03
2.400e+03
3.518e+03
1.668e+04
3.693e+03
2.415e+03
1.169e+03
8.390e+02
5.170e+02
4.420e+02
3.920e+02
3.780e+02
3.520e+02
3.410e+02
3.340e+02
3.390e+02
3.030e+02
3.780e+02
3.560e+02
3.950e+02
4.350e+02
4.360e+02
5.060e+02
5.550e+02
5.850e+02
4.680e+02
4.310e+02
3.830e+02
3.640e+02
3.710e+02
3.620e+02
3.300e+02
3.220e+02
3.220e+02
3.060e+02
3.220e+02
2.930e+02
3.450e+02
3.960e+02
3.780e+02
4.790e+02
5.830e+02
5.950e+02
5.780e+02
4.610e+02
3.820e+02
3.960e+02
4.620e+02
4.450e+02
4.430e+02
4.690e+02
5.470e+02
5.060e+02
4.950e+02
4.470e+02
4.140e+02
3.360e+02
3.720e+02
3.560e+02
3.430e+02
3.490e+02
3.320e+02
2.950e+02
3.210e+02
2.660e+02
2.820e+02
2.440e+02
2.150e+02
2.370e+02
1.910e+02
1.730e+02
1.740e+02
1.600e+02
1.400e+02
1.240e+02
1.280e+02
1.210e+02
9.000e+01
7.900e+01
7.100e+01
7.300e+01
7.000e+01
3.700e+01
4.700e+01
5.500e+01
3.200e+01
3.900e+01
5.100e+01
2.900e+01
2.900e+01
3.700e+01
4.100e+01
6.000e+01
6.100e+01
6.900e+01
5.000e+01
4.100e+01
5.000e+01
4.400e+01
5.300e+01
5.400e+01
3.600e+01
4.000e+01
4.500e+01
4.500e+01
6.200e+01
5.700e+01
6.900e+01
6.000e+01
7.600e+01
1.010e+02
1.150e+02
1.240e+02
1.330e+02
1.460e+02
1.770e+02
1.880e+02
1.910e+02
2.140e+02
2.040e+02
2.420e+02
2.580e+02
3.100e+02
3.220e+02
3.740e+02
3.640e+02
3.390e+02
3.400e+02
3.580e+02
4.120e+02
4.010e+02
4.230e+02
4.680e+02
5.430e+02
5.720e+02
5.550e+02
4.590e+02
4.190e+02
4.110e+02
3.890e+02
4.180e+02
4.080e+02
4.070e+02
4.300e+02
5.840e+02
6.860e+02
5.900e+02
5.160e+02
3.980e+02
3.400e+02
3.240e+02
3.240e+02
3.300e+02
3.440e+02
2.900e+02
3.590e+02
3.610e+02
3.580e+02
3.830e+02
3.460e+02
3.280e+02
4.110e+02
5.010e+02
5.930e+02
5.040e+02
5.200e+02
4.620e+02
4.330e+02
4.100e+02
3.230e+02
3.460e+02
3.530e+02
3.220e+02
3.990e+02
3.690e+02
3.470e+02
3.420e+02
4.240e+02
5.010e+02
7.580e+02
1.193e+03
2.410e+03
3.496e+03
