1.425e+04
1.565e+03
6.280e+02
4.660e+02
5.220e+02
5.140e+02
4.680e+02
3.890e+02
3.760e+02
3.960e+02
4.010e+02
4.450e+02
5.070e+02
5.470e+02
6.850e+02
4.570e+02
2.430e+02
1.690e+02
1.230e+02
1.020e+02
1.060e+02
7.500e+01
5.300e+01
3.600e+01
3.100e+01
2.300e+01
1.800e+01
2.100e+01
1.300e+01
8.000e+00
5.000e+00
6.000e+00
6.000e+00
4.000e+00
5.000e+00
2.000e+00
0.000e+00
2.000e+00
0.000e+00
0.000e+00
1.000e+00
1.000e+00
2.000e+00
0.000e+00
1.000e+00
2.000e+00
0.000e+00
0.000e+00
1.000e+00
0.000e+00
0.000e+00
0.000e+00
0.000e+00
1.000e+00
1.000e+00
1.000e+00
0.000e+00
0.000e+00
1.100e+01
0.000e+00
0.000e+00
0.000e+00
0.000e+00
0.000e+00
0.000e+00
0.000e+00
1.000e+00
2.000e+00
0.000e+00
0.000e+00
0.000e+00
1.000e+00
0.000e+00
0.000e+00
0.000e+00
0.000e+00
0.000e+00
0.000e+00
0.000e+00
0.000e+00
0.000e+00
0.000e+00
1.000e+00
0.000e+00
1.000e+00
0.000e+00
0.000e+00
0.000e+00
2.000e+00
1.000e+00
0.000e+00
0.000e+00
0.000e+00
0.000e+00
0.000e+00
0.000e+00
1.000e+00
0.000e+00
0.000e+00
0.000e+00
0.000e+00
0.000e+00
0.000e+00
0.000e+00
0.000e+00
0.000e+00
1.000e+00
4.000e+00
4.000e+00
4.000e+00
1.000e+00
3.000e+00
2.000e+00
1.000e+00
7.000e+00
4.000e+00
4.000e+00
6.000e+00
7.000e+00
1.000e+00
1.000e+00
3.000e+00
1.100e+01
0.000e+00
3.000e+00
6.000e+00
6.000e+00
6.000e+00
8.000e+00
1.400e+01
1.100e+01
1.200e+01
1.000e+00
9.000e+00
1.200e+01
9.000e+00
1.100e+01
1.800e+01
1.000e+01
2.200e+01
1.000e+01
1.200e+01
8.000e+00
7.000e+00
1.100e+01
8.000e+00
8.000e+00
8.000e+00
1.400e+01
7.000e+00
1.400e+01
9.000e+00
1.600e+01
2.300e+01
2.000e+01
2.300e+01
2.000e+01
2.300e+01
1.600e+01
3.000e+01
3.100e+01
3.800e+01
2.900e+01
3.800e+01
4.700e+01
4.500e+01
4.400e+01
4.800e+01
5.600e+01
5.000e+01
4.200e+01
5.700e+01
7.900e+01
7.900e+01
7.100e+01
6.500e+01
7.000e+01
1.080e+02
1.800e+02
4.080e+02
4.526e+03
4.800e+02
1.490e+02
1.070e+02
8.700e+01
8.800e+01
8.200e+01
6.900e+01
7.300e+01
5.600e+01
5.700e+01
7.700e+01
7.800e+01
5.300e+01
7.100e+01
7.400e+01
5.600e+01
5.700e+01
7.300e+01
6.700e+01
4.700e+01
2.800e+01
2.600e+01
2.600e+01
2.300e+01
2.600e+01
2.700e+01
1.300e+01
1.900e+01
1.600e+01
1.000e+01
6.000e+00
1.000e+01
7.000e+00
7.000e+00
1.000e+01
5.000e+00
1.000e+01
9.000e+00
5.000e+00
8.000e+00
4.000e+00
7.000e+00
1.200e+01
1.100e+01
8.000e+00
8.000e+00
7.000e+00
6.000e+00
7.000e+00
4.000e+00
6.000e+00
7.000e+00
6.000e+00
2.000e+00
7.000e+00
2.000e+00
1.000e+00
1.200e+01
1.000e+00
2.000e+00
3.000e+00
3.000e+00
5.000e+00
3.000e+00
1.000e+00
2.000e+00
0.000e+00
0.000e+00
2.000e+00
0.000e+00
0.000e+00
0.000e+00
0.000e+00
2.000e+00
0.000e+00
0.000e+00
0.000e+00
0.000e+00
0.000e+00
0.000e+00
0.000e+00
0.000e+00
0.000e+00
1.000e+00
0.000e+00
2.000e+00
0.000e+00
0.000e+00
1.000e+00
0.000e+00
0.000e+00
1.000e+00
0.000e+00
0.000e+00
0.000e+00
0.000e+00
0.000e+00
0.000e+00
0.000e+00
0.000e+00
0.000e+00
0.000e+00
0.000e+00
0.000e+00
4.000e+00
0.000e+00
0.000e+00
2.000e+00
0.000e+00
0.000e+00
0.000e+00
0.000e+00
3.000e+00
1.000e+00
0.000e+00
2.000e+00
0.000e+00
0.000e+00
0.000e+00
0.000e+00
0.000e+00
1.100e+01
0.000e+00
1.000e+00
0.000e+00
1.000e+00
4.000e+00
0.000e+00
0.000e+00
2.000e+00
0.000e+00
0.000e+00
0.000e+00
1.000e+00
1.000e+00
0.000e+00
0.000e+00
3.000e+00
2.000e+00
1.000e+00
1.000e+00
3.000e+00
3.000e+00
4.000e+00
1.000e+00
6.000e+00
6.000e+00
1.000e+01
1.000e+01
4.000e+00
7.000e+00
1.300e+01
9.000e+00
1.300e+01
7.000e+00
1.500e+01
3.200e+01
3.400e+01
8.700e+01
7.500e+01
8.600e+01
1.630e+02
1.710e+02
2.940e+02
5.200e+02
6.820e+02
5.140e+02
4.810e+02
4.100e+02
4.030e+02
3.910e+02
3.660e+02
3.750e+02
4.280e+02
4.990e+02
4.610e+02
4.460e+02
6.630e+02
1.560e+03
