2.700e+01
7.000e+00
4.000e+00
1.000e+00
0.000e+00
1.000e+00
2.000e+00
3.000e+00
3.000e+00
0.000e+00
1.000e+00
0.000e+00
0.000e+00
1.000e+00
0.000e+00
1.000e+00
1.000e+00
2.000e+00
1.000e+00
2.000e+00
0.000e+00
4.000e+00
0.000e+00
1.000e+00
3.000e+00
2.000e+00
0.000e+00
2.000e+00
0.000e+00
3.000e+00
2.000e+00
1.000e+00
3.000e+00
2.000e+00
3.000e+00
3.000e+00
1.000e+00
7.000e+00
6.000e+00
5.000e+00
2.000e+00
3.000e+00
4.000e+00
1.000e+01
4.000e+00
2.000e+00
0.000e+00
1.000e+00
0.000e+00
1.000e+00
0.000e+00
0.000e+00
2.000e+00
1.000e+00
0.000e+00
0.000e+00
0.000e+00
0.000e+00
0.000e+00
0.000e+00
0.000e+00
0.000e+00
0.000e+00
0.000e+00
0.000e+00
0.000e+00
0.000e+00
0.000e+00
0.000e+00
0.000e+00
0.000e+00
0.000e+00
0.000e+00
0.000e+00
0.000e+00
0.000e+00
0.000e+00
0.000e+00
0.000e+00
0.000e+00
0.000e+00
0.000e+00
0.000e+00
0.000e+00
0.000e+00
0.000e+00
0.000e+00
0.000e+00
0.000e+00
0.000e+00
0.000e+00
0.000e+00
0.000e+00
0.000e+00
0.000e+00
0.000e+00
0.000e+00
0.000e+00
0.000e+00
0.000e+00
0.000e+00
0.000e+00
0.000e+00
0.000e+00
0.000e+00
0.000e+00
0.000e+00
0.000e+00
0.000e+00
0.000e+00
0.000e+00
0.000e+00
0.000e+00
0.000e+00
0.000e+00
0.000e+00
0.000e+00
0.000e+00
0.000e+00
0.000e+00
0.000e+00
0.000e+00
0.000e+00
0.000e+00
0.000e+00
0.000e+00
0.000e+00
0.000e+00
0.000e+00
0.000e+00
0.000e+00
0.000e+00
0.000e+00
2.000e+00
3.000e+00
1.000e+00
1.000e+00
0.000e+00
2.000e+00
0.000e+00
0.000e+00
2.000e+00
3.000e+00
0.000e+00
3.000e+00
2.000e+00
4.000e+00
3.000e+00
1.000e+00
4.000e+00
4.000e+00
1.000e+00
6.000e+00
3.000e+00
1.000e+00
2.000e+00
1.000e+00
4.000e+00
2.000e+00
2.000e+00
1.000e+00
3.000e+00
2.000e+00
3.000e+00
2.000e+00
4.000e+00
7.000e+00
1.300e+01
1.600e+01
2.200e+01
2.200e+01
1.600e+01
2.900e+01
3.500e+01
7.800e+01
8.000e+01
1.240e+02
2.300e+02
3.950e+02
1.204e+03
6.007e+03
1.298e+03
4.180e+02
2.600e+02
1.290e+02
9.300e+01
7.000e+01
3.500e+01
2.500e+01
2.100e+01
1.700e+01
9.000e+00
1.800e+01
1.400e+01
7.000e+00
3.000e+00
1.000e+00
0.000e+00
2.000e+00
6.000e+00
2.000e+00
2.000e+00
2.000e+00
1.000e+00
5.000e+00
2.000e+00
5.000e+00
1.000e+00
3.000e+00
1.000e+00
6.000e+00
4.000e+00
3.000e+00
4.000e+00
6.000e+00
3.000e+00
3.000e+00
5.000e+00
1.000e+00
0.000e+00
0.000e+00
1.000e+00
1.000e+00
1.000e+00
0.000e+00
0.000e+00
0.000e+00
2.000e+00
0.000e+00
0.000e+00
1.000e+00
0.000e+00
0.000e+00
0.000e+00
0.000e+00
0.000e+00
0.000e+00
0.000e+00
0.000e+00
0.000e+00
0.000e+00
0.000e+00
0.000e+00
0.000e+00
0.000e+00
0.000e+00
0.000e+00
0.000e+00
0.000e+00
0.000e+00
0.000e+00
0.000e+00
0.000e+00
0.000e+00
0.000e+00
0.000e+00
0.000e+00
0.000e+00
0.000e+00
0.000e+00
0.000e+00
0.000e+00
0.000e+00
0.000e+00
0.000e+00
0.000e+00
0.000e+00
0.000e+00
0.000e+00
0.000e+00
0.000e+00
0.000e+00
0.000e+00
0.000e+00
0.000e+00
0.000e+00
0.000e+00
0.000e+00
0.000e+00
0.000e+00
0.000e+00
0.000e+00
0.000e+00
0.000e+00
0.000e+00
0.000e+00
0.000e+00
0.000e+00
0.000e+00
0.000e+00
0.000e+00
0.000e+00
0.000e+00
0.000e+00
0.000e+00
0.000e+00
0.000e+00
0.000e+00
0.000e+00
0.000e+00
0.000e+00
0.000e+00
1.000e+00
0.000e+00
0.000e+00
0.000e+00
0.000e+00
0.000e+00
0.000e+00
0.000e+00
1.000e+00
0.000e+00
1.000e+00
0.000e+00
1.000e+00
1.000e+00
2.000e+00
3.000e+00
2.000e+00
5.000e+00
4.000e+00
9.000e+00
2.000e+00
5.000e+00
1.000e+00
3.000e+00
7.000e+00
0.000e+00
1.000e+00
2.000e+00
0.000e+00
3.000e+00
2.000e+00
0.000e+00
0.000e+00
3.000e+00
2.000e+00
1.000e+00
0.000e+00
0.000e+00
3.000e+00
0.000e+00
2.000e+00
1.000e+00
0.000e+00
2.000e+00
0.000e+00
0.000e+00
0.000e+00
0.000e+00
4.000e+00
0.000e+00
0.000e+00
0.000e+00
0.000e+00
1.000e+00
1.000e+00
4.000e+00
3.000e+00
3.000e+00
