1.866e+04
1.992e+03
9.340e+02
7.190e+02
7.470e+02
7.190e+02
6.620e+02
5.970e+02
6.000e+02
6.550e+02
7.380e+02
7.990e+02
9.390e+02
1.060e+03
1.366e+03
1.228e+03
9.100e+02
8.930e+02
9.210e+02
8.240e+02
7.820e+02
7.480e+02
6.560e+02
4.360e+02
3.240e+02
2.880e+02
3.230e+02
3.230e+02
2.620e+02
2.540e+02
1.850e+02
1.650e+02
1.210e+02
1.070e+02
7.500e+01
6.200e+01
4.700e+01
5.200e+01
3.700e+01
5.100e+01
3.200e+01
3.200e+01
2.200e+01
2.400e+01
2.900e+01
2.700e+01
3.400e+01
4.400e+01
1.400e+01
1.500e+01
1.000e+01
1.000e+01
1.000e+01
1.700e+01
1.200e+01
1.200e+01
6.000e+00
1.000e+01
4.900e+01
4.400e+01
9.000e+00
4.000e+00
6.000e+00
6.000e+00
7.000e+00
4.000e+00
4.000e+00
5.000e+00
0.000e+00
1.000e+00
1.000e+00
1.000e+00
2.000e+00
1.000e+00
2.000e+00
0.000e+00
4.000e+00
3.000e+00
2.000e+00
3.000e+00
2.000e+00
1.000e+00
3.000e+00
1.000e+00
3.000e+00
1.000e+00
1.000e+00
0.000e+00
2.000e+00
1.000e+00
0.000e+00
0.000e+00
1.000e+00
0.000e+00
0.000e+00
1.000e+00
5.000e+00
2.000e+00
4.000e+00
5.000e+00
6.000e+00
4.000e+00
3.000e+00
6.000e+00
1.000e+00
2.000e+00
3.000e+00
9.000e+00
6.000e+00
5.000e+00
2.000e+00
4.000e+00
2.000e+00
4.000e+00
1.000e+01
8.000e+00
1.100e+01
1.000e+01
1.300e+01
3.000e+00
6.000e+00
3.800e+01
4.900e+01
7.000e+00
1.900e+01
1.200e+01
1.300e+01
1.400e+01
1.600e+01
2.200e+01
1.800e+01
2.000e+01
1.200e+01
1.700e+01
3.000e+01
2.200e+01
1.800e+01
3.000e+01
3.800e+01
4.800e+01
5.100e+01
5.400e+01
5.400e+01
5.500e+01
7.700e+01
1.160e+02
1.270e+02
1.340e+02
1.280e+02
1.250e+02
1.170e+02
1.180e+02
1.840e+02
1.730e+02
2.040e+02
2.480e+02
2.820e+02
3.030e+02
3.520e+02
4.070e+02
5.020e+02
6.190e+02
6.400e+02
8.490e+02
8.140e+02
8.170e+02
8.500e+02
1.033e+03
1.199e+03
1.275e+03
1.040e+03
9.920e+02
9.480e+02
7.510e+02
8.630e+02
9.590e+02
8.520e+02
9.000e+02
1.097e+03
2.336e+03
1.776e+04
2.140e+03
1.047e+03
8.360e+02
9.020e+02
1.030e+03
8.940e+02
7.810e+02
8.710e+02
9.950e+02
1.282e+03
1.378e+03
1.076e+03
8.500e+02
8.360e+02
7.810e+02
8.750e+02
9.890e+02
7.960e+02
8.390e+02
6.190e+02
4.150e+02
3.470e+02
2.880e+02
2.300e+02
2.240e+02
2.280e+02
1.610e+02
1.610e+02
1.610e+02
1.170e+02
1.160e+02
1.310e+02
1.180e+02
9.300e+01
8.200e+01
7.400e+01
6.900e+01
5.100e+01
3.300e+01
3.600e+01
3.700e+01
2.500e+01
3.100e+01
2.100e+01
2.600e+01
2.100e+01
2.300e+01
2.700e+01
2.400e+01
1.700e+01
1.300e+01
1.300e+01
1.600e+01
1.100e+01
1.600e+01
1.200e+01
9.000e+00
4.700e+01
3.800e+01
8.000e+00
4.000e+00
5.000e+00
7.000e+00
7.000e+00
2.000e+00
2.000e+00
1.000e+00
1.000e+00
3.000e+00
0.000e+00
3.000e+00
2.000e+00
0.000e+00
2.000e+00
3.000e+00
0.000e+00
6.000e+00
1.000e+00
4.000e+00
0.000e+00
2.000e+00
0.000e+00
0.000e+00
3.000e+00
0.000e+00
3.000e+00
1.000e+00
1.000e+00
2.000e+00
0.000e+00
1.000e+00
1.000e+00
2.000e+00
0.000e+00
1.000e+00
5.000e+00
1.000e+00
3.000e+00
9.000e+00
6.000e+00
4.000e+00
2.000e+00
7.000e+00
4.000e+00
4.000e+00
1.000e+00
1.000e+00
6.000e+00
2.000e+00
4.000e+00
4.000e+00
4.000e+00
1.100e+01
1.200e+01
1.000e+01
1.500e+01
4.000e+00
1.100e+01
6.000e+00
1.100e+01
4.200e+01
5.200e+01
7.000e+00
7.000e+00
1.500e+01
1.900e+01
2.000e+01
1.400e+01
1.300e+01
1.800e+01
1.400e+01
1.600e+01
3.100e+01
2.500e+01
1.900e+01
2.300e+01
1.900e+01
2.200e+01
2.800e+01
4.700e+01
5.600e+01
4.900e+01
7.200e+01
6.800e+01
7.400e+01
1.010e+02
1.040e+02
1.390e+02
1.910e+02
2.080e+02
2.520e+02
2.790e+02
3.170e+02
2.820e+02
2.570e+02
3.210e+02
3.990e+02
4.620e+02
6.580e+02
6.140e+02
7.000e+02
9.490e+02
9.290e+02
9.370e+02
1.252e+03
1.297e+03
1.038e+03
9.340e+02
7.740e+02
7.420e+02
6.550e+02
6.070e+02
5.780e+02
6.590e+02
7.270e+02
7.170e+02
7.120e+02
9.610e+02
2.003e+03
