1.876e+04
2.033e+03
9.600e+02
7.450e+02
7.660e+02
7.420e+02
6.850e+02
6.130e+02
6.280e+02
6.990e+02
7.710e+02
8.220e+02
9.810e+02
1.113e+03
1.408e+03
1.289e+03
9.480e+02
9.300e+02
9.590e+02
8.670e+02
8.250e+02
7.870e+02
7.140e+02
4.590e+02
3.740e+02
3.330e+02
3.620e+02
3.600e+02
3.320e+02
3.140e+02
2.450e+02
2.210e+02
1.700e+02
1.660e+02
1.540e+02
1.340e+02
1.260e+02
1.570e+02
1.490e+02
1.720e+02
1.460e+02
1.440e+02
1.260e+02
1.410e+02
1.340e+02
1.350e+02
1.920e+02
1.510e+02
8.800e+01
8.000e+01
5.600e+01
5.400e+01
5.100e+01
5.600e+01
3.900e+01
3.900e+01
4.600e+01
4.700e+01
8.300e+01
7.200e+01
6.000e+01
5.100e+01
3.700e+01
4.200e+01
5.100e+01
5.400e+01
6.800e+01
5.900e+01
6.200e+01
2.200e+01
1.800e+01
1.300e+01
2.200e+01
1.200e+01
6.000e+00
5.000e+00
6.000e+00
5.000e+00
5.000e+00
5.000e+00
2.000e+00
7.000e+00
7.000e+00
6.000e+00
6.000e+00
4.000e+00
3.000e+00
0.000e+00
4.000e+00
4.000e+00
3.000e+00
3.000e+00
1.000e+00
1.000e+00
1.000e+00
2.000e+00
8.000e+00
3.000e+00
7.000e+00
6.000e+00
9.000e+00
5.000e+00
6.000e+00
1.200e+01
5.000e+00
7.000e+00
9.000e+00
1.700e+01
1.100e+01
9.000e+00
1.100e+01
1.000e+01
2.000e+01
2.100e+01
2.900e+01
3.700e+01
3.900e+01
6.100e+01
5.300e+01
3.400e+01
4.600e+01
7.700e+01
9.600e+01
4.800e+01
6.100e+01
5.300e+01
5.100e+01
5.100e+01
5.500e+01
5.300e+01
5.700e+01
6.500e+01
6.800e+01
8.100e+01
1.050e+02
1.300e+02
1.500e+02
1.810e+02
1.520e+02
1.500e+02
1.730e+02
1.740e+02
1.660e+02
1.770e+02
1.810e+02
1.940e+02
2.060e+02
2.140e+02
1.990e+02
2.410e+02
2.420e+02
1.910e+02
2.540e+02
2.420e+02
2.850e+02
3.070e+02
3.450e+02
3.400e+02
3.990e+02
4.600e+02
5.780e+02
6.820e+02
6.990e+02
9.100e+02
8.470e+02
8.690e+02
8.850e+02
1.082e+03
1.251e+03
1.319e+03
1.081e+03
1.047e+03
9.850e+02
7.850e+02
8.850e+02
9.780e+02
8.750e+02
9.300e+02
1.117e+03
2.378e+03
1.786e+04
2.188e+03
1.070e+03
8.590e+02
9.290e+02
1.053e+03
9.320e+02
8.070e+02
9.080e+02
1.022e+03
1.324e+03
1.426e+03
1.139e+03
9.020e+02
8.880e+02
8.310e+02
9.140e+02
1.041e+03
8.510e+02
8.830e+02
6.850e+02
4.600e+02
3.970e+02
3.380e+02
3.030e+02
2.890e+02
2.980e+02
2.320e+02
2.140e+02
2.290e+02
2.020e+02
2.270e+02
2.050e+02
2.000e+02
1.840e+02
1.640e+02
1.690e+02
1.950e+02
1.510e+02
1.310e+02
1.300e+02
1.210e+02
1.020e+02
1.650e+02
1.270e+02
1.080e+02
8.800e+01
7.400e+01
6.800e+01
8.100e+01
4.300e+01
4.600e+01
5.000e+01
4.600e+01
4.600e+01
3.900e+01
5.700e+01
6.600e+01
8.800e+01
7.400e+01
4.500e+01
2.700e+01
4.200e+01
4.200e+01
3.500e+01
3.800e+01
6.000e+01
3.000e+01
3.000e+01
2.300e+01
2.700e+01
2.700e+01
6.000e+00
6.000e+00
1.000e+01
5.000e+00
1.000e+00
9.000e+00
2.000e+00
6.000e+00
2.000e+00
6.000e+00
5.000e+00
3.000e+00
5.000e+00
4.000e+00
6.000e+00
2.000e+00
1.000e+00
3.000e+00
3.000e+00
4.000e+00
5.000e+00
4.000e+00
2.000e+00
2.000e+00
8.000e+00
1.000e+00
5.000e+00
1.200e+01
1.100e+01
6.000e+00
5.000e+00
1.200e+01
8.000e+00
9.000e+00
8.000e+00
1.200e+01
1.400e+01
8.000e+00
1.100e+01
1.800e+01
3.000e+01
3.400e+01
5.000e+01
4.800e+01
4.300e+01
7.600e+01
6.300e+01
6.400e+01
5.100e+01
7.700e+01
8.800e+01
4.200e+01
4.100e+01
4.400e+01
6.000e+01
5.900e+01
4.800e+01
6.100e+01
8.200e+01
1.070e+02
1.200e+02
1.550e+02
2.080e+02
1.570e+02
1.470e+02
1.520e+02
1.290e+02
1.440e+02
1.570e+02
1.710e+02
2.090e+02
2.000e+02
1.460e+02
1.450e+02
1.800e+02
1.740e+02
1.950e+02
2.440e+02
2.730e+02
3.260e+02
3.330e+02
3.620e+02
3.240e+02
2.970e+02
3.760e+02
4.640e+02
5.000e+02
7.100e+02
6.570e+02
7.390e+02
9.840e+02
9.700e+02
9.820e+02
1.295e+03
1.334e+03
1.081e+03
9.630e+02
8.110e+02
7.790e+02
6.930e+02
6.400e+02
6.020e+02
6.730e+02
7.480e+02
7.460e+02
7.390e+02
9.850e+02
2.049e+03
