1.285e+05
2.354e+04
1.393e+04
1.013e+04
7.762e+03
6.206e+03
6.307e+03
5.308e+03
4.851e+03
4.638e+03
3.986e+03
3.082e+03
2.577e+03
2.272e+03
1.985e+03
1.689e+03
1.523e+03
1.463e+03
1.388e+03
1.211e+03
1.150e+03
1.041e+03
9.640e+02
8.090e+02
7.590e+02
7.120e+02
6.450e+02
5.890e+02
5.250e+02
4.720e+02
3.860e+02
3.080e+02
3.430e+02
2.960e+02
2.230e+02
2.230e+02
1.800e+02
1.700e+02
1.560e+02
1.630e+02
1.200e+02
1.400e+02
9.200e+01
9.600e+01
9.500e+01
8.000e+01
7.300e+01
7.600e+01
6.100e+01
5.700e+01
4.700e+01
4.000e+01
4.600e+01
3.900e+01
3.900e+01
4.300e+01
3.500e+01
4.600e+01
5.800e+01
1.140e+02
7.200e+01
3.800e+01
3.900e+01
2.700e+01
1.900e+01
2.300e+01
1.800e+01
1.500e+01
1.800e+01
2.200e+01
1.400e+01
2.000e+01
1.700e+01
1.200e+01
8.000e+00
4.000e+00
1.200e+01
1.000e+01
1.200e+01
5.000e+00
6.000e+00
4.000e+00
4.000e+00
7.000e+00
3.000e+00
2.000e+00
6.000e+00
3.000e+00
1.000e+00
1.000e+00
5.000e+00
4.000e+00
2.000e+00
7.000e+00
1.000e+00
6.000e+00
9.000e+00
8.000e+00
0.000e+00
6.000e+00
6.000e+00
1.200e+01
3.000e+00
4.000e+00
5.000e+00
5.000e+00
3.000e+00
1.000e+01
3.000e+00
4.000e+00
6.000e+00
5.000e+00
1.200e+01
1.200e+01
1.700e+01
8.000e+00
9.000e+00
1.100e+01
1.000e+01
6.000e+00
9.000e+00
1.200e+01
9.000e+00
1.200e+01
1.400e+01
2.100e+01
1.300e+01
1.900e+01
3.800e+01
5.400e+01
3.100e+01
3.600e+01
3.300e+01
3.400e+01
2.900e+01
4.400e+01
4.200e+01
4.500e+01
5.800e+01
6.200e+01
9.300e+01
7.700e+01
6.200e+01
5.900e+01
8.600e+01
7.900e+01
1.090e+02
8.300e+01
8.500e+01
1.020e+02
1.130e+02
1.310e+02
1.250e+02
1.360e+02
1.390e+02
1.620e+02
1.830e+02
2.210e+02
2.070e+02
2.550e+02
2.680e+02
3.090e+02
2.860e+02
3.310e+02
3.560e+02
3.850e+02
3.840e+02
4.180e+02
4.420e+02
6.410e+02
6.470e+02
6.790e+02
6.440e+02
7.180e+02
7.680e+02
8.190e+02
1.016e+03
1.250e+03
1.801e+03
3.637e+03
2.743e+04
3.697e+03
1.885e+03
1.288e+03
1.084e+03
8.780e+02
8.360e+02
7.420e+02
6.800e+02
6.710e+02
5.730e+02
5.310e+02
4.330e+02
3.710e+02
3.940e+02
3.550e+02
3.120e+02
3.280e+02
2.800e+02
2.730e+02
2.510e+02
3.020e+02
2.010e+02
1.860e+02
1.890e+02
1.690e+02
1.560e+02
1.670e+02
1.310e+02
1.270e+02
1.480e+02
1.300e+02
1.260e+02
1.180e+02
9.600e+01
9.800e+01
1.060e+02
7.400e+01
6.500e+01
6.900e+01
6.900e+01
5.700e+01
5.700e+01
3.900e+01
3.600e+01
4.000e+01
3.900e+01
2.900e+01
2.100e+01
3.500e+01
3.200e+01
2.800e+01
2.300e+01
2.400e+01
1.900e+01
1.000e+01
1.900e+01
1.700e+01
1.500e+01
1.100e+01
7.000e+00
1.100e+01
6.000e+00
6.000e+00
5.000e+00
9.000e+00
4.000e+00
9.000e+00
7.000e+00
7.000e+00
4.000e+00
4.000e+00
6.000e+00
4.000e+00
4.000e+00
4.000e+00
7.000e+00
4.000e+00
5.000e+00
5.000e+00
6.000e+00
7.000e+00
4.000e+00
4.000e+00
5.000e+00
5.000e+00
4.000e+00
5.000e+00
5.000e+00
0.000e+00
2.000e+00
0.000e+00
3.000e+00
3.000e+00
2.000e+00
5.000e+00
2.000e+00
3.000e+00
7.000e+00
2.000e+00
4.000e+00
7.000e+00
9.000e+00
6.000e+00
1.400e+01
1.700e+01
9.000e+00
8.000e+00
1.400e+01
1.000e+01
8.000e+00
1.200e+01
2.000e+01
1.500e+01
1.100e+01
2.600e+01
2.000e+01
3.500e+01
2.000e+01
3.600e+01
7.900e+01
1.300e+02
7.300e+01
4.900e+01
4.100e+01
3.700e+01
3.800e+01
3.800e+01
4.400e+01
5.900e+01
5.400e+01
4.500e+01
5.900e+01
6.900e+01
9.300e+01
9.100e+01
7.500e+01
1.040e+02
8.300e+01
1.210e+02
1.340e+02
1.550e+02
1.690e+02
1.680e+02
1.640e+02
2.540e+02
2.510e+02
2.980e+02
3.460e+02
3.890e+02
4.130e+02
4.770e+02
5.360e+02
6.090e+02
6.740e+02
7.030e+02
7.850e+02
8.520e+02
9.190e+02
1.035e+03
1.168e+03
1.230e+03
1.243e+03
1.474e+03
1.584e+03
1.721e+03
1.873e+03
2.147e+03
2.565e+03
3.086e+03
3.806e+03
4.325e+03
4.905e+03
5.399e+03
6.174e+03
6.227e+03
7.269e+03
9.361e+03
1.347e+04
2.333e+04
