9.608e+03
3.099e+03
1.449e+03
1.027e+03
5.870e+02
4.140e+02
3.770e+02
3.440e+02
2.930e+02
2.500e+02
2.200e+02
2.400e+02
2.260e+02
1.560e+02
1.150e+02
9.400e+01
7.900e+01
5.400e+01
5.400e+01
4.600e+01
4.800e+01
2.100e+01
2.400e+01
2.500e+01
2.000e+01
2.000e+01
2.100e+01
1.700e+01
1.100e+01
1.900e+01
8.000e+00
1.000e+01
1.100e+01
8.000e+00
8.000e+00
6.000e+00
6.000e+00
2.000e+00
2.000e+00
6.000e+00
4.000e+00
1.000e+00
5.000e+00
6.000e+00
3.000e+00
2.000e+00
4.000e+00
1.000e+00
0.000e+00
4.000e+00
3.000e+00
1.000e+00
2.000e+00
3.000e+00
6.000e+00
3.000e+00
9.000e+00
2.000e+01
8.000e+00
6.000e+00
7.000e+00
9.000e+00
8.000e+00
6.000e+00
9.000e+00
1.000e+01
1.200e+01
1.100e+01
2.000e+00
4.000e+00
1.000e+00
1.000e+00
1.000e+00
1.000e+00
8.000e+00
5.000e+00
6.000e+00
7.000e+00
7.000e+00
1.000e+00
1.000e+00
0.000e+00
0.000e+00
4.000e+00
4.000e+00
6.000e+00
8.000e+00
1.900e+01
9.000e+00
2.000e+00
2.000e+00
0.000e+00
2.000e+00
0.000e+00
0.000e+00
0.000e+00
0.000e+00
0.000e+00
0.000e+00
0.000e+00
1.000e+00
1.000e+00
0.000e+00
0.000e+00
0.000e+00
1.000e+00
0.000e+00
0.000e+00
0.000e+00
1.000e+00
0.000e+00
0.000e+00
0.000e+00
0.000e+00
2.000e+00
3.000e+00
4.000e+00
1.100e+01
3.200e+01
5.800e+01
4.200e+01
3.400e+01
3.100e+01
1.800e+01
1.800e+01
2.400e+01
1.500e+01
2.400e+01
2.600e+01
1.600e+01
1.500e+01
1.700e+01
2.300e+01
2.300e+01
2.200e+01
2.800e+01
1.500e+01
2.400e+01
1.900e+01
1.800e+01
2.600e+01
2.400e+01
1.900e+01
2.300e+01
2.300e+01
1.600e+01
2.000e+01
2.200e+01
2.800e+01
3.700e+01
3.100e+01
3.400e+01
2.900e+01
3.900e+01
3.300e+01
2.400e+01
1.500e+01
3.200e+01
2.400e+01
2.900e+01
2.500e+01
2.100e+01
3.400e+01
4.200e+01
3.300e+01
2.900e+01
3.700e+01
3.000e+01
4.300e+01
2.600e+01
2.600e+01
1.700e+01
2.100e+01
1.500e+01
2.300e+01
2.700e+01
3.000e+01
4.600e+01
7.600e+01
1.190e+02
3.780e+02
1.290e+02
8.100e+01
4.900e+01
2.600e+01
2.900e+01
2.200e+01
2.000e+01
1.900e+01
2.700e+01
2.600e+01
2.100e+01
3.000e+01
3.800e+01
3.100e+01
4.400e+01
1.800e+01
2.500e+01
2.700e+01
4.400e+01
2.700e+01
2.700e+01
3.000e+01
2.400e+01
2.200e+01
2.500e+01
3.000e+01
3.000e+01
3.000e+01
4.000e+01
3.400e+01
3.000e+01
3.300e+01
2.400e+01
7.000e+00
1.700e+01
2.200e+01
2.300e+01
2.800e+01
2.300e+01
2.100e+01
3.100e+01
1.900e+01
1.800e+01
1.500e+01
2.100e+01
2.800e+01
2.300e+01
1.600e+01
1.500e+01
7.000e+00
1.500e+01
1.700e+01
1.500e+01
1.100e+01
1.400e+01
1.200e+01
2.600e+01
1.500e+01
3.100e+01
3.800e+01
4.200e+01
4.900e+01
9.000e+00
6.000e+00
4.000e+00
1.000e+00
1.000e+00
4.000e+00
1.000e+00
0.000e+00
1.000e+00
0.000e+00
0.000e+00
0.000e+00
0.000e+00
1.000e+00
0.000e+00
0.000e+00
0.000e+00
0.000e+00
0.000e+00
1.000e+00
0.000e+00
0.000e+00
0.000e+00
0.000e+00
0.000e+00
1.000e+00
1.000e+00
0.000e+00
2.000e+00
5.000e+00
2.300e+01
1.300e+01
5.000e+00
3.000e+00
1.000e+00
1.000e+00
0.000e+00
2.000e+00
1.000e+00
5.000e+00
7.000e+00
8.000e+00
7.000e+00
3.000e+00
0.000e+00
3.000e+00
0.000e+00
3.000e+00
2.000e+00
1.000e+00
2.000e+00
6.000e+00
1.000e+01
1.500e+01
3.000e+00
5.000e+00
2.000e+00
7.000e+00
5.000e+00
1.200e+01
1.800e+01
1.400e+01
1.500e+01
1.700e+01
5.000e+00
7.000e+00
4.000e+00
6.000e+00
1.000e+00
6.000e+00
3.000e+00
5.000e+00
2.000e+00
3.000e+00
5.000e+00
2.000e+00
5.000e+00
3.000e+00
2.000e+00
4.000e+00
5.000e+00
2.000e+00
6.000e+00
4.000e+00
4.000e+00
3.000e+00
6.000e+00
9.000e+00
1.200e+01
1.300e+01
1.400e+01
1.600e+01
2.300e+01
2.300e+01
3.600e+01
3.000e+01
2.900e+01
3.400e+01
4.800e+01
5.400e+01
7.700e+01
7.700e+01
8.800e+01
1.240e+02
1.560e+02
2.110e+02
2.240e+02
2.250e+02
2.370e+02
3.140e+02
3.130e+02
3.960e+02
3.880e+02
5.520e+02
9.990e+02
1.477e+03
3.168e+03
