4.400e+01
8.000e+00
2.000e+00
0.000e+00
0.000e+00
0.000e+00
1.000e+00
1.000e+00
0.000e+00
2.000e+00
0.000e+00
1.000e+00
1.000e+00
1.000e+00
0.000e+00
3.000e+00
7.000e+00
4.000e+00
1.200e+01
1.200e+01
3.800e+01
5.100e+01
7.900e+01
8.500e+01
1.200e+02
1.630e+02
1.670e+02
2.140e+02
2.310e+02
1.820e+02
2.060e+02
2.110e+02
1.670e+02
1.130e+02
5.200e+01
4.100e+01
2.500e+01
2.700e+01
3.200e+01
1.300e+01
1.900e+01
8.000e+00
1.500e+01
8.000e+00
5.000e+00
9.000e+00
7.000e+00
7.000e+00
5.000e+00
4.000e+00
7.000e+00
4.000e+00
5.000e+00
9.000e+00
5.000e+00
4.000e+00
2.000e+00
3.000e+00
2.000e+00
2.000e+00
1.000e+00
1.000e+00
2.000e+00
3.000e+00
1.000e+00
0.000e+00
2.000e+00
1.000e+00
0.000e+00
1.000e+00
2.000e+00
1.000e+00
0.000e+00
0.000e+00
0.000e+00
0.000e+00
1.000e+00
0.000e+00
0.000e+00
2.000e+00
0.000e+00
1.000e+00
0.000e+00
0.000e+00
1.000e+00
0.000e+00
1.000e+00
1.000e+00
2.000e+00
3.000e+00
1.000e+00
0.000e+00
1.000e+00
0.000e+00
1.000e+00
2.000e+00
0.000e+00
2.000e+00
0.000e+00
2.000e+00
0.000e+00
0.000e+00
2.000e+00
0.000e+00
0.000e+00
0.000e+00
0.000e+00
1.000e+00
0.000e+00
0.000e+00
4.000e+00
4.000e+00
2.000e+00
2.000e+00
1.000e+00
3.000e+00
1.000e+00
2.000e+00
3.000e+00
6.000e+00
3.000e+00
6.000e+00
3.000e+00
1.000e+00
7.000e+00
4.000e+00
8.000e+00
5.000e+00
9.000e+00
5.000e+00
7.000e+00
8.000e+00
7.000e+00
6.000e+00
6.000e+00
1.200e+01
1.600e+01
1.300e+01
1.700e+01
2.400e+01
3.200e+01
3.900e+01
2.700e+01
3.300e+01
7.200e+01
1.130e+02
1.710e+02
2.390e+02
1.900e+02
1.800e+02
2.240e+02
1.800e+02
1.480e+02
1.300e+02
1.300e+02
8.000e+01
5.600e+01
4.100e+01
3.100e+01
2.200e+01
6.000e+00
6.000e+00
6.000e+00
2.000e+00
1.000e+00
3.000e+00
1.000e+00
0.000e+00
2.000e+00
1.000e+00
0.000e+00
0.000e+00
1.000e+00
0.000e+00
0.000e+00
1.000e+00
0.000e+00
1.000e+00
0.000e+00
1.000e+00
1.000e+00
2.000e+00
1.000e+00
1.000e+00
0.000e+00
0.000e+00
1.000e+00
2.000e+00
0.000e+00
1.000e+00
1.000e+00
1.000e+00
1.000e+00
2.000e+00
1.000e+00
2.000e+00
1.000e+00
1.000e+00
4.000e+00
1.100e+01
9.000e+00
2.100e+01
2.900e+01
4.900e+01
4.400e+01
8.600e+01
1.280e+02
1.180e+02
1.490e+02
2.200e+02
2.250e+02
1.740e+02
1.880e+02
2.320e+02
1.430e+02
8.100e+01
5.200e+01
3.800e+01
2.500e+01
1.700e+01
2.700e+01
2.200e+01
7.000e+00
1.700e+01
1.400e+01
1.200e+01
1.000e+01
7.000e+00
7.000e+00
3.000e+00
4.000e+00
1.000e+01
6.000e+00
8.000e+00
3.000e+00
2.000e+00
4.000e+00
4.000e+00
2.000e+00
3.000e+00
4.000e+00
5.000e+00
0.000e+00
3.000e+00
4.000e+00
3.000e+00
1.000e+00
0.000e+00
2.000e+00
3.000e+00
0.000e+00
1.000e+00
0.000e+00
1.000e+00
1.000e+00
0.000e+00
3.000e+00
0.000e+00
0.000e+00
0.000e+00
0.000e+00
0.000e+00
0.000e+00
0.000e+00
0.000e+00
1.000e+00
2.000e+00
0.000e+00
0.000e+00
1.000e+00
0.000e+00
0.000e+00
2.000e+00
0.000e+00
1.000e+00
0.000e+00
0.000e+00
0.000e+00
0.000e+00
0.000e+00
0.000e+00
0.000e+00
0.000e+00
1.000e+00
0.000e+00
0.000e+00
0.000e+00
1.000e+00
0.000e+00
1.000e+00
0.000e+00
0.000e+00
2.000e+00
4.000e+00
0.000e+00
1.000e+00
4.000e+00
2.000e+00
1.000e+00
3.000e+00
2.000e+00
4.000e+00
6.000e+00
3.000e+00
3.000e+00
9.000e+00
1.100e+01
1.000e+00
3.000e+00
5.000e+00
4.000e+00
5.000e+00
8.000e+00
5.000e+00
5.000e+00
5.000e+00
9.000e+00
1.200e+01
1.300e+01
1.000e+01
2.200e+01
1.900e+01
3.400e+01
3.300e+01
4.100e+01
4.700e+01
6.100e+01
1.340e+02
1.650e+02
2.380e+02
2.230e+02
1.680e+02
2.440e+02
1.880e+02
1.530e+02
1.300e+02
1.290e+02
8.200e+01
6.900e+01
5.200e+01
2.700e+01
1.300e+01
8.000e+00
4.000e+00
7.000e+00
1.000e+00
1.000e+00
1.000e+00
1.000e+00
2.000e+00
0.000e+00
0.000e+00
2.000e+00
1.000e+00
1.000e+00
0.000e+00
0.000e+00
1.000e+00
0.000e+00
5.000e+00
