1.003e+03
2.040e+02
1.950e+02
1.670e+02
1.520e+02
1.090e+02
1.310e+02
1.150e+02
1.230e+02
1.430e+02
1.310e+02
1.490e+02
1.190e+02
1.260e+02
1.140e+02
1.020e+02
1.080e+02
9.600e+01
9.600e+01
1.060e+02
1.210e+02
1.130e+02
1.060e+02
1.020e+02
8.100e+01
7.400e+01
9.300e+01
7.700e+01
7.900e+01
8.400e+01
9.500e+01
1.160e+02
1.480e+02
1.540e+02
1.610e+02
2.240e+02
1.820e+02
1.700e+02
1.570e+02
1.690e+02
1.820e+02
2.010e+02
1.620e+02
1.720e+02
1.730e+02
2.240e+02
1.790e+02
1.590e+02
1.920e+02
1.750e+02
1.780e+02
1.660e+02
1.970e+02
1.960e+02
1.880e+02
2.040e+02
2.130e+02
2.050e+02
2.050e+02
2.220e+02
2.310e+02
2.180e+02
1.940e+02
1.980e+02
2.030e+02
1.760e+02
1.550e+02
1.460e+02
1.250e+02
1.480e+02
1.210e+02
1.150e+02
1.170e+02
9.800e+01
8.500e+01
8.700e+01
9.100e+01
9.700e+01
7.900e+01
8.200e+01
6.000e+01
6.600e+01
7.400e+01
6.900e+01
6.400e+01
7.600e+01
9.700e+01
9.100e+01
6.600e+01
1.030e+02
9.400e+01
7.300e+01
7.500e+01
6.200e+01
6.400e+01
8.100e+01
7.100e+01
8.100e+01
8.200e+01
9.300e+01
9.700e+01
1.210e+02
9.900e+01
1.450e+02
1.450e+02
1.380e+02
1.520e+02
1.440e+02
1.610e+02
1.770e+02
1.910e+02
1.910e+02
2.310e+02
2.780e+02
2.370e+02
2.370e+02
2.400e+02
2.670e+02
2.360e+02
2.410e+02
2.270e+02
2.220e+02
2.100e+02
2.170e+02
2.170e+02
1.990e+02
2.410e+02
2.160e+02
2.560e+02
2.340e+02
1.990e+02
2.030e+02
1.650e+02
1.790e+02
1.700e+02
1.790e+02
1.730e+02
1.610e+02
1.550e+02
1.490e+02
1.590e+02
2.140e+02
1.610e+02
1.390e+02
1.270e+02
1.080e+02
1.100e+02
8.900e+01
9.000e+01
9.200e+01
9.300e+01
9.000e+01
8.900e+01
7.800e+01
9.000e+01
7.600e+01
6.800e+01
8.800e+01
9.000e+01
1.180e+02
7.200e+01
8.000e+01
1.060e+02
1.010e+02
1.010e+02
1.120e+02
1.110e+02
9.600e+01
9.100e+01
1.110e+02
8.600e+01
7.700e+01
1.080e+02
9.800e+01
7.400e+01
1.010e+02
9.600e+01
1.480e+02
1.880e+02
2.070e+02
9.600e+02
1.900e+02
1.610e+02
1.450e+02
1.220e+02
1.230e+02
9.100e+01
9.000e+01
7.900e+01
7.800e+01
9.200e+01
1.300e+02
1.110e+02
9.200e+01
1.160e+02
1.290e+02
9.900e+01
8.400e+01
9.100e+01
9.300e+01
1.140e+02
9.500e+01
9.000e+01
8.300e+01
7.900e+01
8.600e+01
7.600e+01
1.010e+02
6.500e+01
8.200e+01
1.130e+02
8.500e+01
9.800e+01
7.500e+01
8.700e+01
9.800e+01
1.040e+02
1.280e+02
1.670e+02
1.650e+02
1.700e+02
1.390e+02
1.430e+02
1.450e+02
1.530e+02
1.550e+02
1.830e+02
1.580e+02
1.800e+02
1.560e+02
1.880e+02
1.730e+02
2.090e+02
1.830e+02
1.930e+02
1.880e+02
1.970e+02
1.580e+02
1.900e+02
1.970e+02
2.070e+02
2.230e+02
2.360e+02
1.970e+02
2.200e+02
2.660e+02
2.330e+02
2.120e+02
2.110e+02
1.960e+02
1.840e+02
1.330e+02
1.730e+02
1.360e+02
1.320e+02
1.520e+02
1.330e+02
1.310e+02
1.290e+02
7.600e+01
9.900e+01
8.300e+01
1.000e+02
6.300e+01
6.900e+01
7.000e+01
8.500e+01
6.000e+01
7.900e+01
6.300e+01
1.000e+02
8.700e+01
8.100e+01
9.400e+01
9.400e+01
7.000e+01
6.900e+01
6.400e+01
6.300e+01
7.200e+01
7.700e+01
7.300e+01
8.100e+01
1.040e+02
9.300e+01
1.030e+02
9.100e+01
1.180e+02
9.600e+01
1.300e+02
1.360e+02
1.350e+02
1.590e+02
1.520e+02
1.680e+02
1.750e+02
1.910e+02
2.040e+02
2.480e+02
2.330e+02
2.300e+02
2.200e+02
2.550e+02
2.350e+02
2.300e+02
2.070e+02
2.050e+02
2.180e+02
2.230e+02
2.210e+02
2.410e+02
1.900e+02
2.260e+02
2.230e+02
2.380e+02
1.930e+02
1.970e+02
1.780e+02
1.820e+02
2.070e+02
2.010e+02
1.890e+02
1.830e+02
1.820e+02
2.040e+02
2.320e+02
1.920e+02
1.370e+02
1.570e+02
1.320e+02
1.440e+02
1.090e+02
9.000e+01
7.700e+01
7.200e+01
8.900e+01
8.900e+01
9.300e+01
1.050e+02
1.140e+02
1.190e+02
9.600e+01
9.200e+01
1.070e+02
1.070e+02
1.140e+02
1.030e+02
1.160e+02
1.220e+02
1.230e+02
1.220e+02
1.360e+02
1.200e+02
1.020e+02
1.230e+02
1.230e+02
1.260e+02
1.480e+02
2.060e+02
2.270e+02
