6.274e+03
1.715e+03
9.150e+02
5.910e+02
3.660e+02
2.260e+02
1.770e+02
1.530e+02
9.200e+01
9.900e+01
9.100e+01
9.600e+01
9.600e+01
1.030e+02
1.060e+02
1.080e+02
1.270e+02
1.000e+02
1.050e+02
8.000e+01
1.290e+02
1.670e+02
1.740e+02
2.000e+02
3.070e+02
3.430e+02
3.650e+02
4.670e+02
4.820e+02
4.010e+02
4.630e+02
4.700e+02
3.500e+02
2.330e+02
1.250e+02
1.040e+02
7.000e+01
7.900e+01
8.100e+01
5.200e+01
6.200e+01
3.900e+01
4.900e+01
4.600e+01
3.600e+01
4.500e+01
5.700e+01
4.900e+01
4.800e+01
5.400e+01
4.100e+01
3.600e+01
2.000e+01
2.700e+01
2.100e+01
2.200e+01
2.200e+01
1.700e+01
1.300e+01
1.700e+01
9.000e+00
9.000e+00
8.000e+00
8.000e+00
5.000e+00
2.000e+00
4.000e+00
8.000e+00
6.000e+00
3.000e+00
9.000e+00
5.000e+00
7.000e+00
3.000e+00
2.000e+00
3.000e+00
5.000e+00
5.000e+00
2.000e+00
3.000e+00
3.000e+00
5.000e+00
7.000e+00
3.000e+00
4.000e+00
5.000e+00
3.000e+00
3.000e+00
5.000e+00
1.100e+01
1.200e+01
8.000e+00
2.000e+00
3.000e+00
4.000e+00
7.000e+00
1.000e+00
5.000e+00
1.000e+00
4.000e+00
4.000e+00
1.000e+00
3.000e+00
3.000e+00
3.000e+00
3.000e+00
2.000e+00
5.000e+00
2.000e+00
6.000e+00
7.000e+00
8.000e+00
7.000e+00
9.000e+00
5.000e+00
1.300e+01
9.000e+00
1.000e+01
9.000e+00
1.400e+01
1.900e+01
2.800e+01
2.300e+01
1.700e+01
1.700e+01
2.600e+01
3.600e+01
3.500e+01
5.300e+01
4.400e+01
4.400e+01
4.400e+01
4.200e+01
4.200e+01
3.600e+01
4.200e+01
5.200e+01
6.100e+01
6.100e+01
7.100e+01
8.400e+01
1.170e+02
8.800e+01
1.090e+02
1.600e+02
2.730e+02
3.630e+02
5.000e+02
4.210e+02
3.810e+02
4.940e+02
4.160e+02
3.240e+02
2.950e+02
3.080e+02
2.250e+02
1.890e+02
1.740e+02
1.350e+02
1.020e+02
8.200e+01
8.600e+01
1.060e+02
1.060e+02
8.500e+01
1.080e+02
7.700e+01
8.100e+01
5.000e+01
7.300e+01
7.600e+01
9.300e+01
1.230e+02
1.710e+02
2.240e+02
2.970e+02
4.220e+02
6.820e+02
9.880e+02
1.405e+03
5.819e+03
1.482e+03
9.260e+02
6.590e+02
4.610e+02
3.010e+02
2.420e+02
1.910e+02
9.500e+01
9.300e+01
9.300e+01
8.700e+01
6.700e+01
8.600e+01
8.600e+01
9.100e+01
1.040e+02
1.150e+02
9.900e+01
1.030e+02
9.000e+01
1.040e+02
1.230e+02
1.780e+02
1.670e+02
2.240e+02
2.860e+02
3.270e+02
3.650e+02
4.770e+02
4.920e+02
3.790e+02
3.990e+02
4.660e+02
3.340e+02
2.130e+02
1.450e+02
9.900e+01
8.400e+01
8.100e+01
8.200e+01
7.500e+01
5.700e+01
5.900e+01
4.200e+01
4.800e+01
5.500e+01
5.000e+01
3.800e+01
4.000e+01
4.600e+01
4.800e+01
4.800e+01
4.000e+01
3.000e+01
3.000e+01
2.200e+01
1.600e+01
2.300e+01
1.800e+01
1.500e+01
2.000e+01
7.000e+00
9.000e+00
1.400e+01
7.000e+00
6.000e+00
5.000e+00
1.000e+01
4.000e+00
3.000e+00
5.000e+00
9.000e+00
8.000e+00
3.000e+00
2.000e+00
3.000e+00
3.000e+00
1.000e+00
5.000e+00
4.000e+00
5.000e+00
2.000e+00
0.000e+00
5.000e+00
5.000e+00
5.000e+00
2.000e+00
4.000e+00
9.000e+00
1.200e+01
1.100e+01
4.000e+00
4.000e+00
4.000e+00
2.000e+00
5.000e+00
2.000e+00
1.000e+00
4.000e+00
4.000e+00
5.000e+00
2.000e+00
5.000e+00
3.000e+00
6.000e+00
8.000e+00
5.000e+00
1.000e+00
4.000e+00
4.000e+00
2.000e+00
6.000e+00
8.000e+00
4.000e+00
9.000e+00
1.100e+01
7.000e+00
5.000e+00
1.500e+01
5.000e+00
1.300e+01
1.900e+01
1.400e+01
2.000e+01
3.200e+01
2.300e+01
2.600e+01
2.400e+01
3.700e+01
3.400e+01
5.200e+01
4.900e+01
4.500e+01
4.600e+01
4.000e+01
3.900e+01
3.600e+01
4.000e+01
3.600e+01
6.600e+01
6.000e+01
8.700e+01
8.300e+01
9.300e+01
1.140e+02
1.510e+02
2.690e+02
3.970e+02
5.150e+02
4.750e+02
3.790e+02
5.060e+02
3.940e+02
3.360e+02
3.360e+02
3.140e+02
2.150e+02
1.850e+02
1.370e+02
1.300e+02
8.300e+01
1.000e+02
1.000e+02
1.060e+02
1.130e+02
9.500e+01
1.320e+02
7.500e+01
8.900e+01
8.000e+01
8.000e+01
8.600e+01
1.290e+02
1.710e+02
2.360e+02
3.170e+02
6.010e+02
1.006e+03
1.584e+03
