1.019e+05
1.156e+04
4.945e+03
4.162e+03
3.022e+03
2.413e+03
1.771e+03
1.210e+03
1.085e+03
9.950e+02
7.960e+02
6.600e+02
6.730e+02
6.750e+02
6.720e+02
8.070e+02
8.340e+02
8.540e+02
9.540e+02
9.690e+02
9.840e+02
9.690e+02
9.770e+02
7.820e+02
7.950e+02
6.950e+02
6.250e+02
5.860e+02
6.560e+02
6.000e+02
6.250e+02
6.600e+02
7.110e+02
6.180e+02
5.500e+02
4.960e+02
3.920e+02
2.940e+02
2.540e+02
2.230e+02
1.980e+02
2.030e+02
1.390e+02
1.200e+02
1.410e+02
1.100e+02
1.030e+02
1.020e+02
9.600e+01
9.600e+01
1.110e+02
1.000e+02
1.400e+02
1.280e+02
1.160e+02
1.090e+02
1.300e+02
1.970e+02
2.150e+02
2.650e+02
3.380e+02
3.280e+02
2.830e+02
2.430e+02
2.580e+02
3.060e+02
1.370e+02
7.700e+01
7.100e+01
8.100e+01
7.300e+01
6.900e+01
1.090e+02
6.000e+01
4.600e+01
3.900e+01
4.800e+01
3.300e+01
3.900e+01
3.400e+01
1.800e+01
1.600e+01
1.800e+01
1.500e+01
1.800e+01
2.500e+01
2.800e+01
2.400e+01
3.600e+01
2.800e+01
2.400e+01
4.300e+01
3.400e+01
2.200e+01
2.200e+01
2.900e+01
2.600e+01
2.300e+01
1.600e+01
3.800e+01
2.900e+01
3.500e+01
2.700e+01
1.800e+01
2.100e+01
2.200e+01
2.600e+01
2.500e+01
2.700e+01
5.100e+01
5.200e+01
6.400e+01
5.400e+01
1.070e+02
9.200e+01
1.040e+02
7.800e+01
9.300e+01
9.600e+01
1.760e+02
2.130e+02
1.640e+02
1.340e+02
7.700e+01
7.700e+01
7.200e+01
5.300e+01
6.500e+01
4.900e+01
5.800e+01
3.200e+01
3.000e+01
3.400e+01
3.700e+01
2.900e+01
4.400e+01
3.300e+01
4.200e+01
4.600e+01
3.400e+01
4.200e+01
6.000e+01
5.000e+01
6.200e+01
8.200e+01
7.700e+01
5.200e+01
5.600e+01
5.500e+01
4.700e+01
5.800e+01
8.300e+01
7.900e+01
9.100e+01
8.000e+01
5.900e+01
8.200e+01
7.400e+01
9.800e+01
6.500e+01
6.600e+01
6.300e+01
6.600e+01
7.300e+01
6.400e+01
5.700e+01
4.800e+01
5.600e+01
9.900e+01
1.840e+02
2.000e+02
1.490e+02
1.210e+02
1.190e+02
1.400e+02
1.450e+02
2.530e+02
3.220e+02
5.320e+02
1.336e+03
1.034e+04
1.321e+03
5.390e+02
2.950e+02
2.530e+02
1.720e+02
1.390e+02
1.110e+02
8.800e+01
8.600e+01
8.100e+01
7.200e+01
7.000e+01
5.900e+01
5.900e+01
6.900e+01
7.100e+01
6.200e+01
6.100e+01
7.800e+01
7.900e+01
6.000e+01
6.600e+01
6.200e+01
6.900e+01
5.000e+01
7.100e+01
7.900e+01
4.700e+01
7.000e+01
4.300e+01
4.400e+01
5.400e+01
7.500e+01
7.200e+01
9.400e+01
8.900e+01
7.100e+01
5.100e+01
6.700e+01
7.300e+01
7.900e+01
8.300e+01
6.800e+01
3.700e+01
3.100e+01
3.900e+01
4.100e+01
5.000e+01
4.100e+01
5.200e+01
4.300e+01
4.800e+01
5.600e+01
6.200e+01
6.300e+01
8.500e+01
1.070e+02
1.610e+02
2.230e+02
2.660e+02
2.160e+02
1.290e+02
1.550e+02
1.590e+02
1.020e+02
8.900e+01
6.800e+01
5.300e+01
6.800e+01
8.000e+01
5.900e+01
3.000e+01
3.100e+01
3.500e+01
2.100e+01
1.600e+01
2.000e+01
2.400e+01
2.800e+01
1.900e+01
1.800e+01
2.500e+01
1.200e+01
2.100e+01
3.000e+01
3.400e+01
2.500e+01
3.400e+01
4.100e+01
2.100e+01
3.300e+01
3.400e+01
2.900e+01
1.800e+01
1.900e+01
3.900e+01
2.000e+01
2.200e+01
1.300e+01
6.000e+00
2.100e+01
2.700e+01
1.500e+01
4.600e+01
4.600e+01
4.500e+01
9.100e+01
1.360e+02
7.900e+01
5.100e+01
6.900e+01
6.100e+01
7.200e+01
1.210e+02
1.430e+02
2.460e+02
3.870e+02
3.310e+02
3.390e+02
3.720e+02
2.730e+02
2.350e+02
2.060e+02
1.480e+02
1.350e+02
1.320e+02
1.500e+02
1.380e+02
1.310e+02
1.160e+02
7.700e+01
9.500e+01
7.800e+01
8.900e+01
8.800e+01
1.220e+02
1.180e+02
1.300e+02
1.650e+02
1.990e+02
2.030e+02
2.330e+02
2.550e+02
3.470e+02
4.650e+02
6.040e+02
6.440e+02
6.860e+02
6.990e+02
6.660e+02
6.110e+02
6.680e+02
7.010e+02
6.460e+02
7.390e+02
7.750e+02
9.360e+02
1.129e+03
1.141e+03
1.096e+03
1.091e+03
9.600e+02
1.047e+03
1.213e+03
1.137e+03
8.530e+02
7.740e+02
7.920e+02
8.260e+02
9.220e+02
1.133e+03
1.280e+03
1.401e+03
2.009e+03
2.600e+03
3.372e+03
4.522e+03
5.538e+03
1.224e+04
