1.090e+04
1.699e+03
6.570e+02
4.390e+02
3.770e+02
3.000e+02
3.140e+02
2.690e+02
2.570e+02
1.910e+02
1.960e+02
1.950e+02
2.090e+02
1.880e+02
2.030e+02
2.480e+02
2.370e+02
2.010e+02
1.990e+02
1.960e+02
2.190e+02
2.200e+02
2.070e+02
2.200e+02
2.280e+02
1.940e+02
2.050e+02
2.250e+02
2.150e+02
2.030e+02
2.270e+02
2.100e+02
2.030e+02
1.860e+02
1.940e+02
2.520e+02
2.050e+02
2.050e+02
1.970e+02
1.850e+02
1.760e+02
1.770e+02
1.780e+02
1.570e+02
1.450e+02
1.450e+02
1.410e+02
1.380e+02
1.240e+02
1.040e+02
9.700e+01
9.100e+01
7.500e+01
7.500e+01
5.400e+01
4.600e+01
5.900e+01
3.900e+01
3.700e+01
3.400e+01
3.300e+01
3.800e+01
3.900e+01
4.400e+01
3.600e+01
3.600e+01
3.700e+01
3.500e+01
4.800e+01
2.100e+01
2.800e+01
4.700e+01
2.500e+01
3.900e+01
4.300e+01
2.800e+01
5.200e+01
3.700e+01
3.500e+01
2.600e+01
4.500e+01
3.600e+01
3.600e+01
4.100e+01
3.500e+01
3.900e+01
5.300e+01
5.000e+01
5.400e+01
6.500e+01
2.140e+02
1.040e+02
5.800e+01
4.900e+01
4.600e+01
5.200e+01
4.100e+01
5.000e+01
4.400e+01
7.200e+01
4.100e+01
5.700e+01
5.500e+01
6.800e+01
7.600e+01
6.000e+01
5.200e+01
6.700e+01
5.900e+01
6.400e+01
7.200e+01
6.800e+01
8.700e+01
6.300e+01
6.800e+01
7.600e+01
6.700e+01
7.600e+01
6.300e+01
6.900e+01
7.600e+01
4.600e+01
6.400e+01
6.700e+01
7.700e+01
5.700e+01
7.200e+01
6.500e+01
7.400e+01
6.400e+01
7.700e+01
7.700e+01
7.100e+01
8.200e+01
9.200e+01
8.200e+01
9.200e+01
1.100e+02
1.090e+02
1.170e+02
1.230e+02
1.520e+02
1.670e+02
1.510e+02
1.750e+02
1.750e+02
1.690e+02
1.510e+02
1.420e+02
1.210e+02
1.300e+02
1.270e+02
1.330e+02
1.460e+02
1.300e+02
1.180e+02
1.280e+02
1.760e+02
1.530e+02
1.530e+02
1.690e+02
1.900e+02
1.920e+02
1.820e+02
1.700e+02
1.710e+02
1.740e+02
1.700e+02
1.660e+02
1.620e+02
1.440e+02
1.630e+02
1.720e+02
1.670e+02
1.450e+02
1.720e+02
1.870e+02
2.280e+02
4.250e+02
9.840e+02
6.820e+03
1.017e+03
3.850e+02
2.250e+02
1.880e+02
1.800e+02
1.710e+02
1.490e+02
1.670e+02
1.680e+02
1.280e+02
1.590e+02
1.820e+02
1.420e+02
1.690e+02
1.890e+02
1.940e+02
1.930e+02
1.760e+02
1.690e+02
1.670e+02
1.650e+02
1.500e+02
1.400e+02
1.300e+02
1.210e+02
1.440e+02
1.270e+02
1.440e+02
1.300e+02
1.230e+02
1.240e+02
1.570e+02
1.670e+02
1.620e+02
1.820e+02
1.930e+02
1.780e+02
1.520e+02
1.500e+02
1.150e+02
1.240e+02
9.200e+01
1.040e+02
1.000e+02
8.800e+01
9.100e+01
9.000e+01
5.700e+01
7.800e+01
5.600e+01
7.800e+01
5.700e+01
6.000e+01
5.900e+01
7.000e+01
6.700e+01
7.000e+01
4.600e+01
5.600e+01
6.700e+01
7.800e+01
5.800e+01
5.800e+01
8.700e+01
8.100e+01
7.800e+01
8.200e+01
7.000e+01
7.300e+01
5.800e+01
5.600e+01
8.500e+01
7.200e+01
7.900e+01
7.900e+01
7.200e+01
6.000e+01
5.400e+01
5.600e+01
4.900e+01
6.500e+01
5.900e+01
5.500e+01
5.500e+01
5.600e+01
7.300e+01
6.400e+01
8.300e+01
1.330e+02
2.550e+02
7.900e+01
5.300e+01
5.000e+01
5.100e+01
4.700e+01
5.100e+01
2.900e+01
3.200e+01
4.600e+01
3.500e+01
3.900e+01
3.700e+01
3.500e+01
4.300e+01
3.500e+01
3.800e+01
3.000e+01
2.400e+01
3.000e+01
3.300e+01
3.400e+01
2.200e+01
2.500e+01
3.700e+01
3.000e+01
2.800e+01
3.200e+01
4.800e+01
4.000e+01
3.300e+01
4.200e+01
4.500e+01
4.400e+01
5.900e+01
5.800e+01
6.700e+01
7.300e+01
8.500e+01
1.000e+02
9.300e+01
1.270e+02
1.430e+02
1.630e+02
1.480e+02
1.580e+02
1.460e+02
1.620e+02
1.860e+02
1.600e+02
2.030e+02
1.960e+02
1.800e+02
2.160e+02
2.370e+02
2.370e+02
2.290e+02
2.200e+02
2.100e+02
2.180e+02
2.380e+02
2.050e+02
2.380e+02
2.160e+02
2.050e+02
2.360e+02
2.260e+02
2.200e+02
1.980e+02
2.200e+02
1.950e+02
2.190e+02
2.100e+02
2.210e+02
2.340e+02
2.570e+02
2.200e+02
2.030e+02
1.930e+02
1.670e+02
2.110e+02
1.830e+02
2.400e+02
2.420e+02
2.570e+02
3.260e+02
3.370e+02
4.600e+02
6.010e+02
1.641e+03
