1.736e+03
2.510e+02
1.250e+02
1.130e+02
6.200e+01
5.000e+01
4.100e+01
3.500e+01
3.800e+01
2.200e+01
2.700e+01
2.800e+01
3.500e+01
3.100e+01
3.400e+01
3.900e+01
3.300e+01
4.200e+01
3.100e+01
2.800e+01
3.200e+01
2.400e+01
2.400e+01
2.100e+01
2.600e+01
3.300e+01
3.200e+01
3.000e+01
1.700e+01
2.900e+01
4.100e+01
2.900e+01
2.400e+01
2.300e+01
1.800e+01
1.600e+01
2.800e+01
1.800e+01
2.700e+01
1.600e+01
1.900e+01
3.700e+01
2.600e+01
3.100e+01
2.800e+01
2.900e+01
2.800e+01
3.000e+01
4.000e+01
3.200e+01
3.400e+01
3.200e+01
3.800e+01
3.600e+01
3.000e+01
2.200e+01
2.700e+01
3.100e+01
3.700e+01
3.700e+01
3.600e+01
2.300e+01
3.000e+01
2.700e+01
2.700e+01
2.800e+01
1.900e+01
2.200e+01
2.700e+01
2.600e+01
2.000e+01
2.100e+01
2.000e+01
2.400e+01
1.900e+01
1.500e+01
1.400e+01
2.300e+01
1.400e+01
1.000e+01
1.300e+01
1.800e+01
3.000e+01
1.500e+01
1.900e+01
2.000e+01
2.100e+01
2.400e+01
3.500e+01
5.300e+01
8.200e+01
5.100e+01
2.900e+01
1.500e+01
1.800e+01
2.100e+01
1.400e+01
1.700e+01
2.300e+01
1.400e+01
1.100e+01
1.900e+01
1.700e+01
2.000e+01
1.000e+01
1.700e+01
2.300e+01
1.400e+01
2.300e+01
2.000e+01
1.700e+01
2.000e+01
1.800e+01
1.100e+01
2.700e+01
2.900e+01
1.900e+01
2.300e+01
1.900e+01
2.600e+01
2.000e+01
3.400e+01
3.000e+01
3.200e+01
3.300e+01
2.800e+01
3.800e+01
3.200e+01
1.700e+01
3.100e+01
2.300e+01
3.000e+01
2.200e+01
2.100e+01
1.400e+01
1.600e+01
1.600e+01
1.100e+01
1.600e+01
1.400e+01
1.200e+01
2.200e+01
2.300e+01
1.900e+01
1.100e+01
2.000e+01
2.700e+01
2.200e+01
2.100e+01
1.600e+01
1.500e+01
2.400e+01
2.300e+01
2.200e+01
2.000e+01
2.700e+01
2.700e+01
1.900e+01
2.200e+01
3.000e+01
2.900e+01
3.300e+01
3.900e+01
3.100e+01
3.200e+01
2.900e+01
3.800e+01
3.500e+01
4.000e+01
4.500e+01
4.300e+01
3.700e+01
5.100e+01
4.200e+01
3.700e+01
7.100e+01
7.500e+01
7.800e+01
1.360e+02
2.620e+02
1.722e+03
2.720e+02
1.340e+02
1.100e+02
6.500e+01
5.400e+01
5.200e+01
4.600e+01
3.500e+01
3.200e+01
3.400e+01
4.100e+01
4.600e+01
3.200e+01
3.100e+01
3.000e+01
2.900e+01
3.700e+01
3.800e+01
2.400e+01
3.000e+01
2.900e+01
2.700e+01
3.000e+01
2.700e+01
2.500e+01
2.200e+01
2.600e+01
2.200e+01
3.100e+01
3.100e+01
1.600e+01
1.600e+01
1.500e+01
1.800e+01
1.800e+01
1.500e+01
1.800e+01
1.300e+01
1.500e+01
8.000e+00
1.900e+01
1.300e+01
1.700e+01
2.400e+01
1.300e+01
2.300e+01
2.000e+01
2.200e+01
2.300e+01
3.200e+01
2.500e+01
2.400e+01
2.700e+01
2.400e+01
3.300e+01
2.800e+01
2.600e+01
2.200e+01
2.600e+01
2.600e+01
2.200e+01
3.000e+01
2.000e+01
1.700e+01
1.700e+01
2.300e+01
1.500e+01
2.200e+01
1.700e+01
9.000e+00
1.200e+01
1.600e+01
2.000e+01
1.500e+01
8.000e+00
1.700e+01
1.300e+01
1.500e+01
1.700e+01
2.400e+01
1.500e+01
2.100e+01
2.000e+01
1.500e+01
2.000e+01
1.700e+01
2.300e+01
2.300e+01
5.400e+01
1.060e+02
6.300e+01
3.400e+01
3.000e+01
2.800e+01
2.600e+01
2.300e+01
2.400e+01
2.200e+01
2.100e+01
1.700e+01
1.400e+01
9.000e+00
1.200e+01
1.400e+01
1.900e+01
1.500e+01
2.000e+01
1.500e+01
2.100e+01
2.200e+01
2.300e+01
2.300e+01
1.200e+01
2.900e+01
2.300e+01
3.100e+01
3.500e+01
2.600e+01
3.400e+01
3.500e+01
2.700e+01
3.800e+01
2.500e+01
2.000e+01
3.500e+01
3.300e+01
3.600e+01
4.500e+01
4.300e+01
3.800e+01
3.000e+01
4.100e+01
4.000e+01
2.200e+01
4.000e+01
2.200e+01
2.900e+01
2.900e+01
2.100e+01
3.000e+01
2.400e+01
2.800e+01
3.400e+01
2.000e+01
2.200e+01
1.900e+01
2.000e+01
2.700e+01
3.000e+01
2.100e+01
3.700e+01
2.300e+01
3.200e+01
3.200e+01
2.900e+01
2.500e+01
2.300e+01
3.200e+01
2.800e+01
4.200e+01
3.600e+01
4.500e+01
3.700e+01
3.300e+01
3.100e+01
2.800e+01
3.000e+01
2.500e+01
3.400e+01
4.200e+01
4.600e+01
5.000e+01
4.400e+01
4.200e+01
4.500e+01
5.500e+01
1.000e+02
1.340e+02
2.570e+02
