1.051e+04
2.729e+03
1.112e+03
5.480e+02
4.040e+02
2.700e+02
2.260e+02
1.860e+02
1.810e+02
1.690e+02
1.630e+02
1.630e+02
1.780e+02
1.990e+02
1.990e+02
2.230e+02
2.650e+02
3.210e+02
3.800e+02
3.940e+02
4.200e+02
4.790e+02
5.360e+02
4.400e+02
4.270e+02
4.510e+02
4.600e+02
4.560e+02
4.400e+02
4.040e+02
4.500e+02
4.320e+02
3.620e+02
2.800e+02
1.810e+02
1.590e+02
1.220e+02
1.340e+02
1.430e+02
1.250e+02
1.290e+02
1.160e+02
9.200e+01
8.400e+01
8.700e+01
1.160e+02
9.000e+01
6.700e+01
8.700e+01
7.700e+01
6.800e+01
7.400e+01
7.600e+01
1.010e+02
9.000e+01
8.700e+01
1.030e+02
7.400e+01
8.200e+01
9.200e+01
9.900e+01
7.900e+01
7.200e+01
6.800e+01
5.800e+01
6.700e+01
4.800e+01
3.600e+01
2.900e+01
3.500e+01
4.500e+01
4.300e+01
4.600e+01
3.600e+01
2.200e+01
2.600e+01
2.600e+01
2.800e+01
2.200e+01
2.500e+01
2.300e+01
1.300e+01
1.900e+01
3.500e+01
1.900e+01
1.600e+01
3.700e+01
4.800e+01
5.000e+01
1.210e+02
2.360e+02
5.600e+01
4.600e+01
2.600e+01
2.800e+01
2.400e+01
2.900e+01
2.600e+01
2.100e+01
3.700e+01
3.200e+01
2.300e+01
2.700e+01
4.300e+01
4.400e+01
4.400e+01
4.200e+01
3.800e+01
5.300e+01
4.900e+01
5.000e+01
7.100e+01
7.800e+01
7.900e+01
7.800e+01
8.800e+01
9.500e+01
1.090e+02
7.500e+01
8.900e+01
7.300e+01
7.400e+01
6.500e+01
6.700e+01
7.300e+01
7.500e+01
6.300e+01
5.800e+01
8.500e+01
7.700e+01
7.100e+01
8.200e+01
5.900e+01
7.300e+01
6.400e+01
7.100e+01
7.400e+01
9.300e+01
8.400e+01
1.110e+02
1.170e+02
1.220e+02
1.050e+02
1.350e+02
1.670e+02
2.320e+02
3.390e+02
4.210e+02
3.790e+02
3.680e+02
4.280e+02
3.820e+02
3.710e+02
3.430e+02
3.830e+02
3.900e+02
3.880e+02
3.840e+02
4.430e+02
3.790e+02
3.050e+02
3.050e+02
2.860e+02
2.320e+02
1.990e+02
1.840e+02
1.690e+02
1.610e+02
1.290e+02
1.420e+02
1.210e+02
1.390e+02
1.440e+02
1.570e+02
1.750e+02
2.360e+02
3.240e+02
5.020e+02
8.940e+02
2.168e+03
8.987e+03
2.222e+03
9.080e+02
5.140e+02
3.270e+02
2.320e+02
1.940e+02
1.550e+02
1.280e+02
1.550e+02
1.230e+02
1.140e+02
1.390e+02
1.550e+02
1.830e+02
1.720e+02
1.940e+02
2.080e+02
2.720e+02
2.990e+02
3.480e+02
4.260e+02
4.010e+02
4.340e+02
3.520e+02
3.930e+02
3.840e+02
3.490e+02
3.600e+02
4.100e+02
4.320e+02
3.560e+02
3.920e+02
3.870e+02
3.340e+02
2.410e+02
1.510e+02
1.400e+02
1.340e+02
1.070e+02
1.270e+02
1.090e+02
7.400e+01
8.200e+01
7.500e+01
7.300e+01
7.000e+01
6.100e+01
8.300e+01
5.600e+01
7.400e+01
6.000e+01
5.800e+01
6.400e+01
5.700e+01
5.400e+01
5.000e+01
5.900e+01
6.800e+01
5.400e+01
6.400e+01
7.700e+01
7.100e+01
8.300e+01
7.000e+01
9.300e+01
6.900e+01
7.200e+01
7.200e+01
6.400e+01
6.300e+01
4.800e+01
4.500e+01
2.900e+01
3.900e+01
4.400e+01
2.800e+01
3.200e+01
3.600e+01
1.600e+01
2.500e+01
2.300e+01
2.900e+01
1.800e+01
2.200e+01
1.900e+01
2.600e+01
3.400e+01
6.300e+01
9.100e+01
3.030e+02
1.160e+02
7.200e+01
3.500e+01
3.000e+01
3.000e+01
1.800e+01
2.300e+01
2.000e+01
1.900e+01
2.100e+01
1.800e+01
2.500e+01
2.500e+01
2.600e+01
3.700e+01
3.200e+01
4.100e+01
3.200e+01
3.500e+01
4.800e+01
3.100e+01
4.900e+01
5.400e+01
7.300e+01
6.200e+01
8.400e+01
7.500e+01
8.000e+01
8.900e+01
1.000e+02
9.400e+01
1.020e+02
1.110e+02
1.000e+02
8.300e+01
9.300e+01
8.500e+01
7.900e+01
9.000e+01
9.200e+01
6.500e+01
9.300e+01
9.200e+01
9.300e+01
1.050e+02
8.900e+01
9.200e+01
9.000e+01
1.080e+02
1.370e+02
1.280e+02
1.610e+02
1.710e+02
1.820e+02
1.930e+02
2.210e+02
2.850e+02
3.830e+02
4.570e+02
4.230e+02
3.810e+02
4.610e+02
4.210e+02
4.200e+02
4.460e+02
4.490e+02
4.670e+02
5.180e+02
4.810e+02
3.930e+02
3.750e+02
3.260e+02
2.940e+02
2.630e+02
2.060e+02
2.090e+02
1.680e+02
1.270e+02
1.740e+02
1.600e+02
1.570e+02
1.760e+02
2.000e+02
2.300e+02
2.720e+02
4.100e+02
6.070e+02
1.055e+03
2.692e+03
