7.772e+04
1.454e+04
6.467e+03
3.907e+03
2.801e+03
2.150e+03
1.767e+03
1.503e+03
1.428e+03
1.321e+03
1.263e+03
1.246e+03
1.255e+03
1.254e+03
1.225e+03
1.240e+03
1.256e+03
1.341e+03
1.406e+03
1.447e+03
1.558e+03
1.625e+03
1.630e+03
1.495e+03
1.469e+03
1.394e+03
1.457e+03
1.439e+03
1.404e+03
1.366e+03
1.516e+03
1.458e+03
1.294e+03
1.078e+03
8.830e+02
9.580e+02
8.180e+02
7.580e+02
7.290e+02
6.830e+02
6.730e+02
6.370e+02
5.900e+02
5.650e+02
5.160e+02
5.440e+02
5.290e+02
4.680e+02
4.650e+02
4.320e+02
4.260e+02
4.270e+02
4.130e+02
4.110e+02
3.630e+02
3.700e+02
4.050e+02
3.550e+02
3.650e+02
3.710e+02
3.900e+02
3.370e+02
3.070e+02
3.210e+02
3.200e+02
2.830e+02
2.810e+02
2.540e+02
2.510e+02
2.390e+02
2.280e+02
2.310e+02
2.190e+02
2.100e+02
1.810e+02
1.900e+02
2.060e+02
2.100e+02
1.700e+02
1.760e+02
1.960e+02
1.830e+02
2.120e+02
2.110e+02
2.070e+02
2.320e+02
2.690e+02
3.000e+02
3.610e+02
6.740e+02
1.577e+03
5.980e+02
3.200e+02
2.360e+02
2.280e+02
2.460e+02
1.940e+02
2.290e+02
1.870e+02
2.090e+02
2.040e+02
2.200e+02
2.060e+02
2.590e+02
2.480e+02
2.300e+02
2.400e+02
2.240e+02
2.610e+02
2.720e+02
2.820e+02
2.960e+02
3.300e+02
3.700e+02
3.680e+02
3.790e+02
4.000e+02
4.000e+02
3.660e+02
3.960e+02
3.720e+02
3.890e+02
4.040e+02
3.980e+02
4.340e+02
4.220e+02
4.920e+02
4.860e+02
5.300e+02
5.390e+02
5.220e+02
5.420e+02
4.790e+02
5.120e+02
5.270e+02
5.090e+02
5.740e+02
6.170e+02
6.470e+02
7.040e+02
7.180e+02
8.810e+02
8.280e+02
8.480e+02
9.030e+02
1.052e+03
1.245e+03
1.340e+03
1.278e+03
1.274e+03
1.384e+03
1.345e+03
1.325e+03
1.326e+03
1.389e+03
1.367e+03
1.495e+03
1.538e+03
1.456e+03
1.451e+03
1.324e+03
1.350e+03
1.360e+03
1.274e+03
1.258e+03
1.233e+03
1.163e+03
1.110e+03
1.099e+03
1.169e+03
1.085e+03
1.272e+03
1.395e+03
1.563e+03
1.671e+03
2.164e+03
2.901e+03
4.101e+03
6.878e+03
1.377e+04
7.532e+04
1.418e+04
6.844e+03
4.161e+03
2.972e+03
2.191e+03
1.785e+03
1.519e+03
1.265e+03
1.282e+03
1.111e+03
1.127e+03
1.174e+03
1.133e+03
1.197e+03
1.194e+03
1.237e+03
1.298e+03
1.333e+03
1.320e+03
1.400e+03
1.473e+03
1.487e+03
1.548e+03
1.405e+03
1.382e+03
1.327e+03
1.353e+03
1.293e+03
1.399e+03
1.415e+03
1.251e+03
1.306e+03
1.279e+03
1.148e+03
1.017e+03
8.970e+02
8.170e+02
7.550e+02
7.870e+02
7.240e+02
6.770e+02
5.930e+02
5.900e+02
5.500e+02
5.080e+02
5.620e+02
5.040e+02
4.790e+02
4.820e+02
4.940e+02
4.570e+02
4.740e+02
4.450e+02
4.060e+02
4.230e+02
3.740e+02
3.300e+02
3.670e+02
3.620e+02
3.800e+02
3.760e+02
3.660e+02
3.320e+02
3.610e+02
3.940e+02
3.490e+02
3.350e+02
3.210e+02
3.030e+02
2.710e+02
2.290e+02
2.820e+02
2.350e+02
2.450e+02
2.440e+02
2.430e+02
2.250e+02
2.370e+02
2.050e+02
2.110e+02
2.090e+02
2.200e+02
1.950e+02
2.050e+02
2.230e+02
2.540e+02
2.600e+02
3.250e+02
6.080e+02
1.595e+03
6.170e+02
3.270e+02
2.990e+02
2.630e+02
2.420e+02
2.210e+02
2.010e+02
1.670e+02
1.920e+02
1.860e+02
1.890e+02
2.050e+02
2.100e+02
2.110e+02
2.100e+02
2.050e+02
2.050e+02
1.780e+02
2.250e+02
2.300e+02
2.360e+02
2.660e+02
2.500e+02
2.990e+02
2.840e+02
3.080e+02
3.250e+02
3.730e+02
3.740e+02
3.760e+02
3.630e+02
4.190e+02
3.940e+02
4.100e+02
4.260e+02
3.950e+02
4.220e+02
4.560e+02
4.720e+02
4.880e+02
4.480e+02
5.220e+02
5.530e+02
5.540e+02
5.560e+02
5.510e+02
5.800e+02
6.050e+02
5.940e+02
7.320e+02
7.180e+02
7.420e+02
8.280e+02
9.000e+02
9.430e+02
9.970e+02
1.100e+03
1.351e+03
1.522e+03
1.493e+03
1.373e+03
1.474e+03
1.348e+03
1.402e+03
1.506e+03
1.505e+03
1.534e+03
1.593e+03
1.623e+03
1.475e+03
1.437e+03
1.400e+03
1.357e+03
1.331e+03
1.233e+03
1.198e+03
1.236e+03
1.188e+03
1.196e+03
1.255e+03
1.271e+03
1.470e+03
1.501e+03
1.746e+03
2.176e+03
2.703e+03
3.933e+03
6.391e+03
1.424e+04
