8.620e+03
3.446e+03
3.235e+03
3.140e+03
3.188e+03
3.201e+03
3.038e+03
2.964e+03
2.855e+03
3.262e+03
3.535e+03
3.779e+03
4.091e+03
3.771e+03
3.716e+03
3.843e+03
3.655e+03
3.824e+03
3.751e+03
3.799e+03
3.932e+03
3.301e+03
2.867e+03
2.635e+03
2.734e+03
2.811e+03
2.691e+03
2.456e+03
2.361e+03
2.488e+03
2.293e+03
2.423e+03
2.675e+03
2.886e+03
3.301e+03
3.745e+03
3.916e+03
5.394e+03
5.415e+03
5.976e+03
4.816e+03
3.584e+03
3.341e+03
4.307e+03
3.681e+03
2.771e+03
2.434e+03
1.882e+03
1.295e+03
9.590e+02
7.300e+02
3.890e+02
5.250e+02
5.530e+02
7.520e+02
5.270e+02
7.140e+02
3.440e+02
4.210e+02
5.740e+02
3.750e+02
1.320e+02
1.460e+02
1.840e+02
2.740e+02
2.280e+02
2.980e+02
2.270e+02
4.180e+02
4.760e+02
7.840e+02
6.810e+02
5.220e+02
4.750e+02
3.510e+02
2.500e+02
1.112e+03
6.840e+02
2.490e+02
1.700e+02
1.620e+02
2.150e+02
1.670e+02
2.370e+02
2.510e+02
2.820e+02
3.580e+02
3.260e+02
2.390e+02
1.990e+02
1.680e+02
1.500e+02
1.610e+02
1.770e+02
2.140e+02
1.700e+02
2.280e+02
1.830e+02
2.140e+02
2.180e+02
2.170e+02
2.110e+02
2.130e+02
2.270e+02
2.390e+02
2.440e+02
2.240e+02
2.320e+02
2.420e+02
2.700e+02
2.280e+02
2.280e+02
3.300e+02
2.990e+02
2.590e+02
2.470e+02
2.560e+02
2.830e+02
3.050e+02
2.800e+02
2.610e+02
2.880e+02
2.730e+02
2.450e+02
2.410e+02
2.310e+02
2.470e+02
2.490e+02
2.040e+02
2.160e+02
2.260e+02
2.930e+02
3.460e+02
2.540e+02
2.480e+02
2.710e+02
2.450e+02
2.760e+02
2.630e+02
2.440e+02
2.520e+02
2.880e+02
3.090e+02
3.860e+02
2.780e+02
2.880e+02
3.160e+02
2.640e+02
2.870e+02
2.830e+02
3.210e+02
2.940e+02
3.090e+02
3.110e+02
2.950e+02
3.000e+02
2.920e+02
2.710e+02
2.440e+02
2.070e+02
2.420e+02
2.480e+02
2.290e+02
2.510e+02
2.520e+02
2.870e+02
2.570e+02
3.210e+02
3.760e+02
3.770e+02
4.150e+02
3.740e+02
3.930e+02
4.160e+02
3.800e+02
2.290e+02
1.870e+02
1.950e+02
2.010e+02
2.200e+02
8.840e+02
2.360e+02
2.120e+02
1.900e+02
1.910e+02
1.880e+02
2.770e+02
2.600e+02
2.710e+02
2.920e+02
2.980e+02
3.140e+02
2.830e+02
3.350e+02
3.210e+02
5.360e+02
3.920e+02
3.680e+02
3.690e+02
3.800e+02
3.420e+02
2.860e+02
3.250e+02
2.520e+02
2.800e+02
3.060e+02
3.060e+02
2.980e+02
3.250e+02
3.280e+02
3.320e+02
2.990e+02
3.260e+02
2.840e+02
3.150e+02
2.730e+02
2.610e+02
2.630e+02
2.870e+02
2.830e+02
2.710e+02
2.290e+02
2.200e+02
2.610e+02
2.660e+02
2.280e+02
2.170e+02
2.250e+02
2.540e+02
2.300e+02
2.120e+02
2.480e+02
2.650e+02
2.520e+02
2.920e+02
2.330e+02
2.150e+02
2.280e+02
2.550e+02
2.220e+02
2.680e+02
2.740e+02
2.810e+02
2.870e+02
2.810e+02
2.670e+02
2.380e+02
2.670e+02
2.620e+02
2.240e+02
2.300e+02
2.140e+02
2.450e+02
2.390e+02
2.330e+02
2.370e+02
2.470e+02
2.230e+02
2.260e+02
2.100e+02
2.270e+02
2.390e+02
2.320e+02
3.240e+02
3.030e+02
2.530e+02
2.020e+02
2.160e+02
2.130e+02
1.980e+02
1.620e+02
1.870e+02
2.150e+02
2.250e+02
2.650e+02
2.170e+02
2.200e+02
1.740e+02
1.980e+02
1.380e+02
1.600e+02
2.190e+02
2.930e+02
7.860e+02
1.178e+03
3.690e+02
3.650e+02
6.480e+02
7.530e+02
6.110e+02
7.350e+02
5.400e+02
4.130e+02
2.760e+02
2.960e+02
2.250e+02
2.290e+02
2.310e+02
3.190e+02
2.480e+02
2.810e+02
7.980e+02
3.340e+02
4.880e+02
6.980e+02
4.920e+02
5.080e+02
7.460e+02
5.040e+02
4.630e+02
7.750e+02
9.060e+02
7.340e+02
1.059e+03
1.133e+03
1.646e+03
3.009e+03
4.261e+03
3.430e+03
4.170e+03
5.923e+03
6.447e+03
6.082e+03
5.478e+03
4.747e+03
4.794e+03
3.922e+03
3.481e+03
3.129e+03
2.836e+03
2.504e+03
2.465e+03
2.388e+03
2.375e+03
2.337e+03
2.577e+03
2.600e+03
2.594e+03
2.905e+03
3.214e+03
3.860e+03
3.728e+03
3.791e+03
3.647e+03
3.508e+03
3.725e+03
3.771e+03
3.921e+03
4.283e+03
3.866e+03
3.719e+03
3.537e+03
3.262e+03
2.993e+03
3.067e+03
2.997e+03
3.068e+03
3.030e+03
3.289e+03
3.640e+03
