3.388e+03
8.370e+02
5.140e+02
2.630e+02
1.710e+02
1.150e+02
1.090e+02
8.200e+01
8.500e+01
6.200e+01
7.800e+01
9.600e+01
8.100e+01
7.700e+01
9.600e+01
9.700e+01
1.040e+02
1.490e+02
1.410e+02
1.560e+02
1.580e+02
1.680e+02
1.280e+02
1.220e+02
1.070e+02
1.220e+02
1.080e+02
8.100e+01
7.900e+01
6.000e+01
7.600e+01
5.800e+01
6.100e+01
7.200e+01
1.060e+02
1.020e+02
1.730e+02
1.930e+02
2.360e+02
1.530e+02
1.070e+02
9.000e+01
1.010e+02
9.500e+01
9.800e+01
1.000e+02
8.700e+01
1.310e+02
1.450e+02
1.790e+02
1.610e+02
1.150e+02
9.600e+01
8.300e+01
8.900e+01
9.000e+01
6.600e+01
6.100e+01
6.900e+01
6.000e+01
5.700e+01
4.100e+01
3.500e+01
2.900e+01
2.600e+01
1.600e+01
1.400e+01
9.000e+00
1.100e+01
1.100e+01
1.800e+01
8.000e+00
1.200e+01
7.000e+00
6.000e+00
4.000e+00
5.000e+00
4.000e+00
3.000e+00
0.000e+00
1.000e+00
3.000e+00
0.000e+00
1.000e+00
4.000e+00
6.000e+00
2.000e+00
6.000e+00
2.000e+00
1.000e+01
1.000e+01
1.400e+01
4.000e+00
6.000e+00
1.000e+00
0.000e+00
4.000e+00
9.000e+00
5.000e+00
9.000e+00
2.000e+00
3.000e+00
9.000e+00
7.000e+00
6.000e+00
1.200e+01
7.000e+00
9.000e+00
5.000e+00
1.000e+01
1.300e+01
1.100e+01
2.100e+01
1.700e+01
2.400e+01
3.300e+01
4.500e+01
4.700e+01
5.200e+01
7.400e+01
7.700e+01
5.300e+01
7.100e+01
5.700e+01
4.600e+01
7.900e+01
6.900e+01
8.200e+01
8.300e+01
1.200e+02
1.090e+02
1.650e+02
1.300e+02
1.180e+02
9.000e+01
1.170e+02
9.300e+01
8.500e+01
8.500e+01
1.580e+02
2.060e+02
2.100e+02
1.970e+02
1.420e+02
1.050e+02
8.000e+01
1.140e+02
6.000e+01
4.600e+01
5.500e+01
9.400e+01
1.020e+02
1.110e+02
1.130e+02
1.000e+02
9.000e+01
8.300e+01
8.800e+01
1.360e+02
1.410e+02
1.680e+02
1.560e+02
1.250e+02
1.270e+02
9.600e+01
9.500e+01
6.900e+01
7.900e+01
7.700e+01
6.800e+01
6.300e+01
6.200e+01
7.400e+01
5.900e+01
7.500e+01
8.200e+01
1.520e+02
2.610e+02
5.540e+02
7.910e+02
3.273e+03
7.830e+02
5.470e+02
2.200e+02
1.640e+02
8.900e+01
8.500e+01
8.000e+01
8.100e+01
6.500e+01
9.000e+01
9.100e+01
8.900e+01
7.800e+01
7.800e+01
9.000e+01
1.090e+02
1.070e+02
1.380e+02
1.500e+02
1.960e+02
1.720e+02
1.150e+02
1.310e+02
1.100e+02
1.000e+02
1.060e+02
1.240e+02
9.700e+01
8.500e+01
8.800e+01
4.600e+01
6.000e+01
6.100e+01
1.080e+02
8.400e+01
9.000e+01
1.310e+02
1.910e+02
1.780e+02
2.000e+02
1.240e+02
8.700e+01
1.010e+02
1.040e+02
1.050e+02
1.170e+02
1.280e+02
1.440e+02
1.510e+02
1.220e+02
1.150e+02
1.020e+02
6.200e+01
8.300e+01
6.200e+01
5.900e+01
6.300e+01
6.300e+01
6.400e+01
6.700e+01
5.700e+01
5.800e+01
4.100e+01
3.100e+01
2.500e+01
1.600e+01
1.400e+01
1.600e+01
1.600e+01
1.200e+01
6.000e+00
1.400e+01
7.000e+00
8.000e+00
6.000e+00
4.000e+00
9.000e+00
3.000e+00
2.000e+00
7.000e+00
7.000e+00
1.000e+00
1.000e+00
4.000e+00
4.000e+00
3.000e+00
5.000e+00
3.000e+00
1.100e+01
7.000e+00
1.200e+01
1.000e+01
4.000e+00
4.000e+00
3.000e+00
4.000e+00
4.000e+00
3.000e+00
3.000e+00
2.000e+00
1.000e+00
4.000e+00
4.000e+00
7.000e+00
5.000e+00
3.000e+00
6.000e+00
1.300e+01
1.700e+01
7.000e+00
9.000e+00
7.000e+00
1.500e+01
1.800e+01
1.300e+01
1.800e+01
2.800e+01
4.300e+01
5.900e+01
6.400e+01
6.700e+01
7.100e+01
5.500e+01
6.800e+01
7.500e+01
9.200e+01
9.100e+01
9.700e+01
1.410e+02
1.600e+02
1.530e+02
1.590e+02
1.300e+02
1.050e+02
1.060e+02
1.050e+02
8.500e+01
9.200e+01
9.700e+01
1.040e+02
1.740e+02
2.460e+02
1.870e+02
1.820e+02
8.000e+01
9.800e+01
6.700e+01
5.000e+01
5.700e+01
8.500e+01
5.800e+01
8.400e+01
9.700e+01
1.120e+02
1.250e+02
1.220e+02
1.000e+02
1.270e+02
1.550e+02
1.760e+02
1.560e+02
1.710e+02
1.290e+02
1.460e+02
1.060e+02
9.000e+01
6.500e+01
9.900e+01
7.700e+01
9.500e+01
8.800e+01
5.600e+01
7.200e+01
7.700e+01
1.150e+02
1.600e+02
2.560e+02
5.500e+02
7.820e+02
