3.427e+03
3.290e+02
1.540e+02
1.300e+02
9.800e+01
7.900e+01
8.200e+01
6.300e+01
6.300e+01
3.600e+01
3.600e+01
3.500e+01
3.400e+01
4.500e+01
2.600e+01
3.600e+01
4.700e+01
4.000e+01
4.400e+01
4.200e+01
4.700e+01
5.700e+01
4.800e+01
5.000e+01
6.200e+01
8.800e+01
8.100e+01
7.000e+01
9.200e+01
1.040e+02
1.130e+02
1.270e+02
1.300e+02
1.550e+02
1.590e+02
1.620e+02
1.740e+02
1.800e+02
1.910e+02
2.110e+02
2.260e+02
2.100e+02
2.350e+02
2.290e+02
1.600e+02
1.540e+02
1.580e+02
1.520e+02
1.320e+02
1.280e+02
1.260e+02
1.150e+02
8.700e+01
1.120e+02
6.900e+01
6.600e+01
5.800e+01
7.000e+01
5.900e+01
5.600e+01
4.400e+01
6.100e+01
3.900e+01
4.700e+01
4.500e+01
3.900e+01
2.300e+01
4.300e+01
2.500e+01
2.200e+01
1.800e+01
2.600e+01
1.900e+01
2.000e+01
7.000e+00
1.700e+01
1.200e+01
1.500e+01
4.000e+00
1.000e+01
7.000e+00
9.000e+00
7.000e+00
8.000e+00
5.000e+00
3.000e+00
6.000e+00
6.000e+00
9.000e+00
5.000e+00
2.600e+01
3.000e+01
1.200e+01
1.000e+01
9.000e+00
5.000e+00
6.000e+00
5.000e+00
4.000e+00
7.000e+00
5.000e+00
4.000e+00
7.000e+00
1.200e+01
9.000e+00
9.000e+00
1.300e+01
8.000e+00
1.600e+01
1.300e+01
1.900e+01
1.300e+01
2.700e+01
2.500e+01
2.700e+01
2.400e+01
2.700e+01
2.500e+01
4.800e+01
2.800e+01
4.500e+01
4.600e+01
3.900e+01
6.600e+01
6.100e+01
5.600e+01
7.600e+01
9.200e+01
9.600e+01
1.040e+02
9.900e+01
9.100e+01
1.070e+02
1.320e+02
1.220e+02
1.120e+02
1.260e+02
1.380e+02
1.860e+02
2.670e+02
2.650e+02
2.420e+02
2.230e+02
2.040e+02
1.880e+02
2.060e+02
1.560e+02
1.450e+02
1.410e+02
1.300e+02
1.130e+02
1.180e+02
9.700e+01
8.400e+01
8.200e+01
8.600e+01
7.800e+01
6.200e+01
6.400e+01
5.200e+01
4.100e+01
4.300e+01
5.100e+01
3.100e+01
4.600e+01
5.400e+01
4.300e+01
5.200e+01
6.200e+01
4.300e+01
5.300e+01
5.200e+01
4.600e+01
6.700e+01
8.700e+01
9.000e+01
1.120e+02
1.280e+02
2.000e+02
3.480e+02
3.447e+03
3.240e+02
1.760e+02
1.300e+02
1.060e+02
7.100e+01
8.700e+01
7.100e+01
5.500e+01
4.800e+01
3.200e+01
3.900e+01
3.600e+01
3.900e+01
4.200e+01
5.700e+01
4.200e+01
3.300e+01
4.000e+01
5.400e+01
6.600e+01
4.500e+01
5.700e+01
6.500e+01
9.000e+01
8.800e+01
8.600e+01
1.000e+02
1.060e+02
1.170e+02
1.390e+02
1.430e+02
1.580e+02
1.670e+02
1.730e+02
1.800e+02
1.960e+02
2.180e+02
2.040e+02
2.390e+02
2.390e+02
2.530e+02
1.690e+02
1.680e+02
1.340e+02
1.420e+02
1.040e+02
1.190e+02
1.330e+02
1.040e+02
8.800e+01
1.170e+02
7.700e+01
7.400e+01
6.000e+01
5.700e+01
7.900e+01
5.300e+01
6.000e+01
4.000e+01
3.900e+01
5.300e+01
4.400e+01
5.400e+01
3.300e+01
3.600e+01
2.800e+01
2.200e+01
1.700e+01
2.400e+01
2.400e+01
1.200e+01
1.700e+01
1.400e+01
8.000e+00
1.600e+01
1.100e+01
1.000e+01
1.000e+01
8.000e+00
8.000e+00
4.000e+00
2.000e+00
9.000e+00
9.000e+00
4.000e+00
8.000e+00
9.000e+00
1.500e+01
2.100e+01
2.000e+01
1.400e+01
5.000e+00
9.000e+00
7.000e+00
4.000e+00
5.000e+00
8.000e+00
5.000e+00
6.000e+00
6.000e+00
9.000e+00
1.400e+01
7.000e+00
5.000e+00
1.500e+01
5.000e+00
1.600e+01
2.400e+01
2.000e+01
1.400e+01
2.000e+01
3.300e+01
2.600e+01
2.800e+01
2.400e+01
3.400e+01
3.600e+01
4.200e+01
3.800e+01
4.400e+01
6.400e+01
5.400e+01
6.200e+01
8.000e+01
8.100e+01
6.800e+01
1.110e+02
9.500e+01
1.010e+02
1.090e+02
1.410e+02
1.370e+02
1.200e+02
1.410e+02
1.530e+02
1.760e+02
2.210e+02
2.740e+02
2.270e+02
2.340e+02
1.940e+02
1.670e+02
1.870e+02
1.830e+02
1.340e+02
1.480e+02
1.510e+02
1.220e+02
1.110e+02
1.040e+02
7.900e+01
8.100e+01
9.000e+01
8.100e+01
6.500e+01
7.100e+01
4.500e+01
4.800e+01
3.600e+01
4.400e+01
4.400e+01
4.100e+01
3.900e+01
4.300e+01
4.000e+01
4.900e+01
5.300e+01
4.400e+01
3.900e+01
5.300e+01
4.100e+01
6.000e+01
7.300e+01
8.600e+01
8.600e+01
1.050e+02
1.270e+02
1.940e+02
3.460e+02
