2.331e+03
4.920e+02
2.040e+02
1.220e+02
1.130e+02
1.020e+02
8.100e+01
6.200e+01
5.900e+01
6.600e+01
5.400e+01
5.800e+01
5.400e+01
4.300e+01
4.000e+01
3.600e+01
3.900e+01
4.700e+01
6.200e+01
4.100e+01
5.400e+01
5.100e+01
5.300e+01
5.000e+01
3.400e+01
6.100e+01
4.200e+01
4.300e+01
4.200e+01
6.000e+01
7.200e+01
8.400e+01
1.180e+02
1.340e+02
1.640e+02
2.190e+02
2.870e+02
2.100e+02
1.840e+02
1.570e+02
1.460e+02
1.050e+02
1.100e+02
1.040e+02
1.020e+02
1.190e+02
1.060e+02
9.800e+01
6.300e+01
7.400e+01
5.900e+01
7.700e+01
5.400e+01
6.200e+01
5.100e+01
4.100e+01
3.400e+01
3.800e+01
3.000e+01
2.500e+01
2.500e+01
1.700e+01
1.700e+01
2.300e+01
1.700e+01
1.500e+01
1.700e+01
1.300e+01
2.000e+01
1.600e+01
1.000e+01
6.000e+00
9.000e+00
1.100e+01
8.000e+00
7.000e+00
5.000e+00
6.000e+00
1.000e+01
9.000e+00
3.000e+00
4.000e+00
5.000e+00
8.000e+00
1.200e+01
8.000e+00
1.100e+01
5.000e+00
1.000e+01
1.700e+01
1.700e+01
1.800e+01
6.000e+00
5.000e+00
5.000e+00
1.200e+01
4.000e+00
2.000e+00
4.000e+00
6.000e+00
6.000e+00
6.000e+00
1.000e+00
9.000e+00
1.100e+01
5.000e+00
6.000e+00
1.000e+01
1.100e+01
8.000e+00
5.000e+00
1.300e+01
1.000e+01
1.000e+01
1.500e+01
1.800e+01
9.000e+00
2.000e+01
2.000e+01
2.800e+01
1.700e+01
3.000e+01
1.900e+01
2.000e+01
3.500e+01
4.400e+01
4.700e+01
4.400e+01
3.900e+01
6.000e+01
5.900e+01
8.500e+01
1.030e+02
1.140e+02
1.040e+02
1.000e+02
1.140e+02
9.400e+01
8.700e+01
1.190e+02
1.310e+02
1.480e+02
1.370e+02
1.910e+02
2.270e+02
2.280e+02
1.770e+02
1.440e+02
1.210e+02
9.200e+01
8.600e+01
6.900e+01
5.700e+01
4.800e+01
5.100e+01
3.900e+01
4.100e+01
5.600e+01
3.800e+01
2.700e+01
4.200e+01
5.100e+01
5.000e+01
5.500e+01
4.900e+01
5.300e+01
4.600e+01
5.000e+01
4.600e+01
6.400e+01
5.200e+01
4.800e+01
7.200e+01
6.800e+01
9.500e+01
7.800e+01
9.300e+01
1.500e+02
2.250e+02
5.040e+02
2.354e+03
4.820e+02
2.080e+02
1.240e+02
1.190e+02
1.040e+02
8.600e+01
5.700e+01
5.800e+01
6.100e+01
6.000e+01
4.900e+01
5.500e+01
4.400e+01
4.800e+01
3.900e+01
4.300e+01
5.900e+01
6.300e+01
5.400e+01
4.800e+01
3.800e+01
5.400e+01
4.600e+01
4.400e+01
3.600e+01
5.500e+01
4.100e+01
5.700e+01
7.500e+01
7.500e+01
1.250e+02
1.180e+02
1.710e+02
2.050e+02
2.520e+02
2.530e+02
1.800e+02
1.210e+02
1.270e+02
1.200e+02
1.110e+02
9.600e+01
8.900e+01
1.060e+02
6.900e+01
1.260e+02
8.300e+01
8.700e+01
7.400e+01
8.100e+01
7.900e+01
4.100e+01
5.500e+01
5.200e+01
4.900e+01
2.800e+01
3.400e+01
2.400e+01
2.700e+01
2.800e+01
1.700e+01
1.800e+01
2.600e+01
1.700e+01
2.100e+01
1.600e+01
1.800e+01
1.700e+01
1.200e+01
8.000e+00
1.100e+01
6.000e+00
1.200e+01
1.000e+00
9.000e+00
6.000e+00
8.000e+00
1.100e+01
7.000e+00
2.000e+00
4.000e+00
1.000e+01
8.000e+00
1.300e+01
6.000e+00
1.100e+01
5.000e+00
5.000e+00
1.500e+01
2.000e+01
1.800e+01
6.000e+00
6.000e+00
1.300e+01
3.000e+00
6.000e+00
3.000e+00
7.000e+00
5.000e+00
3.000e+00
4.000e+00
1.200e+01
3.000e+00
9.000e+00
4.000e+00
1.200e+01
7.000e+00
1.500e+01
4.000e+00
7.000e+00
1.100e+01
1.000e+01
5.000e+00
2.200e+01
1.500e+01
1.600e+01
2.100e+01
1.900e+01
2.100e+01
2.700e+01
2.200e+01
2.700e+01
1.500e+01
2.800e+01
4.300e+01
3.900e+01
3.700e+01
5.300e+01
4.500e+01
7.300e+01
6.800e+01
9.200e+01
1.030e+02
1.360e+02
1.050e+02
1.220e+02
1.220e+02
1.050e+02
1.010e+02
1.410e+02
1.580e+02
2.070e+02
1.980e+02
2.940e+02
1.940e+02
1.690e+02
1.110e+02
1.030e+02
7.200e+01
6.700e+01
5.600e+01
4.500e+01
3.900e+01
4.200e+01
4.700e+01
4.800e+01
4.600e+01
3.400e+01
4.000e+01
4.700e+01
4.200e+01
5.200e+01
4.300e+01
5.100e+01
4.100e+01
5.100e+01
5.100e+01
5.000e+01
5.100e+01
5.500e+01
5.200e+01
8.000e+01
7.600e+01
8.200e+01
7.900e+01
1.010e+02
1.410e+02
2.270e+02
4.880e+02
