2.054e+03
6.100e+02
5.060e+02
4.060e+02
3.480e+02
3.510e+02
3.440e+02
3.240e+02
3.230e+02
2.820e+02
3.160e+02
3.250e+02
3.760e+02
4.490e+02
6.160e+02
7.960e+02
1.016e+03
9.550e+02
9.540e+02
1.005e+03
9.180e+02
5.980e+02
4.860e+02
4.710e+02
4.070e+02
4.330e+02
3.120e+02
2.900e+02
2.520e+02
2.340e+02
2.520e+02
2.950e+02
2.410e+02
2.740e+02
2.720e+02
2.700e+02
2.590e+02
2.500e+02
2.250e+02
2.200e+02
1.760e+02
1.630e+02
1.340e+02
1.730e+02
1.560e+02
1.520e+02
1.070e+02
1.360e+02
1.060e+02
1.250e+02
8.100e+01
1.020e+02
1.080e+02
5.300e+01
4.300e+01
2.300e+01
2.800e+01
3.700e+01
2.200e+01
3.200e+01
3.700e+01
2.200e+01
2.100e+01
2.600e+01
4.600e+01
3.800e+01
3.700e+01
2.100e+01
2.100e+01
3.000e+01
4.100e+01
2.300e+01
1.400e+01
1.600e+01
7.000e+00
1.400e+01
8.000e+00
1.700e+01
1.200e+01
1.700e+01
1.500e+01
1.600e+01
1.400e+01
2.000e+01
9.000e+00
1.500e+01
2.900e+01
2.600e+01
3.000e+01
2.600e+01
2.600e+01
1.700e+01
2.400e+01
3.400e+01
5.000e+01
2.800e+01
4.300e+01
4.900e+01
4.400e+01
4.900e+01
5.900e+01
5.200e+01
7.500e+01
9.300e+01
8.500e+01
8.100e+01
8.100e+01
6.500e+01
6.800e+01
7.700e+01
8.700e+01
1.020e+02
1.290e+02
1.340e+02
8.400e+01
8.200e+01
7.200e+01
1.030e+02
1.000e+02
8.300e+01
6.400e+01
6.300e+01
5.100e+01
7.100e+01
6.600e+01
5.300e+01
4.900e+01
7.100e+01
5.900e+01
6.300e+01
6.300e+01
7.200e+01
6.800e+01
6.900e+01
7.800e+01
6.800e+01
6.100e+01
7.400e+01
8.600e+01
7.500e+01
7.400e+01
8.000e+01
6.600e+01
5.700e+01
7.700e+01
7.000e+01
7.900e+01
6.800e+01
6.600e+01
6.100e+01
5.400e+01
5.700e+01
4.700e+01
3.800e+01
4.500e+01
6.500e+01
4.100e+01
4.600e+01
3.100e+01
4.200e+01
5.500e+01
5.200e+01
5.600e+01
4.400e+01
5.000e+01
4.400e+01
4.100e+01
6.600e+01
5.700e+01
4.800e+01
6.200e+01
5.000e+01
3.900e+01
4.200e+01
4.000e+01
5.100e+01
3.500e+01
4.400e+01
3.200e+01
4.900e+01
1.700e+02
4.000e+01
2.800e+01
4.500e+01
3.900e+01
5.300e+01
5.900e+01
3.500e+01
4.700e+01
3.200e+01
4.200e+01
5.400e+01
6.000e+01
4.500e+01
4.400e+01
5.200e+01
5.800e+01
6.300e+01
7.300e+01
7.600e+01
6.400e+01
6.000e+01
5.100e+01
3.200e+01
4.800e+01
4.700e+01
5.200e+01
4.400e+01
4.600e+01
5.200e+01
6.500e+01
7.800e+01
6.500e+01
8.000e+01
8.400e+01
6.800e+01
5.300e+01
6.200e+01
4.600e+01
4.900e+01
7.600e+01
8.000e+01
5.600e+01
8.100e+01
7.000e+01
7.000e+01
6.600e+01
5.400e+01
9.500e+01
6.300e+01
7.000e+01
7.200e+01
6.400e+01
6.900e+01
6.600e+01
6.100e+01
5.400e+01
6.900e+01
5.300e+01
5.500e+01
6.300e+01
7.500e+01
8.900e+01
1.020e+02
1.030e+02
1.220e+02
8.100e+01
8.500e+01
7.800e+01
7.900e+01
8.400e+01
7.300e+01
9.600e+01
7.700e+01
7.200e+01
6.600e+01
7.700e+01
6.800e+01
7.000e+01
5.100e+01
5.100e+01
3.500e+01
3.400e+01
3.900e+01
5.900e+01
4.000e+01
3.900e+01
2.100e+01
2.700e+01
2.600e+01
3.000e+01
3.000e+01
3.600e+01
2.100e+01
1.800e+01
1.600e+01
1.200e+01
2.300e+01
1.700e+01
2.100e+01
2.000e+01
1.200e+01
1.800e+01
1.700e+01
1.000e+01
2.200e+01
1.600e+01
2.300e+01
2.500e+01
2.100e+01
3.600e+01
3.400e+01
2.600e+01
2.600e+01
2.300e+01
2.300e+01
2.300e+01
1.800e+01
1.400e+01
1.200e+01
3.300e+01
2.800e+01
2.400e+01
5.000e+01
2.700e+01
3.800e+01
4.700e+01
4.400e+01
1.200e+02
1.810e+02
1.790e+02
1.660e+02
1.140e+02
1.350e+02
1.390e+02
1.760e+02
1.620e+02
1.770e+02
1.750e+02
1.650e+02
2.180e+02
2.110e+02
2.250e+02
1.930e+02
1.770e+02
2.080e+02
1.620e+02
2.510e+02
2.320e+02
2.290e+02
2.310e+02
2.720e+02
2.540e+02
3.310e+02
2.950e+02
3.300e+02
3.580e+02
4.190e+02
4.850e+02
6.740e+02
9.440e+02
1.104e+03
1.044e+03
9.110e+02
8.000e+02
5.530e+02
4.750e+02
3.680e+02
3.420e+02
3.310e+02
3.150e+02
3.570e+02
3.530e+02
3.330e+02
3.420e+02
3.640e+02
3.220e+02
4.080e+02
4.880e+02
5.940e+02
