1.871e+03
4.330e+02
1.720e+02
1.470e+02
8.300e+01
8.400e+01
9.700e+01
1.090e+02
1.060e+02
9.500e+01
1.110e+02
1.030e+02
1.030e+02
7.900e+01
8.200e+01
1.130e+02
9.100e+01
9.700e+01
7.200e+01
5.300e+01
6.600e+01
5.600e+01
5.000e+01
3.500e+01
4.800e+01
4.100e+01
3.100e+01
3.400e+01
2.700e+01
3.700e+01
4.700e+01
4.000e+01
4.000e+01
4.700e+01
4.300e+01
3.700e+01
3.100e+01
2.500e+01
2.300e+01
3.400e+01
3.300e+01
2.900e+01
4.800e+01
3.400e+01
2.600e+01
2.300e+01
3.000e+01
3.300e+01
4.100e+01
5.400e+01
6.500e+01
7.400e+01
7.700e+01
5.100e+01
5.400e+01
4.200e+01
5.700e+01
4.500e+01
4.500e+01
4.300e+01
4.100e+01
6.500e+01
5.500e+01
7.500e+01
3.500e+01
1.900e+01
2.600e+01
1.600e+01
1.600e+01
1.500e+01
1.300e+01
7.000e+00
9.000e+00
3.000e+00
3.000e+00
2.000e+00
6.000e+00
8.000e+00
4.000e+00
6.000e+00
6.000e+00
5.000e+00
4.000e+00
3.000e+00
8.000e+00
0.000e+00
4.000e+00
7.000e+00
2.000e+00
3.000e+00
1.000e+00
1.000e+00
4.000e+00
9.000e+00
7.000e+00
1.300e+01
8.000e+00
2.500e+01
2.600e+01
1.600e+01
1.200e+01
1.400e+01
1.000e+01
1.100e+01
1.600e+01
1.700e+01
1.200e+01
1.600e+01
2.000e+01
1.000e+01
8.000e+00
1.000e+01
9.000e+00
5.000e+00
8.000e+00
6.000e+00
1.000e+01
1.900e+01
2.600e+01
1.600e+01
1.100e+01
2.400e+01
1.700e+01
2.900e+01
2.000e+01
3.600e+01
5.100e+01
6.000e+01
5.100e+01
3.000e+01
3.400e+01
4.900e+01
4.500e+01
4.700e+01
6.400e+01
5.200e+01
5.200e+01
5.500e+01
5.200e+01
5.700e+01
6.200e+01
4.700e+01
5.200e+01
5.900e+01
7.200e+01
7.800e+01
6.100e+01
5.700e+01
7.900e+01
6.500e+01
6.800e+01
7.400e+01
6.900e+01
6.700e+01
7.400e+01
1.080e+02
9.700e+01
1.140e+02
1.140e+02
1.390e+02
1.680e+02
1.680e+02
2.360e+02
2.240e+02
2.750e+02
3.860e+02
4.440e+02
5.060e+02
6.740e+02
8.600e+02
1.051e+03
1.199e+03
1.398e+03
1.633e+03
2.010e+03
2.543e+03
3.136e+03
3.967e+03
5.858e+03
9.782e+03
2.861e+04
1.001e+04
5.776e+03
4.102e+03
3.316e+03
2.641e+03
2.057e+03
1.600e+03
1.385e+03
1.191e+03
9.940e+02
8.830e+02
7.130e+02
5.600e+02
4.960e+02
3.770e+02
2.890e+02
2.600e+02
2.050e+02
1.570e+02
1.610e+02
1.770e+02
1.230e+02
1.050e+02
9.500e+01
1.070e+02
8.600e+01
7.900e+01
7.900e+01
8.300e+01
6.800e+01
6.300e+01
6.200e+01
7.500e+01
6.300e+01
5.700e+01
6.600e+01
6.000e+01
5.400e+01
6.300e+01
6.900e+01
6.500e+01
6.900e+01
5.400e+01
5.200e+01
4.900e+01
7.300e+01
3.700e+01
4.300e+01
4.600e+01
4.900e+01
3.700e+01
3.600e+01
3.900e+01
4.700e+01
3.600e+01
2.600e+01
2.300e+01
2.800e+01
1.900e+01
1.500e+01
1.600e+01
1.700e+01
1.700e+01
2.300e+01
1.200e+01
1.300e+01
1.000e+01
8.000e+00
1.200e+01
4.000e+00
8.000e+00
1.200e+01
2.400e+01
1.800e+01
2.600e+01
1.000e+01
1.400e+01
1.300e+01
8.000e+00
5.000e+00
1.500e+01
1.600e+01
2.400e+01
1.600e+01
9.000e+00
9.000e+00
6.000e+00
3.000e+00
9.000e+00
2.000e+00
5.000e+00
1.000e+00
6.000e+00
4.000e+00
2.000e+00
1.000e+00
8.000e+00
3.000e+00
2.000e+00
7.000e+00
5.000e+00
1.000e+01
1.400e+01
1.100e+01
2.000e+00
8.000e+00
7.000e+00
5.000e+00
1.000e+01
1.200e+01
8.000e+00
9.000e+00
2.200e+01
2.500e+01
1.400e+01
4.400e+01
5.000e+01
7.600e+01
7.600e+01
6.000e+01
4.700e+01
6.300e+01
4.800e+01
6.400e+01
4.000e+01
6.800e+01
7.000e+01
6.600e+01
6.500e+01
7.200e+01
6.100e+01
5.700e+01
4.100e+01
3.200e+01
2.100e+01
3.100e+01
3.000e+01
3.700e+01
3.800e+01
3.300e+01
2.800e+01
2.900e+01
2.000e+01
2.800e+01
4.700e+01
4.200e+01
3.700e+01
3.400e+01
4.200e+01
4.600e+01
3.800e+01
3.500e+01
2.400e+01
3.400e+01
4.300e+01
4.400e+01
4.200e+01
3.900e+01
4.700e+01
5.900e+01
7.500e+01
9.900e+01
8.600e+01
9.800e+01
8.300e+01
9.600e+01
8.900e+01
8.800e+01
1.070e+02
1.170e+02
1.000e+02
9.100e+01
9.900e+01
1.080e+02
1.010e+02
9.500e+01
1.170e+02
1.760e+02
3.760e+02
