3.177e+03
1.547e+03
1.363e+03
1.230e+03
9.760e+02
7.850e+02
7.200e+02
7.580e+02
8.120e+02
8.240e+02
9.080e+02
9.100e+02
9.930e+02
8.460e+02
9.420e+02
1.050e+03
9.550e+02
1.218e+03
1.083e+03
9.260e+02
9.400e+02
7.640e+02
7.160e+02
5.140e+02
4.590e+02
5.350e+02
4.820e+02
4.870e+02
6.050e+02
5.670e+02
7.890e+02
1.100e+03
1.134e+03
9.410e+02
9.520e+02
7.030e+02
5.960e+02
5.230e+02
6.100e+02
4.780e+02
5.360e+02
6.350e+02
6.600e+02
8.710e+02
1.095e+03
1.156e+03
1.226e+03
1.673e+03
1.395e+03
1.171e+03
8.560e+02
8.080e+02
7.230e+02
8.190e+02
9.050e+02
8.960e+02
9.700e+02
1.076e+03
9.000e+02
9.350e+02
1.081e+03
1.325e+03
1.215e+03
1.013e+03
8.030e+02
7.560e+02
6.920e+02
6.980e+02
6.070e+02
4.990e+02
5.070e+02
5.400e+02
4.870e+02
4.840e+02
5.720e+02
4.980e+02
4.930e+02
4.540e+02
3.760e+02
3.900e+02
4.550e+02
4.130e+02
4.450e+02
5.180e+02
5.100e+02
5.170e+02
5.490e+02
5.780e+02
5.970e+02
6.650e+02
6.020e+02
5.350e+02
4.150e+02
3.980e+02
3.690e+02
3.990e+02
4.180e+02
4.910e+02
3.290e+02
3.000e+02
2.990e+02
2.740e+02
2.180e+02
2.000e+02
2.210e+02
2.350e+02
2.530e+02
2.580e+02
2.890e+02
2.560e+02
2.650e+02
3.380e+02
2.670e+02
2.230e+02
2.080e+02
2.660e+02
2.940e+02
3.010e+02
3.580e+02
3.220e+02
3.110e+02
2.780e+02
2.680e+02
2.610e+02
3.070e+02
3.040e+02
3.180e+02
3.500e+02
5.130e+02
5.350e+02
5.830e+02
4.790e+02
4.040e+02
4.950e+02
4.250e+02
4.400e+02
4.330e+02
4.320e+02
3.410e+02
3.660e+02
3.930e+02
4.140e+02
4.040e+02
5.350e+02
6.840e+02
7.370e+02
9.090e+02
6.570e+02
4.820e+02
4.290e+02
4.240e+02
4.110e+02
3.750e+02
4.000e+02
4.610e+02
5.590e+02
6.130e+02
5.920e+02
5.060e+02
5.140e+02
4.440e+02
4.430e+02
3.440e+02
3.980e+02
3.520e+02
3.350e+02
3.310e+02
3.590e+02
3.710e+02
3.420e+02
2.770e+02
3.330e+02
3.000e+02
3.120e+02
3.070e+02
3.990e+02
3.360e+02
3.690e+02
4.440e+02
4.300e+02
8.930e+02
4.570e+02
4.150e+02
3.780e+02
3.460e+02
3.690e+02
3.080e+02
3.500e+02
3.260e+02
3.280e+02
2.580e+02
3.110e+02
3.680e+02
3.490e+02
3.380e+02
3.620e+02
4.180e+02
3.640e+02
3.630e+02
3.990e+02
4.450e+02
4.710e+02
4.560e+02
5.800e+02
5.730e+02
4.860e+02
4.190e+02
3.750e+02
4.210e+02
4.350e+02
4.290e+02
4.530e+02
4.850e+02
6.810e+02
7.700e+02
7.010e+02
6.280e+02
5.980e+02
4.990e+02
4.500e+02
4.360e+02
3.850e+02
3.720e+02
3.720e+02
4.330e+02
4.530e+02
4.530e+02
4.550e+02
3.390e+02
3.940e+02
4.170e+02
3.640e+02
4.440e+02
3.140e+02
2.890e+02
2.630e+02
2.610e+02
2.650e+02
3.000e+02
2.920e+02
3.230e+02
4.470e+02
4.390e+02
3.380e+02
3.430e+02
2.320e+02
2.120e+02
1.790e+02
2.520e+02
2.680e+02
2.180e+02
2.600e+02
2.460e+02
2.580e+02
2.250e+02
2.120e+02
2.070e+02
1.970e+02
2.340e+02
2.240e+02
2.800e+02
2.890e+02
3.490e+02
4.060e+02
3.790e+02
4.910e+02
3.890e+02
4.220e+02
4.380e+02
5.450e+02
6.760e+02
6.790e+02
6.300e+02
5.730e+02
4.840e+02
4.910e+02
4.860e+02
5.370e+02
4.690e+02
3.930e+02
4.020e+02
3.500e+02
3.880e+02
5.030e+02
4.830e+02
5.050e+02
5.060e+02
4.030e+02
4.780e+02
4.550e+02
4.440e+02
3.990e+02
4.990e+02
5.450e+02
5.710e+02
6.350e+02
8.510e+02
1.015e+03
1.043e+03
1.203e+03
1.048e+03
8.230e+02
1.008e+03
9.890e+02
9.680e+02
9.210e+02
8.930e+02
8.140e+02
7.190e+02
8.390e+02
8.830e+02
9.820e+02
1.263e+03
1.335e+03
1.164e+03
1.195e+03
1.100e+03
9.060e+02
7.370e+02
7.000e+02
6.870e+02
5.860e+02
5.390e+02
6.210e+02
6.310e+02
7.360e+02
9.360e+02
9.020e+02
1.128e+03
9.990e+02
7.410e+02
5.760e+02
5.800e+02
4.900e+02
4.670e+02
4.590e+02
5.150e+02
5.260e+02
5.570e+02
7.470e+02
1.011e+03
1.016e+03
1.041e+03
1.253e+03
9.790e+02
9.720e+02
9.920e+02
8.610e+02
9.750e+02
1.045e+03
9.750e+02
7.650e+02
7.730e+02
7.760e+02
7.120e+02
7.340e+02
8.500e+02
1.033e+03
1.288e+03
1.571e+03
