5.687e+04
2.967e+04
2.388e+04
1.512e+04
1.071e+04
7.762e+03
5.391e+03
3.883e+03
2.581e+03
1.616e+03
9.200e+02
5.940e+02
4.420e+02
2.600e+02
1.910e+02
1.590e+02
1.430e+02
1.300e+02
1.130e+02
9.000e+01
6.800e+01
8.000e+01
4.600e+01
3.500e+01
4.100e+01
3.900e+01
2.600e+01
3.900e+01
2.600e+01
2.200e+01
1.100e+01
6.000e+00
6.000e+00
6.000e+00
7.000e+00
9.000e+00
5.000e+00
9.000e+00
3.000e+00
2.000e+00
4.000e+00
3.000e+00
4.000e+00
2.000e+00
4.000e+00
5.000e+00
5.000e+00
2.000e+00
2.000e+00
2.000e+00
3.000e+00
6.000e+00
3.000e+00
2.000e+00
5.000e+00
2.000e+00
3.000e+00
1.000e+00
2.000e+00
1.000e+00
1.000e+00
1.000e+00
3.000e+00
2.000e+00
0.000e+00
1.000e+00
2.000e+00
3.000e+00
0.000e+00
1.000e+00
1.000e+00
0.000e+00
0.000e+00
0.000e+00
5.000e+00
3.000e+00
3.000e+00
2.000e+00
1.000e+00
2.000e+00
0.000e+00
1.000e+00
0.000e+00
4.000e+00
2.000e+00
2.000e+00
1.000e+00
0.000e+00
2.000e+00
0.000e+00
0.000e+00
1.000e+00
0.000e+00
0.000e+00
0.000e+00
2.000e+00
3.000e+00
0.000e+00
1.000e+00
0.000e+00
0.000e+00
1.000e+00
1.000e+00
1.000e+00
0.000e+00
1.000e+00
0.000e+00
1.000e+00
2.000e+00
0.000e+00
0.000e+00
0.000e+00
0.000e+00
1.000e+00
2.000e+00
2.000e+00
0.000e+00
0.000e+00
0.000e+00
1.000e+00
0.000e+00
0.000e+00
1.000e+00
1.000e+00
0.000e+00
0.000e+00
1.000e+00
1.000e+00
2.000e+00
0.000e+00
1.000e+00
0.000e+00
0.000e+00
1.000e+00
1.000e+00
1.000e+00
1.000e+00
3.000e+00
1.000e+00
3.000e+00
7.000e+00
4.000e+00
1.000e+01
1.100e+01
1.200e+01
1.200e+01
1.200e+01
1.700e+01
1.500e+01
1.000e+01
1.000e+01
8.000e+00
6.000e+00
1.000e+01
5.000e+00
8.000e+00
6.000e+00
8.000e+00
1.100e+01
5.000e+00
9.000e+00
1.700e+01
1.600e+01
1.100e+01
1.900e+01
5.000e+00
8.000e+00
1.100e+01
1.200e+01
1.700e+01
2.300e+01
1.700e+01
3.900e+01
2.700e+01
3.200e+01
4.700e+01
6.300e+01
7.400e+01
6.600e+01
1.160e+02
6.730e+02
1.280e+02
6.900e+01
5.600e+01
5.400e+01
5.500e+01
3.900e+01
2.700e+01
3.400e+01
2.500e+01
1.800e+01
9.000e+00
1.600e+01
1.500e+01
8.000e+00
9.000e+00
1.200e+01
9.000e+00
1.900e+01
1.200e+01
1.300e+01
9.000e+00
1.300e+01
1.400e+01
8.000e+00
5.000e+00
8.000e+00
1.200e+01
8.000e+00
1.500e+01
1.100e+01
2.600e+01
1.800e+01
1.700e+01
1.600e+01
1.200e+01
1.000e+01
1.300e+01
1.000e+01
1.200e+01
6.000e+00
0.000e+00
5.000e+00
3.000e+00
2.000e+00
0.000e+00
1.000e+00
1.000e+00
1.000e+00
1.000e+00
2.000e+00
0.000e+00
1.000e+00
0.000e+00
0.000e+00
0.000e+00
0.000e+00
0.000e+00
3.000e+00
1.000e+00
0.000e+00
1.000e+00
0.000e+00
1.000e+00
0.000e+00
1.000e+00
0.000e+00
0.000e+00
0.000e+00
2.000e+00
1.000e+00
0.000e+00
1.000e+00
1.000e+00
1.000e+00
2.000e+00
0.000e+00
0.000e+00
2.000e+00
0.000e+00
0.000e+00
2.000e+00
1.000e+00
1.000e+00
2.000e+00
0.000e+00
1.000e+00
0.000e+00
0.000e+00
1.000e+00
0.000e+00
0.000e+00
1.000e+00
1.000e+00
0.000e+00
1.000e+00
1.000e+00
0.000e+00
0.000e+00
1.000e+00
2.000e+00
1.000e+00
1.000e+00
1.000e+00
1.000e+00
2.000e+00
0.000e+00
0.000e+00
0.000e+00
0.000e+00
0.000e+00
1.000e+00
1.000e+00
1.000e+00
1.000e+00
3.000e+00
1.000e+00
0.000e+00
2.000e+00
1.000e+00
2.000e+00
2.000e+00
1.000e+00
3.000e+00
4.000e+00
5.000e+00
2.000e+00
1.000e+00
1.000e+00
2.000e+00
1.000e+00
2.000e+00
2.000e+00
1.000e+00
1.000e+00
4.000e+00
3.000e+00
3.000e+00
7.000e+00
1.000e+00
1.100e+01
6.000e+00
5.000e+00
7.000e+00
2.000e+00
5.000e+00
9.000e+00
5.000e+00
5.000e+00
1.600e+01
1.000e+01
1.600e+01
2.200e+01
2.200e+01
4.100e+01
2.300e+01
3.400e+01
3.900e+01
4.600e+01
6.000e+01
7.300e+01
6.800e+01
1.170e+02
1.390e+02
1.430e+02
1.640e+02
1.930e+02
2.910e+02
4.300e+02
5.640e+02
9.670e+02
1.574e+03
2.509e+03
3.759e+03
5.359e+03
7.496e+03
1.074e+04
1.481e+04
2.330e+04
3.019e+04
