9.247e+03
3.561e+03
3.320e+03
3.195e+03
3.235e+03
3.271e+03
3.093e+03
3.019e+03
2.921e+03
3.329e+03
3.603e+03
3.864e+03
4.172e+03
3.861e+03
3.832e+03
3.952e+03
3.761e+03
3.932e+03
3.861e+03
3.930e+03
4.076e+03
3.453e+03
3.033e+03
2.814e+03
2.909e+03
3.015e+03
2.935e+03
2.702e+03
2.653e+03
2.833e+03
2.603e+03
2.737e+03
3.005e+03
3.266e+03
3.716e+03
4.175e+03
4.394e+03
5.895e+03
5.997e+03
6.546e+03
5.338e+03
4.185e+03
4.095e+03
5.274e+03
4.662e+03
3.839e+03
3.795e+03
3.089e+03
2.369e+03
1.844e+03
1.484e+03
1.005e+03
1.033e+03
1.076e+03
1.282e+03
1.054e+03
1.141e+03
7.520e+02
6.980e+02
8.790e+02
7.970e+02
4.580e+02
4.350e+02
4.820e+02
4.400e+02
3.400e+02
3.740e+02
2.400e+02
3.530e+02
3.990e+02
5.650e+02
5.130e+02
3.220e+02
2.160e+02
1.930e+02
1.440e+02
9.600e+01
9.100e+01
9.000e+01
9.400e+01
1.120e+02
9.400e+01
1.110e+02
1.260e+02
1.860e+02
2.280e+02
3.210e+02
2.570e+02
1.780e+02
1.410e+02
1.180e+02
9.700e+01
1.200e+02
1.280e+02
1.510e+02
1.130e+02
1.570e+02
1.280e+02
1.360e+02
1.480e+02
1.500e+02
1.570e+02
1.420e+02
1.580e+02
1.560e+02
1.600e+02
1.640e+02
1.720e+02
1.640e+02
2.130e+02
1.660e+02
1.220e+02
2.250e+02
2.120e+02
2.010e+02
1.830e+02
1.960e+02
1.990e+02
1.970e+02
1.860e+02
2.060e+02
2.380e+02
2.180e+02
1.930e+02
1.900e+02
1.820e+02
2.130e+02
2.040e+02
1.640e+02
1.810e+02
1.930e+02
2.010e+02
2.120e+02
1.900e+02
1.870e+02
2.100e+02
1.950e+02
2.240e+02
2.150e+02
1.970e+02
2.110e+02
2.580e+02
2.810e+02
3.530e+02
2.540e+02
2.660e+02
2.890e+02
2.220e+02
2.700e+02
2.540e+02
2.880e+02
2.470e+02
2.920e+02
2.770e+02
2.840e+02
2.880e+02
2.670e+02
2.480e+02
2.340e+02
2.070e+02
2.430e+02
2.450e+02
2.600e+02
2.370e+02
2.440e+02
2.680e+02
2.590e+02
3.190e+02
3.290e+02
3.080e+02
3.420e+02
3.620e+02
4.280e+02
5.480e+02
5.470e+02
4.260e+02
3.840e+02
4.560e+02
5.950e+02
5.080e+02
1.277e+03
4.170e+02
3.580e+02
3.150e+02
3.400e+02
3.640e+02
4.130e+02
3.470e+02
4.040e+02
3.380e+02
3.230e+02
3.450e+02
2.870e+02
3.280e+02
3.090e+02
5.220e+02
3.500e+02
3.100e+02
3.410e+02
3.380e+02
2.860e+02
2.600e+02
2.810e+02
2.000e+02
2.470e+02
2.770e+02
2.640e+02
2.570e+02
2.620e+02
2.520e+02
2.690e+02
2.540e+02
2.690e+02
2.670e+02
2.750e+02
2.400e+02
2.230e+02
2.210e+02
2.290e+02
2.200e+02
2.140e+02
1.790e+02
1.620e+02
2.160e+02
2.070e+02
1.770e+02
1.600e+02
1.680e+02
2.000e+02
1.760e+02
1.830e+02
2.020e+02
1.940e+02
1.990e+02
2.590e+02
1.920e+02
1.660e+02
1.820e+02
2.100e+02
1.840e+02
2.110e+02
1.990e+02
1.870e+02
1.950e+02
2.060e+02
1.710e+02
1.870e+02
2.070e+02
1.970e+02
1.780e+02
1.690e+02
1.740e+02
1.690e+02
1.900e+02
1.860e+02
1.700e+02
1.830e+02
1.610e+02
1.640e+02
1.570e+02
1.620e+02
1.640e+02
1.520e+02
1.670e+02
2.090e+02
1.810e+02
1.360e+02
1.590e+02
1.560e+02
1.340e+02
1.150e+02
1.410e+02
1.730e+02
1.520e+02
2.130e+02
1.830e+02
1.450e+02
1.330e+02
1.410e+02
1.040e+02
1.290e+02
1.270e+02
1.350e+02
1.800e+02
1.970e+02
2.730e+02
2.390e+02
4.030e+02
5.530e+02
4.480e+02
4.460e+02
3.860e+02
3.340e+02
2.670e+02
3.420e+02
3.060e+02
2.650e+02
2.680e+02
2.900e+02
4.040e+02
6.120e+02
1.064e+03
6.410e+02
8.140e+02
1.145e+03
1.071e+03
1.017e+03
1.191e+03
9.300e+02
9.140e+02
1.385e+03
1.687e+03
1.665e+03
2.377e+03
2.580e+03
2.707e+03
3.777e+03
4.976e+03
3.971e+03
4.636e+03
6.295e+03
6.811e+03
6.441e+03
5.772e+03
5.007e+03
5.074e+03
4.181e+03
3.765e+03
3.378e+03
3.075e+03
2.779e+03
2.711e+03
2.612e+03
2.596e+03
2.527e+03
2.727e+03
2.714e+03
2.722e+03
3.023e+03
3.348e+03
3.973e+03
3.844e+03
3.883e+03
3.750e+03
3.607e+03
3.826e+03
3.859e+03
3.993e+03
4.359e+03
3.920e+03
3.783e+03
3.596e+03
3.311e+03
3.043e+03
3.117e+03
3.063e+03
3.118e+03
3.084e+03
3.358e+03
3.722e+03
