2.016e+04
5.531e+03
2.267e+03
1.764e+03
1.725e+03
1.865e+03
1.835e+03
1.178e+03
8.160e+02
6.040e+02
4.430e+02
3.900e+02
3.090e+02
2.640e+02
2.410e+02
1.840e+02
1.430e+02
1.100e+02
1.010e+02
7.900e+01
7.300e+01
7.500e+01
6.900e+01
6.000e+01
5.200e+01
5.100e+01
5.500e+01
3.400e+01
5.700e+01
4.800e+01
5.200e+01
4.700e+01
5.400e+01
6.200e+01
6.700e+01
8.400e+01
7.600e+01
9.500e+01
1.200e+02
1.210e+02
1.530e+02
1.060e+02
1.100e+02
1.030e+02
9.200e+01
6.900e+01
4.700e+01
2.800e+01
3.300e+01
2.300e+01
3.000e+01
2.800e+01
3.000e+01
2.100e+01
1.700e+01
1.500e+01
1.100e+01
8.000e+00
5.000e+00
3.000e+00
7.000e+00
3.000e+00
1.000e+00
2.000e+00
1.000e+00
2.000e+00
2.000e+00
0.000e+00
2.000e+00
1.000e+00
1.000e+00
1.000e+00
0.000e+00
2.000e+00
0.000e+00
1.000e+00
1.000e+00
1.000e+00
0.000e+00
0.000e+00
1.000e+00
0.000e+00
0.000e+00
0.000e+00
0.000e+00
1.000e+00
1.000e+00
1.000e+00
0.000e+00
0.000e+00
4.000e+00
5.000e+00
1.200e+01
9.000e+00
4.000e+00
1.000e+00
0.000e+00
1.000e+00
0.000e+00
0.000e+00
1.000e+00
1.000e+00
2.000e+00
0.000e+00
0.000e+00
0.000e+00
0.000e+00
0.000e+00
0.000e+00
0.000e+00
0.000e+00
0.000e+00
0.000e+00
0.000e+00
0.000e+00
2.000e+00
4.000e+00
2.000e+00
2.000e+00
0.000e+00
2.000e+00
5.000e+00
3.000e+00
4.000e+00
2.000e+00
9.000e+00
1.000e+01
4.000e+00
1.100e+01
2.000e+01
2.600e+01
2.100e+01
1.900e+01
3.100e+01
3.000e+01
3.100e+01
3.800e+01
6.400e+01
6.800e+01
7.700e+01
1.170e+02
1.090e+02
9.700e+01
1.120e+02
9.100e+01
9.600e+01
6.600e+01
5.900e+01
5.300e+01
5.400e+01
4.800e+01
6.200e+01
5.400e+01
5.100e+01
4.300e+01
4.700e+01
4.400e+01
6.300e+01
5.200e+01
6.200e+01
6.300e+01
6.700e+01
8.000e+01
7.900e+01
1.020e+02
9.400e+01
1.020e+02
1.830e+02
2.020e+02
3.010e+02
3.660e+02
4.000e+02
4.510e+02
6.890e+02
1.003e+03
1.601e+03
1.643e+03
1.615e+03
2.209e+03
4.823e+03
1.560e+04
4.852e+03
2.182e+03
1.668e+03
1.756e+03
1.777e+03
1.066e+03
7.490e+02
5.130e+02
4.000e+02
3.580e+02
3.040e+02
2.550e+02
2.090e+02
1.700e+02
1.230e+02
9.700e+01
8.400e+01
8.500e+01
7.900e+01
6.600e+01
5.600e+01
5.500e+01
5.400e+01
4.600e+01
4.300e+01
5.800e+01
5.000e+01
4.000e+01
4.300e+01
4.400e+01
7.800e+01
6.000e+01
8.400e+01
7.300e+01
8.300e+01
9.300e+01
9.700e+01
1.000e+02
1.080e+02
1.100e+02
6.800e+01
6.300e+01
5.100e+01
3.900e+01
2.700e+01
2.600e+01
1.700e+01
2.200e+01
1.900e+01
1.500e+01
1.600e+01
1.600e+01
1.900e+01
7.000e+00
4.000e+00
4.000e+00
8.000e+00
4.000e+00
2.000e+00
1.000e+00
2.000e+00
2.000e+00
1.000e+00
1.000e+00
1.000e+00
0.000e+00
2.000e+00
1.000e+00
0.000e+00
0.000e+00
1.000e+00
0.000e+00
0.000e+00
0.000e+00
0.000e+00
0.000e+00
0.000e+00
0.000e+00
1.000e+00
0.000e+00
1.000e+00
0.000e+00
0.000e+00
0.000e+00
2.000e+00
1.000e+00
8.000e+00
1.500e+01
5.000e+00
2.000e+00
2.000e+00
0.000e+00
0.000e+00
0.000e+00
0.000e+00
1.000e+00
1.000e+00
0.000e+00
0.000e+00
0.000e+00
0.000e+00
3.000e+00
1.000e+00
0.000e+00
0.000e+00
1.000e+00
0.000e+00
0.000e+00
0.000e+00
1.000e+00
0.000e+00
2.000e+00
0.000e+00
0.000e+00
1.000e+00
0.000e+00
1.000e+00
1.000e+00
4.000e+00
2.000e+00
5.000e+00
7.000e+00
1.000e+01
1.400e+01
9.000e+00
1.500e+01
2.300e+01
2.300e+01
3.300e+01
3.100e+01
2.700e+01
3.300e+01
4.100e+01
5.000e+01
7.500e+01
8.600e+01
1.250e+02
1.020e+02
1.290e+02
1.350e+02
1.140e+02
9.900e+01
8.400e+01
8.100e+01
6.500e+01
7.200e+01
6.100e+01
4.900e+01
6.400e+01
4.300e+01
5.300e+01
4.700e+01
5.100e+01
5.100e+01
7.700e+01
5.800e+01
7.200e+01
6.300e+01
7.400e+01
8.400e+01
7.500e+01
6.300e+01
8.100e+01
1.290e+02
1.620e+02
1.890e+02
2.420e+02
2.570e+02
3.700e+02
4.500e+02
5.570e+02
7.820e+02
1.145e+03
1.831e+03
1.835e+03
1.676e+03
1.630e+03
2.444e+03
5.464e+03
