9.083e+03
2.829e+03
2.422e+03
2.313e+03
2.348e+03
2.269e+03
2.232e+03
2.093e+03
1.986e+03
2.407e+03
2.501e+03
2.642e+03
2.659e+03
2.592e+03
2.728e+03
2.827e+03
2.905e+03
3.079e+03
3.092e+03
3.272e+03
3.397e+03
2.741e+03
2.354e+03
2.030e+03
1.999e+03
2.102e+03
2.145e+03
1.958e+03
1.831e+03
2.017e+03
1.727e+03
1.845e+03
2.007e+03
2.113e+03
2.251e+03
2.402e+03
2.625e+03
3.538e+03
3.270e+03
3.443e+03
2.878e+03
2.763e+03
3.000e+03
3.711e+03
3.440e+03
3.082e+03
2.879e+03
2.628e+03
2.138e+03
1.663e+03
1.373e+03
1.139e+03
1.118e+03
1.328e+03
1.566e+03
1.345e+03
1.598e+03
1.347e+03
1.554e+03
1.665e+03
1.936e+03
1.488e+03
1.938e+03
1.517e+03
2.589e+03
1.537e+03
7.310e+02
5.790e+02
6.130e+02
6.790e+02
8.010e+02
6.750e+02
5.610e+02
4.910e+02
3.440e+02
2.620e+02
1.135e+03
7.190e+02
3.050e+02
2.380e+02
1.970e+02
2.930e+02
2.080e+02
2.840e+02
2.350e+02
2.370e+02
2.370e+02
2.620e+02
2.030e+02
2.040e+02
1.940e+02
1.620e+02
2.070e+02
1.960e+02
2.530e+02
1.700e+02
2.370e+02
1.910e+02
2.550e+02
2.230e+02
2.120e+02
2.250e+02
2.480e+02
2.520e+02
2.420e+02
2.690e+02
2.480e+02
2.540e+02
2.550e+02
2.790e+02
2.340e+02
2.540e+02
3.560e+02
3.240e+02
2.430e+02
2.490e+02
2.660e+02
2.870e+02
3.040e+02
2.910e+02
2.650e+02
2.420e+02
2.280e+02
2.460e+02
2.400e+02
2.330e+02
2.260e+02
2.380e+02
2.020e+02
2.050e+02
2.290e+02
2.630e+02
3.270e+02
2.510e+02
2.400e+02
2.590e+02
2.440e+02
2.760e+02
2.400e+02
2.450e+02
2.330e+02
2.370e+02
2.290e+02
2.360e+02
2.310e+02
2.440e+02
2.860e+02
2.340e+02
2.450e+02
2.700e+02
3.040e+02
2.950e+02
2.940e+02
3.060e+02
2.790e+02
2.970e+02
2.360e+02
2.420e+02
1.940e+02
1.490e+02
1.710e+02
2.170e+02
1.940e+02
2.250e+02
2.410e+02
2.410e+02
2.160e+02
2.880e+02
3.240e+02
3.220e+02
3.340e+02
2.890e+02
2.970e+02
2.570e+02
2.080e+02
2.320e+02
2.420e+02
2.430e+02
2.570e+02
2.770e+02
1.146e+03
3.780e+02
3.920e+02
2.970e+02
2.420e+02
2.680e+02
2.470e+02
2.270e+02
2.210e+02
2.350e+02
2.330e+02
2.280e+02
2.290e+02
2.510e+02
2.190e+02
2.250e+02
2.680e+02
3.280e+02
2.290e+02
2.630e+02
2.460e+02
2.160e+02
2.540e+02
2.410e+02
2.700e+02
2.820e+02
2.910e+02
3.470e+02
3.040e+02
3.060e+02
3.000e+02
3.010e+02
3.010e+02
2.440e+02
2.700e+02
2.460e+02
2.150e+02
2.200e+02
2.620e+02
2.550e+02
2.650e+02
2.320e+02
2.120e+02
2.710e+02
2.580e+02
2.300e+02
2.340e+02
2.360e+02
2.640e+02
2.190e+02
2.250e+02
2.320e+02
2.500e+02
2.590e+02
2.510e+02
2.420e+02
2.160e+02
2.280e+02
2.270e+02
2.360e+02
2.820e+02
2.840e+02
2.750e+02
3.290e+02
3.180e+02
2.850e+02
2.460e+02
2.610e+02
2.860e+02
2.400e+02
2.710e+02
2.430e+02
2.790e+02
2.600e+02
2.710e+02
2.640e+02
3.010e+02
2.770e+02
2.770e+02
2.410e+02
2.340e+02
2.170e+02
2.140e+02
2.270e+02
2.550e+02
2.480e+02
2.220e+02
2.200e+02
2.400e+02
2.200e+02
1.940e+02
1.990e+02
2.020e+02
2.490e+02
2.800e+02
2.040e+02
2.300e+02
1.760e+02
2.100e+02
1.790e+02
1.840e+02
2.880e+02
3.680e+02
7.830e+02
1.169e+03
3.310e+02
3.120e+02
5.020e+02
5.640e+02
6.580e+02
8.820e+02
7.920e+02
7.550e+02
6.980e+02
7.910e+02
1.233e+03
1.973e+03
1.809e+03
2.653e+03
2.122e+03
1.842e+03
1.668e+03
1.409e+03
1.447e+03
1.576e+03
1.271e+03
1.475e+03
1.806e+03
1.197e+03
1.190e+03
1.508e+03
1.876e+03
1.826e+03
2.109e+03
1.869e+03
2.030e+03
2.409e+03
2.779e+03
2.435e+03
2.708e+03
3.580e+03
3.863e+03
4.034e+03
3.706e+03
3.047e+03
3.019e+03
2.625e+03
2.379e+03
2.157e+03
1.970e+03
1.806e+03
1.791e+03
1.762e+03
1.686e+03
1.765e+03
1.754e+03
1.847e+03
1.995e+03
2.190e+03
2.624e+03
3.316e+03
3.209e+03
3.164e+03
2.924e+03
2.763e+03
2.522e+03
2.546e+03
2.589e+03
2.877e+03
2.745e+03
2.740e+03
2.611e+03
2.352e+03
2.183e+03
2.370e+03
2.168e+03
2.210e+03
2.162e+03
2.389e+03
2.890e+03
