8.940e+02
2.830e+02
2.770e+02
2.900e+02
3.000e+02
3.040e+02
2.860e+02
2.810e+02
2.380e+02
2.600e+02
2.070e+02
2.280e+02
2.040e+02
2.400e+02
2.180e+02
2.180e+02
1.670e+02
1.620e+02
1.800e+02
1.810e+02
2.120e+02
2.220e+02
1.680e+02
1.520e+02
1.600e+02
2.000e+02
2.260e+02
2.000e+02
2.260e+02
2.100e+02
2.200e+02
2.520e+02
2.590e+02
2.300e+02
2.300e+02
2.300e+02
2.780e+02
2.090e+02
1.360e+02
1.370e+02
9.200e+01
1.000e+02
8.400e+01
8.100e+01
1.090e+02
9.900e+01
1.070e+02
1.070e+02
1.330e+02
1.270e+02
1.290e+02
1.750e+02
1.690e+02
1.990e+02
1.910e+02
1.640e+02
1.660e+02
1.700e+02
1.340e+02
1.410e+02
1.280e+02
1.330e+02
9.600e+01
9.600e+01
6.600e+01
8.100e+01
8.600e+01
8.100e+01
6.200e+01
6.000e+01
3.500e+01
3.100e+01
4.100e+01
2.200e+01
2.000e+01
2.500e+01
2.000e+01
1.100e+01
1.900e+01
1.800e+01
1.600e+01
1.700e+01
1.300e+01
2.100e+01
1.900e+01
1.000e+01
1.900e+01
1.600e+01
2.000e+01
1.900e+01
1.300e+01
1.900e+01
1.700e+01
1.200e+01
1.400e+01
1.500e+01
1.800e+01
1.900e+01
1.400e+01
1.700e+01
2.800e+01
1.900e+01
2.600e+01
2.400e+01
2.600e+01
1.400e+01
2.000e+01
2.100e+01
2.900e+01
3.200e+01
3.100e+01
1.900e+01
2.700e+01
2.000e+01
1.900e+01
2.500e+01
2.700e+01
1.800e+01
4.600e+01
3.600e+01
3.300e+01
3.700e+01
1.600e+01
3.600e+01
2.300e+01
2.800e+01
2.200e+01
2.500e+01
2.900e+01
2.600e+01
2.500e+01
1.600e+01
3.600e+01
1.600e+01
2.800e+01
2.600e+01
2.500e+01
2.100e+01
3.000e+01
3.100e+01
3.300e+01
3.400e+01
1.900e+01
3.500e+01
2.400e+01
2.000e+01
3.500e+01
2.300e+01
2.200e+01
2.000e+01
2.900e+01
2.100e+01
2.900e+01
2.600e+01
2.700e+01
1.900e+01
3.100e+01
2.800e+01
1.500e+01
2.500e+01
1.900e+01
3.400e+01
1.800e+01
1.800e+01
2.900e+01
2.400e+01
3.100e+01
3.500e+01
3.000e+01
3.200e+01
2.800e+01
3.700e+01
4.000e+01
3.900e+01
2.700e+01
3.700e+01
4.200e+01
4.000e+01
3.800e+01
4.300e+01
8.400e+01
4.800e+01
3.700e+01
4.100e+01
2.900e+01
2.900e+01
3.200e+01
3.400e+01
3.200e+01
3.900e+01
4.100e+01
3.400e+01
3.300e+01
5.400e+01
3.400e+01
3.200e+01
2.900e+01
3.600e+01
2.100e+01
2.700e+01
4.000e+01
2.300e+01
3.200e+01
2.800e+01
3.700e+01
2.400e+01
3.200e+01
3.900e+01
2.800e+01
4.400e+01
2.700e+01
2.900e+01
3.000e+01
2.500e+01
3.700e+01
2.300e+01
2.500e+01
2.900e+01
2.400e+01
2.800e+01
2.500e+01
2.600e+01
1.900e+01
2.800e+01
3.600e+01
2.300e+01
2.600e+01
2.000e+01
2.600e+01
1.700e+01
2.300e+01
2.700e+01
2.300e+01
2.400e+01
1.500e+01
2.400e+01
1.400e+01
2.200e+01
2.200e+01
1.800e+01
2.600e+01
3.300e+01
3.900e+01
2.500e+01
3.200e+01
3.300e+01
1.700e+01
2.400e+01
2.400e+01
2.900e+01
2.400e+01
2.400e+01
3.600e+01
3.100e+01
2.800e+01
1.500e+01
2.100e+01
3.100e+01
2.600e+01
1.700e+01
1.300e+01
1.600e+01
2.300e+01
2.600e+01
2.900e+01
1.500e+01
2.800e+01
1.700e+01
1.900e+01
2.400e+01
1.700e+01
2.300e+01
2.400e+01
1.900e+01
2.300e+01
2.000e+01
1.900e+01
1.900e+01
1.400e+01
2.000e+01
1.200e+01
1.300e+01
1.200e+01
2.000e+01
2.500e+01
2.000e+01
2.900e+01
2.500e+01
2.700e+01
3.200e+01
4.200e+01
5.600e+01
7.500e+01
6.200e+01
6.800e+01
7.700e+01
7.800e+01
9.600e+01
1.050e+02
9.800e+01
1.180e+02
1.270e+02
1.210e+02
1.360e+02
1.310e+02
1.550e+02
1.430e+02
1.250e+02
1.560e+02
1.300e+02
1.080e+02
1.180e+02
1.220e+02
1.250e+02
9.500e+01
1.180e+02
1.000e+02
1.030e+02
1.140e+02
9.400e+01
1.150e+02
9.600e+01
1.480e+02
1.550e+02
1.620e+02
1.710e+02
1.880e+02
1.360e+02
1.770e+02
1.610e+02
1.380e+02
1.480e+02
1.470e+02
1.520e+02
1.390e+02
1.250e+02
1.390e+02
1.400e+02
1.550e+02
1.400e+02
1.350e+02
1.410e+02
1.380e+02
1.590e+02
1.520e+02
2.280e+02
2.350e+02
2.080e+02
1.730e+02
1.810e+02
1.940e+02
1.970e+02
2.150e+02
2.130e+02
2.490e+02
2.250e+02
2.850e+02
2.840e+02
3.030e+02
3.170e+02
