5.461e+03
1.407e+03
1.142e+03
9.930e+02
9.760e+02
1.031e+03
1.043e+03
1.094e+03
1.001e+03
1.108e+03
1.247e+03
1.108e+03
9.300e+02
1.001e+03
1.232e+03
1.373e+03
1.642e+03
1.693e+03
1.710e+03
1.783e+03
1.797e+03
1.345e+03
1.149e+03
1.033e+03
8.580e+02
8.770e+02
7.970e+02
7.260e+02
6.810e+02
6.790e+02
6.480e+02
7.070e+02
6.400e+02
7.030e+02
6.740e+02
6.970e+02
6.580e+02
7.450e+02
6.940e+02
7.630e+02
6.460e+02
6.490e+02
6.220e+02
6.740e+02
7.230e+02
8.270e+02
7.570e+02
7.360e+02
7.100e+02
6.470e+02
5.310e+02
3.950e+02
2.970e+02
2.330e+02
2.260e+02
1.920e+02
2.670e+02
1.780e+02
1.340e+02
1.380e+02
1.460e+02
1.310e+02
8.700e+01
8.300e+01
8.300e+01
8.400e+01
6.900e+01
4.100e+01
4.200e+01
5.300e+01
5.700e+01
4.500e+01
4.000e+01
4.300e+01
2.700e+01
3.700e+01
3.500e+01
3.700e+01
3.700e+01
4.200e+01
5.200e+01
7.300e+01
7.000e+01
7.700e+01
5.100e+01
7.800e+01
7.400e+01
8.000e+01
6.600e+01
7.600e+01
9.000e+01
5.200e+01
7.800e+01
8.800e+01
1.160e+02
7.900e+01
1.140e+02
1.230e+02
1.420e+02
1.260e+02
1.290e+02
1.340e+02
1.640e+02
1.680e+02
1.680e+02
1.780e+02
1.770e+02
1.680e+02
1.580e+02
1.640e+02
1.420e+02
1.820e+02
2.260e+02
2.180e+02
1.600e+02
1.600e+02
1.580e+02
1.980e+02
1.770e+02
1.730e+02
1.470e+02
1.350e+02
1.120e+02
1.410e+02
1.280e+02
1.100e+02
1.060e+02
1.410e+02
1.180e+02
1.220e+02
1.330e+02
1.350e+02
1.300e+02
1.510e+02
1.400e+02
1.310e+02
1.290e+02
1.420e+02
1.520e+02
1.380e+02
1.260e+02
1.340e+02
1.210e+02
1.050e+02
1.250e+02
1.250e+02
1.350e+02
1.030e+02
1.310e+02
1.350e+02
1.190e+02
1.320e+02
1.410e+02
1.420e+02
1.390e+02
1.570e+02
1.120e+02
1.130e+02
8.800e+01
8.700e+01
1.110e+02
1.060e+02
1.110e+02
1.100e+02
1.080e+02
1.140e+02
1.200e+02
1.280e+02
1.180e+02
9.400e+01
1.110e+02
1.070e+02
9.100e+01
1.000e+02
8.800e+01
1.000e+02
9.100e+01
9.400e+01
1.200e+02
1.360e+02
7.680e+02
1.290e+02
9.400e+01
1.010e+02
9.500e+01
1.000e+02
1.110e+02
8.500e+01
9.100e+01
8.100e+01
8.400e+01
1.030e+02
1.110e+02
1.030e+02
1.020e+02
1.190e+02
1.230e+02
1.310e+02
1.300e+02
1.450e+02
1.240e+02
1.230e+02
1.280e+02
1.080e+02
1.280e+02
1.570e+02
1.450e+02
1.790e+02
1.410e+02
1.420e+02
1.420e+02
1.640e+02
1.350e+02
1.420e+02
1.460e+02
1.260e+02
9.800e+01
1.040e+02
1.110e+02
1.090e+02
1.290e+02
1.310e+02
1.160e+02
1.520e+02
1.370e+02
1.320e+02
1.340e+02
1.310e+02
1.390e+02
1.290e+02
1.360e+02
1.340e+02
1.630e+02
1.310e+02
1.310e+02
1.280e+02
1.100e+02
1.320e+02
1.190e+02
1.440e+02
1.600e+02
1.600e+02
1.610e+02
2.170e+02
2.010e+02
1.890e+02
1.600e+02
1.690e+02
1.660e+02
1.410e+02
1.660e+02
1.460e+02
1.920e+02
1.760e+02
1.780e+02
1.800e+02
1.920e+02
1.650e+02
1.620e+02
1.590e+02
1.320e+02
1.140e+02
1.020e+02
1.220e+02
1.050e+02
1.040e+02
1.140e+02
8.900e+01
9.700e+01
1.030e+02
9.600e+01
8.100e+01
7.600e+01
1.070e+02
8.400e+01
6.300e+01
5.100e+01
5.500e+01
5.300e+01
6.600e+01
4.900e+01
5.100e+01
5.000e+01
4.400e+01
4.000e+01
5.600e+01
4.300e+01
4.400e+01
3.800e+01
3.800e+01
4.800e+01
4.800e+01
5.200e+01
6.300e+01
5.300e+01
7.500e+01
5.900e+01
7.300e+01
7.400e+01
9.300e+01
1.130e+02
1.400e+02
1.370e+02
2.230e+02
3.060e+02
2.000e+02
2.140e+02
2.350e+02
3.670e+02
5.130e+02
6.670e+02
7.890e+02
7.870e+02
8.110e+02
7.730e+02
8.470e+02
7.170e+02
6.780e+02
6.770e+02
6.550e+02
7.230e+02
7.570e+02
7.420e+02
6.870e+02
6.420e+02
6.740e+02
6.150e+02
6.750e+02
6.600e+02
6.230e+02
6.650e+02
6.600e+02
6.340e+02
7.180e+02
7.530e+02
7.460e+02
8.330e+02
1.010e+03
1.152e+03
1.427e+03
1.865e+03
1.948e+03
1.813e+03
1.667e+03
1.450e+03
1.095e+03
1.063e+03
8.640e+02
8.980e+02
1.093e+03
1.239e+03
1.157e+03
1.085e+03
1.041e+03
1.072e+03
1.056e+03
1.013e+03
9.750e+02
1.126e+03
1.431e+03
