1.473e+04
3.444e+03
1.740e+03
1.023e+03
7.100e+02
5.810e+02
5.000e+02
4.360e+02
3.680e+02
3.140e+02
3.290e+02
2.680e+02
2.730e+02
2.630e+02
2.570e+02
2.770e+02
2.500e+02
2.430e+02
1.870e+02
1.810e+02
1.870e+02
1.760e+02
1.610e+02
1.440e+02
1.430e+02
1.240e+02
1.480e+02
1.220e+02
1.320e+02
1.260e+02
1.610e+02
1.310e+02
1.620e+02
1.680e+02
1.560e+02
1.480e+02
1.220e+02
1.230e+02
1.420e+02
1.310e+02
1.290e+02
1.130e+02
1.370e+02
1.200e+02
1.030e+02
1.180e+02
1.180e+02
1.140e+02
1.260e+02
1.360e+02
1.700e+02
1.550e+02
1.660e+02
1.300e+02
1.360e+02
1.150e+02
1.400e+02
1.370e+02
1.130e+02
1.090e+02
1.080e+02
1.550e+02
1.480e+02
1.630e+02
1.170e+02
1.340e+02
1.500e+02
1.200e+02
1.310e+02
1.420e+02
1.370e+02
1.520e+02
1.260e+02
1.380e+02
1.380e+02
1.410e+02
1.410e+02
1.280e+02
9.100e+01
1.010e+02
8.800e+01
8.300e+01
8.600e+01
5.700e+01
6.500e+01
7.200e+01
1.190e+02
1.110e+02
1.010e+02
1.350e+02
2.090e+02
3.520e+02
2.120e+02
1.300e+02
1.180e+02
1.080e+02
1.230e+02
1.180e+02
1.030e+02
7.300e+01
7.500e+01
8.600e+01
9.900e+01
8.300e+01
7.700e+01
8.900e+01
9.400e+01
1.130e+02
1.520e+02
1.030e+02
1.120e+02
1.360e+02
1.470e+02
1.460e+02
1.350e+02
1.130e+02
1.150e+02
1.450e+02
1.310e+02
1.160e+02
7.200e+01
9.900e+01
7.500e+01
8.500e+01
7.200e+01
9.400e+01
1.190e+02
1.180e+02
9.900e+01
7.900e+01
9.500e+01
1.170e+02
1.040e+02
9.800e+01
1.300e+02
1.270e+02
1.340e+02
1.280e+02
1.200e+02
1.480e+02
1.570e+02
1.360e+02
1.450e+02
1.520e+02
1.720e+02
2.010e+02
1.670e+02
1.490e+02
2.050e+02
2.030e+02
2.210e+02
1.920e+02
1.950e+02
2.030e+02
2.020e+02
2.210e+02
2.430e+02
2.620e+02
2.550e+02
2.730e+02
2.780e+02
3.020e+02
3.530e+02
3.510e+02
4.030e+02
5.000e+02
5.830e+02
6.460e+02
8.330e+02
9.860e+02
1.195e+03
1.362e+03
1.565e+03
1.819e+03
2.241e+03
2.822e+03
3.565e+03
4.520e+03
6.678e+03
1.140e+04
3.618e+04
1.165e+04
6.589e+03
4.657e+03
3.710e+03
2.954e+03
2.305e+03
1.794e+03
1.528e+03
1.292e+03
1.137e+03
1.002e+03
8.500e+02
7.120e+02
6.410e+02
4.910e+02
4.150e+02
4.000e+02
3.580e+02
2.970e+02
2.590e+02
3.100e+02
2.630e+02
2.430e+02
2.090e+02
2.360e+02
1.950e+02
1.980e+02
2.160e+02
2.180e+02
2.030e+02
2.170e+02
2.090e+02
2.020e+02
1.760e+02
1.820e+02
1.710e+02
1.650e+02
1.510e+02
1.700e+02
1.590e+02
1.570e+02
1.580e+02
1.450e+02
1.220e+02
1.430e+02
1.340e+02
1.000e+02
1.000e+02
1.120e+02
9.600e+01
9.400e+01
9.900e+01
1.010e+02
1.020e+02
8.200e+01
8.400e+01
7.900e+01
8.100e+01
7.900e+01
1.040e+02
9.000e+01
1.220e+02
1.330e+02
1.260e+02
1.090e+02
1.460e+02
1.320e+02
1.290e+02
1.430e+02
1.490e+02
1.230e+02
1.580e+02
1.360e+02
1.230e+02
9.900e+01
8.800e+01
1.010e+02
9.300e+01
7.600e+01
7.300e+01
6.700e+01
8.100e+01
1.010e+02
1.090e+02
1.270e+02
1.190e+02
1.250e+02
2.040e+02
3.610e+02
1.960e+02
1.270e+02
1.060e+02
1.110e+02
1.180e+02
9.700e+01
9.200e+01
7.400e+01
7.300e+01
8.300e+01
9.200e+01
8.500e+01
8.900e+01
1.020e+02
1.250e+02
1.250e+02
1.240e+02
1.250e+02
1.200e+02
1.420e+02
1.630e+02
1.290e+02
1.210e+02
1.420e+02
1.510e+02
1.150e+02
1.660e+02
1.460e+02
1.710e+02
1.420e+02
1.320e+02
1.170e+02
1.580e+02
1.110e+02
1.350e+02
1.270e+02
1.630e+02
1.560e+02
1.450e+02
1.440e+02
1.510e+02
1.390e+02
1.420e+02
1.200e+02
1.050e+02
9.400e+01
1.100e+02
1.330e+02
1.300e+02
1.200e+02
1.100e+02
1.090e+02
1.250e+02
1.330e+02
1.130e+02
1.480e+02
1.570e+02
1.490e+02
1.380e+02
1.490e+02
1.550e+02
1.460e+02
1.520e+02
1.240e+02
1.550e+02
1.470e+02
1.530e+02
1.390e+02
1.450e+02
1.640e+02
1.630e+02
1.770e+02
2.000e+02
2.450e+02
2.880e+02
2.200e+02
2.510e+02
2.830e+02
2.590e+02
2.980e+02
3.420e+02
3.310e+02
3.680e+02
4.830e+02
4.990e+02
5.170e+02
7.410e+02
9.440e+02
1.677e+03
3.163e+03
