4.101e+03
1.282e+03
1.098e+03
1.160e+03
1.162e+03
1.071e+03
1.010e+03
9.370e+02
9.630e+02
1.249e+03
1.368e+03
1.450e+03
1.767e+03
1.508e+03
1.422e+03
1.345e+03
1.048e+03
1.057e+03
1.013e+03
1.149e+03
1.227e+03
8.920e+02
6.870e+02
6.590e+02
5.820e+02
6.310e+02
7.310e+02
5.890e+02
5.220e+02
5.330e+02
4.250e+02
4.450e+02
4.720e+02
4.870e+02
5.920e+02
6.190e+02
5.460e+02
5.500e+02
5.860e+02
4.950e+02
5.880e+02
6.020e+02
5.670e+02
5.320e+02
4.740e+02
5.430e+02
6.070e+02
4.580e+02
4.230e+02
5.310e+02
6.640e+02
9.320e+02
1.340e+03
1.802e+03
2.540e+03
4.306e+03
5.982e+03
6.969e+03
7.338e+03
5.735e+03
6.776e+03
5.146e+03
2.467e+03
1.546e+03
9.640e+02
5.960e+02
5.940e+02
4.760e+02
3.660e+02
2.660e+02
1.730e+02
1.160e+02
2.200e+02
2.510e+02
9.400e+01
5.700e+01
6.000e+01
3.400e+01
1.900e+01
1.800e+01
1.300e+01
1.200e+01
2.100e+01
1.900e+01
2.700e+01
2.900e+01
1.700e+01
1.900e+01
2.800e+01
3.300e+01
1.700e+01
1.900e+01
1.600e+01
1.100e+01
2.000e+01
2.200e+01
1.800e+01
2.200e+01
9.000e+00
2.000e+01
2.700e+01
2.200e+01
2.400e+01
2.700e+01
2.800e+01
1.700e+01
1.600e+01
2.200e+01
2.400e+01
4.300e+01
3.300e+01
2.700e+01
5.200e+01
4.800e+01
3.500e+01
3.100e+01
3.500e+01
2.700e+01
4.200e+01
4.400e+01
3.800e+01
4.000e+01
5.500e+01
6.500e+01
6.200e+01
8.000e+01
6.400e+01
5.300e+01
6.200e+01
7.200e+01
6.000e+01
5.300e+01
6.100e+01
6.900e+01
5.700e+01
7.900e+01
6.100e+01
9.200e+01
9.000e+01
8.200e+01
1.020e+02
8.100e+01
9.400e+01
1.010e+02
1.110e+02
1.270e+02
1.050e+02
1.180e+02
1.300e+02
1.500e+02
1.550e+02
1.370e+02
1.540e+02
1.290e+02
1.250e+02
1.450e+02
1.250e+02
1.180e+02
1.200e+02
1.460e+02
1.420e+02
1.570e+02
1.490e+02
1.430e+02
2.040e+02
2.430e+02
2.060e+02
1.680e+02
1.700e+02
1.990e+02
2.130e+02
2.140e+02
2.080e+02
2.050e+02
2.210e+02
2.340e+02
2.070e+02
2.540e+02
2.570e+02
3.270e+02
1.028e+03
3.010e+02
2.730e+02
1.940e+02
2.010e+02
2.140e+02
2.350e+02
2.120e+02
2.040e+02
1.930e+02
1.830e+02
1.790e+02
1.640e+02
1.710e+02
2.040e+02
2.190e+02
1.690e+02
1.650e+02
1.550e+02
1.390e+02
1.160e+02
1.270e+02
1.310e+02
1.300e+02
1.250e+02
1.200e+02
1.310e+02
1.290e+02
1.150e+02
1.190e+02
1.450e+02
1.200e+02
1.520e+02
1.300e+02
1.120e+02
1.150e+02
1.010e+02
1.040e+02
1.250e+02
9.700e+01
1.010e+02
1.000e+02
8.900e+01
8.300e+01
6.300e+01
5.600e+01
5.900e+01
6.100e+01
5.800e+01
4.000e+01
5.200e+01
4.200e+01
6.300e+01
5.000e+01
3.500e+01
5.400e+01
5.100e+01
2.700e+01
4.100e+01
2.100e+01
4.200e+01
2.400e+01
3.500e+01
3.000e+01
3.400e+01
3.500e+01
2.800e+01
4.100e+01
4.200e+01
3.100e+01
2.400e+01
4.100e+01
3.200e+01
2.800e+01
1.900e+01
2.700e+01
1.800e+01
3.400e+01
3.100e+01
2.200e+01
3.200e+01
4.600e+01
2.800e+01
2.500e+01
1.700e+01
1.900e+01
2.000e+01
3.800e+01
3.600e+01
3.500e+01
2.300e+01
2.600e+01
3.400e+01
2.400e+01
1.400e+01
2.200e+01
2.000e+01
1.900e+01
1.200e+01
1.300e+01
1.200e+01
2.800e+01
2.200e+01
3.000e+01
6.800e+01
6.700e+01
1.150e+02
3.250e+02
3.130e+02
1.820e+02
1.790e+02
2.030e+02
3.280e+02
3.540e+02
5.890e+02
6.530e+02
9.870e+02
1.529e+03
2.628e+03
5.284e+03
7.154e+03
6.113e+03
7.622e+03
7.502e+03
6.296e+03
4.214e+03
2.201e+03
1.323e+03
1.022e+03
8.900e+02
6.470e+02
4.400e+02
3.360e+02
4.880e+02
5.370e+02
5.470e+02
4.730e+02
4.930e+02
4.780e+02
5.040e+02
5.470e+02
4.670e+02
4.540e+02
4.720e+02
4.430e+02
4.180e+02
3.440e+02
3.930e+02
3.650e+02
3.780e+02
3.410e+02
3.350e+02
4.060e+02
4.500e+02
4.600e+02
4.980e+02
4.970e+02
5.690e+02
6.620e+02
8.120e+02
1.103e+03
1.075e+03
1.067e+03
1.121e+03
1.349e+03
1.704e+03
1.800e+03
2.009e+03
2.245e+03
1.806e+03
1.765e+03
1.696e+03
1.462e+03
1.172e+03
1.201e+03
1.168e+03
1.238e+03
1.199e+03
1.170e+03
1.427e+03
