3.000e+01
1.300e+01
1.700e+01
1.200e+01
1.600e+01
1.800e+01
2.000e+01
8.000e+00
1.400e+01
7.000e+00
1.600e+01
2.600e+01
1.300e+01
1.600e+01
2.400e+01
2.000e+01
1.000e+01
8.000e+00
1.100e+01
1.600e+01
1.100e+01
1.200e+01
1.200e+01
7.000e+00
1.900e+01
2.200e+01
2.300e+01
2.400e+01
3.000e+01
2.200e+01
2.900e+01
2.500e+01
3.100e+01
4.800e+01
4.100e+01
6.200e+01
6.700e+01
6.900e+01
9.400e+01
1.040e+02
1.100e+02
1.190e+02
1.580e+02
1.380e+02
1.780e+02
2.160e+02
2.470e+02
2.640e+02
3.270e+02
3.790e+02
4.110e+02
4.800e+02
6.410e+02
7.810e+02
9.350e+02
1.121e+03
1.441e+03
1.749e+03
2.216e+03
2.756e+03
3.532e+03
7.478e+03
6.946e+03
3.378e+03
2.252e+03
1.703e+03
1.346e+03
1.241e+03
1.059e+03
9.390e+02
8.780e+02
6.280e+02
5.190e+02
3.930e+02
3.880e+02
3.020e+02
2.740e+02
2.520e+02
2.330e+02
2.000e+02
1.830e+02
1.550e+02
1.590e+02
1.100e+02
9.500e+01
1.060e+02
7.900e+01
6.800e+01
7.400e+01
6.900e+01
4.600e+01
3.500e+01
4.300e+01
4.000e+01
2.300e+01
1.500e+01
2.500e+01
3.000e+01
1.500e+01
2.100e+01
1.700e+01
2.100e+01
3.200e+01
1.600e+01
1.100e+01
1.800e+01
1.500e+01
7.000e+00
9.000e+00
1.300e+01
1.800e+01
2.100e+01
1.800e+01
2.100e+01
1.200e+01
1.900e+01
2.000e+01
8.000e+00
1.200e+01
1.000e+01
1.300e+01
2.000e+01
1.600e+01
2.000e+01
2.200e+01
1.900e+01
1.900e+01
2.100e+01
1.600e+01
2.900e+01
2.100e+01
1.600e+01
2.100e+01
2.400e+01
2.200e+01
3.100e+01
3.400e+01
4.200e+01
4.200e+01
4.300e+01
4.600e+01
4.700e+01
3.300e+01
4.000e+01
3.500e+01
4.100e+01
3.800e+01
4.800e+01
6.600e+01
4.100e+01
4.000e+01
5.600e+01
4.100e+01
4.600e+01
5.900e+01
7.200e+01
7.400e+01
7.700e+01
1.260e+02
1.340e+02
1.630e+02
1.690e+02
1.820e+02
2.320e+02
2.430e+02
2.640e+02
3.150e+02
3.490e+02
4.500e+02
5.310e+02
5.710e+02
7.000e+02
8.140e+02
9.850e+02
1.137e+03
1.368e+03
1.690e+03
1.926e+03
2.559e+03
4.262e+03
1.030e+04
4.211e+03
2.646e+03
1.932e+03
1.627e+03
1.369e+03
1.294e+03
1.043e+03
8.800e+02
6.530e+02
5.300e+02
4.430e+02
3.880e+02
3.790e+02
3.010e+02
2.840e+02
2.390e+02
2.010e+02
1.940e+02
1.620e+02
1.730e+02
1.100e+02
1.200e+02
8.500e+01
8.100e+01
5.900e+01
5.700e+01
4.200e+01
4.300e+01
6.000e+01
5.900e+01
3.700e+01
4.700e+01
4.400e+01
5.600e+01
5.400e+01
5.800e+01
4.300e+01
5.600e+01
5.200e+01
4.800e+01
3.100e+01
4.200e+01
5.100e+01
3.100e+01
2.300e+01
2.200e+01
2.700e+01
2.300e+01
2.000e+01
2.300e+01
1.800e+01
2.100e+01
1.800e+01
8.000e+00
1.700e+01
1.600e+01
1.100e+01
2.300e+01
1.700e+01
1.500e+01
2.100e+01
1.200e+01
1.600e+01
1.300e+01
1.100e+01
1.100e+01
1.500e+01
2.000e+01
1.300e+01
1.400e+01
1.200e+01
8.000e+00
1.400e+01
2.100e+01
1.200e+01
2.000e+01
2.100e+01
1.500e+01
1.600e+01
1.800e+01
2.000e+01
2.000e+01
2.800e+01
2.200e+01
2.700e+01
2.600e+01
3.100e+01
4.300e+01
5.800e+01
4.500e+01
5.000e+01
6.900e+01
6.400e+01
7.400e+01
9.000e+01
1.200e+02
1.180e+02
1.380e+02
1.260e+02
1.970e+02
2.240e+02
2.450e+02
2.920e+02
2.910e+02
3.310e+02
4.040e+02
4.530e+02
4.680e+02
6.390e+02
7.740e+02
9.350e+02
1.028e+03
1.174e+03
1.385e+03
1.632e+03
2.231e+03
3.304e+03
6.988e+03
7.506e+03
3.549e+03
2.668e+03
2.284e+03
1.798e+03
1.521e+03
1.239e+03
9.730e+02
7.710e+02
6.400e+02
4.760e+02
3.920e+02
3.050e+02
2.460e+02
2.590e+02
2.340e+02
2.170e+02
2.110e+02
1.730e+02
1.500e+02
1.190e+02
1.000e+02
9.900e+01
8.700e+01
8.600e+01
6.300e+01
5.000e+01
4.500e+01
4.000e+01
4.100e+01
3.200e+01
2.600e+01
2.100e+01
2.300e+01
2.600e+01
2.000e+01
2.200e+01
9.000e+00
2.200e+01
1.300e+01
1.600e+01
1.700e+01
6.000e+00
2.100e+01
1.100e+01
2.100e+01
1.700e+01
1.400e+01
1.800e+01
1.200e+01
2.300e+01
1.400e+01
1.400e+01
2.200e+01
6.000e+00
1.700e+01
1.100e+01
1.400e+01
1.500e+01
2.000e+01
1.400e+01
