9.542e+03
3.659e+03
3.417e+03
3.279e+03
3.340e+03
3.395e+03
3.206e+03
3.126e+03
3.017e+03
3.442e+03
3.746e+03
3.993e+03
4.294e+03
4.007e+03
3.955e+03
4.102e+03
3.935e+03
4.137e+03
4.088e+03
4.181e+03
4.367e+03
3.753e+03
3.381e+03
3.233e+03
3.327e+03
3.470e+03
3.343e+03
3.120e+03
3.025e+03
3.205e+03
2.989e+03
3.143e+03
3.375e+03
3.705e+03
4.130e+03
4.627e+03
4.852e+03
6.468e+03
6.576e+03
7.258e+03
6.052e+03
5.010e+03
4.976e+03
6.313e+03
5.805e+03
5.230e+03
5.237e+03
4.728e+03
4.453e+03
4.239e+03
4.681e+03
5.538e+03
6.712e+03
1.028e+04
1.799e+04
2.017e+04
3.077e+04
2.221e+04
1.895e+04
2.072e+04
2.597e+04
2.246e+04
2.162e+04
1.734e+04
1.141e+04
5.575e+03
3.195e+03
2.169e+03
1.959e+03
1.567e+03
1.517e+03
1.275e+03
1.059e+03
9.030e+02
6.870e+02
4.610e+02
1.289e+03
8.440e+02
4.240e+02
3.130e+02
2.820e+02
3.480e+02
3.010e+02
3.700e+02
3.730e+02
4.110e+02
5.590e+02
5.610e+02
3.640e+02
2.830e+02
2.570e+02
2.090e+02
2.440e+02
2.430e+02
2.900e+02
2.190e+02
2.840e+02
2.520e+02
2.770e+02
2.800e+02
2.620e+02
2.570e+02
2.810e+02
2.910e+02
3.000e+02
2.940e+02
2.860e+02
2.870e+02
2.950e+02
3.280e+02
2.630e+02
2.780e+02
3.890e+02
3.630e+02
2.920e+02
2.880e+02
2.910e+02
3.130e+02
3.340e+02
3.220e+02
2.930e+02
3.170e+02
2.970e+02
2.930e+02
2.930e+02
2.610e+02
2.860e+02
2.870e+02
2.490e+02
2.530e+02
2.650e+02
3.280e+02
3.740e+02
3.010e+02
2.850e+02
3.020e+02
2.830e+02
3.240e+02
3.040e+02
3.040e+02
2.960e+02
3.390e+02
3.640e+02
4.370e+02
3.370e+02
3.520e+02
3.790e+02
3.260e+02
3.610e+02
3.610e+02
4.030e+02
3.830e+02
4.150e+02
4.070e+02
4.040e+02
3.960e+02
3.850e+02
3.570e+02
3.570e+02
3.170e+02
3.500e+02
4.070e+02
4.130e+02
3.880e+02
4.210e+02
4.430e+02
4.000e+02
5.110e+02
5.870e+02
6.280e+02
7.010e+02
6.680e+02
7.360e+02
8.540e+02
8.720e+02
8.200e+02
8.310e+02
9.850e+02
1.155e+03
1.000e+03
1.778e+03
1.147e+03
1.099e+03
8.940e+02
8.450e+02
7.950e+02
7.050e+02
6.500e+02
6.840e+02
5.960e+02
6.570e+02
5.690e+02
4.920e+02
5.400e+02
5.040e+02
7.010e+02
5.540e+02
5.400e+02
5.100e+02
5.130e+02
4.680e+02
4.020e+02
4.370e+02
3.410e+02
3.840e+02
4.030e+02
4.010e+02
4.220e+02
4.120e+02
4.050e+02
4.290e+02
3.910e+02
3.960e+02
3.550e+02
3.790e+02
3.380e+02
3.150e+02
3.110e+02
3.290e+02
3.250e+02
3.280e+02
2.760e+02
2.640e+02
3.040e+02
3.080e+02
2.610e+02
2.540e+02
2.660e+02
2.910e+02
2.580e+02
2.540e+02
2.860e+02
3.060e+02
2.900e+02
3.360e+02
2.820e+02
2.530e+02
2.660e+02
2.830e+02
2.540e+02
3.120e+02
3.160e+02
3.120e+02
3.260e+02
3.310e+02
3.060e+02
2.800e+02
3.110e+02
3.200e+02
2.840e+02
2.910e+02
2.950e+02
3.350e+02
3.230e+02
3.060e+02
3.030e+02
3.260e+02
2.970e+02
3.050e+02
2.720e+02
2.860e+02
2.870e+02
2.880e+02
3.850e+02
3.640e+02
3.350e+02
2.760e+02
2.870e+02
3.070e+02
3.030e+02
2.550e+02
2.960e+02
3.310e+02
4.650e+02
4.440e+02
3.480e+02
3.440e+02
2.880e+02
3.130e+02
2.510e+02
3.010e+02
3.640e+02
5.010e+02
1.018e+03
1.417e+03
6.620e+02
7.060e+02
1.070e+03
1.216e+03
1.229e+03
1.534e+03
1.823e+03
2.182e+03
2.330e+03
3.574e+03
6.288e+03
1.222e+04
1.840e+04
2.115e+04
2.224e+04
2.680e+04
2.181e+04
1.902e+04
2.407e+04
2.882e+04
2.001e+04
1.736e+04
8.907e+03
5.932e+03
4.898e+03
4.409e+03
4.047e+03
3.538e+03
3.922e+03
3.952e+03
4.132e+03
4.937e+03
6.044e+03
4.908e+03
5.501e+03
7.124e+03
7.570e+03
7.120e+03
6.377e+03
5.535e+03
5.559e+03
4.609e+03
4.213e+03
3.799e+03
3.494e+03
3.199e+03
3.102e+03
2.966e+03
3.009e+03
2.934e+03
3.122e+03
3.102e+03
3.064e+03
3.360e+03
3.648e+03
4.230e+03
4.088e+03
4.091e+03
3.908e+03
3.738e+03
3.973e+03
3.994e+03
4.105e+03
4.475e+03
4.038e+03
3.875e+03
3.690e+03
3.418e+03
3.135e+03
3.239e+03
3.183e+03
3.207e+03
3.175e+03
3.452e+03
3.821e+03
