2.055e+03
6.100e+02
5.060e+02
4.060e+02
3.490e+02
3.520e+02
3.450e+02
3.250e+02
3.240e+02
2.850e+02
3.170e+02
3.260e+02
3.760e+02
4.490e+02
6.180e+02
7.960e+02
1.016e+03
9.560e+02
9.540e+02
1.006e+03
9.190e+02
6.010e+02
4.860e+02
4.710e+02
4.070e+02
4.340e+02
3.150e+02
2.900e+02
2.530e+02
2.360e+02
2.530e+02
2.960e+02
2.420e+02
2.740e+02
2.750e+02
2.700e+02
2.610e+02
2.500e+02
2.260e+02
2.220e+02
1.780e+02
1.660e+02
1.350e+02
1.750e+02
1.610e+02
1.520e+02
1.110e+02
1.410e+02
1.090e+02
1.290e+02
8.700e+01
1.060e+02
1.160e+02
6.200e+01
5.400e+01
2.900e+01
4.200e+01
4.800e+01
3.500e+01
4.300e+01
6.000e+01
5.000e+01
7.000e+01
8.200e+01
1.220e+02
1.370e+02
1.880e+02
1.810e+02
1.740e+02
1.870e+02
1.860e+02
1.310e+02
9.700e+01
7.400e+01
5.500e+01
4.200e+01
3.300e+01
4.500e+01
4.100e+01
4.300e+01
3.000e+01
2.700e+01
2.300e+01
3.200e+01
2.600e+01
2.600e+01
5.300e+01
4.400e+01
4.600e+01
3.500e+01
3.800e+01
2.300e+01
3.100e+01
3.500e+01
5.700e+01
3.100e+01
4.600e+01
5.100e+01
4.700e+01
5.300e+01
6.300e+01
5.400e+01
7.700e+01
9.500e+01
8.600e+01
8.400e+01
8.200e+01
6.900e+01
7.200e+01
7.800e+01
8.700e+01
1.070e+02
1.300e+02
1.340e+02
8.400e+01
8.300e+01
7.400e+01
1.080e+02
1.000e+02
8.500e+01
6.400e+01
6.400e+01
5.100e+01
7.300e+01
6.700e+01
5.300e+01
5.000e+01
7.700e+01
6.000e+01
6.600e+01
6.400e+01
7.200e+01
6.900e+01
7.100e+01
8.000e+01
6.800e+01
6.100e+01
7.400e+01
8.700e+01
7.600e+01
7.400e+01
8.000e+01
6.700e+01
5.700e+01
7.700e+01
7.000e+01
7.900e+01
6.800e+01
6.900e+01
6.200e+01
5.400e+01
6.100e+01
4.700e+01
3.800e+01
4.500e+01
6.600e+01
4.100e+01
4.600e+01
3.300e+01
4.200e+01
5.500e+01
5.300e+01
5.700e+01
4.500e+01
5.000e+01
4.400e+01
4.200e+01
6.700e+01
5.800e+01
4.800e+01
6.300e+01
5.100e+01
4.000e+01
4.200e+01
4.000e+01
5.100e+01
3.500e+01
4.500e+01
3.300e+01
5.000e+01
1.700e+02
4.100e+01
3.200e+01
4.700e+01
4.200e+01
5.500e+01
6.000e+01
3.500e+01
4.700e+01
3.300e+01
4.200e+01
5.400e+01
6.000e+01
4.600e+01
4.500e+01
5.300e+01
5.800e+01
6.400e+01
7.400e+01
7.800e+01
6.400e+01
6.000e+01
5.300e+01
3.200e+01
4.800e+01
4.800e+01
5.400e+01
4.600e+01
4.700e+01
5.700e+01
6.500e+01
8.100e+01
6.700e+01
8.000e+01
8.500e+01
6.900e+01
5.300e+01
6.200e+01
4.600e+01
4.900e+01
7.600e+01
8.000e+01
5.600e+01
8.100e+01
7.100e+01
7.000e+01
6.600e+01
5.800e+01
9.500e+01
6.500e+01
7.200e+01
7.300e+01
6.600e+01
7.200e+01
6.600e+01
6.100e+01
5.400e+01
7.000e+01
5.300e+01
5.600e+01
6.500e+01
7.500e+01
9.200e+01
1.040e+02
1.060e+02
1.240e+02
8.200e+01
8.700e+01
7.900e+01
8.300e+01
8.500e+01
7.400e+01
1.010e+02
7.900e+01
7.300e+01
7.000e+01
7.800e+01
7.200e+01
7.100e+01
5.300e+01
5.400e+01
3.800e+01
3.500e+01
4.300e+01
6.200e+01
4.300e+01
4.500e+01
2.600e+01
3.000e+01
3.100e+01
4.100e+01
4.500e+01
5.100e+01
3.300e+01
3.300e+01
2.800e+01
3.400e+01
2.800e+01
2.500e+01
4.100e+01
3.700e+01
3.400e+01
4.900e+01
3.700e+01
3.900e+01
5.900e+01
5.800e+01
6.700e+01
9.900e+01
1.430e+02
1.700e+02
2.020e+02
1.590e+02
1.680e+02
1.500e+02
1.230e+02
9.500e+01
8.600e+01
6.100e+01
3.500e+01
5.900e+01
4.400e+01
5.800e+01
7.800e+01
5.100e+01
6.000e+01
5.900e+01
6.200e+01
1.300e+02
1.890e+02
1.860e+02
1.730e+02
1.180e+02
1.430e+02
1.450e+02
1.800e+02
1.680e+02
1.810e+02
1.810e+02
1.710e+02
2.260e+02
2.120e+02
2.260e+02
1.950e+02
1.800e+02
2.090e+02
1.680e+02
2.520e+02
2.320e+02
2.290e+02
2.360e+02
2.740e+02
2.540e+02
3.330e+02
2.950e+02
3.300e+02
3.590e+02
4.200e+02
4.860e+02
6.770e+02
9.440e+02
1.105e+03
1.047e+03
9.130e+02
8.020e+02
5.540e+02
4.780e+02
3.680e+02
3.430e+02
3.340e+02
3.160e+02
3.570e+02
3.530e+02
3.330e+02
3.430e+02
3.660e+02
3.220e+02
4.090e+02
4.880e+02
5.940e+02
