4.780e+02
2.740e+02
2.280e+02
2.620e+02
2.470e+02
2.100e+02
2.480e+02
2.510e+02
2.210e+02
2.720e+02
2.790e+02
2.690e+02
2.740e+02
3.060e+02
2.860e+02
2.670e+02
3.290e+02
3.890e+02
4.050e+02
3.380e+02
3.900e+02
4.380e+02
3.950e+02
4.010e+02
4.390e+02
4.330e+02
4.860e+02
5.470e+02
6.840e+02
7.120e+02
8.010e+02
9.540e+02
1.231e+03
1.401e+03
1.721e+03
2.288e+03
1.977e+03
1.782e+03
1.665e+03
1.738e+03
1.656e+03
2.045e+03
2.267e+03
2.261e+03
2.843e+03
2.977e+03
2.556e+03
2.869e+03
3.076e+03
2.917e+03
2.392e+03
2.202e+03
1.874e+03
1.560e+03
1.191e+03
8.960e+02
7.870e+02
5.690e+02
5.020e+02
4.160e+02
3.630e+02
2.250e+02
1.900e+02
1.950e+02
1.870e+02
2.010e+02
3.640e+02
6.760e+02
8.330e+02
3.720e+02
2.400e+02
1.570e+02
9.000e+01
8.200e+01
5.500e+01
4.400e+01
2.800e+01
3.500e+01
1.600e+01
1.100e+01
1.700e+01
1.700e+01
1.500e+01
1.600e+01
1.700e+01
1.000e+01
1.300e+01
1.700e+01
7.000e+00
1.600e+01
1.700e+01
1.300e+01
1.600e+01
7.000e+00
8.000e+00
7.000e+00
9.000e+00
9.000e+00
6.000e+00
1.100e+01
4.000e+00
9.000e+00
6.000e+00
3.000e+00
5.000e+00
6.000e+00
3.000e+00
2.000e+00
8.000e+00
6.000e+00
5.000e+00
2.000e+00
2.000e+00
2.000e+00
5.000e+00
1.000e+00
3.000e+00
4.000e+00
4.000e+00
1.000e+00
1.000e+00
3.000e+00
3.000e+00
1.000e+00
4.000e+00
3.000e+00
3.000e+00
3.000e+00
6.000e+00
2.000e+00
2.000e+00
3.000e+00
3.000e+00
5.000e+00
3.000e+00
6.000e+00
1.000e+00
3.000e+00
5.000e+00
3.000e+00
3.000e+00
9.000e+00
9.000e+00
9.000e+00
4.000e+00
1.000e+01
1.100e+01
1.500e+01
1.200e+01
1.500e+01
2.100e+01
2.100e+01
2.100e+01
3.100e+01
4.100e+01
5.000e+01
4.200e+01
4.100e+01
6.400e+01
4.700e+01
7.500e+01
9.100e+01
1.180e+02
9.600e+01
1.040e+02
1.270e+02
1.910e+02
2.660e+02
2.840e+02
2.550e+02
2.590e+02
2.420e+02
3.070e+02
3.890e+02
4.520e+02
6.120e+02
8.020e+02
1.005e+03
1.421e+03
2.127e+03
4.176e+03
2.152e+03
1.368e+03
1.193e+03
9.600e+02
7.370e+02
5.430e+02
4.420e+02
3.640e+02
3.280e+02
2.920e+02
2.380e+02
1.950e+02
1.890e+02
2.030e+02
1.560e+02
1.670e+02
1.280e+02
1.280e+02
9.500e+01
8.200e+01
5.700e+01
5.900e+01
4.800e+01
3.300e+01
2.500e+01
4.400e+01
2.400e+01
1.900e+01
1.800e+01
2.300e+01
1.900e+01
8.000e+00
6.000e+00
5.000e+00
1.100e+01
7.000e+00
4.000e+00
5.000e+00
7.000e+00
2.000e+00
1.000e+01
4.000e+00
6.000e+00
3.000e+00
5.000e+00
1.000e+00
1.000e+00
2.000e+00
1.000e+00
4.000e+00
3.000e+00
1.000e+00
1.000e+00
1.000e+00
4.000e+00
7.000e+00
3.000e+00
2.000e+00
1.000e+00
3.000e+00
0.000e+00
0.000e+00
3.000e+00
2.000e+00
6.000e+00
4.000e+00
5.000e+00
2.000e+00
0.000e+00
2.000e+00
6.000e+00
2.000e+00
2.000e+00
0.000e+00
3.000e+00
4.000e+00
7.000e+00
3.000e+00
5.000e+00
2.000e+00
5.000e+00
1.200e+01
9.000e+00
8.000e+00
1.100e+01
8.000e+00
1.000e+01
1.100e+01
1.300e+01
1.200e+01
1.800e+01
1.800e+01
1.400e+01
1.800e+01
1.200e+01
1.400e+01
8.000e+00
5.000e+00
1.400e+01
1.400e+01
1.900e+01
3.200e+01
3.400e+01
2.200e+01
2.700e+01
3.800e+01
5.400e+01
6.300e+01
1.110e+02
1.910e+02
3.640e+02
8.470e+02
6.950e+02
3.330e+02
1.710e+02
1.460e+02
1.590e+02
1.870e+02
2.220e+02
2.720e+02
3.130e+02
4.120e+02
4.780e+02
6.600e+02
7.780e+02
1.051e+03
1.484e+03
1.615e+03
1.881e+03
2.118e+03
2.743e+03
2.897e+03
2.649e+03
2.435e+03
2.699e+03
2.467e+03
1.792e+03
1.678e+03
1.629e+03
1.313e+03
1.282e+03
1.278e+03
1.438e+03
1.689e+03
1.921e+03
1.381e+03
1.058e+03
9.430e+02
7.330e+02
6.220e+02
5.590e+02
5.150e+02
4.190e+02
4.160e+02
3.390e+02
3.370e+02
3.160e+02
3.160e+02
3.360e+02
3.000e+02
3.190e+02
3.370e+02
2.910e+02
3.040e+02
2.570e+02
2.750e+02
2.960e+02
2.670e+02
2.990e+02
2.670e+02
2.660e+02
2.960e+02
3.080e+02
2.870e+02
2.540e+02
2.280e+02
2.540e+02
2.400e+02
2.770e+02
