2.119e+03
7.420e+02
6.410e+02
6.910e+02
6.790e+02
6.470e+02
6.240e+02
5.380e+02
5.350e+02
7.260e+02
7.710e+02
7.690e+02
7.490e+02
7.710e+02
7.950e+02
7.580e+02
5.740e+02
6.240e+02
5.690e+02
5.920e+02
6.000e+02
4.890e+02
4.150e+02
3.900e+02
3.710e+02
3.970e+02
4.890e+02
3.890e+02
3.440e+02
3.670e+02
2.970e+02
2.700e+02
2.780e+02
2.570e+02
3.770e+02
4.150e+02
3.490e+02
3.420e+02
3.880e+02
3.190e+02
4.020e+02
3.740e+02
4.170e+02
4.410e+02
4.260e+02
4.900e+02
4.480e+02
2.670e+02
2.580e+02
3.550e+02
4.520e+02
5.920e+02
8.100e+02
9.150e+02
1.271e+03
2.234e+03
2.938e+03
3.284e+03
3.298e+03
2.765e+03
3.875e+03
2.277e+03
1.116e+03
5.950e+02
4.400e+02
3.480e+02
3.510e+02
2.740e+02
1.830e+02
1.940e+02
1.920e+02
1.810e+02
1.730e+02
2.420e+02
1.320e+02
8.900e+01
8.500e+01
6.500e+01
6.200e+01
5.900e+01
9.100e+01
9.300e+01
7.300e+01
8.000e+01
5.300e+01
7.400e+01
6.100e+01
6.300e+01
9.200e+01
1.310e+02
1.760e+02
1.340e+02
1.660e+02
2.530e+02
2.690e+02
1.440e+02
9.200e+01
6.500e+01
2.800e+01
2.600e+01
3.100e+01
3.100e+01
3.500e+01
2.600e+01
3.400e+01
3.300e+01
3.100e+01
5.000e+01
6.300e+01
7.800e+01
4.800e+01
3.100e+01
4.600e+01
4.300e+01
2.600e+01
3.000e+01
2.100e+01
2.200e+01
2.700e+01
2.800e+01
2.500e+01
2.900e+01
4.000e+01
4.600e+01
4.900e+01
5.500e+01
4.700e+01
4.600e+01
5.400e+01
6.400e+01
5.900e+01
2.300e+01
3.500e+01
3.000e+01
2.400e+01
4.600e+01
3.200e+01
5.800e+01
5.500e+01
4.800e+01
6.800e+01
5.100e+01
5.900e+01
5.300e+01
7.600e+01
7.000e+01
6.000e+01
7.500e+01
5.700e+01
6.600e+01
1.040e+02
9.100e+01
8.400e+01
7.300e+01
8.600e+01
1.030e+02
9.400e+01
8.600e+01
7.200e+01
9.100e+01
1.090e+02
1.100e+02
9.200e+01
1.170e+02
3.190e+02
2.420e+02
1.980e+02
1.350e+02
1.010e+02
9.500e+01
9.500e+01
1.070e+02
1.120e+02
1.120e+02
1.520e+02
1.310e+02
1.310e+02
1.270e+02
1.010e+02
1.580e+02
4.220e+02
1.470e+02
1.250e+02
1.230e+02
1.250e+02
9.600e+01
1.440e+02
1.000e+02
1.120e+02
1.180e+02
9.100e+01
1.220e+02
1.110e+02
1.220e+02
1.930e+02
2.440e+02
3.140e+02
2.020e+02
1.240e+02
1.030e+02
8.200e+01
9.900e+01
8.100e+01
8.900e+01
9.500e+01
1.090e+02
9.700e+01
7.400e+01
6.200e+01
8.100e+01
7.300e+01
5.700e+01
7.300e+01
7.700e+01
6.000e+01
7.800e+01
7.400e+01
7.000e+01
6.100e+01
6.500e+01
5.000e+01
5.300e+01
5.300e+01
3.800e+01
3.300e+01
2.900e+01
2.600e+01
1.200e+01
1.800e+01
1.600e+01
2.800e+01
2.000e+01
2.600e+01
2.300e+01
2.300e+01
2.500e+01
2.500e+01
9.000e+00
2.000e+01
8.000e+00
2.600e+01
7.000e+00
2.100e+01
1.000e+01
2.000e+01
2.500e+01
2.300e+01
3.600e+01
4.100e+01
3.500e+01
4.300e+01
5.900e+01
6.600e+01
5.200e+01
1.800e+01
3.400e+01
2.500e+01
3.000e+01
3.300e+01
3.200e+01
3.400e+01
5.200e+01
3.500e+01
4.300e+01
5.200e+01
9.100e+01
1.550e+02
1.650e+02
1.450e+02
1.610e+02
1.880e+02
1.150e+02
7.200e+01
8.900e+01
8.800e+01
6.100e+01
6.000e+01
5.300e+01
6.700e+01
6.500e+01
5.700e+01
6.000e+01
4.800e+01
6.300e+01
8.300e+01
9.200e+01
1.350e+02
2.910e+02
2.240e+02
1.660e+02
1.960e+02
1.410e+02
2.090e+02
2.340e+02
3.920e+02
3.670e+02
3.890e+02
5.690e+02
1.233e+03
2.504e+03
4.062e+03
3.029e+03
3.569e+03
3.693e+03
3.026e+03
2.123e+03
1.065e+03
6.860e+02
6.160e+02
5.700e+02
4.090e+02
2.790e+02
2.520e+02
2.960e+02
4.370e+02
5.600e+02
4.560e+02
4.650e+02
4.510e+02
3.880e+02
3.620e+02
3.110e+02
2.610e+02
2.500e+02
2.640e+02
2.800e+02
2.230e+02
2.260e+02
2.200e+02
2.480e+02
2.370e+02
2.130e+02
2.430e+02
2.960e+02
2.820e+02
3.010e+02
2.920e+02
3.310e+02
3.910e+02
4.460e+02
5.860e+02
5.740e+02
6.300e+02
6.310e+02
7.210e+02
1.041e+03
1.067e+03
1.067e+03
1.039e+03
1.002e+03
1.012e+03
9.730e+02
8.590e+02
7.160e+02
7.190e+02
7.240e+02
8.110e+02
7.850e+02
6.640e+02
8.650e+02
