0.000e+00
0.000e+00
0.000e+00
0.000e+00
0.000e+00
0.000e+00
0.000e+00
0.000e+00
0.000e+00
0.000e+00
0.000e+00
0.000e+00
0.000e+00
0.000e+00
0.000e+00
0.000e+00
1.000e+00
0.000e+00
0.000e+00
0.000e+00
0.000e+00
0.000e+00
0.000e+00
0.000e+00
0.000e+00
0.000e+00
0.000e+00
0.000e+00
2.000e+00
0.000e+00
1.000e+00
3.000e+00
0.000e+00
4.000e+00
4.000e+00
2.000e+00
7.000e+00
1.000e+00
3.000e+00
6.000e+00
4.000e+00
6.000e+00
9.000e+00
1.100e+01
1.100e+01
1.200e+01
1.400e+01
2.100e+01
3.900e+01
3.900e+01
3.800e+01
4.800e+01
5.500e+01
5.900e+01
8.000e+01
1.160e+02
1.460e+02
1.920e+02
2.180e+02
3.020e+02
3.760e+02
4.470e+02
4.960e+02
5.530e+02
5.470e+02
6.300e+02
7.090e+02
8.850e+02
1.224e+03
1.446e+03
1.487e+03
1.758e+03
2.102e+03
2.237e+03
2.595e+03
3.359e+03
4.649e+03
3.399e+03
1.774e+03
7.860e+02
4.500e+02
3.330e+02
2.940e+02
2.310e+02
2.750e+02
1.860e+02
1.460e+02
1.360e+02
9.800e+01
1.180e+02
7.200e+01
1.100e+02
8.000e+01
9.100e+01
1.020e+02
9.100e+01
7.700e+01
4.100e+01
2.700e+01
3.500e+01
3.100e+01
4.100e+01
1.600e+01
1.600e+01
1.100e+01
1.400e+01
1.200e+01
4.000e+00
2.000e+00
7.000e+00
2.000e+00
4.000e+00
1.000e+00
3.000e+00
2.000e+00
2.000e+00
1.000e+00
0.000e+00
1.000e+00
1.000e+00
0.000e+00
2.000e+00
3.000e+00
0.000e+00
0.000e+00
3.000e+00
5.000e+00
3.000e+00
0.000e+00
0.000e+00
3.000e+00
3.000e+00
2.000e+00
3.000e+00
2.000e+00
0.000e+00
2.000e+00
3.000e+00
3.000e+00
1.000e+00
2.000e+00
5.000e+00
2.000e+00
2.000e+00
7.000e+00
1.000e+00
2.000e+00
2.000e+00
3.000e+00
5.000e+00
5.000e+00
9.000e+00
8.000e+00
1.200e+01
1.300e+01
1.200e+01
1.100e+01
1.300e+01
1.800e+01
1.500e+01
2.200e+01
2.100e+01
2.500e+01
1.400e+01
1.900e+01
2.400e+01
2.500e+01
3.100e+01
3.900e+01
4.600e+01
5.200e+01
7.300e+01
6.700e+01
9.200e+01
1.090e+02
1.450e+02
2.100e+02
2.510e+02
4.160e+02
8.490e+02
2.326e+03
8.050e+02
4.190e+02
2.860e+02
2.050e+02
1.430e+02
8.800e+01
8.600e+01
6.900e+01
4.700e+01
5.600e+01
3.700e+01
4.900e+01
2.800e+01
3.100e+01
2.300e+01
1.800e+01
2.200e+01
2.300e+01
2.900e+01
1.400e+01
1.400e+01
1.300e+01
1.300e+01
1.100e+01
1.000e+01
7.000e+00
1.300e+01
9.000e+00
4.000e+00
8.000e+00
5.000e+00
7.000e+00
1.000e+00
1.000e+00
2.000e+00
2.000e+00
1.000e+00
3.000e+00
2.000e+00
3.000e+00
1.000e+00
7.000e+00
4.000e+00
1.300e+01
6.000e+00
0.000e+00
4.000e+00
2.000e+00
2.000e+00
3.000e+00
2.000e+00
1.000e+00
1.000e+00
3.000e+00
1.000e+00
1.000e+00
0.000e+00
0.000e+00
0.000e+00
1.000e+00
5.000e+00
3.000e+00
0.000e+00
1.000e+00
4.000e+00
0.000e+00
2.000e+00
6.000e+00
4.000e+00
1.100e+01
6.000e+00
6.000e+00
5.000e+00
9.000e+00
1.300e+01
1.100e+01
1.200e+01
2.400e+01
2.600e+01
2.500e+01
3.400e+01
2.800e+01
5.000e+01
7.400e+01
5.900e+01
1.230e+02
1.200e+02
1.080e+02
8.500e+01
9.000e+01
9.300e+01
1.180e+02
1.260e+02
1.710e+02
2.170e+02
2.480e+02
2.450e+02
2.240e+02
3.140e+02
4.490e+02
7.230e+02
1.849e+03
3.486e+03
4.699e+03
3.232e+03
2.547e+03
2.675e+03
2.142e+03
1.752e+03
1.394e+03
1.285e+03
1.181e+03
8.680e+02
7.280e+02
6.000e+02
5.270e+02
5.410e+02
4.790e+02
4.300e+02
3.430e+02
2.490e+02
2.200e+02
1.720e+02
1.260e+02
1.210e+02
7.200e+01
6.200e+01
5.100e+01
4.400e+01
2.500e+01
3.900e+01
3.100e+01
2.400e+01
1.300e+01
1.400e+01
1.100e+01
1.100e+01
6.000e+00
4.000e+00
4.000e+00
8.000e+00
3.000e+00
3.000e+00
1.000e+00
6.000e+00
5.000e+00
4.000e+00
3.000e+00
4.000e+00
3.000e+00
0.000e+00
2.000e+00
1.000e+00
0.000e+00
0.000e+00
0.000e+00
2.000e+00
0.000e+00
0.000e+00
0.000e+00
0.000e+00
0.000e+00
0.000e+00
0.000e+00
0.000e+00
0.000e+00
0.000e+00
0.000e+00
0.000e+00
0.000e+00
0.000e+00
0.000e+00
0.000e+00
0.000e+00
0.000e+00
0.000e+00
0.000e+00
0.000e+00
0.000e+00
