9.550e+03
3.676e+03
3.428e+03
3.292e+03
3.352e+03
3.407e+03
3.222e+03
3.150e+03
3.032e+03
3.466e+03
3.764e+03
4.009e+03
4.317e+03
4.020e+03
3.970e+03
4.115e+03
3.959e+03
4.178e+03
4.102e+03
4.205e+03
4.393e+03
3.782e+03
3.402e+03
3.268e+03
3.363e+03
3.502e+03
3.377e+03
3.156e+03
3.070e+03
3.265e+03
3.050e+03
3.230e+03
3.457e+03
3.823e+03
4.239e+03
4.757e+03
5.038e+03
6.624e+03
6.806e+03
7.502e+03
6.343e+03
5.270e+03
5.295e+03
6.645e+03
6.135e+03
5.612e+03
5.550e+03
5.097e+03
4.934e+03
4.630e+03
5.177e+03
6.086e+03
7.286e+03
1.090e+04
1.877e+04
2.098e+04
3.132e+04
2.257e+04
1.929e+04
2.102e+04
2.630e+04
2.279e+04
2.210e+04
1.785e+04
1.203e+04
6.295e+03
3.816e+03
2.742e+03
2.731e+03
2.350e+03
2.313e+03
2.267e+03
2.217e+03
2.126e+03
1.603e+03
1.086e+03
1.781e+03
1.232e+03
8.720e+02
8.520e+02
8.810e+02
1.005e+03
8.970e+02
1.043e+03
1.035e+03
1.125e+03
1.278e+03
1.236e+03
1.061e+03
9.660e+02
9.710e+02
8.160e+02
8.950e+02
9.680e+02
1.013e+03
9.260e+02
9.960e+02
8.670e+02
9.320e+02
9.340e+02
7.900e+02
4.010e+02
3.550e+02
3.700e+02
3.420e+02
3.420e+02
3.690e+02
4.150e+02
3.880e+02
4.220e+02
3.230e+02
3.230e+02
4.320e+02
4.470e+02
3.750e+02
3.930e+02
3.840e+02
3.700e+02
3.640e+02
3.520e+02
3.060e+02
3.270e+02
3.090e+02
3.020e+02
3.100e+02
2.730e+02
2.980e+02
2.940e+02
2.600e+02
2.710e+02
2.740e+02
3.410e+02
3.900e+02
3.160e+02
2.970e+02
3.090e+02
2.890e+02
3.290e+02
3.080e+02
3.100e+02
2.980e+02
3.450e+02
3.710e+02
4.430e+02
3.410e+02
3.560e+02
3.870e+02
3.340e+02
3.720e+02
3.670e+02
4.100e+02
3.940e+02
4.250e+02
4.160e+02
4.160e+02
4.080e+02
3.930e+02
3.630e+02
3.670e+02
3.260e+02
3.620e+02
4.190e+02
4.340e+02
4.100e+02
4.260e+02
4.610e+02
4.100e+02
5.210e+02
6.040e+02
6.370e+02
7.150e+02
6.800e+02
7.460e+02
8.640e+02
8.860e+02
8.270e+02
8.390e+02
1.007e+03
1.195e+03
1.068e+03
1.801e+03
1.165e+03
1.122e+03
9.290e+02
8.660e+02
8.030e+02
7.160e+02
6.650e+02
6.910e+02
6.030e+02
6.640e+02
5.780e+02
5.000e+02
5.450e+02
5.150e+02
7.130e+02
5.670e+02
5.580e+02
5.370e+02
5.320e+02
4.890e+02
4.240e+02
4.490e+02
3.540e+02
3.980e+02
4.210e+02
4.150e+02
4.350e+02
4.200e+02
4.150e+02
4.330e+02
3.990e+02
4.070e+02
3.660e+02
3.890e+02
3.470e+02
3.280e+02
3.210e+02
3.350e+02
3.310e+02
3.350e+02
2.820e+02
2.740e+02
3.130e+02
3.230e+02
2.670e+02
2.610e+02
2.790e+02
3.020e+02
2.670e+02
2.620e+02
3.010e+02
3.220e+02
3.050e+02
3.440e+02
2.920e+02
2.730e+02
2.740e+02
2.960e+02
2.680e+02
3.310e+02
3.380e+02
3.430e+02
3.810e+02
4.450e+02
4.080e+02
3.510e+02
3.730e+02
3.820e+02
3.430e+02
3.440e+02
3.770e+02
4.250e+02
4.520e+02
3.720e+02
3.630e+02
3.670e+02
3.580e+02
3.810e+02
4.690e+02
8.250e+02
1.256e+03
9.590e+02
7.480e+02
7.880e+02
7.620e+02
6.920e+02
7.500e+02
7.850e+02
7.800e+02
8.310e+02
8.320e+02
8.760e+02
1.162e+03
1.502e+03
1.331e+03
1.127e+03
8.800e+02
8.810e+02
8.520e+02
9.140e+02
8.810e+02
9.660e+02
1.439e+03
1.866e+03
1.268e+03
1.407e+03
1.917e+03
2.309e+03
2.234e+03
2.512e+03
2.616e+03
2.926e+03
2.908e+03
4.115e+03
6.857e+03
1.275e+04
1.878e+04
2.149e+04
2.251e+04
2.707e+04
2.211e+04
1.937e+04
2.438e+04
2.919e+04
2.052e+04
1.790e+04
9.442e+03
6.520e+03
5.410e+03
5.054e+03
4.763e+03
4.334e+03
4.581e+03
4.558e+03
4.772e+03
5.425e+03
6.567e+03
5.399e+03
5.933e+03
7.499e+03
7.934e+03
7.472e+03
6.641e+03
5.770e+03
5.738e+03
4.716e+03
4.340e+03
3.888e+03
3.615e+03
3.281e+03
3.171e+03
3.009e+03
3.048e+03
2.971e+03
3.160e+03
3.125e+03
3.098e+03
3.382e+03
3.675e+03
4.262e+03
4.122e+03
4.118e+03
3.937e+03
3.759e+03
3.988e+03
4.015e+03
4.126e+03
4.496e+03
4.052e+03
3.891e+03
3.698e+03
3.430e+03
3.157e+03
3.250e+03
3.196e+03
3.219e+03
3.184e+03
3.468e+03
3.831e+03
