0.000e+00
0.000e+00
0.000e+00
0.000e+00
0.000e+00
0.000e+00
0.000e+00
0.000e+00
0.000e+00
0.000e+00
0.000e+00
0.000e+00
0.000e+00
0.000e+00
0.000e+00
0.000e+00
0.000e+00
0.000e+00
1.000e+00
1.000e+00
0.000e+00
0.000e+00
0.000e+00
0.000e+00
0.000e+00
0.000e+00
0.000e+00
1.000e+00
1.000e+00
0.000e+00
0.000e+00
0.000e+00
0.000e+00
0.000e+00
1.000e+00
0.000e+00
0.000e+00
0.000e+00
0.000e+00
2.000e+00
0.000e+00
0.000e+00
0.000e+00
0.000e+00
2.000e+00
2.000e+00
3.000e+00
2.000e+00
2.000e+00
5.000e+00
5.000e+00
6.000e+00
1.200e+01
1.600e+01
1.800e+01
3.100e+01
3.300e+01
3.600e+01
7.400e+01
7.500e+01
1.070e+02
1.260e+02
1.540e+02
2.220e+02
2.800e+02
4.300e+02
5.010e+02
6.610e+02
8.460e+02
8.170e+02
6.960e+02
5.870e+02
5.590e+02
5.110e+02
4.100e+02
2.940e+02
2.450e+02
2.260e+02
2.240e+02
2.300e+02
2.610e+02
2.990e+02
3.360e+02
3.850e+02
3.650e+02
4.540e+02
3.870e+02
3.860e+02
3.050e+02
2.430e+02
1.860e+02
1.890e+02
2.000e+02
1.920e+02
1.200e+02
6.500e+01
3.000e+01
2.100e+01
2.000e+01
2.200e+01
2.100e+01
1.100e+01
1.000e+01
1.000e+01
9.000e+00
1.100e+01
5.000e+00
5.000e+00
4.000e+00
6.000e+00
1.000e+00
7.000e+00
4.000e+00
4.000e+00
8.000e+00
7.000e+00
5.000e+00
6.000e+00
1.000e+00
4.000e+00
5.000e+00
6.000e+00
1.000e+00
2.000e+00
3.000e+00
6.000e+00
5.000e+00
7.000e+00
3.000e+00
2.000e+00
3.000e+00
2.000e+00
0.000e+00
0.000e+00
1.000e+00
2.000e+00
1.000e+00
1.000e+00
3.000e+00
0.000e+00
2.000e+00
2.000e+00
4.000e+00
0.000e+00
1.000e+00
0.000e+00
1.000e+00
0.000e+00
1.000e+00
0.000e+00
4.000e+00
2.000e+00
0.000e+00
0.000e+00
0.000e+00
2.000e+00
1.000e+00
4.000e+00
2.000e+00
1.000e+00
1.000e+00
2.000e+00
0.000e+00
3.000e+00
1.000e+00
1.000e+00
0.000e+00
1.000e+00
2.000e+00
2.000e+00
0.000e+00
3.000e+00
4.000e+00
7.000e+00
5.000e+00
8.000e+00
7.000e+00
6.000e+00
1.000e+01
2.200e+01
5.300e+01
1.500e+01
1.500e+01
1.000e+01
7.000e+00
2.000e+00
6.000e+00
4.000e+00
3.000e+00
6.000e+00
5.000e+00
5.000e+00
2.000e+00
2.000e+00
1.000e+00
2.000e+00
2.000e+00
2.000e+00
2.000e+00
0.000e+00
0.000e+00
1.000e+00
2.000e+00
1.000e+00
0.000e+00
0.000e+00
2.000e+00
1.000e+00
0.000e+00
0.000e+00
0.000e+00
0.000e+00
1.000e+00
0.000e+00
0.000e+00
1.000e+00
4.000e+00
1.000e+00
4.000e+00
0.000e+00
1.000e+00
1.000e+00
3.000e+00
0.000e+00
1.000e+00
3.000e+00
1.000e+00
2.000e+00
2.000e+00
0.000e+00
3.000e+00
1.000e+00
1.000e+00
7.000e+00
7.000e+00
3.000e+00
4.000e+00
4.000e+00
3.000e+00
3.000e+00
1.000e+00
2.000e+00
4.000e+00
5.000e+00
3.000e+00
8.000e+00
6.000e+00
5.000e+00
2.000e+00
5.000e+00
5.000e+00
2.000e+00
6.000e+00
6.000e+00
6.000e+00
7.000e+00
4.000e+00
8.000e+00
1.600e+01
1.500e+01
1.300e+01
2.000e+01
3.400e+01
2.900e+01
4.000e+01
6.100e+01
1.190e+02
1.750e+02
1.930e+02
1.660e+02
2.300e+02
2.020e+02
3.180e+02
3.440e+02
3.850e+02
4.060e+02
3.650e+02
3.390e+02
3.680e+02
2.670e+02
2.160e+02
2.360e+02
1.830e+02
2.160e+02
2.520e+02
2.750e+02
3.660e+02
4.720e+02
5.110e+02
5.950e+02
7.220e+02
8.240e+02
8.150e+02
6.460e+02
5.260e+02
4.470e+02
2.640e+02
2.080e+02
1.710e+02
1.010e+02
8.500e+01
8.100e+01
5.200e+01
3.400e+01
3.500e+01
2.200e+01
1.900e+01
1.500e+01
8.000e+00
9.000e+00
3.000e+00
0.000e+00
5.000e+00
2.000e+00
1.000e+00
0.000e+00
0.000e+00
1.000e+00
1.000e+00
0.000e+00
0.000e+00
0.000e+00
0.000e+00
0.000e+00
0.000e+00
0.000e+00
0.000e+00
1.000e+00
0.000e+00
0.000e+00
1.000e+00
0.000e+00
0.000e+00
0.000e+00
0.000e+00
0.000e+00
2.000e+00
0.000e+00
0.000e+00
0.000e+00
0.000e+00
0.000e+00
0.000e+00
0.000e+00
0.000e+00
0.000e+00
0.000e+00
0.000e+00
0.000e+00
0.000e+00
0.000e+00
0.000e+00
0.000e+00
0.000e+00
0.000e+00
0.000e+00
0.000e+00
0.000e+00
0.000e+00
0.000e+00
