4.000e+00
0.000e+00
0.000e+00
0.000e+00
1.000e+00
0.000e+00
2.000e+00
0.000e+00
1.000e+00
0.000e+00
0.000e+00
0.000e+00
0.000e+00
0.000e+00
2.000e+00
1.000e+00
1.000e+00
1.000e+00
1.000e+00
1.000e+00
2.000e+00
2.000e+00
0.000e+00
0.000e+00
0.000e+00
0.000e+00
0.000e+00
1.000e+00
0.000e+00
2.000e+00
4.000e+00
2.000e+00
0.000e+00
2.000e+00
3.000e+00
5.000e+00
4.000e+00
5.000e+00
2.000e+00
3.000e+00
6.000e+00
8.000e+00
8.000e+00
9.000e+00
5.000e+00
1.000e+01
1.200e+01
2.200e+01
1.400e+01
2.400e+01
2.700e+01
3.400e+01
5.600e+01
5.300e+01
6.000e+01
6.500e+01
6.800e+01
9.300e+01
1.070e+02
1.580e+02
2.280e+02
3.120e+02
4.880e+02
6.300e+02
8.830e+02
1.292e+03
1.668e+03
2.120e+03
2.499e+03
3.075e+03
3.988e+03
4.583e+03
5.019e+03
4.581e+03
4.710e+03
4.691e+03
4.448e+03
4.397e+03
4.184e+03
3.700e+03
3.411e+03
4.415e+03
6.995e+03
1.399e+04
6.133e+03
3.049e+03
2.058e+03
1.593e+03
1.367e+03
1.170e+03
1.038e+03
9.710e+02
9.260e+02
9.040e+02
8.830e+02
8.420e+02
8.850e+02
8.370e+02
7.980e+02
7.910e+02
6.650e+02
6.150e+02
6.450e+02
6.450e+02
6.070e+02
5.650e+02
6.280e+02
4.790e+02
4.820e+02
4.220e+02
3.620e+02
2.740e+02
2.490e+02
2.340e+02
2.170e+02
1.860e+02
1.830e+02
1.560e+02
1.600e+02
2.060e+02
1.630e+02
1.560e+02
1.580e+02
1.370e+02
1.440e+02
1.240e+02
1.040e+02
1.020e+02
1.160e+02
8.200e+01
1.110e+02
8.700e+01
8.000e+01
1.000e+02
7.700e+01
8.800e+01
8.500e+01
9.100e+01
9.300e+01
8.100e+01
8.700e+01
6.600e+01
7.000e+01
6.800e+01
8.600e+01
7.400e+01
8.400e+01
9.500e+01
9.800e+01
1.120e+02
1.010e+02
1.230e+02
1.430e+02
1.460e+02
1.810e+02
2.260e+02
1.990e+02
2.340e+02
2.710e+02
3.020e+02
3.600e+02
4.900e+02
5.630e+02
6.230e+02
5.950e+02
6.560e+02
7.990e+02
9.350e+02
1.039e+03
1.230e+03
1.298e+03
1.322e+03
1.546e+03
1.703e+03
2.094e+03
2.502e+03
3.118e+03
3.610e+03
4.261e+03
5.144e+03
5.962e+03
5.193e+03
4.405e+03
3.683e+03
3.132e+03
2.516e+03
2.065e+03
1.710e+03
1.501e+03
1.282e+03
1.293e+03
1.220e+03
1.009e+03
8.250e+02
7.470e+02
6.170e+02
5.570e+02
5.300e+02
5.070e+02
4.220e+02
4.100e+02
2.880e+02
2.930e+02
2.630e+02
2.250e+02
2.010e+02
2.020e+02
1.670e+02
1.460e+02
1.280e+02
1.100e+02
8.600e+01
1.100e+02
9.800e+01
9.500e+01
8.900e+01
6.800e+01
6.700e+01
7.000e+01
6.800e+01
8.800e+01
1.020e+02
6.600e+01
8.500e+01
9.800e+01
9.700e+01
7.500e+01
9.100e+01
8.000e+01
8.400e+01
1.010e+02
9.000e+01
8.800e+01
9.500e+01
1.010e+02
1.300e+02
1.360e+02
1.420e+02
1.520e+02
1.450e+02
1.730e+02
1.900e+02
1.980e+02
1.970e+02
1.650e+02
1.910e+02
2.060e+02
1.820e+02
2.380e+02
2.600e+02
3.120e+02
4.200e+02
4.150e+02
4.580e+02
5.270e+02
5.370e+02
5.790e+02
6.370e+02
6.420e+02
6.500e+02
6.770e+02
7.200e+02
8.380e+02
8.280e+02
8.350e+02
9.280e+02
8.940e+02
8.820e+02
7.990e+02
8.640e+02
9.960e+02
1.078e+03
1.291e+03
1.495e+03
1.998e+03
2.957e+03
6.039e+03
1.329e+04
6.862e+03
4.273e+03
3.211e+03
3.471e+03
4.068e+03
4.502e+03
4.560e+03
4.518e+03
4.617e+03
4.562e+03
4.627e+03
4.518e+03
3.715e+03
2.872e+03
2.395e+03
2.070e+03
1.752e+03
1.259e+03
8.710e+02
6.510e+02
4.570e+02
3.270e+02
2.250e+02
1.680e+02
1.310e+02
1.110e+02
7.200e+01
5.700e+01
5.300e+01
6.200e+01
3.500e+01
4.900e+01
2.500e+01
2.300e+01
1.800e+01
1.500e+01
1.300e+01
2.000e+01
9.000e+00
1.000e+01
6.000e+00
7.000e+00
7.000e+00
3.000e+00
2.000e+00
3.000e+00
3.000e+00
3.000e+00
3.000e+00
2.000e+00
2.000e+00
0.000e+00
2.000e+00
1.000e+00
0.000e+00
0.000e+00
1.000e+00
2.000e+00
1.000e+00
1.000e+00
0.000e+00
2.000e+00
1.000e+00
0.000e+00
0.000e+00
3.000e+00
0.000e+00
0.000e+00
1.000e+00
0.000e+00
1.000e+00
1.000e+00
0.000e+00
0.000e+00
1.000e+00
0.000e+00
0.000e+00
0.000e+00
0.000e+00
0.000e+00
0.000e+00
0.000e+00
