1.865e+04
6.038e+03
5.016e+03
4.481e+03
4.583e+03
4.906e+03
4.251e+03
3.782e+03
3.655e+03
4.031e+03
4.219e+03
4.412e+03
4.719e+03
4.432e+03
4.371e+03
4.650e+03
4.486e+03
4.720e+03
4.691e+03
4.831e+03
5.066e+03
4.461e+03
4.058e+03
3.781e+03
3.881e+03
3.916e+03
3.760e+03
3.507e+03
3.489e+03
3.653e+03
3.510e+03
3.766e+03
4.027e+03
4.320e+03
4.694e+03
5.146e+03
5.354e+03
6.838e+03
6.997e+03
7.654e+03
6.486e+03
5.417e+03
5.398e+03
6.737e+03
6.240e+03
5.699e+03
5.625e+03
5.182e+03
5.012e+03
4.712e+03
5.275e+03
6.176e+03
7.412e+03
1.102e+04
1.888e+04
2.108e+04
3.144e+04
2.275e+04
1.950e+04
2.127e+04
2.663e+04
2.311e+04
2.238e+04
1.808e+04
1.228e+04
6.587e+03
3.939e+03
2.813e+03
2.796e+03
2.425e+03
2.376e+03
2.334e+03
2.321e+03
2.185e+03
1.646e+03
1.122e+03
1.826e+03
1.263e+03
9.060e+02
8.810e+02
8.970e+02
1.017e+03
9.140e+02
1.058e+03
1.053e+03
1.149e+03
1.306e+03
1.259e+03
1.097e+03
9.920e+02
9.930e+02
8.570e+02
9.280e+02
9.870e+02
1.034e+03
9.530e+02
1.017e+03
8.880e+02
9.480e+02
9.680e+02
8.180e+02
4.310e+02
3.800e+02
3.860e+02
3.620e+02
3.640e+02
3.950e+02
4.400e+02
4.140e+02
4.730e+02
3.730e+02
3.870e+02
4.830e+02
5.520e+02
4.660e+02
4.960e+02
4.610e+02
4.600e+02
4.590e+02
5.280e+02
5.170e+02
4.890e+02
4.420e+02
3.780e+02
3.860e+02
3.420e+02
3.500e+02
3.580e+02
3.070e+02
3.240e+02
3.040e+02
3.660e+02
4.210e+02
3.490e+02
3.230e+02
3.470e+02
3.190e+02
3.640e+02
3.500e+02
3.380e+02
3.320e+02
3.990e+02
4.150e+02
5.010e+02
4.190e+02
4.270e+02
4.350e+02
3.880e+02
4.200e+02
4.040e+02
4.580e+02
4.670e+02
4.860e+02
4.920e+02
4.680e+02
4.430e+02
4.480e+02
4.180e+02
4.200e+02
3.590e+02
4.040e+02
4.400e+02
4.640e+02
4.270e+02
4.420e+02
4.680e+02
4.160e+02
5.250e+02
6.120e+02
6.420e+02
7.190e+02
6.880e+02
7.560e+02
8.650e+02
8.940e+02
8.410e+02
8.430e+02
1.011e+03
1.198e+03
1.074e+03
1.810e+03
1.172e+03
1.127e+03
9.340e+02
8.700e+02
8.050e+02
7.190e+02
6.690e+02
6.950e+02
6.090e+02
6.740e+02
5.830e+02
5.070e+02
5.500e+02
5.240e+02
7.190e+02
5.750e+02
5.720e+02
5.500e+02
5.530e+02
5.190e+02
4.470e+02
4.690e+02
3.860e+02
4.330e+02
4.460e+02
4.560e+02
4.820e+02
4.560e+02
4.720e+02
4.660e+02
4.350e+02
4.520e+02
4.350e+02
4.500e+02
4.310e+02
4.070e+02
3.870e+02
3.820e+02
3.930e+02
3.920e+02
3.540e+02
3.460e+02
3.750e+02
3.550e+02
2.960e+02
2.930e+02
3.180e+02
3.460e+02
3.020e+02
3.110e+02
3.400e+02
3.670e+02
3.580e+02
4.050e+02
3.500e+02
3.560e+02
3.800e+02
4.540e+02
4.890e+02
5.960e+02
5.530e+02
4.720e+02
5.340e+02
6.020e+02
5.090e+02
4.390e+02
4.400e+02
4.340e+02
4.090e+02
4.240e+02
4.350e+02
4.530e+02
4.820e+02
4.070e+02
3.830e+02
3.830e+02
3.760e+02
4.040e+02
4.960e+02
8.420e+02
1.274e+03
9.830e+02
7.600e+02
8.030e+02
7.870e+02
7.260e+02
7.750e+02
8.190e+02
8.200e+02
8.510e+02
8.640e+02
9.100e+02
1.190e+03
1.520e+03
1.348e+03
1.166e+03
9.000e+02
9.010e+02
8.640e+02
9.180e+02
9.000e+02
9.890e+02
1.453e+03
1.908e+03
1.309e+03
1.450e+03
2.003e+03
2.439e+03
2.312e+03
2.562e+03
2.681e+03
2.983e+03
2.974e+03
4.230e+03
6.988e+03
1.298e+04
1.916e+04
2.181e+04
2.284e+04
2.743e+04
2.238e+04
1.959e+04
2.457e+04
2.932e+04
2.065e+04
1.802e+04
9.582e+03
6.639e+03
5.532e+03
5.158e+03
4.830e+03
4.422e+03
4.642e+03
4.623e+03
4.836e+03
5.517e+03
6.648e+03
5.506e+03
6.054e+03
7.639e+03
8.063e+03
7.630e+03
6.832e+03
6.045e+03
6.086e+03
5.210e+03
4.867e+03
4.425e+03
4.115e+03
3.721e+03
3.547e+03
3.414e+03
3.481e+03
3.366e+03
3.620e+03
3.611e+03
3.735e+03
4.191e+03
4.514e+03
5.052e+03
4.896e+03
4.779e+03
4.646e+03
4.640e+03
4.876e+03
4.666e+03
4.677e+03
5.041e+03
4.629e+03
4.528e+03
4.392e+03
4.232e+03
4.023e+03
4.659e+03
4.944e+03
4.841e+03
4.964e+03
5.702e+03
7.003e+03
