9.618e+04
1.582e+04
7.007e+03
4.569e+03
3.467e+03
2.807e+03
2.364e+03
2.134e+03
1.991e+03
2.023e+03
1.909e+03
1.921e+03
1.926e+03
1.981e+03
1.870e+03
1.632e+03
1.209e+03
9.320e+02
8.040e+02
6.270e+02
5.100e+02
3.850e+02
3.610e+02
3.020e+02
2.560e+02
2.460e+02
2.260e+02
2.020e+02
2.200e+02
1.770e+02
2.500e+02
2.370e+02
1.990e+02
2.110e+02
2.250e+02
1.640e+02
1.210e+02
9.400e+01
8.900e+01
6.600e+01
8.000e+01
5.500e+01
5.800e+01
6.200e+01
6.700e+01
5.900e+01
5.000e+01
4.900e+01
4.800e+01
5.700e+01
6.300e+01
7.600e+01
5.400e+01
5.900e+01
5.500e+01
5.800e+01
5.100e+01
3.400e+01
4.900e+01
6.100e+01
3.000e+01
4.200e+01
6.500e+01
3.100e+01
3.200e+01
3.900e+01
2.100e+01
2.400e+01
1.700e+01
1.400e+01
1.200e+01
1.200e+01
9.000e+00
8.000e+00
1.200e+01
1.600e+01
1.100e+01
3.000e+00
8.000e+00
6.000e+00
4.000e+00
2.000e+00
8.000e+00
2.000e+00
4.000e+00
5.000e+00
6.000e+00
9.000e+00
6.000e+00
2.000e+00
4.000e+00
0.000e+00
3.000e+00
2.000e+00
2.000e+00
3.000e+00
4.000e+00
4.000e+00
3.000e+00
2.000e+00
3.000e+00
2.000e+00
0.000e+00
1.000e+00
1.000e+00
3.000e+00
1.000e+00
2.000e+00
1.000e+00
2.000e+00
1.000e+00
4.000e+00
4.000e+00
0.000e+00
7.000e+00
6.000e+00
0.000e+00
1.000e+00
5.000e+00
0.000e+00
1.000e+00
2.000e+00
1.000e+00
6.000e+00
2.000e+00
8.000e+00
4.000e+00
4.000e+00
9.000e+00
9.000e+00
8.000e+00
6.000e+00
7.000e+00
5.000e+00
1.000e+01
1.600e+01
5.000e+00
1.100e+01
1.700e+01
1.100e+01
6.000e+00
1.800e+01
1.700e+01
1.900e+01
1.800e+01
2.100e+01
2.400e+01
2.200e+01
4.100e+01
2.600e+01
2.700e+01
4.300e+01
4.400e+01
5.600e+01
7.000e+01
8.000e+01
7.300e+01
9.300e+01
6.200e+01
9.900e+01
8.800e+01
9.700e+01
9.600e+01
1.460e+02
1.780e+02
1.680e+02
1.720e+02
2.070e+02
2.060e+02
2.340e+02
2.570e+02
2.810e+02
3.550e+02
3.480e+02
4.950e+02
5.870e+02
8.290e+02
1.125e+03
1.822e+03
3.353e+03
2.159e+04
3.224e+03
1.652e+03
1.107e+03
8.590e+02
5.730e+02
5.240e+02
4.310e+02
4.320e+02
3.320e+02
3.200e+02
3.230e+02
2.800e+02
2.500e+02
1.970e+02
1.880e+02
1.840e+02
1.600e+02
1.310e+02
9.800e+01
1.280e+02
1.150e+02
1.030e+02
7.700e+01
1.260e+02
1.320e+02
8.600e+01
5.300e+01
4.800e+01
3.600e+01
6.000e+01
4.300e+01
4.200e+01
2.500e+01
2.900e+01
2.400e+01
2.300e+01
1.300e+01
1.400e+01
8.000e+00
1.200e+01
1.500e+01
9.000e+00
1.200e+01
1.600e+01
9.000e+00
1.100e+01
1.400e+01
5.000e+00
6.000e+00
6.000e+00
5.000e+00
5.000e+00
5.000e+00
8.000e+00
1.300e+01
1.000e+00
6.000e+00
3.000e+00
5.000e+00
5.000e+00
5.000e+00
3.000e+00
0.000e+00
1.000e+00
3.000e+00
7.000e+00
2.000e+00
4.000e+00
3.000e+00
5.000e+00
2.000e+00
3.000e+00
1.000e+00
2.000e+00
5.000e+00
3.000e+00
1.000e+00
2.000e+00
1.000e+00
1.000e+00
5.000e+00
2.000e+00
7.000e+00
2.000e+00
3.000e+00
4.000e+00
7.000e+00
3.000e+00
2.000e+00
6.000e+00
4.000e+00
2.000e+00
8.000e+00
7.000e+00
5.000e+00
3.000e+00
2.000e+00
6.000e+00
4.000e+00
7.000e+00
2.000e+00
7.000e+00
1.100e+01
9.000e+00
1.100e+01
2.100e+01
7.000e+00
1.200e+01
7.000e+00
8.000e+00
1.300e+01
1.000e+01
2.600e+01
1.900e+01
5.000e+01
3.700e+01
2.800e+01
5.100e+01
3.000e+01
4.000e+01
5.000e+01
7.000e+01
5.900e+01
4.300e+01
5.700e+01
6.100e+01
5.900e+01
5.400e+01
5.800e+01
6.100e+01
6.200e+01
5.100e+01
6.300e+01
5.400e+01
7.000e+01
7.000e+01
4.700e+01
6.800e+01
7.100e+01
7.900e+01
8.800e+01
1.020e+02
1.170e+02
1.270e+02
1.590e+02
1.910e+02
1.910e+02
2.230e+02
2.250e+02
2.560e+02
1.940e+02
1.980e+02
2.200e+02
1.860e+02
2.390e+02
2.370e+02
2.800e+02
3.450e+02
3.710e+02
5.220e+02
6.290e+02
7.800e+02
8.810e+02
1.059e+03
1.339e+03
1.476e+03
1.492e+03
1.321e+03
1.418e+03
1.546e+03
1.614e+03
1.781e+03
1.873e+03
2.103e+03
2.749e+03
3.295e+03
4.596e+03
7.299e+03
1.578e+04
