2.266e+05
4.231e+04
2.381e+04
1.819e+04
1.494e+04
1.289e+04
1.237e+04
1.074e+04
1.014e+04
1.036e+04
9.666e+03
8.473e+03
7.964e+03
7.169e+03
6.794e+03
6.684e+03
6.335e+03
6.450e+03
6.348e+03
6.290e+03
6.428e+03
5.674e+03
5.211e+03
4.761e+03
4.789e+03
4.755e+03
4.513e+03
4.173e+03
4.098e+03
4.214e+03
3.979e+03
4.144e+03
4.428e+03
4.687e+03
4.992e+03
5.426e+03
5.593e+03
7.064e+03
7.202e+03
7.881e+03
6.668e+03
5.627e+03
5.558e+03
6.909e+03
6.402e+03
5.846e+03
5.750e+03
5.306e+03
5.111e+03
4.810e+03
5.350e+03
6.248e+03
7.486e+03
1.109e+04
1.895e+04
2.114e+04
3.150e+04
2.282e+04
1.956e+04
2.141e+04
2.671e+04
2.316e+04
2.242e+04
1.811e+04
1.231e+04
6.622e+03
3.963e+03
2.837e+03
2.819e+03
2.451e+03
2.401e+03
2.358e+03
2.344e+03
2.209e+03
1.662e+03
1.137e+03
1.844e+03
1.277e+03
9.270e+02
8.940e+02
9.070e+02
1.030e+03
9.270e+02
1.068e+03
1.058e+03
1.158e+03
1.318e+03
1.265e+03
1.101e+03
9.970e+02
1.002e+03
8.630e+02
9.360e+02
1.001e+03
1.039e+03
9.630e+02
1.039e+03
9.000e+02
9.530e+02
9.810e+02
8.270e+02
4.510e+02
3.860e+02
3.940e+02
3.690e+02
3.740e+02
3.980e+02
4.550e+02
4.220e+02
4.850e+02
3.830e+02
3.940e+02
5.020e+02
5.680e+02
4.860e+02
5.070e+02
4.810e+02
4.790e+02
4.770e+02
5.430e+02
5.300e+02
5.140e+02
4.560e+02
3.970e+02
4.110e+02
3.740e+02
3.720e+02
3.890e+02
3.610e+02
3.940e+02
3.650e+02
4.340e+02
4.750e+02
4.200e+02
3.890e+02
4.180e+02
4.060e+02
4.510e+02
4.440e+02
4.400e+02
4.630e+02
5.210e+02
5.150e+02
5.900e+02
5.380e+02
5.390e+02
5.760e+02
5.080e+02
5.550e+02
5.530e+02
6.160e+02
6.330e+02
6.660e+02
6.830e+02
6.760e+02
6.820e+02
7.350e+02
7.180e+02
7.330e+02
6.960e+02
7.440e+02
8.430e+02
8.530e+02
8.620e+02
9.070e+02
9.790e+02
9.620e+02
1.075e+03
1.220e+03
1.445e+03
1.540e+03
1.572e+03
1.604e+03
1.807e+03
2.005e+03
1.971e+03
2.301e+03
2.777e+03
3.830e+03
6.413e+03
3.951e+04
6.612e+03
3.773e+03
2.774e+03
2.398e+03
2.023e+03
1.823e+03
1.646e+03
1.578e+03
1.470e+03
1.404e+03
1.283e+03
1.095e+03
1.065e+03
1.046e+03
1.186e+03
9.790e+02
9.990e+02
9.350e+02
9.280e+02
8.710e+02
8.460e+02
7.780e+02
6.630e+02
7.510e+02
6.860e+02
6.760e+02
7.250e+02
6.360e+02
6.460e+02
6.630e+02
6.310e+02
6.310e+02
5.870e+02
5.840e+02
5.620e+02
5.540e+02
4.930e+02
4.800e+02
4.880e+02
5.070e+02
4.370e+02
4.400e+02
4.440e+02
4.190e+02
3.650e+02
3.680e+02
3.900e+02
4.010e+02
3.710e+02
3.700e+02
3.920e+02
4.170e+02
3.960e+02
4.310e+02
3.660e+02
3.820e+02
4.030e+02
4.780e+02
5.100e+02
6.120e+02
5.750e+02
4.840e+02
5.480e+02
6.190e+02
5.270e+02
4.510e+02
4.520e+02
4.460e+02
4.200e+02
4.350e+02
4.490e+02
4.650e+02
4.880e+02
4.150e+02
3.890e+02
3.920e+02
3.850e+02
4.120e+02
5.050e+02
8.530e+02
1.287e+03
9.920e+02
7.650e+02
8.160e+02
8.000e+02
7.350e+02
7.850e+02
8.320e+02
8.270e+02
8.570e+02
8.680e+02
9.150e+02
1.199e+03
1.528e+03
1.358e+03
1.172e+03
9.080e+02
9.160e+02
8.720e+02
9.270e+02
9.140e+02
1.005e+03
1.470e+03
1.935e+03
1.331e+03
1.469e+03
2.029e+03
2.461e+03
2.329e+03
2.573e+03
2.703e+03
3.006e+03
2.993e+03
4.247e+03
7.018e+03
1.301e+04
1.920e+04
2.184e+04
2.288e+04
2.752e+04
2.252e+04
1.968e+04
2.464e+04
2.939e+04
2.072e+04
1.809e+04
9.653e+03
6.717e+03
5.611e+03
5.235e+03
4.902e+03
4.518e+03
4.770e+03
4.766e+03
4.999e+03
5.642e+03
6.832e+03
5.680e+03
6.243e+03
7.832e+03
8.276e+03
7.852e+03
7.055e+03
6.262e+03
6.389e+03
5.533e+03
5.246e+03
4.839e+03
4.588e+03
4.198e+03
4.085e+03
4.036e+03
4.174e+03
4.155e+03
4.428e+03
4.551e+03
4.751e+03
5.282e+03
5.703e+03
6.415e+03
6.341e+03
6.261e+03
6.412e+03
6.551e+03
6.921e+03
6.975e+03
7.296e+03
8.230e+03
8.636e+03
9.727e+03
1.034e+04
1.085e+04
1.109e+04
1.272e+04
1.290e+04
1.468e+04
1.790e+04
2.416e+04
4.292e+04
