0.000e+00
0.000e+00
0.000e+00
0.000e+00
0.000e+00
0.000e+00
0.000e+00
0.000e+00
0.000e+00
0.000e+00
0.000e+00
0.000e+00
0.000e+00
0.000e+00
0.000e+00
0.000e+00
1.000e+00
0.000e+00
0.000e+00
0.000e+00
0.000e+00
0.000e+00
0.000e+00
0.000e+00
0.000e+00
1.000e+00
1.000e+00
0.000e+00
3.000e+00
1.000e+00
3.000e+00
3.000e+00
2.000e+00
5.000e+00
4.000e+00
2.000e+00
7.000e+00
4.000e+00
5.000e+00
7.000e+00
5.000e+00
8.000e+00
1.200e+01
1.300e+01
1.200e+01
1.400e+01
2.700e+01
2.600e+01
4.400e+01
4.800e+01
5.000e+01
5.800e+01
7.100e+01
7.200e+01
1.010e+02
1.380e+02
1.750e+02
2.200e+02
2.560e+02
3.540e+02
4.640e+02
5.490e+02
6.510e+02
7.820e+02
7.960e+02
9.940e+02
1.132e+03
1.444e+03
1.774e+03
1.820e+03
1.736e+03
1.928e+03
2.250e+03
2.370e+03
2.689e+03
3.414e+03
4.690e+03
3.424e+03
1.789e+03
8.000e+02
4.600e+02
3.390e+02
3.050e+02
2.340e+02
2.790e+02
1.940e+02
1.480e+02
1.400e+02
1.030e+02
1.260e+02
7.800e+01
1.190e+02
8.200e+01
9.300e+01
1.080e+02
9.300e+01
8.200e+01
4.200e+01
3.000e+01
3.800e+01
3.200e+01
4.100e+01
1.600e+01
1.600e+01
1.300e+01
1.400e+01
1.300e+01
4.000e+00
2.000e+00
7.000e+00
2.000e+00
4.000e+00
2.000e+00
4.000e+00
2.000e+00
2.000e+00
1.000e+00
0.000e+00
1.000e+00
1.000e+00
0.000e+00
2.000e+00
4.000e+00
0.000e+00
0.000e+00
3.000e+00
5.000e+00
3.000e+00
0.000e+00
0.000e+00
3.000e+00
3.000e+00
2.000e+00
3.000e+00
2.000e+00
1.000e+00
2.000e+00
3.000e+00
3.000e+00
1.000e+00
2.000e+00
5.000e+00
2.000e+00
2.000e+00
7.000e+00
1.000e+00
2.000e+00
2.000e+00
3.000e+00
5.000e+00
5.000e+00
9.000e+00
8.000e+00
1.200e+01
1.300e+01
1.200e+01
1.100e+01
1.300e+01
1.800e+01
1.500e+01
2.200e+01
2.100e+01
2.500e+01
1.400e+01
2.000e+01
2.400e+01
2.500e+01
3.100e+01
3.900e+01
4.600e+01
5.200e+01
7.300e+01
6.700e+01
9.300e+01
1.090e+02
1.460e+02
2.110e+02
2.520e+02
4.170e+02
8.520e+02
2.358e+03
8.090e+02
4.230e+02
2.880e+02
2.060e+02
1.440e+02
8.800e+01
8.700e+01
6.900e+01
4.700e+01
5.600e+01
3.700e+01
4.900e+01
2.800e+01
3.100e+01
2.400e+01
1.800e+01
2.200e+01
2.300e+01
2.900e+01
1.400e+01
1.400e+01
1.300e+01
1.300e+01
1.100e+01
1.000e+01
7.000e+00
1.300e+01
9.000e+00
4.000e+00
8.000e+00
5.000e+00
7.000e+00
1.000e+00
1.000e+00
2.000e+00
2.000e+00
1.000e+00
3.000e+00
2.000e+00
3.000e+00
1.000e+00
7.000e+00
5.000e+00
1.300e+01
6.000e+00
0.000e+00
4.000e+00
2.000e+00
2.000e+00
3.000e+00
2.000e+00
1.000e+00
1.000e+00
3.000e+00
1.000e+00
1.000e+00
0.000e+00
0.000e+00
0.000e+00
2.000e+00
5.000e+00
3.000e+00
0.000e+00
1.000e+00
4.000e+00
0.000e+00
2.000e+00
6.000e+00
4.000e+00
1.100e+01
6.000e+00
6.000e+00
5.000e+00
9.000e+00
1.300e+01
1.100e+01
1.300e+01
2.500e+01
2.600e+01
2.600e+01
3.800e+01
3.000e+01
5.300e+01
7.800e+01
5.900e+01
1.230e+02
1.230e+02
1.100e+02
9.400e+01
9.300e+01
1.040e+02
1.230e+02
1.310e+02
1.730e+02
2.210e+02
2.520e+02
2.510e+02
2.280e+02
3.230e+02
4.580e+02
7.330e+02
1.865e+03
3.502e+03
4.745e+03
3.282e+03
2.625e+03
2.784e+03
2.276e+03
1.917e+03
1.635e+03
1.619e+03
1.616e+03
1.377e+03
1.160e+03
9.230e+02
7.550e+02
7.390e+02
6.220e+02
5.320e+02
4.080e+02
3.140e+02
2.550e+02
2.050e+02
1.510e+02
1.320e+02
1.000e+02
8.200e+01
6.300e+01
5.700e+01
3.700e+01
4.500e+01
3.600e+01
3.300e+01
2.000e+01
2.100e+01
1.500e+01
1.100e+01
7.000e+00
6.000e+00
5.000e+00
9.000e+00
5.000e+00
3.000e+00
1.000e+00
7.000e+00
5.000e+00
4.000e+00
4.000e+00
5.000e+00
3.000e+00
0.000e+00
4.000e+00
1.000e+00
0.000e+00
0.000e+00
0.000e+00
2.000e+00
0.000e+00
0.000e+00
0.000e+00
0.000e+00
0.000e+00
0.000e+00
0.000e+00
0.000e+00
0.000e+00
0.000e+00
0.000e+00
0.000e+00
0.000e+00
0.000e+00
0.000e+00
0.000e+00
0.000e+00
0.000e+00
0.000e+00
0.000e+00
0.000e+00
0.000e+00
