3.976e+04
8.361e+03
5.493e+03
4.602e+03
3.527e+03
3.037e+03
2.341e+03
1.853e+03
1.707e+03
1.720e+03
1.754e+03
1.743e+03
1.628e+03
1.607e+03
2.063e+03
2.607e+03
1.797e+03
1.180e+03
7.210e+02
5.580e+02
4.290e+02
4.170e+02
3.840e+02
4.320e+02
4.630e+02
3.580e+02
2.940e+02
3.050e+02
2.710e+02
2.180e+02
1.370e+02
1.410e+02
1.520e+02
1.980e+02
3.080e+02
1.790e+02
1.340e+02
9.100e+01
7.500e+01
6.300e+01
5.200e+01
6.600e+01
4.400e+01
2.600e+01
3.400e+01
4.000e+01
5.100e+01
4.500e+01
4.400e+01
2.900e+01
1.500e+01
3.300e+01
2.600e+01
3.200e+01
2.100e+01
2.200e+01
3.400e+01
4.000e+01
3.900e+01
3.900e+01
3.500e+01
4.800e+01
8.700e+01
7.500e+01
7.300e+01
5.900e+01
4.900e+01
5.800e+01
5.800e+01
4.300e+01
2.300e+01
2.600e+01
2.000e+01
1.200e+01
9.000e+00
1.000e+01
8.000e+00
3.000e+00
5.000e+00
7.000e+00
1.300e+01
6.000e+00
2.000e+00
3.000e+00
6.000e+00
9.000e+00
1.000e+01
8.000e+00
4.000e+00
0.000e+00
5.000e+00
4.000e+00
7.000e+00
6.000e+00
4.000e+00
1.300e+01
1.000e+01
8.000e+00
3.000e+00
4.000e+00
4.000e+00
4.000e+00
8.000e+00
1.200e+01
6.000e+00
6.000e+00
1.000e+01
3.000e+00
4.000e+00
9.000e+00
1.600e+01
1.400e+01
1.400e+01
1.800e+01
1.000e+01
1.800e+01
1.600e+01
3.200e+01
2.800e+01
3.200e+01
3.300e+01
3.900e+01
3.800e+01
7.200e+01
5.500e+01
5.300e+01
4.100e+01
4.000e+01
2.500e+01
2.400e+01
2.400e+01
2.500e+01
1.500e+01
1.900e+01
3.300e+01
2.900e+01
3.000e+01
3.000e+01
3.900e+01
4.500e+01
4.100e+01
3.300e+01
8.000e+01
8.900e+01
1.250e+02
1.870e+02
2.300e+02
1.090e+02
1.090e+02
7.300e+01
6.800e+01
1.090e+02
9.400e+01
1.490e+02
1.830e+02
2.210e+02
2.580e+02
3.520e+02
3.670e+02
4.050e+02
3.490e+02
3.740e+02
3.420e+02
5.900e+02
1.134e+03
2.197e+03
1.430e+03
8.570e+02
7.390e+02
8.410e+02
8.950e+02
7.310e+02
5.960e+02
5.930e+02
6.850e+02
7.710e+02
8.020e+02
8.050e+02
1.047e+03
2.715e+03
1.877e+04
2.635e+03
1.054e+03
9.280e+02
7.670e+02
8.070e+02
7.310e+02
5.610e+02
6.010e+02
7.080e+02
7.280e+02
8.180e+02
8.550e+02
9.480e+02
1.585e+03
2.310e+03
1.252e+03
7.120e+02
4.340e+02
3.440e+02
3.350e+02
3.390e+02
3.380e+02
2.700e+02
2.300e+02
2.290e+02
2.320e+02
1.640e+02
1.200e+02
8.800e+01
7.100e+01
9.800e+01
9.200e+01
1.230e+02
2.520e+02
2.660e+02
1.480e+02
1.010e+02
6.400e+01
4.100e+01
3.300e+01
5.100e+01
3.800e+01
3.700e+01
2.500e+01
2.500e+01
2.600e+01
2.400e+01
2.300e+01
2.600e+01
2.200e+01
1.300e+01
2.000e+01
2.500e+01
2.200e+01
3.000e+01
3.100e+01
3.500e+01
2.800e+01
4.600e+01
6.400e+01
7.500e+01
5.700e+01
4.400e+01
4.100e+01
5.200e+01
4.500e+01
5.800e+01
3.600e+01
1.800e+01
1.800e+01
1.300e+01
6.000e+00
6.000e+00
4.000e+00
6.000e+00
6.000e+00
9.000e+00
5.000e+00
5.000e+00
2.000e+00
8.000e+00
2.000e+00
4.000e+00
7.000e+00
7.000e+00
7.000e+00
5.000e+00
7.000e+00
6.000e+00
9.000e+00
4.000e+00
8.000e+00
2.000e+00
1.200e+01
1.700e+01
4.000e+00
3.000e+00
1.000e+00
8.000e+00
9.000e+00
8.000e+00
1.000e+01
8.000e+00
7.000e+00
6.000e+00
5.000e+00
1.300e+01
1.600e+01
1.500e+01
1.100e+01
2.000e+01
2.100e+01
1.400e+01
2.600e+01
4.300e+01
3.200e+01
3.500e+01
4.500e+01
4.200e+01
5.400e+01
6.800e+01
6.800e+01
5.200e+01
3.800e+01
5.300e+01
3.200e+01
3.700e+01
2.300e+01
2.300e+01
2.900e+01
3.400e+01
3.500e+01
4.100e+01
4.700e+01
4.000e+01
3.900e+01
5.200e+01
4.800e+01
5.000e+01
6.100e+01
6.200e+01
5.900e+01
1.010e+02
1.440e+02
1.640e+02
2.820e+02
1.740e+02
1.400e+02
1.310e+02
1.490e+02
2.020e+02
2.450e+02
3.150e+02
4.050e+02
4.550e+02
5.240e+02
4.180e+02
4.510e+02
4.430e+02
4.000e+02
5.350e+02
6.110e+02
8.460e+02
1.368e+03
2.625e+03
2.044e+03
1.519e+03
1.636e+03
1.775e+03
1.617e+03
1.399e+03
1.589e+03
1.629e+03
1.848e+03
2.274e+03
2.803e+03
4.002e+03
5.449e+03
8.382e+03
