2.152e+04
5.732e+03
3.441e+03
2.679e+03
2.287e+03
2.005e+03
1.897e+03
1.841e+03
1.872e+03
1.767e+03
1.756e+03
1.834e+03
1.793e+03
1.901e+03
1.965e+03
2.075e+03
2.370e+03
2.287e+03
2.410e+03
2.244e+03
2.185e+03
2.167e+03
2.259e+03
2.134e+03
2.069e+03
1.962e+03
2.035e+03
1.964e+03
2.102e+03
1.953e+03
2.199e+03
2.689e+03
2.939e+03
3.011e+03
2.865e+03
2.338e+03
2.360e+03
2.065e+03
2.053e+03
2.119e+03
2.610e+03
3.110e+03
1.342e+03
9.100e+02
5.490e+02
3.610e+02
1.960e+02
1.570e+02
1.330e+02
2.930e+02
6.030e+02
3.020e+02
3.400e+02
2.570e+02
2.870e+02
6.720e+02
1.488e+03
1.223e+03
4.810e+02
4.250e+02
1.640e+02
8.400e+01
5.600e+01
7.200e+01
6.700e+01
5.700e+01
5.700e+01
7.200e+01
1.450e+02
1.540e+02
1.690e+02
1.810e+02
2.100e+02
1.900e+02
2.150e+02
1.990e+02
2.230e+02
2.190e+02
1.270e+02
1.110e+02
9.100e+01
1.140e+02
9.900e+01
1.040e+02
1.250e+02
1.310e+02
2.090e+02
2.540e+02
3.720e+02
4.570e+02
3.930e+02
2.800e+02
2.630e+02
2.390e+02
2.210e+02
2.500e+02
1.880e+02
1.990e+02
2.080e+02
2.110e+02
1.960e+02
1.590e+02
1.930e+02
2.100e+02
1.870e+02
1.870e+02
1.530e+02
1.820e+02
1.580e+02
1.550e+02
1.800e+02
1.660e+02
1.860e+02
2.080e+02
1.740e+02
1.940e+02
1.870e+02
1.820e+02
1.920e+02
3.270e+02
4.110e+02
3.050e+02
2.160e+02
2.010e+02
1.860e+02
1.720e+02
1.820e+02
1.820e+02
1.960e+02
1.880e+02
1.830e+02
1.710e+02
1.960e+02
2.080e+02
1.850e+02
1.490e+02
1.440e+02
1.240e+02
1.430e+02
1.240e+02
1.330e+02
1.710e+02
1.570e+02
1.590e+02
1.640e+02
1.380e+02
1.630e+02
1.930e+02
3.310e+02
4.590e+02
3.190e+02
2.390e+02
2.050e+02
2.260e+02
1.770e+02
1.770e+02
1.130e+02
9.900e+01
7.900e+01
7.300e+01
8.300e+01
7.000e+01
5.200e+01
6.700e+01
2.100e+01
1.900e+01
3.400e+01
3.000e+01
2.400e+01
1.600e+01
1.200e+01
9.000e+00
1.600e+01
1.200e+01
1.900e+01
1.000e+01
1.600e+01
6.000e+00
8.000e+00
5.000e+00
1.200e+01
1.500e+01
1.000e+01
4.000e+00
1.600e+01
1.200e+01
1.000e+01
2.000e+01
2.500e+01
1.500e+01
2.200e+01
2.000e+01
2.000e+01
3.200e+01
5.000e+01
5.100e+01
5.100e+01
6.400e+01
7.200e+01
7.800e+01
1.220e+02
1.290e+02
9.300e+01
1.390e+02
1.590e+02
2.390e+02
2.540e+02
3.180e+02
2.480e+02
2.850e+02
4.330e+02
5.800e+02
4.110e+02
2.540e+02
1.770e+02
1.520e+02
1.620e+02
1.590e+02
1.380e+02
1.310e+02
1.440e+02
1.370e+02
1.440e+02
1.500e+02
1.680e+02
1.640e+02
1.630e+02
1.670e+02
1.650e+02
1.710e+02
1.890e+02
1.990e+02
1.910e+02
1.870e+02
1.720e+02
1.870e+02
1.700e+02
1.980e+02
2.320e+02
3.220e+02
4.040e+02
3.630e+02
2.270e+02
1.960e+02
2.120e+02
1.950e+02
1.940e+02
1.970e+02
1.960e+02
1.980e+02
2.200e+02
1.860e+02
1.910e+02
2.070e+02
1.760e+02
1.770e+02
2.290e+02
1.960e+02
1.830e+02
1.530e+02
2.490e+02
2.230e+02
2.430e+02
1.940e+02
2.000e+02
2.470e+02
2.470e+02
2.490e+02
2.560e+02
3.080e+02
4.150e+02
4.480e+02
4.310e+02
3.290e+02
2.550e+02
1.900e+02
1.280e+02
1.280e+02
1.050e+02
1.050e+02
7.900e+01
1.190e+02
1.630e+02
2.290e+02
2.660e+02
2.070e+02
1.930e+02
1.830e+02
2.060e+02
1.620e+02
1.510e+02
7.900e+01
9.400e+01
5.300e+01
4.300e+01
7.500e+01
1.180e+02
6.000e+01
5.400e+01
1.020e+02
2.560e+02
4.970e+02
6.000e+02
1.234e+03
1.345e+03
5.170e+02
2.580e+02
2.820e+02
3.040e+02
3.150e+02
5.180e+02
3.100e+02
1.590e+02
1.760e+02
2.100e+02
2.440e+02
4.370e+02
5.700e+02
1.027e+03
1.418e+03
1.642e+03
1.886e+03
2.381e+03
2.607e+03
2.752e+03
2.750e+03
3.053e+03
3.144e+03
3.122e+03
2.754e+03
2.228e+03
2.096e+03
2.021e+03
1.931e+03
1.800e+03
1.974e+03
1.927e+03
1.937e+03
2.299e+03
2.413e+03
2.394e+03
2.480e+03
2.721e+03
2.740e+03
2.834e+03
2.641e+03
2.473e+03
2.471e+03
2.471e+03
2.289e+03
2.112e+03
2.281e+03
2.392e+03
2.371e+03
2.548e+03
2.565e+03
2.838e+03
2.989e+03
3.505e+03
5.734e+03
