7.000e+00
1.000e+00
0.000e+00
0.000e+00
1.000e+00
0.000e+00
3.000e+00
0.000e+00
1.000e+00
0.000e+00
1.000e+00
0.000e+00
0.000e+00
0.000e+00
2.000e+00
1.000e+00
1.000e+00
1.000e+00
2.000e+00
2.000e+00
2.000e+00
2.000e+00
0.000e+00
1.000e+00
0.000e+00
0.000e+00
1.000e+00
3.000e+00
3.000e+00
3.000e+00
6.000e+00
2.000e+00
0.000e+00
5.000e+00
4.000e+00
7.000e+00
5.000e+00
5.000e+00
3.000e+00
7.000e+00
1.000e+01
1.300e+01
9.000e+00
1.400e+01
1.100e+01
1.700e+01
1.700e+01
2.800e+01
2.000e+01
3.800e+01
4.200e+01
5.800e+01
7.600e+01
8.200e+01
9.100e+01
1.150e+02
1.210e+02
1.510e+02
2.190e+02
2.840e+02
4.060e+02
5.180e+02
7.490e+02
1.060e+03
1.588e+03
2.250e+03
2.726e+03
3.303e+03
3.875e+03
4.369e+03
5.147e+03
5.626e+03
6.077e+03
5.530e+03
5.461e+03
5.299e+03
4.996e+03
4.869e+03
4.653e+03
4.179e+03
3.851e+03
4.852e+03
7.462e+03
1.449e+04
6.577e+03
3.584e+03
2.522e+03
2.046e+03
1.737e+03
1.481e+03
1.295e+03
1.226e+03
1.176e+03
1.156e+03
1.054e+03
9.450e+02
9.440e+02
8.990e+02
8.490e+02
8.530e+02
7.240e+02
6.680e+02
6.990e+02
7.040e+02
6.470e+02
6.010e+02
6.510e+02
4.960e+02
4.930e+02
4.370e+02
3.740e+02
2.970e+02
2.640e+02
2.460e+02
2.280e+02
1.960e+02
1.920e+02
1.690e+02
1.690e+02
2.170e+02
1.720e+02
1.650e+02
1.660e+02
1.460e+02
1.540e+02
1.300e+02
1.140e+02
1.120e+02
1.190e+02
8.600e+01
1.150e+02
9.400e+01
8.400e+01
1.020e+02
7.900e+01
9.000e+01
8.800e+01
9.200e+01
9.700e+01
8.100e+01
8.900e+01
6.900e+01
7.400e+01
6.800e+01
8.800e+01
7.800e+01
8.800e+01
9.700e+01
9.900e+01
1.120e+02
1.070e+02
1.260e+02
1.440e+02
1.490e+02
1.810e+02
2.290e+02
2.000e+02
2.380e+02
2.740e+02
3.050e+02
3.610e+02
4.930e+02
5.680e+02
6.270e+02
5.960e+02
6.580e+02
8.010e+02
9.370e+02
1.042e+03
1.233e+03
1.301e+03
1.331e+03
1.556e+03
1.712e+03
2.105e+03
2.513e+03
3.129e+03
3.625e+03
4.276e+03
5.180e+03
6.059e+03
5.223e+03
4.428e+03
3.703e+03
3.151e+03
2.523e+03
2.073e+03
1.718e+03
1.508e+03
1.293e+03
1.298e+03
1.229e+03
1.014e+03
8.280e+02
7.490e+02
6.200e+02
5.620e+02
5.320e+02
5.140e+02
4.230e+02
4.110e+02
2.890e+02
2.970e+02
2.650e+02
2.260e+02
2.030e+02
2.050e+02
1.690e+02
1.470e+02
1.280e+02
1.110e+02
8.700e+01
1.110e+02
1.010e+02
9.500e+01
9.100e+01
7.400e+01
6.800e+01
7.500e+01
6.800e+01
8.900e+01
1.050e+02
7.100e+01
8.700e+01
1.000e+02
1.010e+02
7.600e+01
9.300e+01
8.400e+01
8.800e+01
1.090e+02
9.400e+01
9.000e+01
1.030e+02
1.080e+02
1.330e+02
1.410e+02
1.480e+02
1.640e+02
1.520e+02
1.810e+02
2.010e+02
2.080e+02
2.100e+02
1.730e+02
2.010e+02
2.220e+02
1.980e+02
2.530e+02
2.710e+02
3.220e+02
4.310e+02
4.310e+02
4.790e+02
5.440e+02
5.810e+02
6.110e+02
6.840e+02
7.000e+02
7.080e+02
7.260e+02
7.690e+02
9.140e+02
8.800e+02
9.000e+02
1.018e+03
1.050e+03
1.106e+03
1.037e+03
1.072e+03
1.281e+03
1.331e+03
1.665e+03
1.902e+03
2.459e+03
3.451e+03
6.496e+03
1.373e+04
7.354e+03
4.684e+03
3.557e+03
3.907e+03
4.431e+03
4.946e+03
5.070e+03
5.078e+03
5.255e+03
5.429e+03
5.607e+03
5.540e+03
4.868e+03
4.138e+03
3.632e+03
3.194e+03
2.779e+03
2.187e+03
1.505e+03
1.020e+03
7.190e+02
5.120e+02
4.010e+02
3.020e+02
2.120e+02
1.710e+02
1.250e+02
1.030e+02
8.600e+01
8.600e+01
5.700e+01
7.100e+01
4.800e+01
3.200e+01
3.300e+01
2.200e+01
2.500e+01
2.500e+01
1.300e+01
1.600e+01
7.000e+00
1.000e+01
9.000e+00
6.000e+00
8.000e+00
5.000e+00
3.000e+00
7.000e+00
5.000e+00
6.000e+00
3.000e+00
3.000e+00
4.000e+00
1.000e+00
1.000e+00
1.000e+00
1.000e+00
2.000e+00
3.000e+00
2.000e+00
0.000e+00
2.000e+00
1.000e+00
0.000e+00
0.000e+00
3.000e+00
0.000e+00
0.000e+00
1.000e+00
1.000e+00
1.000e+00
1.000e+00
2.000e+00
0.000e+00
1.000e+00
0.000e+00
0.000e+00
0.000e+00
0.000e+00
0.000e+00
0.000e+00
1.000e+00
