1.866e+04
4.181e+03
2.093e+03
1.437e+03
1.089e+03
8.370e+02
6.990e+02
6.310e+02
6.420e+02
5.750e+02
5.320e+02
5.270e+02
5.040e+02
5.290e+02
5.030e+02
5.740e+02
6.900e+02
7.810e+02
8.550e+02
5.340e+02
4.350e+02
3.890e+02
2.890e+02
3.210e+02
3.250e+02
2.480e+02
2.040e+02
2.200e+02
2.520e+02
2.330e+02
3.170e+02
3.310e+02
3.060e+02
3.960e+02
3.980e+02
4.740e+02
5.290e+02
5.140e+02
6.030e+02
6.880e+02
7.530e+02
9.480e+02
1.078e+03
1.228e+03
1.612e+03
2.576e+03
2.249e+03
1.186e+03
6.630e+02
4.430e+02
3.620e+02
3.080e+02
2.160e+02
1.630e+02
1.150e+02
9.900e+01
6.700e+01
4.800e+01
5.800e+01
3.400e+01
4.400e+01
4.200e+01
3.900e+01
2.500e+01
1.200e+01
9.000e+00
1.000e+01
9.000e+00
1.400e+01
2.500e+01
3.000e+01
3.800e+01
6.000e+01
4.000e+01
2.000e+01
2.900e+01
3.900e+01
4.000e+01
3.300e+01
3.500e+01
4.200e+01
4.400e+01
4.800e+01
6.100e+01
6.400e+01
4.300e+01
8.500e+01
6.400e+01
6.400e+01
6.700e+01
4.200e+01
2.300e+01
3.600e+01
1.700e+01
2.300e+01
2.900e+01
4.100e+01
4.500e+01
3.600e+01
3.900e+01
6.600e+01
3.700e+01
4.400e+01
5.600e+01
4.400e+01
5.500e+01
5.000e+01
6.700e+01
5.000e+01
5.100e+01
6.400e+01
5.900e+01
5.700e+01
4.900e+01
6.900e+01
8.800e+01
9.500e+01
8.000e+01
1.060e+02
1.960e+02
2.430e+02
1.650e+02
1.140e+02
9.500e+01
8.700e+01
7.200e+01
6.000e+01
5.700e+01
5.000e+01
3.200e+01
4.500e+01
3.000e+01
3.700e+01
3.600e+01
4.000e+01
3.200e+01
4.600e+01
5.400e+01
4.600e+01
3.700e+01
3.900e+01
2.700e+01
3.600e+01
3.000e+01
4.200e+01
3.400e+01
4.100e+01
5.200e+01
5.200e+01
5.900e+01
6.300e+01
6.000e+01
4.800e+01
3.300e+01
4.400e+01
3.200e+01
4.300e+01
3.200e+01
4.700e+01
4.600e+01
5.400e+01
6.800e+01
8.500e+01
8.000e+01
6.500e+01
6.700e+01
5.800e+01
4.800e+01
3.400e+01
4.100e+01
2.700e+01
1.400e+01
1.900e+01
1.600e+01
9.000e+00
6.000e+00
1.200e+01
1.200e+01
2.000e+00
7.000e+00
4.000e+00
3.000e+00
5.000e+00
1.100e+01
7.000e+00
9.000e+00
1.000e+01
1.300e+01
1.800e+01
2.700e+01
2.900e+01
3.800e+01
3.300e+01
4.100e+01
5.400e+01
6.000e+01
6.600e+01
6.700e+01
7.400e+01
9.200e+01
7.100e+01
5.600e+01
4.200e+01
5.000e+01
5.800e+01
4.300e+01
3.900e+01
5.900e+01
6.600e+01
8.900e+01
1.140e+02
8.200e+01
8.100e+01
8.000e+01
6.500e+01
5.600e+01
3.900e+01
3.900e+01
4.400e+01
3.100e+01
3.800e+01
4.000e+01
5.200e+01
4.000e+01
4.600e+01
3.400e+01
5.000e+01
5.400e+01
4.600e+01
4.200e+01
5.300e+01
4.100e+01
4.000e+01
6.500e+01
6.200e+01
8.500e+01
8.400e+01
9.600e+01
1.310e+02
1.770e+02
2.250e+02
2.160e+02
1.170e+02
9.900e+01
1.240e+02
8.400e+01
9.800e+01
7.700e+01
7.900e+01
6.400e+01
6.400e+01
6.400e+01
5.600e+01
6.200e+01
5.100e+01
4.900e+01
4.800e+01
4.700e+01
3.400e+01
4.300e+01
5.700e+01
3.100e+01
3.000e+01
3.300e+01
3.900e+01
9.000e+00
3.300e+01
2.900e+01
2.300e+01
2.700e+01
3.000e+01
6.800e+01
1.060e+02
6.000e+01
6.700e+01
5.400e+01
5.000e+01
4.900e+01
4.300e+01
3.200e+01
4.200e+01
4.000e+01
3.500e+01
4.000e+01
3.700e+01
2.500e+01
2.800e+01
2.800e+01
7.800e+01
3.600e+01
2.500e+01
2.600e+01
7.000e+00
1.800e+01
8.000e+00
6.000e+00
1.000e+01
1.800e+01
4.200e+01
4.100e+01
4.400e+01
4.300e+01
4.400e+01
4.500e+01
6.200e+01
9.100e+01
1.090e+02
1.880e+02
2.680e+02
2.980e+02
3.790e+02
4.720e+02
6.830e+02
1.332e+03
2.255e+03
2.382e+03
1.683e+03
1.299e+03
1.252e+03
9.490e+02
7.760e+02
6.920e+02
6.000e+02
5.320e+02
5.050e+02
4.130e+02
3.580e+02
3.320e+02
2.230e+02
2.990e+02
3.020e+02
2.540e+02
3.230e+02
2.120e+02
2.360e+02
2.490e+02
2.700e+02
3.220e+02
3.710e+02
5.230e+02
6.090e+02
6.890e+02
1.002e+03
9.440e+02
7.450e+02
6.890e+02
7.220e+02
7.660e+02
7.410e+02
6.450e+02
6.270e+02
7.220e+02
8.960e+02
8.540e+02
9.660e+02
1.047e+03
1.278e+03
1.475e+03
1.969e+03
4.078e+03
