0.000e+00
0.000e+00
0.000e+00
1.000e+00
0.000e+00
0.000e+00
0.000e+00
0.000e+00
0.000e+00
0.000e+00
0.000e+00
0.000e+00
0.000e+00
0.000e+00
0.000e+00
0.000e+00
1.000e+00
1.000e+00
1.000e+00
1.000e+00
0.000e+00
0.000e+00
1.000e+00
3.000e+00
1.000e+00
1.000e+00
1.000e+00
1.000e+00
2.000e+00
1.000e+00
2.000e+00
0.000e+00
3.000e+00
2.000e+00
2.000e+00
1.000e+00
2.000e+00
4.000e+00
1.000e+00
2.000e+00
0.000e+00
2.000e+00
4.000e+00
3.000e+00
4.000e+00
7.000e+00
1.000e+01
9.000e+00
8.000e+00
1.700e+01
2.000e+01
2.100e+01
4.100e+01
3.700e+01
5.600e+01
6.900e+01
7.900e+01
8.000e+01
1.200e+02
1.500e+02
2.170e+02
2.460e+02
3.180e+02
4.560e+02
5.340e+02
7.290e+02
8.660e+02
1.109e+03
1.274e+03
1.101e+03
9.170e+02
7.420e+02
6.290e+02
5.750e+02
4.550e+02
3.240e+02
2.740e+02
2.670e+02
2.600e+02
2.530e+02
2.830e+02
3.150e+02
3.550e+02
3.970e+02
3.700e+02
4.630e+02
3.940e+02
3.940e+02
3.110e+02
2.460e+02
1.900e+02
1.940e+02
2.010e+02
1.920e+02
1.210e+02
6.500e+01
3.100e+01
2.300e+01
2.000e+01
2.200e+01
2.300e+01
1.200e+01
1.000e+01
1.100e+01
1.000e+01
1.200e+01
6.000e+00
6.000e+00
4.000e+00
6.000e+00
1.000e+00
7.000e+00
4.000e+00
4.000e+00
8.000e+00
7.000e+00
5.000e+00
6.000e+00
1.000e+00
6.000e+00
5.000e+00
7.000e+00
3.000e+00
2.000e+00
3.000e+00
6.000e+00
5.000e+00
7.000e+00
4.000e+00
2.000e+00
3.000e+00
2.000e+00
0.000e+00
0.000e+00
1.000e+00
3.000e+00
1.000e+00
1.000e+00
3.000e+00
0.000e+00
2.000e+00
2.000e+00
4.000e+00
0.000e+00
1.000e+00
0.000e+00
1.000e+00
0.000e+00
1.000e+00
0.000e+00
4.000e+00
2.000e+00
0.000e+00
0.000e+00
0.000e+00
2.000e+00
1.000e+00
4.000e+00
2.000e+00
1.000e+00
1.000e+00
2.000e+00
0.000e+00
3.000e+00
1.000e+00
1.000e+00
0.000e+00
3.000e+00
2.000e+00
2.000e+00
0.000e+00
4.000e+00
4.000e+00
7.000e+00
5.000e+00
8.000e+00
8.000e+00
6.000e+00
1.000e+01
2.400e+01
5.900e+01
1.600e+01
1.800e+01
1.000e+01
7.000e+00
4.000e+00
6.000e+00
4.000e+00
4.000e+00
6.000e+00
5.000e+00
5.000e+00
2.000e+00
2.000e+00
1.000e+00
2.000e+00
2.000e+00
2.000e+00
2.000e+00
0.000e+00
0.000e+00
1.000e+00
2.000e+00
1.000e+00
0.000e+00
0.000e+00
2.000e+00
1.000e+00
0.000e+00
0.000e+00
0.000e+00
0.000e+00
1.000e+00
0.000e+00
0.000e+00
1.000e+00
4.000e+00
1.000e+00
4.000e+00
0.000e+00
1.000e+00
1.000e+00
3.000e+00
1.000e+00
2.000e+00
3.000e+00
1.000e+00
2.000e+00
2.000e+00
0.000e+00
4.000e+00
1.000e+00
1.000e+00
8.000e+00
8.000e+00
3.000e+00
4.000e+00
4.000e+00
3.000e+00
3.000e+00
1.000e+00
2.000e+00
4.000e+00
5.000e+00
3.000e+00
8.000e+00
6.000e+00
5.000e+00
3.000e+00
5.000e+00
5.000e+00
2.000e+00
6.000e+00
7.000e+00
6.000e+00
7.000e+00
5.000e+00
9.000e+00
1.600e+01
1.500e+01
1.500e+01
2.100e+01
3.500e+01
3.200e+01
4.200e+01
6.400e+01
1.220e+02
1.780e+02
1.970e+02
1.690e+02
2.330e+02
2.050e+02
3.230e+02
3.550e+02
3.930e+02
4.160e+02
3.750e+02
3.570e+02
3.880e+02
2.940e+02
2.460e+02
2.650e+02
2.080e+02
2.600e+02
2.830e+02
3.200e+02
4.150e+02
5.460e+02
6.010e+02
7.500e+02
9.550e+02
1.133e+03
1.208e+03
1.134e+03
8.960e+02
7.620e+02
4.980e+02
4.320e+02
3.430e+02
2.280e+02
1.740e+02
1.680e+02
9.700e+01
8.600e+01
6.500e+01
4.600e+01
5.700e+01
5.100e+01
3.100e+01
2.300e+01
1.700e+01
1.400e+01
1.000e+01
1.300e+01
1.000e+01
6.000e+00
3.000e+00
1.000e+00
1.000e+00
3.000e+00
2.000e+00
3.000e+00
2.000e+00
4.000e+00
0.000e+00
1.000e+00
2.000e+00
3.000e+00
1.000e+00
4.000e+00
1.000e+00
1.000e+00
2.000e+00
1.000e+00
0.000e+00
0.000e+00
2.000e+00
0.000e+00
1.000e+00
1.000e+00
2.000e+00
0.000e+00
0.000e+00
0.000e+00
0.000e+00
0.000e+00
0.000e+00
0.000e+00
0.000e+00
0.000e+00
0.000e+00
0.000e+00
0.000e+00
0.000e+00
0.000e+00
0.000e+00
0.000e+00
0.000e+00
0.000e+00
0.000e+00
