2.187e+04
5.848e+03
3.521e+03
2.748e+03
2.354e+03
2.092e+03
1.976e+03
1.929e+03
1.944e+03
1.838e+03
1.815e+03
1.901e+03
1.853e+03
1.959e+03
2.043e+03
2.163e+03
2.440e+03
2.364e+03
2.480e+03
2.354e+03
2.276e+03
2.251e+03
2.374e+03
2.294e+03
2.273e+03
2.163e+03
2.218e+03
2.258e+03
2.450e+03
2.215e+03
2.523e+03
3.032e+03
3.300e+03
3.443e+03
3.340e+03
2.857e+03
2.949e+03
2.683e+03
2.831e+03
3.005e+03
3.631e+03
4.368e+03
2.798e+03
2.548e+03
2.569e+03
3.381e+03
2.974e+03
1.981e+03
1.350e+03
1.283e+03
1.577e+03
1.562e+03
2.086e+03
2.831e+03
3.228e+03
4.346e+03
5.051e+03
9.013e+03
1.705e+04
1.163e+04
1.681e+04
8.474e+03
4.060e+03
2.065e+03
1.151e+03
1.062e+03
8.660e+02
7.070e+02
6.640e+02
4.120e+02
4.250e+02
4.380e+02
4.460e+02
3.740e+02
3.870e+02
3.240e+02
3.060e+02
2.950e+02
1.820e+02
1.730e+02
1.700e+02
1.910e+02
1.770e+02
1.700e+02
1.830e+02
1.760e+02
2.530e+02
2.940e+02
4.050e+02
4.980e+02
4.150e+02
2.980e+02
2.850e+02
2.550e+02
2.350e+02
2.700e+02
2.070e+02
2.090e+02
2.200e+02
2.180e+02
2.100e+02
1.680e+02
2.130e+02
2.210e+02
2.080e+02
2.010e+02
1.710e+02
1.870e+02
1.630e+02
1.640e+02
1.840e+02
1.730e+02
1.910e+02
2.140e+02
1.800e+02
2.010e+02
1.920e+02
1.860e+02
2.010e+02
3.340e+02
4.210e+02
3.110e+02
2.280e+02
2.100e+02
1.940e+02
1.760e+02
1.910e+02
1.870e+02
2.040e+02
1.960e+02
1.870e+02
1.750e+02
1.990e+02
2.120e+02
1.890e+02
1.570e+02
1.540e+02
1.300e+02
1.520e+02
1.300e+02
1.420e+02
1.850e+02
1.680e+02
1.630e+02
1.760e+02
1.460e+02
1.720e+02
2.030e+02
3.490e+02
4.740e+02
3.370e+02
2.640e+02
2.240e+02
2.550e+02
2.130e+02
2.060e+02
1.570e+02
1.500e+02
1.380e+02
1.350e+02
1.460e+02
1.530e+02
1.520e+02
1.670e+02
1.190e+02
1.390e+02
1.470e+02
2.010e+02
1.530e+02
1.490e+02
1.500e+02
1.660e+02
2.030e+02
1.880e+02
1.680e+02
1.950e+02
2.780e+02
3.600e+02
2.570e+02
3.440e+02
2.480e+02
2.790e+02
2.680e+02
3.470e+02
2.330e+02
1.600e+02
1.740e+02
1.730e+02
1.870e+02
1.840e+02
1.610e+02
1.360e+02
1.620e+02
1.910e+02
1.500e+02
1.530e+02
1.390e+02
1.410e+02
1.750e+02
1.880e+02
2.040e+02
1.970e+02
1.520e+02
1.760e+02
1.950e+02
2.950e+02
2.790e+02
3.470e+02
2.760e+02
3.150e+02
4.540e+02
5.910e+02
4.250e+02
2.690e+02
1.860e+02
1.660e+02
1.720e+02
1.690e+02
1.500e+02
1.410e+02
1.560e+02
1.410e+02
1.480e+02
1.530e+02
1.740e+02
1.670e+02
1.740e+02
1.700e+02
1.730e+02
1.750e+02
1.900e+02
2.050e+02
1.980e+02
1.950e+02
1.790e+02
1.930e+02
1.800e+02
2.050e+02
2.430e+02
3.340e+02
4.070e+02
3.760e+02
2.310e+02
2.000e+02
2.150e+02
2.010e+02
2.070e+02
2.030e+02
2.100e+02
2.050e+02
2.260e+02
1.970e+02
2.020e+02
2.160e+02
1.830e+02
1.900e+02
2.400e+02
2.080e+02
1.920e+02
1.690e+02
2.650e+02
2.350e+02
2.550e+02
2.020e+02
2.150e+02
2.540e+02
2.620e+02
2.750e+02
2.670e+02
3.350e+02
4.300e+02
4.810e+02
4.710e+02
3.660e+02
2.960e+02
2.360e+02
1.890e+02
1.920e+02
1.690e+02
1.740e+02
1.490e+02
1.920e+02
2.250e+02
3.030e+02
3.570e+02
3.470e+02
3.810e+02
3.600e+02
3.990e+02
4.440e+02
4.360e+02
3.730e+02
6.380e+02
7.640e+02
1.001e+03
1.251e+03
1.299e+03
1.624e+03
3.695e+03
1.038e+04
1.606e+04
1.166e+04
1.778e+04
9.310e+03
4.883e+03
3.623e+03
2.747e+03
2.309e+03
2.026e+03
1.501e+03
1.546e+03
1.334e+03
1.306e+03
2.051e+03
2.901e+03
3.005e+03
2.446e+03
2.219e+03
2.594e+03
2.650e+03
2.664e+03
2.752e+03
3.130e+03
3.261e+03
3.329e+03
3.237e+03
3.510e+03
3.593e+03
3.429e+03
3.029e+03
2.525e+03
2.356e+03
2.388e+03
2.189e+03
1.985e+03
2.131e+03
2.094e+03
2.076e+03
2.408e+03
2.509e+03
2.489e+03
2.565e+03
2.802e+03
2.813e+03
2.889e+03
2.726e+03
2.544e+03
2.546e+03
2.534e+03
2.339e+03
2.176e+03
2.343e+03
2.470e+03
2.458e+03
2.610e+03
2.632e+03
2.901e+03
3.041e+03
3.573e+03
5.844e+03
