7.000e+00
4.000e+00
0.000e+00
1.000e+00
2.000e+00
1.000e+00
5.000e+00
1.000e+00
1.000e+00
3.000e+00
1.000e+00
1.000e+00
2.000e+00
1.000e+00
1.000e+01
2.000e+00
4.000e+00
5.000e+00
5.000e+00
2.000e+00
6.000e+00
7.000e+00
3.000e+00
3.000e+00
3.000e+00
9.000e+00
5.000e+00
6.000e+00
7.000e+00
8.000e+00
1.100e+01
1.000e+01
1.000e+01
1.500e+01
2.300e+01
1.500e+01
3.300e+01
1.700e+01
1.900e+01
1.700e+01
2.700e+01
2.200e+01
4.000e+01
4.300e+01
3.400e+01
4.200e+01
4.300e+01
6.500e+01
8.400e+01
1.000e+02
8.800e+01
1.230e+02
1.570e+02
1.570e+02
1.920e+02
2.400e+02
2.890e+02
3.560e+02
4.240e+02
5.530e+02
7.280e+02
9.590e+02
1.209e+03
1.400e+03
1.708e+03
2.272e+03
2.703e+03
3.484e+03
4.528e+03
4.944e+03
5.924e+03
6.842e+03
7.747e+03
7.345e+03
7.683e+03
8.448e+03
9.441e+03
8.123e+03
6.317e+03
4.784e+03
4.182e+03
5.030e+03
7.546e+03
1.444e+04
6.582e+03
3.403e+03
2.342e+03
1.837e+03
1.591e+03
1.400e+03
1.220e+03
1.186e+03
1.100e+03
1.094e+03
1.092e+03
1.038e+03
1.065e+03
9.820e+02
9.120e+02
8.980e+02
7.810e+02
7.070e+02
7.230e+02
7.070e+02
6.600e+02
6.210e+02
6.670e+02
5.210e+02
5.220e+02
4.650e+02
3.950e+02
3.040e+02
2.700e+02
2.580e+02
2.350e+02
2.070e+02
1.960e+02
1.710e+02
1.730e+02
2.190e+02
1.740e+02
1.670e+02
1.670e+02
1.410e+02
1.490e+02
1.350e+02
1.180e+02
1.090e+02
1.230e+02
8.800e+01
1.200e+02
9.300e+01
8.700e+01
1.060e+02
8.100e+01
9.000e+01
9.000e+01
9.800e+01
9.900e+01
8.600e+01
9.200e+01
7.200e+01
7.800e+01
7.400e+01
9.700e+01
8.000e+01
8.700e+01
1.030e+02
1.060e+02
1.200e+02
1.090e+02
1.410e+02
1.530e+02
1.630e+02
2.000e+02
2.420e+02
2.160e+02
2.490e+02
2.930e+02
3.200e+02
3.870e+02
5.170e+02
5.970e+02
6.430e+02
6.180e+02
6.850e+02
8.280e+02
9.720e+02
1.082e+03
1.283e+03
1.354e+03
1.405e+03
1.621e+03
1.802e+03
2.208e+03
2.659e+03
3.339e+03
3.874e+03
4.691e+03
6.019e+03
8.322e+03
6.023e+03
4.844e+03
3.982e+03
3.346e+03
2.665e+03
2.167e+03
1.810e+03
1.576e+03
1.332e+03
1.362e+03
1.263e+03
1.062e+03
8.540e+02
7.860e+02
6.460e+02
5.790e+02
5.560e+02
5.360e+02
4.540e+02
4.320e+02
3.070e+02
3.120e+02
2.810e+02
2.410e+02
2.120e+02
2.140e+02
1.810e+02
1.570e+02
1.330e+02
1.210e+02
9.500e+01
1.190e+02
1.020e+02
9.900e+01
9.200e+01
7.300e+01
7.300e+01
7.400e+01
7.200e+01
9.300e+01
1.070e+02
7.800e+01
9.200e+01
1.170e+02
1.100e+02
7.800e+01
9.600e+01
8.700e+01
9.000e+01
1.060e+02
9.700e+01
9.100e+01
1.040e+02
1.180e+02
1.360e+02
1.400e+02
1.540e+02
1.620e+02
1.570e+02
1.870e+02
2.070e+02
2.150e+02
2.070e+02
1.810e+02
2.100e+02
2.150e+02
2.080e+02
2.660e+02
2.930e+02
3.460e+02
4.530e+02
4.420e+02
4.950e+02
5.690e+02
5.870e+02
6.280e+02
7.080e+02
7.290e+02
7.290e+02
7.560e+02
8.220e+02
9.540e+02
9.600e+02
9.990e+02
1.095e+03
1.135e+03
1.100e+03
1.024e+03
1.061e+03
1.208e+03
1.281e+03
1.515e+03
1.753e+03
2.302e+03
3.312e+03
6.477e+03
1.373e+04
7.328e+03
4.893e+03
4.003e+03
4.519e+03
6.303e+03
8.329e+03
9.634e+03
8.157e+03
7.588e+03
7.782e+03
7.374e+03
6.767e+03
5.577e+03
4.624e+03
4.190e+03
3.376e+03
2.834e+03
2.153e+03
1.675e+03
1.410e+03
1.158e+03
9.770e+02
7.280e+02
5.370e+02
4.530e+02
3.730e+02
2.630e+02
2.370e+02
1.740e+02
1.670e+02
1.160e+02
1.420e+02
7.100e+01
9.000e+01
7.200e+01
6.200e+01
4.100e+01
5.600e+01
4.000e+01
3.400e+01
2.900e+01
2.900e+01
2.300e+01
2.800e+01
2.100e+01
2.000e+01
2.100e+01
2.400e+01
1.900e+01
2.300e+01
1.300e+01
1.000e+01
1.300e+01
6.000e+00
3.000e+00
3.000e+00
6.000e+00
8.000e+00
5.000e+00
5.000e+00
1.000e+00
5.000e+00
3.000e+00
1.000e+00
3.000e+00
4.000e+00
2.000e+00
1.000e+00
2.000e+00
4.000e+00
1.000e+00
3.000e+00
3.000e+00
2.000e+00
2.000e+00
3.000e+00
3.000e+00
3.000e+00
0.000e+00
6.000e+00
2.000e+00
2.000e+00
