4.561e+04
1.249e+04
8.441e+03
6.808e+03
5.551e+03
4.554e+03
3.883e+03
3.401e+03
3.247e+03
3.149e+03
2.967e+03
3.047e+03
2.783e+03
2.682e+03
2.628e+03
2.763e+03
2.988e+03
2.834e+03
2.816e+03
2.650e+03
2.506e+03
2.448e+03
2.530e+03
2.432e+03
2.412e+03
2.270e+03
2.292e+03
2.357e+03
2.535e+03
2.306e+03
2.598e+03
3.126e+03
3.384e+03
3.509e+03
3.411e+03
2.935e+03
3.031e+03
2.755e+03
2.910e+03
3.085e+03
3.730e+03
4.491e+03
2.911e+03
2.653e+03
2.723e+03
3.529e+03
3.138e+03
2.172e+03
1.555e+03
1.467e+03
1.722e+03
1.729e+03
2.253e+03
3.033e+03
3.364e+03
4.498e+03
5.193e+03
9.215e+03
1.732e+04
1.195e+04
1.716e+04
8.684e+03
4.237e+03
2.202e+03
1.337e+03
1.191e+03
1.036e+03
9.100e+02
8.990e+02
6.670e+02
6.110e+02
5.910e+02
5.960e+02
5.410e+02
5.540e+02
5.180e+02
5.190e+02
5.790e+02
4.970e+02
4.850e+02
3.670e+02
3.640e+02
3.120e+02
3.490e+02
4.220e+02
6.830e+02
5.470e+02
4.850e+02
5.450e+02
5.990e+02
4.910e+02
5.260e+02
5.970e+02
5.420e+02
4.530e+02
6.190e+02
4.580e+02
3.270e+02
2.860e+02
2.600e+02
2.480e+02
1.920e+02
2.430e+02
2.610e+02
2.300e+02
2.180e+02
1.880e+02
2.010e+02
1.800e+02
1.800e+02
2.030e+02
1.910e+02
2.120e+02
2.330e+02
2.030e+02
2.160e+02
2.040e+02
1.940e+02
2.140e+02
3.420e+02
4.360e+02
3.260e+02
2.420e+02
2.170e+02
2.010e+02
2.000e+02
2.060e+02
1.960e+02
2.120e+02
2.070e+02
1.980e+02
1.840e+02
2.070e+02
2.220e+02
2.080e+02
1.720e+02
1.690e+02
1.510e+02
1.780e+02
1.550e+02
1.680e+02
2.040e+02
1.900e+02
1.830e+02
2.000e+02
1.840e+02
2.020e+02
2.240e+02
3.630e+02
4.920e+02
3.500e+02
2.780e+02
2.470e+02
2.750e+02
2.380e+02
2.320e+02
1.810e+02
1.720e+02
1.740e+02
1.780e+02
1.840e+02
2.000e+02
1.990e+02
2.360e+02
1.950e+02
2.400e+02
2.510e+02
3.220e+02
2.710e+02
2.420e+02
2.170e+02
2.500e+02
2.850e+02
2.750e+02
2.770e+02
3.270e+02
4.690e+02
5.040e+02
4.410e+02
6.260e+02
2.172e+03
5.550e+02
4.420e+02
5.230e+02
3.920e+02
2.690e+02
2.560e+02
2.450e+02
2.680e+02
2.620e+02
2.480e+02
2.440e+02
2.710e+02
2.910e+02
2.600e+02
2.460e+02
2.210e+02
2.110e+02
2.230e+02
2.200e+02
2.420e+02
2.200e+02
1.790e+02
1.960e+02
2.250e+02
3.150e+02
3.010e+02
3.680e+02
2.910e+02
3.320e+02
4.630e+02
6.000e+02
4.380e+02
2.900e+02
2.110e+02
2.140e+02
2.040e+02
1.940e+02
1.730e+02
1.560e+02
1.720e+02
1.680e+02
1.700e+02
1.690e+02
1.910e+02
1.890e+02
1.920e+02
1.850e+02
1.810e+02
1.800e+02
2.010e+02
2.110e+02
2.020e+02
2.070e+02
1.860e+02
2.060e+02
1.880e+02
2.150e+02
2.500e+02
3.450e+02
4.220e+02
3.870e+02
2.410e+02
2.070e+02
2.340e+02
2.130e+02
2.310e+02
2.240e+02
2.290e+02
2.360e+02
2.500e+02
2.180e+02
2.190e+02
2.340e+02
2.020e+02
2.110e+02
2.560e+02
2.290e+02
2.190e+02
2.160e+02
3.000e+02
2.810e+02
3.200e+02
3.040e+02
4.580e+02
4.890e+02
4.630e+02
5.380e+02
4.610e+02
4.270e+02
5.200e+02
5.890e+02
6.440e+02
5.850e+02
7.200e+02
8.630e+02
4.570e+02
3.680e+02
3.100e+02
3.540e+02
3.780e+02
5.000e+02
5.420e+02
6.080e+02
5.970e+02
5.620e+02
5.140e+02
5.360e+02
5.780e+02
6.260e+02
6.460e+02
5.940e+02
8.820e+02
9.760e+02
1.155e+03
1.429e+03
1.476e+03
1.772e+03
3.880e+03
1.061e+04
1.636e+04
1.199e+04
1.801e+04
9.471e+03
5.027e+03
3.744e+03
2.886e+03
2.462e+03
2.247e+03
1.671e+03
1.740e+03
1.560e+03
1.567e+03
2.281e+03
3.088e+03
3.206e+03
2.650e+03
2.457e+03
2.748e+03
2.764e+03
2.771e+03
2.855e+03
3.204e+03
3.326e+03
3.424e+03
3.305e+03
3.591e+03
3.679e+03
3.501e+03
3.119e+03
2.615e+03
2.440e+03
2.479e+03
2.287e+03
2.107e+03
2.263e+03
2.247e+03
2.237e+03
2.603e+03
2.734e+03
2.724e+03
2.893e+03
3.185e+03
3.272e+03
3.398e+03
3.259e+03
3.060e+03
3.262e+03
3.422e+03
3.318e+03
3.189e+03
3.319e+03
3.604e+03
3.682e+03
4.090e+03
4.451e+03
5.422e+03
6.599e+03
8.457e+03
1.261e+04
