1.500e+01
5.000e+00
1.000e+00
2.000e+00
3.000e+00
1.000e+00
7.000e+00
1.000e+00
4.000e+00
4.000e+00
3.000e+00
1.000e+00
3.000e+00
4.000e+00
1.200e+01
3.000e+00
5.000e+00
6.000e+00
6.000e+00
3.000e+00
6.000e+00
8.000e+00
7.000e+00
9.000e+00
7.000e+00
1.100e+01
9.000e+00
9.000e+00
1.200e+01
1.000e+01
1.800e+01
1.100e+01
1.300e+01
2.200e+01
2.600e+01
2.000e+01
3.700e+01
2.500e+01
2.400e+01
2.500e+01
3.400e+01
3.200e+01
4.800e+01
5.800e+01
4.500e+01
6.000e+01
6.700e+01
8.300e+01
1.010e+02
1.310e+02
1.240e+02
1.680e+02
2.110e+02
2.100e+02
2.650e+02
3.400e+02
3.980e+02
4.670e+02
5.930e+02
7.680e+02
1.034e+03
1.317e+03
1.664e+03
2.118e+03
2.727e+03
3.639e+03
4.242e+03
5.306e+03
6.581e+03
6.750e+03
7.474e+03
8.176e+03
9.011e+03
8.481e+03
8.564e+03
9.147e+03
1.006e+04
8.661e+03
6.842e+03
5.306e+03
4.665e+03
5.495e+03
8.051e+03
1.496e+04
7.047e+03
3.967e+03
2.829e+03
2.311e+03
1.977e+03
1.728e+03
1.495e+03
1.455e+03
1.357e+03
1.352e+03
1.276e+03
1.143e+03
1.134e+03
1.054e+03
9.680e+02
9.650e+02
8.470e+02
7.630e+02
7.770e+02
7.680e+02
7.030e+02
6.600e+02
6.910e+02
5.400e+02
5.330e+02
4.810e+02
4.070e+02
3.290e+02
2.860e+02
2.710e+02
2.460e+02
2.170e+02
2.050e+02
1.840e+02
1.820e+02
2.320e+02
1.830e+02
1.770e+02
1.770e+02
1.510e+02
1.590e+02
1.410e+02
1.280e+02
1.190e+02
1.270e+02
9.200e+01
1.240e+02
1.000e+02
9.100e+01
1.080e+02
8.300e+01
9.300e+01
9.300e+01
9.900e+01
1.030e+02
8.600e+01
9.400e+01
7.500e+01
8.200e+01
7.400e+01
9.900e+01
8.400e+01
9.100e+01
1.050e+02
1.070e+02
1.200e+02
1.150e+02
1.440e+02
1.540e+02
1.660e+02
2.000e+02
2.450e+02
2.170e+02
2.530e+02
2.960e+02
3.230e+02
3.880e+02
5.200e+02
6.020e+02
6.470e+02
6.210e+02
6.870e+02
8.300e+02
9.760e+02
1.085e+03
1.286e+03
1.357e+03
1.415e+03
1.631e+03
1.812e+03
2.219e+03
2.671e+03
3.351e+03
3.892e+03
4.707e+03
6.058e+03
8.454e+03
6.057e+03
4.871e+03
4.005e+03
3.366e+03
2.674e+03
2.175e+03
1.819e+03
1.584e+03
1.343e+03
1.367e+03
1.272e+03
1.067e+03
8.570e+02
7.880e+02
6.500e+02
5.840e+02
5.580e+02
5.430e+02
4.550e+02
4.330e+02
3.080e+02
3.170e+02
2.830e+02
2.420e+02
2.140e+02
2.170e+02
1.830e+02
1.580e+02
1.330e+02
1.220e+02
9.600e+01
1.200e+02
1.050e+02
9.900e+01
9.400e+01
7.900e+01
7.400e+01
7.900e+01
7.200e+01
9.400e+01
1.100e+02
8.300e+01
9.500e+01
1.200e+02
1.140e+02
7.900e+01
9.800e+01
9.100e+01
9.400e+01
1.150e+02
1.010e+02
9.300e+01
1.130e+02
1.260e+02
1.390e+02
1.450e+02
1.600e+02
1.740e+02
1.640e+02
1.960e+02
2.180e+02
2.250e+02
2.200e+02
1.890e+02
2.200e+02
2.310e+02
2.240e+02
2.820e+02
3.040e+02
3.560e+02
4.650e+02
4.590e+02
5.180e+02
5.860e+02
6.320e+02
6.620e+02
7.590e+02
7.880e+02
7.890e+02
8.080e+02
8.790e+02
1.036e+03
1.025e+03
1.071e+03
1.191e+03
1.296e+03
1.330e+03
1.272e+03
1.286e+03
1.503e+03
1.552e+03
1.907e+03
2.180e+03
2.787e+03
3.828e+03
6.958e+03
1.422e+04
7.852e+03
5.353e+03
4.400e+03
5.013e+03
6.715e+03
8.842e+03
1.023e+04
8.816e+03
8.361e+03
8.830e+03
8.552e+03
8.067e+03
7.113e+03
6.385e+03
5.995e+03
5.121e+03
4.367e+03
3.464e+03
2.587e+03
2.031e+03
1.616e+03
1.311e+03
1.007e+03
7.750e+02
5.900e+02
4.990e+02
3.530e+02
3.120e+02
2.490e+02
2.310e+02
1.650e+02
1.830e+02
1.120e+02
1.220e+02
9.700e+01
8.200e+01
6.600e+01
7.700e+01
5.100e+01
4.200e+01
3.300e+01
3.900e+01
3.200e+01
3.500e+01
3.400e+01
3.000e+01
2.200e+01
3.100e+01
2.700e+01
3.100e+01
1.700e+01
2.100e+01
1.700e+01
9.000e+00
7.000e+00
8.000e+00
7.000e+00
8.000e+00
9.000e+00
7.000e+00
4.000e+00
6.000e+00
5.000e+00
1.000e+00
3.000e+00
4.000e+00
5.000e+00
2.000e+00
4.000e+00
5.000e+00
1.000e+00
3.000e+00
5.000e+00
2.000e+00
2.000e+00
3.000e+00
3.000e+00
3.000e+00
0.000e+00
6.000e+00
4.000e+00
5.000e+00
