4.800e+01
2.100e+01
2.200e+01
1.900e+01
2.800e+01
2.200e+01
3.200e+01
9.000e+00
2.200e+01
2.000e+01
2.600e+01
2.900e+01
2.100e+01
2.300e+01
4.400e+01
3.200e+01
2.200e+01
2.500e+01
2.100e+01
2.000e+01
2.600e+01
3.100e+01
3.200e+01
3.400e+01
3.800e+01
5.400e+01
5.100e+01
5.300e+01
6.500e+01
5.400e+01
6.500e+01
6.400e+01
7.500e+01
1.000e+02
1.130e+02
1.380e+02
1.660e+02
1.520e+02
1.860e+02
1.950e+02
2.230e+02
2.480e+02
3.110e+02
3.140e+02
3.570e+02
4.100e+02
4.770e+02
4.990e+02
6.570e+02
7.750e+02
8.210e+02
9.800e+02
1.290e+03
1.457e+03
1.687e+03
1.976e+03
2.487e+03
3.041e+03
4.043e+03
5.245e+03
7.468e+03
1.108e+04
1.120e+04
8.000e+03
6.998e+03
7.533e+03
8.011e+03
8.766e+03
9.670e+03
9.685e+03
1.040e+04
1.082e+04
1.153e+04
1.106e+04
1.156e+04
1.197e+04
1.284e+04
1.199e+04
9.972e+03
8.130e+03
7.328e+03
7.547e+03
9.899e+03
1.688e+04
9.144e+03
5.616e+03
4.244e+03
3.455e+03
3.020e+03
2.631e+03
2.215e+03
2.115e+03
1.901e+03
1.877e+03
1.771e+03
1.612e+03
1.568e+03
1.460e+03
1.370e+03
1.368e+03
1.239e+03
1.143e+03
1.154e+03
1.106e+03
1.005e+03
9.710e+02
1.048e+03
8.300e+02
8.330e+02
7.810e+02
7.520e+02
6.440e+02
6.340e+02
6.000e+02
5.620e+02
5.340e+02
4.730e+02
4.170e+02
4.370e+02
5.740e+02
4.600e+02
4.540e+02
4.720e+02
4.330e+02
4.010e+02
3.880e+02
4.020e+02
4.200e+02
4.030e+02
4.180e+02
4.710e+02
3.860e+02
4.080e+02
4.320e+02
3.920e+02
3.890e+02
4.470e+02
5.550e+02
5.430e+02
5.330e+02
5.470e+02
4.900e+02
5.220e+02
5.970e+02
6.400e+02
7.330e+02
8.670e+02
1.073e+03
1.472e+03
1.816e+03
1.650e+03
1.681e+03
1.607e+03
1.931e+03
2.476e+03
2.159e+03
1.919e+03
2.025e+03
2.191e+03
2.434e+03
3.045e+03
3.084e+03
3.670e+03
3.379e+03
3.317e+03
3.483e+03
3.786e+03
3.873e+03
3.984e+03
4.489e+03
4.296e+03
4.169e+03
4.190e+03
4.071e+03
4.418e+03
4.922e+03
5.911e+03
6.559e+03
7.979e+03
1.092e+04
1.938e+04
1.087e+04
8.289e+03
6.713e+03
5.793e+03
4.837e+03
4.364e+03
3.980e+03
3.959e+03
3.762e+03
3.927e+03
4.126e+03
3.857e+03
3.576e+03
3.370e+03
3.254e+03
2.783e+03
2.967e+03
3.410e+03
2.557e+03
2.397e+03
1.836e+03
1.720e+03
1.665e+03
1.693e+03
1.798e+03
2.142e+03
1.638e+03
1.279e+03
1.339e+03
1.491e+03
1.622e+03
1.169e+03
9.050e+02
7.270e+02
6.920e+02
5.700e+02
4.830e+02
5.340e+02
4.960e+02
4.440e+02
4.660e+02
4.590e+02
4.660e+02
4.530e+02
4.050e+02
3.980e+02
4.160e+02
3.810e+02
3.960e+02
4.100e+02
4.290e+02
4.370e+02
4.140e+02
4.350e+02
4.510e+02
4.230e+02
4.010e+02
4.720e+02
4.230e+02
5.040e+02
5.270e+02
4.770e+02
4.620e+02
4.240e+02
4.990e+02
4.880e+02
5.390e+02
5.780e+02
5.810e+02
7.070e+02
7.740e+02
7.900e+02
8.300e+02
9.520e+02
9.550e+02
1.004e+03
1.177e+03
1.221e+03
1.262e+03
1.261e+03
1.377e+03
1.500e+03
1.521e+03
1.564e+03
1.691e+03
1.921e+03
1.947e+03
1.931e+03
2.076e+03
2.330e+03
2.621e+03
3.248e+03
3.742e+03
4.529e+03
5.644e+03
9.162e+03
1.624e+04
9.973e+03
7.815e+03
7.561e+03
8.420e+03
1.033e+04
1.259e+04
1.334e+04
1.210e+04
1.146e+04
1.160e+04
1.114e+04
1.090e+04
1.008e+04
9.574e+03
9.401e+03
8.760e+03
8.240e+03
7.373e+03
6.998e+03
7.867e+03
1.137e+04
1.127e+04
7.671e+03
5.240e+03
4.129e+03
3.330e+03
2.662e+03
2.193e+03
1.783e+03
1.465e+03
1.243e+03
1.068e+03
8.590e+02
7.590e+02
6.020e+02
5.720e+02
5.100e+02
4.540e+02
4.400e+02
3.500e+02
2.870e+02
2.460e+02
2.250e+02
2.050e+02
1.790e+02
1.690e+02
1.420e+02
1.410e+02
1.220e+02
1.080e+02
9.600e+01
8.200e+01
6.200e+01
4.900e+01
5.700e+01
5.400e+01
4.400e+01
4.300e+01
3.500e+01
4.800e+01
3.300e+01
3.400e+01
3.500e+01
1.800e+01
3.400e+01
2.100e+01
3.600e+01
2.600e+01
2.200e+01
2.700e+01
1.600e+01
3.300e+01
2.500e+01
2.300e+01
3.400e+01
1.200e+01
2.300e+01
2.000e+01
2.000e+01
2.600e+01
2.700e+01
2.600e+01
