9.941e+03
1.618e+03
1.109e+03
8.300e+02
8.360e+02
8.180e+02
7.520e+02
5.720e+02
5.650e+02
5.880e+02
5.600e+02
5.240e+02
5.560e+02
3.770e+02
3.550e+02
3.300e+02
2.700e+02
2.350e+02
1.590e+02
1.740e+02
1.250e+02
1.160e+02
1.000e+02
1.050e+02
1.160e+02
1.290e+02
1.740e+02
2.110e+02
2.190e+02
2.340e+02
2.300e+02
1.790e+02
1.450e+02
1.380e+02
9.500e+01
6.700e+01
6.000e+01
5.500e+01
4.400e+01
4.400e+01
4.000e+01
4.800e+01
4.000e+01
4.300e+01
2.700e+01
3.000e+01
1.700e+01
1.800e+01
2.000e+01
2.000e+01
2.300e+01
1.600e+01
1.700e+01
2.200e+01
2.900e+01
2.600e+01
3.800e+01
3.200e+01
5.400e+01
6.000e+01
2.100e+01
5.400e+01
4.100e+01
3.700e+01
4.100e+01
4.300e+01
4.200e+01
2.400e+01
1.900e+01
1.500e+01
7.000e+00
1.000e+01
2.000e+00
5.000e+00
1.200e+01
3.000e+00
5.000e+00
5.000e+00
4.000e+00
6.000e+00
3.000e+00
5.000e+00
2.000e+00
1.100e+01
0.000e+00
1.000e+00
5.000e+00
6.000e+00
2.000e+00
4.000e+00
4.000e+00
2.000e+00
0.000e+00
2.000e+00
2.000e+00
3.000e+00
1.000e+01
3.000e+00
1.000e+00
0.000e+00
3.000e+00
2.000e+00
4.000e+00
0.000e+00
2.000e+00
5.000e+00
1.000e+00
4.000e+00
3.000e+00
4.000e+00
4.000e+00
1.000e+01
5.000e+00
4.000e+00
1.700e+01
1.000e+01
2.400e+01
2.900e+01
3.800e+01
3.600e+01
4.300e+01
3.900e+01
3.200e+01
3.100e+01
3.400e+01
1.400e+01
1.500e+01
1.700e+01
1.200e+01
1.700e+01
1.300e+01
1.400e+01
2.200e+01
2.100e+01
9.000e+00
1.800e+01
1.000e+01
1.800e+01
1.100e+01
1.600e+01
2.200e+01
2.400e+01
3.000e+01
3.000e+01
3.800e+01
3.500e+01
4.400e+01
6.400e+01
5.600e+01
8.300e+01
1.120e+02
1.200e+02
1.570e+02
1.390e+02
1.250e+02
8.500e+01
8.200e+01
6.900e+01
4.600e+01
5.100e+01
4.900e+01
6.600e+01
7.000e+01
1.110e+02
1.270e+02
1.580e+02
1.900e+02
2.070e+02
2.710e+02
2.250e+02
1.960e+02
1.780e+02
1.660e+02
1.870e+02
1.820e+02
1.840e+02
1.910e+02
1.410e+02
1.610e+02
2.800e+02
2.012e+03
2.700e+02
1.770e+02
1.510e+02
1.760e+02
1.720e+02
1.740e+02
1.690e+02
1.550e+02
1.570e+02
1.860e+02
2.260e+02
2.670e+02
2.210e+02
1.910e+02
1.880e+02
1.560e+02
1.300e+02
9.400e+01
7.400e+01
4.900e+01
5.300e+01
6.300e+01
6.100e+01
6.600e+01
1.170e+02
1.230e+02
1.330e+02
1.550e+02
1.430e+02
1.030e+02
8.100e+01
5.700e+01
6.500e+01
5.100e+01
3.700e+01
3.100e+01
3.400e+01
4.600e+01
2.700e+01
2.100e+01
1.900e+01
2.200e+01
2.000e+01
1.200e+01
2.000e+01
1.300e+01
2.100e+01
1.700e+01
1.400e+01
1.200e+01
1.300e+01
1.600e+01
2.000e+01
2.300e+01
1.900e+01
4.100e+01
4.900e+01
4.500e+01
5.100e+01
3.700e+01
3.000e+01
4.000e+01
2.100e+01
1.700e+01
1.300e+01
9.000e+00
1.100e+01
7.000e+00
1.100e+01
2.000e+00
2.000e+00
2.000e+00
3.000e+00
1.000e+00
5.000e+00
3.000e+00
2.000e+00
5.000e+00
2.000e+00
3.000e+00
2.000e+00
1.000e+00
7.000e+00
1.500e+01
5.000e+00
1.000e+00
0.000e+00
3.000e+00
4.000e+00
3.000e+00
7.000e+00
5.000e+00
4.000e+00
5.000e+00
1.000e+00
2.000e+00
1.000e+00
3.000e+00
4.000e+00
2.000e+00
3.000e+00
6.000e+00
3.000e+00
3.000e+00
8.000e+00
8.000e+00
8.000e+00
5.000e+00
5.000e+00
1.200e+01
1.400e+01
1.400e+01
2.200e+01
2.500e+01
3.400e+01
4.000e+01
3.900e+01
6.700e+01
5.700e+01
3.700e+01
4.600e+01
2.500e+01
3.100e+01
2.400e+01
3.000e+01
2.700e+01
2.100e+01
1.400e+01
1.900e+01
2.600e+01
2.000e+01
2.800e+01
1.700e+01
2.300e+01
3.000e+01
2.500e+01
3.000e+01
3.500e+01
3.400e+01
2.700e+01
3.600e+01
3.100e+01
3.400e+01
5.400e+01
6.300e+01
7.400e+01
1.080e+02
1.660e+02
1.980e+02
2.170e+02
2.480e+02
2.080e+02
2.050e+02
1.820e+02
1.320e+02
1.250e+02
1.100e+02
9.600e+01
9.600e+01
1.180e+02
1.560e+02
1.190e+02
1.670e+02
1.970e+02
2.790e+02
3.240e+02
3.600e+02
4.510e+02
4.870e+02
5.250e+02
5.110e+02
4.950e+02
4.680e+02
4.990e+02
6.540e+02
7.270e+02
8.320e+02
1.030e+03
1.619e+03
