2.465e+03
7.550e+02
5.620e+02
4.500e+02
5.180e+02
4.450e+02
5.270e+02
5.050e+02
6.310e+02
6.360e+02
5.190e+02
5.920e+02
5.740e+02
5.880e+02
5.600e+02
5.560e+02
5.430e+02
5.310e+02
6.340e+02
5.960e+02
5.040e+02
5.430e+02
5.760e+02
5.160e+02
4.620e+02
4.320e+02
3.200e+02
2.420e+02
2.050e+02
1.900e+02
1.830e+02
1.780e+02
2.020e+02
1.660e+02
2.170e+02
2.120e+02
2.160e+02
1.900e+02
1.580e+02
1.420e+02
1.390e+02
1.060e+02
7.700e+01
5.600e+01
7.000e+01
4.300e+01
4.200e+01
7.400e+01
7.700e+01
4.300e+01
7.000e+01
9.500e+01
6.900e+01
4.600e+01
3.800e+01
2.300e+01
2.500e+01
4.000e+01
2.800e+01
1.900e+01
8.000e+00
4.000e+00
6.000e+00
4.000e+00
0.000e+00
3.000e+00
4.000e+00
8.000e+00
5.000e+00
2.700e+01
1.500e+01
1.100e+01
1.000e+01
2.000e+01
1.000e+01
5.000e+00
9.000e+00
1.100e+01
9.000e+00
7.000e+00
3.000e+00
6.000e+00
8.000e+00
7.000e+00
7.000e+00
9.000e+00
1.200e+01
7.000e+00
9.000e+00
1.100e+01
1.300e+01
2.000e+01
1.800e+01
1.700e+01
1.900e+01
1.700e+01
7.000e+00
1.900e+01
6.000e+00
1.200e+01
1.600e+01
1.100e+01
1.800e+01
1.000e+01
1.100e+01
1.800e+01
1.200e+01
1.600e+01
2.000e+01
2.700e+01
1.400e+01
2.000e+01
2.400e+01
3.500e+01
3.400e+01
2.900e+01
3.500e+01
2.800e+01
3.600e+01
5.500e+01
4.400e+01
4.300e+01
4.000e+01
3.100e+01
3.300e+01
4.000e+01
3.300e+01
2.100e+01
2.700e+01
2.800e+01
2.700e+01
2.800e+01
2.400e+01
2.700e+01
2.300e+01
2.200e+01
2.000e+01
2.500e+01
1.900e+01
1.800e+01
1.600e+01
2.700e+01
1.900e+01
1.600e+01
1.200e+01
1.800e+01
1.900e+01
1.800e+01
1.300e+01
1.300e+01
1.500e+01
1.800e+01
1.000e+01
1.800e+01
1.000e+01
1.700e+01
1.700e+01
5.000e+00
6.000e+00
1.000e+01
3.000e+00
3.000e+00
5.000e+00
5.000e+00
2.000e+00
1.000e+00
3.000e+00
3.000e+00
1.000e+00
1.000e+00
5.000e+00
2.000e+00
0.000e+00
2.000e+00
3.000e+00
3.000e+00
4.000e+00
5.000e+00
2.000e+00
1.000e+00
2.000e+00
1.000e+00
0.000e+00
5.000e+00
5.000e+00
4.000e+00
4.000e+00
3.000e+00
3.000e+00
4.000e+00
3.000e+00
3.000e+00
9.000e+00
6.000e+00
8.000e+00
4.000e+00
5.000e+00
9.000e+00
1.100e+01
4.000e+00
8.000e+00
1.100e+01
1.000e+01
1.800e+01
2.400e+01
1.500e+01
3.800e+01
4.500e+01
2.400e+01
4.700e+01
2.800e+01
2.000e+01
1.800e+01
3.500e+01
3.700e+01
2.600e+01
2.100e+01
2.800e+01
2.100e+01
2.300e+01
2.800e+01
1.800e+01
1.700e+01
3.400e+01
2.900e+01
3.000e+01
2.500e+01
3.300e+01
3.500e+01
3.500e+01
3.300e+01
2.600e+01
3.100e+01
3.600e+01
3.500e+01
3.700e+01
2.700e+01
3.100e+01
4.000e+01
3.600e+01
5.700e+01
6.800e+01
3.800e+01
3.200e+01
3.300e+01
3.500e+01
2.800e+01
3.200e+01
2.600e+01
3.600e+01
2.500e+01
3.100e+01
2.800e+01
1.900e+01
1.400e+01
1.500e+01
1.600e+01
1.700e+01
1.200e+01
1.900e+01
1.400e+01
1.200e+01
1.300e+01
1.600e+01
2.100e+01
1.100e+01
2.100e+01
2.600e+01
1.900e+01
2.500e+01
1.500e+01
1.300e+01
1.200e+01
1.500e+01
1.100e+01
6.000e+00
6.000e+00
4.000e+00
7.000e+00
3.000e+00
6.000e+00
8.000e+00
6.000e+00
1.200e+01
4.000e+00
7.000e+00
1.000e+01
1.700e+01
1.600e+01
9.000e+00
9.000e+00
8.000e+00
5.000e+00
2.000e+00
1.000e+00
4.000e+00
0.000e+00
5.000e+00
1.000e+01
2.000e+01
2.000e+01
2.700e+01
2.000e+01
4.300e+01
2.900e+01
2.100e+01
2.700e+01
4.600e+01
7.500e+01
1.080e+02
9.600e+01
6.200e+01
9.000e+01
8.400e+01
3.700e+01
5.000e+01
8.400e+01
8.800e+01
1.940e+02
1.200e+02
1.750e+02
1.860e+02
2.160e+02
2.130e+02
2.150e+02
2.050e+02
2.200e+02
1.960e+02
2.090e+02
2.140e+02
1.830e+02
2.220e+02
2.260e+02
2.650e+02
3.890e+02
4.640e+02
6.090e+02
6.040e+02
5.760e+02
5.370e+02
5.000e+02
5.910e+02
6.110e+02
7.170e+02
9.960e+02
1.118e+03
1.022e+03
1.102e+03
9.190e+02
6.970e+02
5.590e+02
5.210e+02
4.920e+02
4.650e+02
4.720e+02
4.240e+02
4.160e+02
4.900e+02
5.410e+02
7.140e+02
