0.000e+00
1.000e+00
0.000e+00
0.000e+00
0.000e+00
0.000e+00
1.000e+00
0.000e+00
0.000e+00
2.000e+00
0.000e+00
0.000e+00
0.000e+00
1.000e+00
1.000e+00
3.000e+00
1.000e+00
2.000e+00
1.000e+00
1.000e+00
1.000e+00
1.000e+00
1.000e+00
5.000e+00
4.000e+00
1.000e+00
4.000e+00
3.000e+00
5.000e+00
4.000e+00
2.000e+00
1.000e+00
2.000e+00
2.000e+00
7.000e+00
7.000e+00
3.000e+00
5.000e+00
2.000e+00
5.000e+00
5.000e+00
6.000e+00
8.000e+00
3.000e+00
8.000e+00
1.100e+01
1.200e+01
1.400e+01
2.100e+01
2.400e+01
1.800e+01
1.900e+01
2.600e+01
2.800e+01
3.900e+01
2.900e+01
3.200e+01
4.300e+01
5.600e+01
5.000e+01
7.200e+01
7.500e+01
6.700e+01
1.060e+02
1.050e+02
9.300e+01
1.050e+02
1.170e+02
1.380e+02
1.670e+02
2.180e+02
2.400e+02
2.590e+02
3.020e+02
3.890e+02
3.940e+02
4.390e+02
4.350e+02
4.740e+02
4.180e+02
4.570e+02
4.850e+02
5.210e+02
5.100e+02
5.760e+02
5.660e+02
5.930e+02
6.940e+02
6.880e+02
7.350e+02
7.800e+02
7.460e+02
7.080e+02
7.340e+02
7.400e+02
7.030e+02
6.610e+02
7.210e+02
7.700e+02
7.550e+02
7.300e+02
6.990e+02
7.020e+02
7.550e+02
8.220e+02
9.020e+02
8.470e+02
7.530e+02
7.370e+02
7.400e+02
6.060e+02
5.300e+02
4.410e+02
3.400e+02
2.680e+02
2.400e+02
1.690e+02
1.700e+02
1.370e+02
1.440e+02
9.400e+01
8.000e+01
7.400e+01
5.200e+01
4.500e+01
4.500e+01
2.400e+01
2.200e+01
2.600e+01
2.100e+01
1.900e+01
1.400e+01
1.200e+01
9.000e+00
8.000e+00
2.000e+00
5.000e+00
1.000e+00
1.000e+00
4.000e+00
1.000e+00
2.000e+00
1.000e+00
0.000e+00
1.000e+00
1.000e+00
1.000e+00
0.000e+00
1.000e+00
0.000e+00
1.000e+00
0.000e+00
0.000e+00
0.000e+00
1.000e+00
0.000e+00
0.000e+00
0.000e+00
0.000e+00
0.000e+00
1.000e+00
0.000e+00
0.000e+00
0.000e+00
0.000e+00
0.000e+00
0.000e+00
0.000e+00
0.000e+00
1.000e+00
0.000e+00
0.000e+00
0.000e+00
0.000e+00
0.000e+00
0.000e+00
0.000e+00
0.000e+00
0.000e+00
0.000e+00
0.000e+00
1.000e+00
1.000e+00
0.000e+00
0.000e+00
0.000e+00
1.000e+00
1.000e+00
0.000e+00
0.000e+00
0.000e+00
0.000e+00
0.000e+00
0.000e+00
0.000e+00
0.000e+00
0.000e+00
0.000e+00
0.000e+00
0.000e+00
1.000e+00
2.000e+00
1.000e+00
0.000e+00
0.000e+00
0.000e+00
0.000e+00
1.000e+00
0.000e+00
1.000e+00
1.000e+00
1.000e+00
4.000e+00
1.000e+00
4.000e+00
2.000e+00
0.000e+00
4.000e+00
1.000e+00
1.000e+00
3.000e+00
5.000e+00
3.000e+00
6.000e+00
3.000e+00
7.000e+00
5.000e+00
8.000e+00
1.300e+01
9.000e+00
1.300e+01
2.000e+01
2.100e+01
3.200e+01
3.800e+01
3.900e+01
6.100e+01
5.600e+01
8.200e+01
1.240e+02
1.200e+02
1.560e+02
1.470e+02
1.780e+02
2.060e+02
2.340e+02
2.870e+02
4.170e+02
4.700e+02
6.070e+02
6.550e+02
7.900e+02
8.400e+02
8.830e+02
9.190e+02
9.400e+02
8.400e+02
7.860e+02
7.850e+02
8.060e+02
7.500e+02
7.890e+02
7.980e+02
7.790e+02
7.220e+02
8.150e+02
7.970e+02
8.070e+02
7.860e+02
8.100e+02
8.370e+02
8.610e+02
7.350e+02
6.680e+02
5.640e+02
5.760e+02
5.590e+02
5.220e+02
5.330e+02
5.730e+02
5.160e+02
4.990e+02
5.520e+02
4.860e+02
4.640e+02
4.000e+02
4.350e+02
3.480e+02
2.940e+02
2.640e+02
2.570e+02
2.010e+02
1.720e+02
1.290e+02
1.150e+02
9.600e+01
8.600e+01
7.900e+01
7.700e+01
5.600e+01
4.400e+01
5.700e+01
5.400e+01
3.200e+01
3.000e+01
3.700e+01
3.200e+01
2.300e+01
3.100e+01
2.300e+01
2.200e+01
1.300e+01
1.400e+01
2.700e+01
9.000e+00
1.100e+01
1.100e+01
8.000e+00
8.000e+00
1.200e+01
4.000e+00
7.000e+00
7.000e+00
5.000e+00
5.000e+00
4.000e+00
2.000e+00
3.000e+00
2.000e+00
6.000e+00
1.000e+00
2.000e+00
4.000e+00
9.000e+00
7.000e+00
1.000e+01
2.000e+00
1.000e+00
1.000e+00
0.000e+00
0.000e+00
1.000e+00
1.000e+00
5.000e+00
1.000e+00
0.000e+00
1.000e+00
1.000e+00
2.000e+00
1.000e+00
1.000e+00
0.000e+00
0.000e+00
0.000e+00
2.000e+00
1.000e+00
3.000e+00
1.000e+00
0.000e+00
0.000e+00
