2.484e+03
7.740e+02
5.740e+02
4.600e+02
5.280e+02
4.560e+02
5.370e+02
5.220e+02
6.440e+02
6.500e+02
5.390e+02
6.150e+02
6.080e+02
6.090e+02
5.930e+02
5.840e+02
5.630e+02
5.460e+02
6.550e+02
6.220e+02
5.200e+02
5.790e+02
6.150e+02
5.500e+02
5.120e+02
4.710e+02
3.630e+02
2.730e+02
2.440e+02
2.220e+02
2.160e+02
2.360e+02
2.400e+02
2.380e+02
2.690e+02
2.700e+02
2.870e+02
2.710e+02
2.580e+02
2.620e+02
3.460e+02
3.430e+02
2.780e+02
2.100e+02
2.560e+02
2.390e+02
2.490e+02
2.920e+02
2.590e+02
2.430e+02
3.430e+02
3.880e+02
4.020e+02
3.930e+02
4.750e+02
1.058e+03
1.619e+03
1.479e+03
1.015e+03
8.340e+02
6.260e+02
5.900e+02
4.810e+02
4.290e+02
2.990e+02
2.510e+02
2.060e+02
1.930e+02
1.100e+02
1.380e+02
1.000e+02
7.900e+01
6.400e+01
6.200e+01
4.300e+01
3.100e+01
2.200e+01
2.900e+01
1.500e+01
1.100e+01
4.000e+00
8.000e+00
8.000e+00
1.000e+01
7.000e+00
1.000e+01
1.300e+01
9.000e+00
1.000e+01
1.300e+01
1.600e+01
2.400e+01
1.900e+01
2.000e+01
1.900e+01
1.700e+01
8.000e+00
2.000e+01
8.000e+00
1.400e+01
1.700e+01
1.100e+01
1.900e+01
1.100e+01
1.200e+01
2.000e+01
1.200e+01
2.000e+01
2.000e+01
2.700e+01
1.400e+01
2.000e+01
2.400e+01
3.700e+01
3.500e+01
3.000e+01
3.600e+01
2.800e+01
3.600e+01
5.600e+01
4.500e+01
4.300e+01
4.000e+01
3.100e+01
3.500e+01
4.100e+01
3.600e+01
2.100e+01
2.700e+01
2.800e+01
2.700e+01
3.000e+01
2.400e+01
2.800e+01
2.300e+01
2.200e+01
2.000e+01
2.700e+01
1.900e+01
1.800e+01
1.600e+01
2.700e+01
1.900e+01
1.600e+01
1.400e+01
1.800e+01
2.000e+01
1.800e+01
1.400e+01
1.500e+01
1.800e+01
2.000e+01
1.300e+01
2.200e+01
1.500e+01
2.200e+01
2.000e+01
9.000e+00
1.000e+01
1.400e+01
9.000e+00
7.000e+00
6.000e+00
1.300e+01
8.000e+00
1.100e+01
1.000e+01
1.100e+01
6.000e+00
1.600e+01
1.800e+01
1.800e+01
2.100e+01
2.200e+01
2.000e+01
2.800e+01
3.100e+01
3.600e+01
3.200e+01
4.200e+01
3.300e+01
3.800e+01
2.900e+01
3.000e+01
3.900e+01
3.100e+01
2.800e+01
3.400e+01
1.400e+01
2.400e+01
1.900e+01
1.700e+01
1.200e+01
9.000e+00
1.600e+01
2.000e+01
1.500e+01
1.400e+01
1.500e+01
1.400e+01
1.500e+01
1.300e+01
1.300e+01
2.200e+01
2.500e+01
1.600e+01
4.000e+01
4.500e+01
2.500e+01
4.900e+01
3.200e+01
2.100e+01
2.000e+01
3.800e+01
3.700e+01
2.600e+01
2.200e+01
2.900e+01
2.100e+01
2.300e+01
2.800e+01
2.000e+01
1.800e+01
3.600e+01
3.000e+01
3.200e+01
2.500e+01
3.300e+01
3.500e+01
3.600e+01
3.300e+01
2.800e+01
3.100e+01
3.600e+01
3.500e+01
3.700e+01
2.700e+01
3.100e+01
4.100e+01
3.600e+01
5.800e+01
6.800e+01
3.900e+01
3.200e+01
3.400e+01
3.600e+01
2.800e+01
3.300e+01
2.600e+01
3.600e+01
2.500e+01
3.200e+01
2.900e+01
2.100e+01
1.400e+01
1.500e+01
1.900e+01
1.800e+01
1.600e+01
2.100e+01
1.600e+01
1.300e+01
1.300e+01
1.600e+01
2.200e+01
1.300e+01
2.100e+01
2.800e+01
2.200e+01
2.700e+01
1.600e+01
1.500e+01
1.400e+01
1.700e+01
1.700e+01
7.000e+00
9.000e+00
9.000e+00
1.200e+01
8.000e+00
1.300e+01
1.400e+01
1.400e+01
3.400e+01
1.800e+01
2.200e+01
4.400e+01
5.400e+01
7.000e+01
5.300e+01
8.400e+01
1.150e+02
1.190e+02
1.630e+02
2.370e+02
2.180e+02
2.710e+02
4.600e+02
4.880e+02
6.050e+02
6.330e+02
9.500e+02
1.222e+03
1.382e+03
1.402e+03
1.114e+03
5.420e+02
4.170e+02
3.880e+02
3.770e+02
3.770e+02
2.950e+02
3.230e+02
3.340e+02
2.520e+02
2.960e+02
2.730e+02
2.420e+02
3.370e+02
2.270e+02
3.530e+02
2.950e+02
2.990e+02
3.010e+02
2.750e+02
2.570e+02
2.620e+02
2.360e+02
2.450e+02
2.550e+02
2.150e+02
2.430e+02
2.630e+02
2.770e+02
4.110e+02
4.860e+02
6.300e+02
6.230e+02
6.040e+02
5.560e+02
5.190e+02
6.150e+02
6.360e+02
7.380e+02
1.014e+03
1.138e+03
1.041e+03
1.123e+03
9.400e+02
7.110e+02
5.830e+02
5.390e+02
5.120e+02
4.780e+02
4.840e+02
4.330e+02
4.270e+02
5.000e+02
5.500e+02
7.280e+02
