0.000e+00
0.000e+00
1.000e+00
0.000e+00
0.000e+00
0.000e+00
0.000e+00
0.000e+00
0.000e+00
0.000e+00
0.000e+00
0.000e+00
0.000e+00
0.000e+00
0.000e+00
1.000e+00
0.000e+00
0.000e+00
2.000e+00
0.000e+00
0.000e+00
1.000e+00
0.000e+00
0.000e+00
0.000e+00
0.000e+00
0.000e+00
0.000e+00
0.000e+00
0.000e+00
0.000e+00
0.000e+00
1.000e+00
0.000e+00
0.000e+00
0.000e+00
1.000e+00
0.000e+00
0.000e+00
0.000e+00
0.000e+00
0.000e+00
0.000e+00
0.000e+00
0.000e+00
0.000e+00
0.000e+00
0.000e+00
1.000e+00
1.000e+00
0.000e+00
3.000e+00
1.000e+00
1.300e+01
1.100e+01
4.000e+00
1.300e+01
5.000e+00
9.000e+00
1.600e+01
2.300e+01
3.100e+01
2.100e+01
2.900e+01
3.400e+01
6.100e+01
3.800e+01
2.200e+01
3.100e+01
1.100e+01
2.300e+01
1.700e+01
2.100e+01
2.100e+01
3.100e+01
4.500e+01
3.000e+01
2.800e+01
2.400e+01
2.300e+01
2.700e+01
2.800e+01
2.700e+01
1.600e+01
5.000e+01
3.600e+01
7.500e+01
6.500e+01
5.500e+01
8.100e+01
8.000e+01
8.600e+01
9.700e+01
8.900e+01
1.750e+02
9.200e+01
9.600e+01
1.070e+02
1.270e+02
1.110e+02
1.190e+02
1.880e+02
1.740e+02
1.760e+02
1.600e+02
1.380e+02
1.150e+02
1.590e+02
1.670e+02
2.440e+02
3.350e+02
2.860e+02
2.210e+02
1.830e+02
2.260e+02
2.460e+02
2.260e+02
2.280e+02
1.150e+02
5.800e+01
6.300e+01
6.800e+01
5.700e+01
4.600e+01
4.600e+01
2.800e+01
1.800e+01
2.500e+01
1.700e+01
1.300e+01
1.500e+01
1.300e+01
1.000e+01
1.500e+01
1.000e+01
1.200e+01
1.200e+01
9.000e+00
9.000e+00
5.000e+00
1.000e+01
5.000e+00
2.000e+00
6.000e+00
7.000e+00
1.000e+00
4.000e+00
3.000e+00
2.000e+00
1.000e+00
1.000e+00
3.000e+00
1.000e+00
1.000e+00
3.000e+00
0.000e+00
2.000e+00
1.000e+00
0.000e+00
0.000e+00
0.000e+00
0.000e+00
0.000e+00
0.000e+00
0.000e+00
1.000e+00
1.000e+00
0.000e+00
1.000e+00
2.000e+00
0.000e+00
3.000e+00
1.000e+00
2.000e+00
0.000e+00
1.000e+00
0.000e+00
2.000e+00
2.000e+00
1.000e+00
4.000e+00
4.000e+00
1.000e+00
2.000e+00
1.000e+00
0.000e+00
1.000e+00
1.000e+00
1.000e+00
1.000e+00
1.000e+00
1.000e+00
2.000e+00
1.000e+00
0.000e+00
2.000e+00
2.000e+00
2.000e+00
0.000e+00
0.000e+00
1.000e+00
0.000e+00
1.000e+00
0.000e+00
2.000e+00
1.000e+00
2.000e+00
0.000e+00
2.000e+00
1.000e+00
0.000e+00
0.000e+00
2.000e+00
3.000e+00
0.000e+00
1.000e+00
4.000e+00
1.000e+00
5.000e+00
3.000e+00
6.000e+00
3.000e+00
4.000e+00
9.000e+00
7.000e+00
5.000e+00
1.300e+01
1.400e+01
1.600e+01
1.700e+01
1.400e+01
2.000e+01
2.100e+01
2.200e+01
2.500e+01
3.300e+01
5.000e+01
5.300e+01
4.200e+01
7.500e+01
5.500e+01
6.300e+01
8.600e+01
2.000e+02
2.240e+02
2.460e+02
2.140e+02
1.810e+02
2.620e+02
3.140e+02
2.960e+02
2.440e+02
1.610e+02
1.770e+02
1.460e+02
1.470e+02
1.730e+02
1.910e+02
2.080e+02
2.040e+02
1.310e+02
1.010e+02
9.900e+01
1.010e+02
9.200e+01
9.300e+01
1.310e+02
1.600e+02
9.200e+01
6.700e+01
7.100e+01
5.800e+01
7.300e+01
8.900e+01
5.800e+01
3.100e+01
3.100e+01
2.300e+01
2.900e+01
3.100e+01
1.800e+01
2.100e+01
2.300e+01
1.700e+01
2.300e+01
3.300e+01
2.600e+01
2.800e+01
3.300e+01
1.500e+01
1.200e+01
2.100e+01
3.100e+01
1.700e+01
3.300e+01
6.300e+01
4.500e+01
1.800e+01
2.000e+01
2.200e+01
2.000e+01
1.500e+01
4.000e+00
7.000e+00
1.400e+01
9.000e+00
1.300e+01
1.100e+01
2.000e+00
3.000e+00
0.000e+00
1.000e+00
2.000e+00
0.000e+00
0.000e+00
0.000e+00
1.000e+00
0.000e+00
1.000e+00
0.000e+00
0.000e+00
0.000e+00
0.000e+00
0.000e+00
0.000e+00
0.000e+00
1.000e+00
0.000e+00
2.000e+00
0.000e+00
0.000e+00
0.000e+00
0.000e+00
0.000e+00
0.000e+00
0.000e+00
0.000e+00
0.000e+00
0.000e+00
0.000e+00
0.000e+00
0.000e+00
0.000e+00
0.000e+00
0.000e+00
0.000e+00
0.000e+00
0.000e+00
0.000e+00
0.000e+00
0.000e+00
0.000e+00
0.000e+00
0.000e+00
0.000e+00
0.000e+00
0.000e+00
0.000e+00
0.000e+00
0.000e+00
