2.488e+03
7.760e+02
5.800e+02
4.610e+02
5.350e+02
4.590e+02
5.400e+02
5.250e+02
6.470e+02
6.510e+02
5.390e+02
6.190e+02
6.100e+02
6.140e+02
5.970e+02
5.870e+02
5.640e+02
5.480e+02
6.610e+02
6.270e+02
5.260e+02
5.860e+02
6.200e+02
5.540e+02
5.200e+02
4.780e+02
3.730e+02
2.880e+02
2.610e+02
2.350e+02
2.310e+02
2.540e+02
2.470e+02
2.550e+02
2.900e+02
2.810e+02
3.030e+02
2.880e+02
2.770e+02
2.730e+02
3.620e+02
3.500e+02
2.890e+02
2.210e+02
2.720e+02
2.600e+02
2.660e+02
3.090e+02
2.750e+02
2.570e+02
3.560e+02
4.040e+02
4.310e+02
4.080e+02
4.870e+02
1.069e+03
1.636e+03
1.488e+03
1.028e+03
8.570e+02
6.420e+02
6.080e+02
5.030e+02
4.590e+02
3.410e+02
2.930e+02
2.470e+02
2.320e+02
1.400e+02
1.670e+02
1.180e+02
1.280e+02
1.090e+02
1.140e+02
1.020e+02
8.600e+01
7.300e+01
7.500e+01
6.200e+01
5.300e+01
5.400e+01
3.900e+01
4.900e+01
6.200e+01
7.700e+01
6.600e+01
7.900e+01
7.800e+01
5.400e+01
5.300e+01
6.700e+01
5.100e+01
4.900e+01
3.200e+01
2.900e+01
3.400e+01
3.600e+01
6.500e+01
3.600e+01
2.900e+01
2.600e+01
1.900e+01
2.300e+01
1.400e+01
1.600e+01
2.700e+01
2.100e+01
2.900e+01
2.800e+01
3.700e+01
2.300e+01
2.600e+01
2.700e+01
4.100e+01
4.300e+01
3.300e+01
3.600e+01
2.800e+01
3.600e+01
5.700e+01
4.600e+01
4.300e+01
4.000e+01
3.200e+01
4.000e+01
4.500e+01
3.700e+01
2.100e+01
3.100e+01
2.800e+01
2.700e+01
3.100e+01
2.400e+01
2.800e+01
2.300e+01
2.400e+01
2.000e+01
2.700e+01
2.000e+01
1.800e+01
1.700e+01
2.700e+01
1.900e+01
1.600e+01
1.500e+01
2.000e+01
2.000e+01
1.800e+01
1.500e+01
1.500e+01
1.800e+01
2.000e+01
1.300e+01
2.400e+01
1.600e+01
2.300e+01
2.100e+01
1.100e+01
1.000e+01
1.600e+01
1.100e+01
8.000e+00
1.200e+01
1.400e+01
8.000e+00
1.100e+01
1.000e+01
1.100e+01
6.000e+00
1.800e+01
1.800e+01
1.800e+01
2.100e+01
2.800e+01
2.200e+01
2.800e+01
3.100e+01
3.800e+01
3.400e+01
4.400e+01
3.600e+01
3.900e+01
3.000e+01
3.000e+01
3.900e+01
3.500e+01
3.100e+01
3.700e+01
1.400e+01
2.500e+01
2.000e+01
1.900e+01
1.200e+01
1.000e+01
1.700e+01
2.000e+01
1.500e+01
1.400e+01
2.300e+01
1.500e+01
1.500e+01
1.300e+01
1.500e+01
2.300e+01
2.700e+01
1.700e+01
4.100e+01
4.700e+01
2.600e+01
4.900e+01
3.200e+01
2.400e+01
2.000e+01
4.000e+01
3.700e+01
2.600e+01
2.300e+01
2.900e+01
2.200e+01
2.400e+01
2.900e+01
2.100e+01
1.800e+01
3.700e+01
3.000e+01
3.200e+01
2.500e+01
3.300e+01
3.500e+01
3.600e+01
3.300e+01
2.900e+01
3.100e+01
3.600e+01
3.500e+01
3.900e+01
2.900e+01
3.100e+01
4.200e+01
3.600e+01
5.900e+01
6.800e+01
4.100e+01
3.400e+01
3.600e+01
3.800e+01
3.000e+01
3.700e+01
2.900e+01
4.100e+01
3.100e+01
3.900e+01
3.300e+01
3.200e+01
2.900e+01
2.000e+01
3.100e+01
2.600e+01
2.500e+01
3.400e+01
2.500e+01
2.100e+01
2.800e+01
3.900e+01
4.700e+01
2.600e+01
4.100e+01
3.900e+01
5.300e+01
5.100e+01
6.600e+01
6.200e+01
6.200e+01
7.700e+01
7.400e+01
6.700e+01
7.200e+01
6.000e+01
6.700e+01
4.700e+01
5.800e+01
6.300e+01
4.700e+01
8.100e+01
7.900e+01
9.800e+01
1.160e+02
1.060e+02
1.190e+02
8.700e+01
1.200e+02
1.470e+02
1.520e+02
2.020e+02
2.740e+02
2.550e+02
3.060e+02
4.980e+02
5.320e+02
6.410e+02
6.480e+02
9.610e+02
1.240e+03
1.392e+03
1.420e+03
1.129e+03
5.540e+02
4.320e+02
3.960e+02
3.940e+02
3.950e+02
3.060e+02
3.420e+02
3.480e+02
2.600e+02
3.070e+02
2.920e+02
2.620e+02
3.490e+02
2.370e+02
3.680e+02
3.050e+02
3.140e+02
3.170e+02
2.940e+02
2.730e+02
2.780e+02
2.570e+02
2.600e+02
2.790e+02
2.320e+02
2.540e+02
2.710e+02
2.900e+02
4.240e+02
4.900e+02
6.340e+02
6.250e+02
6.100e+02
5.600e+02
5.200e+02
6.210e+02
6.370e+02
7.430e+02
1.016e+03
1.142e+03
1.045e+03
1.124e+03
9.430e+02
7.130e+02
5.850e+02
5.400e+02
5.130e+02
4.790e+02
4.860e+02
4.340e+02
4.280e+02
5.030e+02
5.540e+02
7.280e+02
