5.831e+04
1.126e+04
5.379e+03
3.629e+03
2.571e+03
2.131e+03
2.018e+03
1.794e+03
1.551e+03
1.484e+03
1.586e+03
1.915e+03
1.918e+03
1.738e+03
1.632e+03
1.034e+03
6.780e+02
5.020e+02
4.100e+02
3.140e+02
3.180e+02
2.780e+02
3.190e+02
2.140e+02
3.430e+02
1.630e+02
1.400e+02
1.440e+02
9.900e+01
1.070e+02
1.290e+02
3.380e+02
6.350e+02
2.043e+03
3.079e+03
8.880e+02
6.290e+02
2.520e+02
1.690e+02
1.410e+02
2.300e+01
9.000e+00
2.000e+00
7.000e+00
6.000e+00
5.000e+00
3.000e+00
3.000e+00
3.000e+00
0.000e+00
0.000e+00
2.000e+00
0.000e+00
0.000e+00
0.000e+00
1.000e+00
0.000e+00
1.000e+00
2.000e+00
0.000e+00
2.000e+00
5.000e+00
5.000e+00
2.300e+01
2.000e+01
1.200e+02
5.330e+02
4.580e+02
3.730e+02
4.100e+02
1.205e+03
3.792e+03
2.860e+02
1.220e+02
4.750e+02
1.380e+02
1.400e+01
1.700e+01
8.000e+00
8.000e+00
9.000e+00
9.000e+00
1.600e+01
2.300e+01
1.400e+01
1.700e+01
1.300e+01
7.000e+00
5.000e+00
8.000e+00
1.300e+01
1.700e+01
1.100e+01
5.000e+00
5.000e+00
1.500e+01
9.000e+00
1.400e+01
6.000e+00
6.000e+00
5.000e+00
1.100e+01
5.000e+00
1.400e+01
8.000e+00
1.700e+01
1.800e+01
3.000e+01
2.900e+01
4.200e+01
3.900e+01
7.200e+01
7.400e+01
6.000e+01
5.900e+01
7.700e+01
8.400e+01
8.200e+01
9.100e+01
1.210e+02
1.180e+02
1.170e+02
9.300e+01
6.900e+01
6.300e+01
5.800e+01
6.600e+01
4.100e+01
3.000e+01
5.000e+01
3.900e+01
4.200e+01
3.100e+01
4.900e+01
3.200e+01
2.000e+01
3.400e+01
3.000e+01
4.500e+01
3.300e+01
4.000e+01
4.900e+01
4.300e+01
3.200e+01
3.800e+01
4.800e+01
5.400e+01
4.600e+01
3.200e+01
2.700e+01
3.000e+01
2.700e+01
2.400e+01
3.300e+01
2.300e+01
2.000e+01
1.800e+01
1.100e+01
2.000e+01
2.300e+01
2.000e+01
2.200e+01
3.000e+01
2.300e+01
2.700e+01
2.400e+01
1.200e+01
2.400e+01
2.400e+01
1.500e+01
1.800e+01
2.200e+01
1.400e+01
3.500e+01
6.000e+01
8.400e+01
8.800e+01
9.200e+01
1.230e+02
2.860e+02
1.971e+03
2.590e+02
1.190e+02
8.500e+01
1.030e+02
7.200e+01
6.400e+01
3.300e+01
2.000e+01
2.500e+01
2.100e+01
2.800e+01
2.300e+01
1.900e+01
1.500e+01
1.800e+01
2.200e+01
1.400e+01
2.200e+01
2.600e+01
2.000e+01
1.800e+01
1.700e+01
1.200e+01
3.000e+01
2.200e+01
9.500e+01
1.470e+02
7.000e+01
3.500e+01
3.600e+01
2.900e+01
4.200e+01
7.100e+01
6.700e+01
6.200e+01
8.600e+01
1.110e+02
1.700e+02
1.000e+02
6.600e+01
7.400e+01
6.700e+01
7.000e+01
3.400e+01
2.400e+01
3.100e+01
2.700e+01
2.900e+01
5.500e+01
5.600e+01
3.700e+01
5.400e+01
3.400e+01
5.100e+01
6.100e+01
7.500e+01
7.500e+01
1.140e+02
1.230e+02
1.710e+02
1.060e+02
1.090e+02
9.700e+01
8.100e+01
8.900e+01
7.900e+01
1.030e+02
9.400e+01
9.900e+01
8.500e+01
5.300e+01
3.800e+01
4.400e+01
3.800e+01
1.700e+01
1.200e+01
1.400e+01
1.000e+01
1.500e+01
8.000e+00
4.000e+00
1.000e+01
7.000e+00
7.000e+00
6.000e+00
1.200e+01
1.000e+01
1.500e+01
3.300e+01
2.100e+01
7.000e+00
8.000e+00
9.000e+00
1.700e+01
1.400e+01
1.000e+01
2.400e+01
1.800e+01
8.000e+00
7.000e+00
6.000e+00
8.000e+00
5.000e+00
1.800e+01
3.000e+02
3.420e+02
1.150e+02
4.420e+02
4.010e+03
8.630e+02
2.670e+02
5.070e+02
4.120e+02
5.420e+02
1.130e+02
1.800e+01
2.700e+01
9.000e+00
6.000e+00
4.000e+00
0.000e+00
0.000e+00
1.000e+00
1.000e+00
0.000e+00
1.000e+00
0.000e+00
0.000e+00
2.000e+00
1.000e+00
3.000e+00
0.000e+00
1.000e+00
4.000e+00
3.000e+00
1.500e+01
7.000e+00
6.000e+00
1.400e+01
2.700e+01
2.900e+01
3.400e+01
9.300e+01
5.020e+02
7.440e+02
2.320e+03
3.208e+03
7.480e+02
7.090e+02
1.740e+02
1.910e+02
2.550e+02
2.410e+02
2.630e+02
2.320e+02
2.710e+02
2.410e+02
2.160e+02
1.720e+02
2.270e+02
3.420e+02
4.540e+02
7.490e+02
7.390e+02
1.144e+03
1.700e+03
2.082e+03
1.999e+03
1.924e+03
1.542e+03
1.451e+03
1.595e+03
1.673e+03
2.059e+03
2.433e+03
3.008e+03
4.234e+03
6.321e+03
1.136e+04
