1.482e+04
2.588e+03
1.712e+03
1.285e+03
1.352e+03
1.232e+03
1.317e+03
1.096e+03
1.277e+03
1.375e+03
1.197e+03
1.064e+03
1.008e+03
8.820e+02
8.330e+02
8.070e+02
7.180e+02
6.980e+02
7.790e+02
7.160e+02
6.060e+02
6.750e+02
6.910e+02
6.290e+02
6.130e+02
5.730e+02
4.820e+02
3.960e+02
3.510e+02
3.250e+02
3.020e+02
3.330e+02
3.160e+02
3.340e+02
3.290e+02
3.180e+02
3.340e+02
3.290e+02
3.080e+02
2.970e+02
3.860e+02
3.880e+02
3.170e+02
2.480e+02
2.820e+02
2.730e+02
2.720e+02
3.200e+02
2.890e+02
2.670e+02
3.720e+02
4.170e+02
4.490e+02
4.280e+02
5.160e+02
1.087e+03
1.660e+03
1.500e+03
1.048e+03
8.810e+02
6.490e+02
6.290e+02
5.170e+02
4.730e+02
3.530e+02
3.040e+02
2.600e+02
2.430e+02
1.490e+02
1.720e+02
1.240e+02
1.320e+02
1.100e+02
1.190e+02
1.090e+02
9.100e+01
7.500e+01
7.900e+01
6.500e+01
5.800e+01
5.600e+01
4.000e+01
5.000e+01
6.600e+01
7.700e+01
6.600e+01
8.000e+01
7.900e+01
5.400e+01
5.400e+01
7.100e+01
5.100e+01
4.900e+01
3.200e+01
3.100e+01
3.500e+01
4.200e+01
6.600e+01
3.600e+01
2.900e+01
2.700e+01
2.000e+01
2.500e+01
1.500e+01
1.700e+01
2.700e+01
2.200e+01
2.900e+01
2.800e+01
3.900e+01
2.800e+01
2.700e+01
2.700e+01
4.100e+01
4.300e+01
3.300e+01
4.200e+01
3.100e+01
3.600e+01
5.800e+01
4.900e+01
4.400e+01
4.300e+01
3.300e+01
4.200e+01
4.800e+01
3.700e+01
2.300e+01
3.300e+01
3.000e+01
3.000e+01
3.200e+01
2.500e+01
3.000e+01
2.400e+01
2.600e+01
2.500e+01
3.300e+01
3.600e+01
3.100e+01
2.500e+01
4.000e+01
2.700e+01
2.400e+01
2.200e+01
3.500e+01
2.700e+01
3.400e+01
2.700e+01
2.200e+01
2.700e+01
2.500e+01
2.600e+01
3.000e+01
2.700e+01
4.200e+01
4.000e+01
3.200e+01
2.900e+01
2.900e+01
2.400e+01
2.100e+01
3.600e+01
3.800e+01
3.000e+01
4.300e+01
3.600e+01
4.700e+01
3.900e+01
5.300e+01
6.600e+01
5.500e+01
7.100e+01
9.100e+01
9.600e+01
8.100e+01
9.400e+01
1.300e+02
1.550e+02
2.400e+02
1.557e+03
2.160e+02
1.330e+02
1.050e+02
1.030e+02
9.400e+01
9.000e+01
9.100e+01
6.600e+01
7.100e+01
6.300e+01
6.100e+01
5.700e+01
5.000e+01
4.400e+01
5.000e+01
3.400e+01
4.000e+01
4.300e+01
3.600e+01
2.500e+01
2.700e+01
2.500e+01
3.400e+01
4.300e+01
3.300e+01
5.400e+01
6.000e+01
3.700e+01
5.900e+01
4.000e+01
3.200e+01
2.900e+01
5.100e+01
4.400e+01
3.500e+01
3.800e+01
3.800e+01
3.400e+01
3.500e+01
3.900e+01
2.500e+01
2.700e+01
3.900e+01
3.600e+01
3.700e+01
3.000e+01
3.800e+01
3.700e+01
3.700e+01
3.400e+01
3.100e+01
3.200e+01
4.200e+01
3.500e+01
4.500e+01
3.000e+01
3.300e+01
4.400e+01
3.800e+01
6.000e+01
7.100e+01
4.200e+01
3.400e+01
3.600e+01
4.000e+01
3.200e+01
3.700e+01
2.900e+01
4.100e+01
3.200e+01
3.900e+01
3.300e+01
3.400e+01
2.900e+01
2.200e+01
3.200e+01
2.600e+01
2.600e+01
3.400e+01
2.500e+01
2.100e+01
3.000e+01
4.000e+01
5.300e+01
2.700e+01
4.200e+01
3.900e+01
5.600e+01
5.500e+01
6.800e+01
6.300e+01
6.400e+01
7.800e+01
7.500e+01
6.800e+01
7.400e+01
6.000e+01
6.900e+01
4.800e+01
6.100e+01
6.300e+01
5.500e+01
8.600e+01
8.200e+01
1.020e+02
1.190e+02
1.140e+02
1.220e+02
9.300e+01
1.270e+02
1.540e+02
1.570e+02
2.070e+02
2.780e+02
2.650e+02
3.190e+02
5.120e+02
5.460e+02
6.590e+02
6.660e+02
9.870e+02
1.256e+03
1.417e+03
1.443e+03
1.146e+03
5.770e+02
4.500e+02
4.100e+02
4.170e+02
4.210e+02
3.210e+02
3.550e+02
3.580e+02
2.690e+02
3.250e+02
3.070e+02
2.840e+02
3.750e+02
2.670e+02
3.880e+02
3.280e+02
3.430e+02
3.330e+02
3.310e+02
3.060e+02
3.190e+02
3.130e+02
3.380e+02
3.730e+02
3.100e+02
3.490e+02
3.650e+02
3.940e+02
5.380e+02
5.780e+02
7.320e+02
7.120e+02
6.880e+02
6.390e+02
6.010e+02
7.240e+02
7.340e+02
8.410e+02
1.139e+03
1.289e+03
1.242e+03
1.368e+03
1.241e+03
1.088e+03
1.070e+03
1.069e+03
9.870e+02
9.530e+02
1.009e+03
1.018e+03
1.131e+03
1.319e+03
1.605e+03
2.550e+03
