3.105e+04
2.890e+03
1.026e+03
7.330e+02
6.010e+02
5.440e+02
4.530e+02
4.240e+02
3.160e+02
2.460e+02
2.360e+02
2.730e+02
2.530e+02
1.910e+02
1.770e+02
1.570e+02
1.550e+02
1.580e+02
1.370e+02
1.170e+02
1.100e+02
1.210e+02
1.220e+02
9.800e+01
1.450e+02
1.640e+02
1.950e+02
1.300e+02
8.300e+01
6.900e+01
6.100e+01
5.300e+01
6.500e+01
5.700e+01
3.000e+01
2.800e+01
2.300e+01
1.800e+01
8.000e+00
1.500e+01
1.000e+01
1.400e+01
1.600e+01
1.100e+01
9.000e+00
1.000e+01
5.000e+00
6.000e+00
2.000e+01
1.400e+01
1.000e+01
8.000e+00
6.000e+00
3.000e+00
4.000e+00
7.000e+00
7.000e+00
2.000e+00
4.000e+00
1.000e+00
4.000e+00
3.000e+00
0.000e+00
0.000e+00
1.000e+00
3.000e+00
2.000e+00
1.000e+00
0.000e+00
0.000e+00
0.000e+00
3.000e+00
2.000e+00
0.000e+00
2.000e+00
2.000e+00
0.000e+00
0.000e+00
1.000e+00
0.000e+00
0.000e+00
1.000e+00
0.000e+00
0.000e+00
1.000e+00
0.000e+00
0.000e+00
0.000e+00
0.000e+00
1.000e+00
0.000e+00
0.000e+00
0.000e+00
0.000e+00
0.000e+00
0.000e+00
0.000e+00
0.000e+00
0.000e+00
0.000e+00
1.000e+00
0.000e+00
0.000e+00
0.000e+00
0.000e+00
0.000e+00
0.000e+00
0.000e+00
0.000e+00
0.000e+00
0.000e+00
0.000e+00
0.000e+00
1.000e+00
1.000e+00
0.000e+00
0.000e+00
2.000e+00
3.000e+00
4.000e+00
0.000e+00
2.000e+00
2.000e+00
1.000e+00
2.000e+00
1.000e+00
2.000e+00
5.000e+00
5.000e+00
5.000e+00
5.000e+00
3.000e+00
6.000e+00
9.000e+00
7.000e+00
7.000e+00
4.000e+00
3.000e+00
4.000e+00
1.000e+00
1.200e+01
5.000e+00
6.000e+00
9.000e+00
7.000e+00
4.000e+00
5.000e+00
8.000e+00
6.000e+00
8.000e+00
3.000e+00
8.000e+00
7.000e+00
8.000e+00
8.000e+00
1.000e+01
9.000e+00
6.000e+00
8.000e+00
1.100e+01
1.700e+01
5.000e+00
9.000e+00
1.700e+01
1.500e+01
1.100e+01
2.300e+01
1.100e+01
1.300e+01
7.000e+00
1.400e+01
1.000e+01
1.800e+01
1.900e+01
2.500e+01
1.900e+01
3.100e+01
5.500e+01
9.100e+01
2.690e+02
2.395e+03
2.540e+02
1.030e+02
4.600e+01
2.300e+01
2.200e+01
2.200e+01
1.600e+01
1.200e+01
1.600e+01
1.600e+01
1.200e+01
7.000e+00
1.000e+01
1.400e+01
5.000e+00
1.600e+01
1.300e+01
1.000e+01
5.000e+00
9.000e+00
1.100e+01
2.000e+00
9.000e+00
6.000e+00
4.000e+00
1.100e+01
4.000e+00
1.300e+01
9.000e+00
8.000e+00
1.100e+01
5.000e+00
4.000e+00
6.000e+00
8.000e+00
8.000e+00
7.000e+00
9.000e+00
6.000e+00
7.000e+00
1.300e+01
3.000e+00
8.000e+00
4.000e+00
5.000e+00
1.000e+01
4.000e+00
3.000e+00
5.000e+00
1.000e+00
1.000e+00
0.000e+00
5.000e+00
5.000e+00
1.000e+00
0.000e+00
1.000e+00
3.000e+00
2.000e+00
1.000e+00
3.000e+00
0.000e+00
0.000e+00
0.000e+00
0.000e+00
2.000e+00
0.000e+00
0.000e+00
0.000e+00
0.000e+00
1.000e+00
0.000e+00
0.000e+00
0.000e+00
0.000e+00
0.000e+00
0.000e+00
0.000e+00
1.000e+00
0.000e+00
0.000e+00
0.000e+00
0.000e+00
0.000e+00
0.000e+00
0.000e+00
0.000e+00
0.000e+00
0.000e+00
0.000e+00
0.000e+00
0.000e+00
0.000e+00
0.000e+00
0.000e+00
0.000e+00
0.000e+00
1.000e+00
1.000e+00
0.000e+00
0.000e+00
0.000e+00
0.000e+00
0.000e+00
0.000e+00
1.000e+00
0.000e+00
2.000e+00
0.000e+00
0.000e+00
1.000e+00
1.000e+00
0.000e+00
2.000e+00
0.000e+00
0.000e+00
1.000e+00
3.000e+00
2.000e+00
2.000e+00
2.000e+00
4.000e+00
5.000e+00
6.000e+00
3.000e+00
5.000e+00
5.000e+00
6.000e+00
8.000e+00
1.400e+01
1.700e+01
1.700e+01
1.000e+01
1.500e+01
7.000e+00
1.200e+01
1.100e+01
1.800e+01
1.100e+01
9.000e+00
6.000e+00
1.000e+01
1.900e+01
2.100e+01
2.700e+01
3.200e+01
4.400e+01
5.400e+01
3.800e+01
6.300e+01
7.400e+01
7.100e+01
1.320e+02
1.870e+02
1.410e+02
9.900e+01
8.200e+01
1.160e+02
8.200e+01
8.500e+01
1.010e+02
1.520e+02
1.510e+02
1.730e+02
1.550e+02
1.770e+02
1.950e+02
2.150e+02
2.820e+02
2.240e+02
2.510e+02
3.690e+02
4.330e+02
4.250e+02
5.490e+02
6.650e+02
7.550e+02
1.069e+03
2.969e+03
