3.284e+04
3.263e+03
1.346e+03
1.127e+03
1.031e+03
9.840e+02
9.140e+02
9.770e+02
7.270e+02
6.870e+02
6.570e+02
7.520e+02
7.970e+02
4.550e+02
3.030e+02
2.290e+02
2.190e+02
2.340e+02
2.060e+02
1.840e+02
1.730e+02
1.640e+02
1.690e+02
1.290e+02
1.880e+02
2.060e+02
2.280e+02
1.910e+02
1.340e+02
1.220e+02
9.800e+01
9.000e+01
1.050e+02
8.800e+01
5.700e+01
5.900e+01
5.800e+01
4.200e+01
4.100e+01
4.100e+01
4.200e+01
3.300e+01
4.000e+01
3.000e+01
2.700e+01
2.100e+01
2.500e+01
2.700e+01
2.300e+01
9.000e+00
9.000e+00
1.600e+01
1.800e+01
1.400e+01
1.700e+01
2.300e+01
2.500e+01
1.400e+01
1.200e+01
2.000e+00
9.000e+00
8.000e+00
4.000e+00
9.000e+00
7.000e+00
2.000e+00
4.000e+00
3.000e+00
1.000e+00
1.000e+00
1.000e+00
1.000e+00
2.000e+00
0.000e+00
2.000e+00
0.000e+00
2.000e+00
1.000e+00
1.000e+00
5.000e+00
1.000e+00
3.000e+00
0.000e+00
1.000e+00
1.000e+00
3.000e+00
1.000e+00
6.000e+00
3.000e+00
3.000e+00
2.000e+00
1.200e+01
5.000e+00
2.000e+00
2.000e+00
0.000e+00
4.000e+00
0.000e+00
3.000e+00
2.000e+00
4.000e+00
1.000e+00
2.000e+00
3.000e+00
6.000e+00
2.000e+00
3.000e+00
2.000e+00
4.000e+00
3.000e+00
2.000e+00
6.000e+00
3.000e+00
1.200e+01
3.000e+00
4.000e+00
6.000e+00
8.000e+00
1.400e+01
8.000e+00
4.000e+00
7.000e+00
5.000e+00
5.000e+00
9.000e+00
1.200e+01
6.000e+00
8.000e+00
1.600e+01
1.300e+01
1.100e+01
9.000e+00
1.200e+01
1.800e+01
2.200e+01
2.300e+01
2.200e+01
1.600e+01
2.500e+01
1.400e+01
2.600e+01
1.400e+01
1.700e+01
3.500e+01
2.400e+01
1.600e+01
1.800e+01
2.600e+01
2.300e+01
2.200e+01
1.800e+01
2.800e+01
2.100e+01
2.200e+01
1.800e+01
1.900e+01
2.200e+01
1.400e+01
1.700e+01
2.500e+01
3.300e+01
2.400e+01
3.100e+01
3.600e+01
3.000e+01
2.700e+01
3.600e+01
3.000e+01
3.100e+01
2.600e+01
3.900e+01
2.700e+01
4.500e+01
4.700e+01
5.200e+01
5.100e+01
6.900e+01
1.030e+02
1.750e+02
3.790e+02
3.140e+03
3.640e+02
1.850e+02
8.200e+01
6.100e+01
5.000e+01
4.700e+01
4.000e+01
3.200e+01
3.800e+01
3.300e+01
2.300e+01
2.300e+01
1.900e+01
3.400e+01
2.100e+01
2.500e+01
2.000e+01
2.600e+01
2.200e+01
3.400e+01
3.000e+01
1.600e+01
2.200e+01
2.500e+01
2.600e+01
2.400e+01
1.900e+01
2.900e+01
2.300e+01
1.700e+01
3.000e+01
1.500e+01
1.300e+01
2.100e+01
2.500e+01
2.400e+01
2.400e+01
2.400e+01
2.900e+01
2.000e+01
2.500e+01
1.900e+01
2.200e+01
1.900e+01
2.000e+01
2.100e+01
1.200e+01
6.000e+00
1.500e+01
6.000e+00
6.000e+00
4.000e+00
8.000e+00
1.400e+01
7.000e+00
1.800e+01
1.300e+01
1.100e+01
5.000e+00
1.000e+01
1.300e+01
3.000e+00
6.000e+00
4.000e+00
4.000e+00
1.300e+01
3.000e+00
6.000e+00
6.000e+00
4.000e+00
8.000e+00
1.200e+01
7.000e+00
4.000e+00
1.000e+00
6.000e+00
4.000e+00
2.000e+00
5.000e+00
2.000e+00
2.000e+00
5.000e+00
3.000e+00
5.000e+00
2.000e+00
2.000e+00
2.000e+00
2.000e+00
0.000e+00
3.000e+00
2.000e+00
1.000e+00
3.000e+00
2.000e+00
4.000e+00
0.000e+00
1.000e+00
0.000e+00
2.000e+00
1.000e+00
3.000e+00
2.000e+00
0.000e+00
3.000e+00
3.000e+00
2.000e+00
1.000e+00
0.000e+00
1.000e+00
0.000e+00
2.000e+00
3.000e+00
1.000e+00
4.000e+00
6.000e+00
4.000e+00
3.000e+00
2.000e+00
2.000e+00
6.000e+00
1.100e+01
1.300e+01
1.000e+01
2.200e+01
1.300e+01
1.000e+01
1.400e+01
7.000e+00
2.200e+01
1.700e+01
1.900e+01
2.000e+01
2.100e+01
3.100e+01
2.600e+01
4.600e+01
3.500e+01
4.000e+01
4.100e+01
5.500e+01
3.900e+01
5.400e+01
5.700e+01
5.700e+01
7.400e+01
6.300e+01
7.000e+01
9.300e+01
9.600e+01
1.040e+02
1.020e+02
1.080e+02
1.820e+02
2.380e+02
1.710e+02
1.430e+02
1.190e+02
1.560e+02
1.540e+02
1.530e+02
1.620e+02
2.060e+02
2.240e+02
2.430e+02
2.230e+02
2.780e+02
4.170e+02
7.760e+02
8.170e+02
6.190e+02
6.880e+02
8.260e+02
9.440e+02
8.780e+02
9.650e+02
1.100e+03
1.090e+03
1.383e+03
3.327e+03
