2.971e+04
2.920e+03
1.187e+03
1.060e+03
9.530e+02
9.440e+02
8.670e+02
9.090e+02
7.210e+02
6.990e+02
6.910e+02
8.310e+02
8.320e+02
4.320e+02
2.220e+02
1.610e+02
1.400e+02
1.090e+02
9.300e+01
9.000e+01
7.500e+01
7.400e+01
7.300e+01
4.700e+01
5.400e+01
7.800e+01
5.800e+01
8.100e+01
6.900e+01
6.700e+01
5.600e+01
5.800e+01
6.700e+01
7.500e+01
5.000e+01
5.000e+01
4.900e+01
3.600e+01
2.200e+01
2.300e+01
3.300e+01
2.300e+01
2.000e+01
2.200e+01
2.000e+01
1.600e+01
1.500e+01
7.000e+00
8.000e+00
0.000e+00
3.000e+00
4.000e+00
3.000e+00
2.000e+00
2.000e+00
9.000e+00
3.000e+00
6.000e+00
7.000e+00
4.000e+00
6.000e+00
3.000e+00
1.000e+00
0.000e+00
1.000e+00
1.000e+00
1.000e+00
2.000e+00
0.000e+00
2.000e+00
4.000e+00
0.000e+00
1.000e+00
1.000e+00
3.000e+00
2.000e+00
1.000e+00
6.000e+00
6.000e+00
3.000e+00
0.000e+00
1.000e+00
2.000e+00
2.000e+00
2.000e+00
3.000e+00
1.000e+00
9.000e+00
3.000e+00
9.000e+00
5.000e+00
1.100e+01
6.000e+00
4.000e+00
5.000e+00
1.000e+00
7.000e+00
2.000e+00
5.000e+00
1.000e+00
6.000e+00
2.000e+00
2.000e+00
3.000e+00
5.000e+00
1.000e+00
3.000e+00
3.000e+00
2.000e+00
4.000e+00
2.000e+00
4.000e+00
3.000e+00
1.100e+01
3.000e+00
4.000e+00
6.000e+00
7.000e+00
1.300e+01
4.000e+00
2.000e+00
4.000e+00
7.000e+00
6.000e+00
9.000e+00
8.000e+00
7.000e+00
8.000e+00
1.200e+01
1.200e+01
1.200e+01
1.300e+01
1.800e+01
1.600e+01
2.200e+01
3.000e+01
3.100e+01
1.800e+01
3.400e+01
1.700e+01
2.700e+01
1.900e+01
1.500e+01
4.100e+01
2.500e+01
1.200e+01
2.200e+01
3.000e+01
2.600e+01
2.200e+01
1.700e+01
2.500e+01
2.100e+01
2.700e+01
1.600e+01
2.100e+01
2.600e+01
1.400e+01
2.100e+01
2.400e+01
3.200e+01
2.800e+01
2.800e+01
2.900e+01
2.400e+01
2.200e+01
3.500e+01
2.600e+01
3.200e+01
2.500e+01
3.600e+01
2.500e+01
3.900e+01
4.000e+01
4.100e+01
4.800e+01
6.400e+01
1.010e+02
1.780e+02
3.580e+02
2.698e+03
3.500e+02
1.810e+02
8.200e+01
5.900e+01
5.000e+01
3.600e+01
2.900e+01
3.600e+01
3.600e+01
2.200e+01
2.700e+01
2.400e+01
1.700e+01
2.500e+01
2.100e+01
2.200e+01
2.000e+01
3.100e+01
2.500e+01
4.300e+01
2.800e+01
1.400e+01
2.000e+01
2.700e+01
2.400e+01
2.100e+01
1.800e+01
2.600e+01
1.900e+01
1.800e+01
2.800e+01
1.900e+01
1.600e+01
1.900e+01
2.800e+01
2.800e+01
2.000e+01
2.000e+01
3.100e+01
2.200e+01
3.500e+01
2.200e+01
3.000e+01
2.300e+01
2.500e+01
2.700e+01
1.400e+01
7.000e+00
1.500e+01
5.000e+00
6.000e+00
2.000e+00
9.000e+00
1.000e+01
4.000e+00
9.000e+00
9.000e+00
8.000e+00
4.000e+00
3.000e+00
7.000e+00
2.000e+00
4.000e+00
7.000e+00
4.000e+00
1.000e+01
4.000e+00
5.000e+00
6.000e+00
2.000e+00
8.000e+00
1.200e+01
5.000e+00
6.000e+00
2.000e+00
5.000e+00
4.000e+00
2.000e+00
1.100e+01
4.000e+00
4.000e+00
7.000e+00
4.000e+00
3.000e+00
2.000e+00
2.000e+00
1.000e+00
2.000e+00
4.000e+00
3.000e+00
4.000e+00
1.000e+00
4.000e+00
0.000e+00
8.000e+00
2.000e+00
1.000e+00
1.000e+00
1.000e+00
0.000e+00
0.000e+00
3.000e+00
3.000e+00
3.000e+00
2.000e+00
1.000e+00
2.000e+00
5.000e+00
3.000e+00
2.000e+00
1.000e+00
3.000e+00
1.000e+00
1.000e+00
0.000e+00
2.000e+00
4.000e+00
3.000e+00
0.000e+00
2.000e+00
6.000e+00
2.000e+00
6.000e+00
5.000e+00
6.000e+00
9.000e+00
7.000e+00
9.000e+00
4.000e+00
2.000e+00
7.000e+00
8.000e+00
9.000e+00
1.400e+01
1.400e+01
2.600e+01
3.100e+01
1.600e+01
1.500e+01
2.100e+01
3.000e+01
9.000e+01
1.320e+02
1.050e+02
1.060e+02
1.550e+02
1.410e+02
9.500e+01
7.900e+01
7.800e+01
7.300e+01
6.600e+01
6.700e+01
6.300e+01
7.000e+01
6.000e+01
7.000e+01
6.400e+01
7.700e+01
9.300e+01
8.900e+01
9.200e+01
1.100e+02
1.460e+02
1.670e+02
2.210e+02
3.810e+02
8.090e+02
9.110e+02
6.600e+02
6.560e+02
8.020e+02
9.180e+02
8.300e+02
9.330e+02
1.001e+03
1.014e+03
1.222e+03
2.922e+03
