3.315e+04
3.351e+03
1.423e+03
1.204e+03
1.079e+03
1.026e+03
9.610e+02
1.006e+03
7.890e+02
7.790e+02
7.780e+02
9.190e+02
9.320e+02
5.400e+02
3.690e+02
2.910e+02
2.760e+02
2.730e+02
2.440e+02
2.160e+02
2.010e+02
2.000e+02
2.040e+02
1.620e+02
2.260e+02
2.510e+02
2.700e+02
2.320e+02
1.810e+02
1.630e+02
1.370e+02
1.370e+02
1.480e+02
1.510e+02
1.050e+02
1.070e+02
1.000e+02
7.800e+01
6.300e+01
6.900e+01
7.300e+01
5.900e+01
6.200e+01
5.900e+01
5.200e+01
4.700e+01
4.700e+01
4.300e+01
4.500e+01
3.200e+01
3.100e+01
4.400e+01
4.400e+01
3.900e+01
3.500e+01
4.600e+01
6.800e+01
4.400e+01
3.400e+01
2.000e+01
3.200e+01
3.100e+01
2.800e+01
3.300e+01
4.400e+01
1.900e+01
2.900e+01
1.600e+01
5.000e+00
1.200e+01
1.900e+01
1.200e+01
9.000e+00
4.000e+00
1.000e+01
9.000e+00
3.000e+00
8.000e+00
1.000e+01
5.000e+00
3.000e+00
4.000e+00
2.000e+00
4.000e+00
5.000e+00
5.000e+00
2.000e+00
9.000e+00
5.000e+00
1.300e+01
6.000e+00
1.400e+01
6.000e+00
4.000e+00
6.000e+00
2.000e+00
1.000e+01
3.000e+00
7.000e+00
2.000e+00
6.000e+00
3.000e+00
2.000e+00
4.000e+00
7.000e+00
2.000e+00
4.000e+00
3.000e+00
4.000e+00
4.000e+00
3.000e+00
6.000e+00
3.000e+00
1.300e+01
4.000e+00
6.000e+00
8.000e+00
1.100e+01
1.600e+01
8.000e+00
4.000e+00
8.000e+00
1.000e+01
8.000e+00
1.300e+01
1.500e+01
1.000e+01
1.200e+01
1.800e+01
1.600e+01
1.800e+01
1.500e+01
2.100e+01
2.000e+01
2.400e+01
3.300e+01
3.100e+01
2.200e+01
3.600e+01
1.800e+01
3.100e+01
1.900e+01
2.000e+01
4.500e+01
2.800e+01
1.800e+01
2.500e+01
3.600e+01
3.000e+01
3.000e+01
2.300e+01
3.300e+01
2.500e+01
2.800e+01
2.300e+01
2.400e+01
2.900e+01
1.700e+01
2.500e+01
2.800e+01
3.900e+01
3.100e+01
3.700e+01
4.200e+01
3.400e+01
3.100e+01
4.400e+01
3.600e+01
3.800e+01
3.400e+01
5.000e+01
3.300e+01
5.700e+01
5.600e+01
6.000e+01
6.300e+01
7.800e+01
1.180e+02
1.920e+02
3.890e+02
3.164e+03
3.800e+02
2.000e+02
9.400e+01
7.000e+01
6.400e+01
5.900e+01
5.100e+01
4.500e+01
4.800e+01
4.000e+01
3.500e+01
3.100e+01
2.300e+01
4.200e+01
3.000e+01
3.000e+01
2.800e+01
3.500e+01
2.800e+01
4.600e+01
3.600e+01
1.900e+01
2.500e+01
3.500e+01
2.900e+01
2.700e+01
2.300e+01
3.600e+01
2.500e+01
2.300e+01
3.900e+01
2.400e+01
2.100e+01
2.700e+01
3.700e+01
3.300e+01
2.900e+01
2.700e+01
3.800e+01
2.300e+01
3.600e+01
2.200e+01
3.300e+01
2.900e+01
2.700e+01
3.000e+01
1.500e+01
1.200e+01
2.000e+01
7.000e+00
8.000e+00
5.000e+00
1.300e+01
1.900e+01
1.000e+01
1.900e+01
1.700e+01
1.600e+01
6.000e+00
1.100e+01
1.500e+01
3.000e+00
7.000e+00
9.000e+00
4.000e+00
1.500e+01
4.000e+00
7.000e+00
6.000e+00
4.000e+00
8.000e+00
1.400e+01
7.000e+00
6.000e+00
3.000e+00
6.000e+00
5.000e+00
2.000e+00
1.200e+01
4.000e+00
4.000e+00
7.000e+00
4.000e+00
6.000e+00
4.000e+00
4.000e+00
3.000e+00
4.000e+00
5.000e+00
4.000e+00
8.000e+00
1.000e+00
6.000e+00
4.000e+00
1.000e+01
9.000e+00
3.000e+00
2.000e+00
3.000e+00
2.000e+00
5.000e+00
5.000e+00
6.000e+00
6.000e+00
5.000e+00
8.000e+00
1.000e+01
1.400e+01
1.700e+01
1.300e+01
1.800e+01
1.900e+01
1.100e+01
2.100e+01
4.100e+01
2.500e+01
3.200e+01
3.000e+01
3.200e+01
2.700e+01
4.200e+01
4.500e+01
5.400e+01
5.200e+01
4.300e+01
5.700e+01
6.800e+01
5.000e+01
5.200e+01
4.300e+01
6.500e+01
4.900e+01
4.600e+01
5.000e+01
5.000e+01
7.500e+01
6.400e+01
5.700e+01
6.200e+01
7.300e+01
6.700e+01
1.430e+02
1.760e+02
1.540e+02
1.730e+02
2.100e+02
2.070e+02
1.740e+02
1.510e+02
1.680e+02
1.660e+02
1.620e+02
2.250e+02
2.860e+02
2.290e+02
1.880e+02
1.670e+02
1.910e+02
1.910e+02
2.010e+02
2.040e+02
2.510e+02
2.720e+02
3.100e+02
3.090e+02
3.640e+02
5.030e+02
9.060e+02
9.950e+02
7.170e+02
7.400e+02
8.800e+02
1.001e+03
9.170e+02
1.012e+03
1.145e+03
1.148e+03
1.470e+03
3.414e+03
