3.321e+04
3.367e+03
1.429e+03
1.212e+03
1.086e+03
1.028e+03
9.660e+02
1.013e+03
7.980e+02
7.840e+02
7.850e+02
9.270e+02
9.420e+02
5.450e+02
3.750e+02
2.990e+02
2.810e+02
2.850e+02
2.520e+02
2.270e+02
2.050e+02
2.060e+02
2.180e+02
1.690e+02
2.340e+02
2.570e+02
2.800e+02
2.360e+02
1.860e+02
1.710e+02
1.400e+02
1.470e+02
1.590e+02
1.600e+02
1.120e+02
1.210e+02
1.040e+02
8.600e+01
6.600e+01
8.100e+01
8.100e+01
7.700e+01
7.800e+01
7.100e+01
6.000e+01
6.000e+01
5.400e+01
5.000e+01
6.400e+01
4.500e+01
4.500e+01
5.300e+01
5.600e+01
4.200e+01
4.500e+01
5.400e+01
7.400e+01
4.700e+01
3.800e+01
2.500e+01
3.400e+01
3.400e+01
2.900e+01
3.500e+01
5.200e+01
2.500e+01
3.700e+01
2.200e+01
7.000e+00
2.000e+01
2.500e+01
1.800e+01
1.200e+01
9.000e+00
1.500e+01
1.100e+01
9.000e+00
1.000e+01
1.100e+01
7.000e+00
9.000e+00
7.000e+00
3.000e+00
9.000e+00
7.000e+00
6.000e+00
5.000e+00
9.000e+00
8.000e+00
1.600e+01
9.000e+00
1.600e+01
1.100e+01
9.000e+00
1.200e+01
5.000e+00
1.300e+01
5.000e+00
9.000e+00
4.000e+00
1.000e+01
4.000e+00
2.000e+00
4.000e+00
7.000e+00
2.000e+00
4.000e+00
3.000e+00
6.000e+00
5.000e+00
3.000e+00
6.000e+00
4.000e+00
1.400e+01
7.000e+00
7.000e+00
8.000e+00
1.100e+01
1.700e+01
8.000e+00
4.000e+00
8.000e+00
1.100e+01
9.000e+00
1.300e+01
1.600e+01
1.000e+01
1.200e+01
1.800e+01
1.600e+01
1.900e+01
1.500e+01
2.300e+01
2.000e+01
2.500e+01
3.300e+01
3.100e+01
2.200e+01
3.600e+01
1.800e+01
3.100e+01
2.000e+01
2.000e+01
4.500e+01
2.800e+01
1.800e+01
2.500e+01
3.600e+01
3.100e+01
3.100e+01
2.300e+01
3.400e+01
2.500e+01
3.000e+01
2.300e+01
2.700e+01
2.900e+01
1.700e+01
2.500e+01
2.900e+01
3.900e+01
3.100e+01
3.700e+01
4.300e+01
3.700e+01
3.100e+01
4.600e+01
3.600e+01
3.800e+01
3.400e+01
5.000e+01
3.300e+01
5.700e+01
5.800e+01
6.000e+01
6.300e+01
7.800e+01
1.180e+02
1.920e+02
3.900e+02
3.173e+03
3.830e+02
2.020e+02
9.400e+01
7.100e+01
6.400e+01
5.900e+01
5.100e+01
4.500e+01
4.800e+01
4.200e+01
3.800e+01
3.200e+01
2.400e+01
4.200e+01
3.000e+01
3.200e+01
3.100e+01
3.800e+01
2.800e+01
4.600e+01
3.600e+01
1.900e+01
2.500e+01
3.500e+01
3.000e+01
2.700e+01
2.400e+01
3.700e+01
2.500e+01
2.300e+01
3.900e+01
2.400e+01
2.100e+01
2.700e+01
3.700e+01
3.300e+01
2.900e+01
2.700e+01
3.800e+01
2.300e+01
3.600e+01
2.200e+01
3.400e+01
2.900e+01
2.700e+01
3.000e+01
1.600e+01
1.200e+01
2.000e+01
7.000e+00
8.000e+00
5.000e+00
1.400e+01
1.900e+01
1.000e+01
2.000e+01
1.700e+01
1.600e+01
7.000e+00
1.200e+01
1.500e+01
4.000e+00
7.000e+00
9.000e+00
6.000e+00
1.700e+01
5.000e+00
8.000e+00
8.000e+00
4.000e+00
1.000e+01
1.400e+01
8.000e+00
6.000e+00
4.000e+00
7.000e+00
6.000e+00
3.000e+00
1.300e+01
5.000e+00
7.000e+00
9.000e+00
9.000e+00
1.700e+01
5.000e+00
7.000e+00
9.000e+00
1.200e+01
1.100e+01
6.000e+00
1.100e+01
3.000e+00
1.000e+01
8.000e+00
1.600e+01
1.300e+01
7.000e+00
7.000e+00
5.000e+00
9.000e+00
7.000e+00
7.000e+00
1.000e+01
8.000e+00
1.200e+01
1.300e+01
1.000e+01
1.400e+01
2.100e+01
1.500e+01
2.300e+01
2.400e+01
1.900e+01
2.700e+01
4.400e+01
3.600e+01
3.800e+01
3.800e+01
3.500e+01
3.500e+01
5.000e+01
5.400e+01
6.300e+01
5.800e+01
5.000e+01
6.300e+01
7.500e+01
6.200e+01
6.400e+01
6.100e+01
8.600e+01
6.800e+01
5.600e+01
6.800e+01
6.000e+01
9.000e+01
7.400e+01
7.300e+01
7.400e+01
7.800e+01
7.300e+01
1.510e+02
1.870e+02
1.630e+02
1.810e+02
2.170e+02
2.190e+02
1.790e+02
1.610e+02
1.740e+02
1.720e+02
1.690e+02
2.320e+02
2.940e+02
2.370e+02
1.950e+02
1.740e+02
2.030e+02
1.960e+02
2.050e+02
2.150e+02
2.630e+02
2.760e+02
3.220e+02
3.180e+02
3.730e+02
5.120e+02
9.110e+02
1.010e+03
7.220e+02
7.480e+02
8.850e+02
1.012e+03
9.200e+02
1.014e+03
1.156e+03
1.150e+03
1.479e+03
3.429e+03
