1.894e+04
2.017e+03
9.430e+02
7.270e+02
7.530e+02
7.270e+02
6.660e+02
6.030e+02
6.010e+02
6.590e+02
7.410e+02
8.090e+02
9.440e+02
1.061e+03
1.371e+03
1.239e+03
9.180e+02
8.990e+02
9.230e+02
8.290e+02
7.830e+02
7.480e+02
6.580e+02
4.410e+02
3.300e+02
2.930e+02
3.330e+02
3.300e+02
2.690e+02
2.570e+02
1.920e+02
1.700e+02
1.320e+02
1.140e+02
7.900e+01
6.300e+01
4.900e+01
5.400e+01
4.000e+01
5.100e+01
3.300e+01
3.300e+01
2.200e+01
2.600e+01
3.000e+01
2.800e+01
3.400e+01
4.400e+01
1.400e+01
1.500e+01
1.000e+01
1.000e+01
1.000e+01
1.800e+01
1.200e+01
1.300e+01
6.000e+00
1.100e+01
4.900e+01
4.400e+01
9.000e+00
4.000e+00
7.000e+00
6.000e+00
7.000e+00
4.000e+00
4.000e+00
5.000e+00
0.000e+00
1.000e+00
1.000e+00
1.000e+00
2.000e+00
1.000e+00
2.000e+00
0.000e+00
4.000e+00
3.000e+00
2.000e+00
3.000e+00
2.000e+00
1.000e+00
3.000e+00
1.000e+00
3.000e+00
1.000e+00
1.000e+00
0.000e+00
2.000e+00
1.000e+00
0.000e+00
1.000e+00
1.000e+00
0.000e+00
0.000e+00
1.000e+00
5.000e+00
2.000e+00
4.000e+00
5.000e+00
6.000e+00
4.000e+00
3.000e+00
6.000e+00
1.000e+00
2.000e+00
3.000e+00
9.000e+00
6.000e+00
6.000e+00
2.000e+00
4.000e+00
2.000e+00
5.000e+00
1.000e+01
8.000e+00
1.100e+01
1.000e+01
1.300e+01
3.000e+00
7.000e+00
3.800e+01
4.900e+01
7.000e+00
2.000e+01
1.200e+01
1.300e+01
1.400e+01
1.600e+01
2.200e+01
1.800e+01
2.000e+01
1.200e+01
1.700e+01
3.000e+01
2.300e+01
1.800e+01
3.100e+01
4.100e+01
5.000e+01
5.100e+01
5.400e+01
5.400e+01
5.500e+01
7.800e+01
1.180e+02
1.280e+02
1.340e+02
1.300e+02
1.280e+02
1.210e+02
1.210e+02
1.860e+02
1.770e+02
2.060e+02
2.500e+02
2.830e+02
3.060e+02
3.590e+02
4.110e+02
5.060e+02
6.270e+02
6.500e+02
8.670e+02
8.320e+02
8.330e+02
8.560e+02
1.035e+03
1.206e+03
1.278e+03
1.046e+03
9.960e+02
9.520e+02
7.570e+02
8.670e+02
9.700e+02
8.590e+02
9.070e+02
1.106e+03
2.365e+03
1.804e+04
2.171e+03
1.067e+03
8.400e+02
9.070e+02
1.035e+03
9.000e+02
7.900e+02
8.760e+02
1.002e+03
1.285e+03
1.383e+03
1.079e+03
8.560e+02
8.470e+02
7.940e+02
8.830e+02
9.980e+02
8.010e+02
8.460e+02
6.260e+02
4.190e+02
3.510e+02
2.910e+02
2.320e+02
2.250e+02
2.300e+02
1.630e+02
1.670e+02
1.760e+02
1.230e+02
1.220e+02
1.380e+02
1.190e+02
9.600e+01
8.300e+01
7.400e+01
6.900e+01
5.200e+01
3.400e+01
3.600e+01
3.900e+01
2.500e+01
3.200e+01
2.100e+01
2.700e+01
2.100e+01
2.400e+01
2.700e+01
2.400e+01
1.700e+01
1.400e+01
1.400e+01
1.600e+01
1.100e+01
1.700e+01
1.200e+01
9.000e+00
4.700e+01
3.800e+01
8.000e+00
4.000e+00
5.000e+00
9.000e+00
8.000e+00
2.000e+00
2.000e+00
1.000e+00
1.000e+00
3.000e+00
0.000e+00
3.000e+00
2.000e+00
0.000e+00
2.000e+00
3.000e+00
0.000e+00
6.000e+00
1.000e+00
4.000e+00
0.000e+00
2.000e+00
1.000e+00
0.000e+00
3.000e+00
0.000e+00
3.000e+00
1.000e+00
1.000e+00
2.000e+00
0.000e+00
1.000e+00
1.000e+00
2.000e+00
1.000e+00
1.000e+00
5.000e+00
1.000e+00
3.000e+00
9.000e+00
6.000e+00
4.000e+00
2.000e+00
7.000e+00
4.000e+00
4.000e+00
1.000e+00
1.000e+00
6.000e+00
3.000e+00
4.000e+00
4.000e+00
4.000e+00
1.100e+01
1.200e+01
1.000e+01
1.500e+01
4.000e+00
1.100e+01
6.000e+00
1.100e+01
4.300e+01
5.200e+01
8.000e+00
7.000e+00
1.500e+01
1.900e+01
2.000e+01
1.400e+01
1.300e+01
1.800e+01
1.700e+01
1.600e+01
3.100e+01
2.500e+01
1.900e+01
2.300e+01
1.900e+01
2.300e+01
2.800e+01
4.700e+01
5.600e+01
5.000e+01
7.300e+01
7.000e+01
7.600e+01
1.010e+02
1.060e+02
1.480e+02
1.950e+02
2.120e+02
2.550e+02
2.820e+02
3.270e+02
3.020e+02
2.710e+02
3.230e+02
4.060e+02
4.730e+02
6.640e+02
6.160e+02
7.060e+02
9.520e+02
9.310e+02
9.430e+02
1.260e+03
1.301e+03
1.038e+03
9.370e+02
7.760e+02
7.490e+02
6.620e+02
6.150e+02
5.810e+02
6.670e+02
7.300e+02
7.200e+02
7.210e+02
9.670e+02
2.030e+03
