1.905e+04
2.058e+03
9.690e+02
7.540e+02
7.720e+02
7.510e+02
6.900e+02
6.190e+02
6.290e+02
7.030e+02
7.740e+02
8.320e+02
9.860e+02
1.114e+03
1.413e+03
1.300e+03
9.570e+02
9.360e+02
9.610e+02
8.720e+02
8.270e+02
7.890e+02
7.160e+02
4.650e+02
3.800e+02
3.380e+02
3.720e+02
3.670e+02
3.390e+02
3.180e+02
2.520e+02
2.270e+02
1.810e+02
1.750e+02
1.600e+02
1.350e+02
1.290e+02
1.630e+02
1.550e+02
1.740e+02
1.480e+02
1.450e+02
1.280e+02
1.430e+02
1.350e+02
1.360e+02
1.920e+02
1.510e+02
9.000e+01
8.000e+01
5.600e+01
5.600e+01
5.100e+01
5.800e+01
4.000e+01
4.000e+01
4.600e+01
4.800e+01
8.300e+01
7.400e+01
6.100e+01
5.100e+01
3.800e+01
4.200e+01
5.100e+01
5.600e+01
6.900e+01
5.900e+01
6.300e+01
2.200e+01
1.900e+01
1.300e+01
2.300e+01
1.200e+01
6.000e+00
5.000e+00
6.000e+00
5.000e+00
5.000e+00
5.000e+00
2.000e+00
7.000e+00
7.000e+00
6.000e+00
6.000e+00
4.000e+00
3.000e+00
0.000e+00
4.000e+00
4.000e+00
3.000e+00
4.000e+00
1.000e+00
1.000e+00
1.000e+00
2.000e+00
8.000e+00
3.000e+00
7.000e+00
6.000e+00
9.000e+00
5.000e+00
6.000e+00
1.200e+01
5.000e+00
7.000e+00
9.000e+00
1.700e+01
1.200e+01
1.000e+01
1.100e+01
1.000e+01
2.000e+01
2.100e+01
2.900e+01
3.800e+01
4.000e+01
6.100e+01
5.300e+01
3.400e+01
4.800e+01
7.700e+01
9.700e+01
4.800e+01
6.100e+01
5.400e+01
5.200e+01
5.100e+01
5.500e+01
5.300e+01
5.800e+01
6.500e+01
6.900e+01
8.200e+01
1.050e+02
1.320e+02
1.500e+02
1.820e+02
1.560e+02
1.530e+02
1.730e+02
1.740e+02
1.660e+02
1.780e+02
1.810e+02
1.980e+02
2.090e+02
2.140e+02
2.010e+02
2.450e+02
2.460e+02
1.940e+02
2.580e+02
2.470e+02
2.890e+02
3.130e+02
3.480e+02
3.450e+02
4.060e+02
4.650e+02
5.840e+02
6.900e+02
7.080e+02
9.290e+02
8.650e+02
8.850e+02
8.920e+02
1.085e+03
1.258e+03
1.322e+03
1.087e+03
1.051e+03
9.890e+02
7.910e+02
8.890e+02
9.900e+02
8.830e+02
9.360e+02
1.126e+03
2.407e+03
1.814e+04
2.220e+03
1.090e+03
8.630e+02
9.330e+02
1.058e+03
9.380e+02
8.150e+02
9.130e+02
1.028e+03
1.327e+03
1.431e+03
1.142e+03
9.080e+02
8.990e+02
8.440e+02
9.220e+02
1.051e+03
8.570e+02
8.890e+02
6.920e+02
4.640e+02
4.030e+02
3.420e+02
3.070e+02
2.920e+02
3.050e+02
2.350e+02
2.230e+02
2.450e+02
2.090e+02
2.330e+02
2.120e+02
2.010e+02
1.870e+02
1.660e+02
1.690e+02
1.970e+02
1.520e+02
1.330e+02
1.320e+02
1.230e+02
1.020e+02
1.660e+02
1.270e+02
1.100e+02
8.800e+01
7.500e+01
6.800e+01
8.200e+01
4.300e+01
4.700e+01
5.200e+01
4.600e+01
4.600e+01
4.000e+01
5.700e+01
6.600e+01
8.800e+01
7.500e+01
4.500e+01
2.800e+01
4.200e+01
4.300e+01
3.700e+01
4.000e+01
6.000e+01
3.100e+01
3.000e+01
2.300e+01
2.700e+01
2.800e+01
6.000e+00
6.000e+00
1.000e+01
5.000e+00
1.000e+00
9.000e+00
2.000e+00
6.000e+00
2.000e+00
6.000e+00
5.000e+00
3.000e+00
5.000e+00
4.000e+00
6.000e+00
2.000e+00
1.000e+00
3.000e+00
3.000e+00
4.000e+00
5.000e+00
4.000e+00
3.000e+00
2.000e+00
8.000e+00
1.000e+00
5.000e+00
1.200e+01
1.100e+01
6.000e+00
5.000e+00
1.200e+01
8.000e+00
9.000e+00
9.000e+00
1.200e+01
1.400e+01
9.000e+00
1.100e+01
1.800e+01
3.000e+01
3.400e+01
5.100e+01
4.900e+01
4.300e+01
7.600e+01
6.300e+01
6.400e+01
5.200e+01
7.900e+01
8.900e+01
4.300e+01
4.200e+01
4.400e+01
6.100e+01
6.100e+01
4.800e+01
6.300e+01
8.200e+01
1.110e+02
1.200e+02
1.550e+02
2.100e+02
1.570e+02
1.470e+02
1.540e+02
1.300e+02
1.440e+02
1.620e+02
1.710e+02
2.130e+02
2.010e+02
1.490e+02
1.490e+02
1.820e+02
1.770e+02
2.050e+02
2.480e+02
2.780e+02
3.300e+02
3.360e+02
3.730e+02
3.440e+02
3.110e+02
3.780e+02
4.710e+02
5.110e+02
7.160e+02
6.590e+02
7.450e+02
9.870e+02
9.720e+02
9.890e+02
1.303e+03
1.338e+03
1.081e+03
9.660e+02
8.140e+02
7.860e+02
7.000e+02
6.490e+02
6.050e+02
6.820e+02
7.510e+02
7.490e+02
7.490e+02
9.910e+02
2.076e+03
