2.814e+03
6.950e+02
5.650e+02
4.610e+02
2.510e+02
2.220e+02
1.260e+02
8.400e+01
7.800e+01
5.100e+01
5.200e+01
2.800e+01
3.000e+01
1.600e+01
2.300e+01
3.200e+01
4.900e+01
7.500e+01
4.000e+01
1.300e+01
1.500e+01
1.400e+01
6.000e+00
8.000e+00
1.200e+01
8.000e+00
6.000e+00
9.000e+00
4.000e+00
4.000e+00
5.000e+00
4.000e+00
1.000e+00
2.000e+00
1.000e+00
0.000e+00
0.000e+00
0.000e+00
0.000e+00
0.000e+00
0.000e+00
3.000e+00
0.000e+00
0.000e+00
1.000e+00
0.000e+00
2.000e+00
1.000e+00
0.000e+00
0.000e+00
0.000e+00
0.000e+00
0.000e+00
0.000e+00
1.000e+00
1.000e+00
0.000e+00
0.000e+00
0.000e+00
3.000e+00
4.000e+00
1.000e+00
4.000e+00
2.000e+00
3.000e+00
3.000e+00
0.000e+00
3.000e+00
1.000e+00
0.000e+00
0.000e+00
1.000e+00
0.000e+00
0.000e+00
1.000e+00
1.000e+00
0.000e+00
0.000e+00
0.000e+00
0.000e+00
0.000e+00
0.000e+00
0.000e+00
0.000e+00
0.000e+00
0.000e+00
0.000e+00
0.000e+00
0.000e+00
1.000e+00
1.000e+00
0.000e+00
0.000e+00
0.000e+00
0.000e+00
0.000e+00
0.000e+00
0.000e+00
1.000e+00
0.000e+00
0.000e+00
0.000e+00
0.000e+00
0.000e+00
0.000e+00
3.000e+00
1.000e+00
1.000e+00
0.000e+00
0.000e+00
0.000e+00
0.000e+00
0.000e+00
0.000e+00
0.000e+00
0.000e+00
0.000e+00
0.000e+00
0.000e+00
0.000e+00
0.000e+00
0.000e+00
0.000e+00
0.000e+00
0.000e+00
0.000e+00
0.000e+00
0.000e+00
0.000e+00
0.000e+00
0.000e+00
0.000e+00
0.000e+00
0.000e+00
0.000e+00
0.000e+00
0.000e+00
0.000e+00
0.000e+00
0.000e+00
0.000e+00
0.000e+00
0.000e+00
0.000e+00
0.000e+00
0.000e+00
0.000e+00
0.000e+00
0.000e+00
0.000e+00
0.000e+00
0.000e+00
0.000e+00
0.000e+00
0.000e+00
0.000e+00
0.000e+00
0.000e+00
0.000e+00
0.000e+00
0.000e+00
0.000e+00
0.000e+00
0.000e+00
0.000e+00
0.000e+00
0.000e+00
0.000e+00
0.000e+00
0.000e+00
0.000e+00
0.000e+00
0.000e+00
0.000e+00
0.000e+00
0.000e+00
0.000e+00
0.000e+00
0.000e+00
0.000e+00
0.000e+00
0.000e+00
0.000e+00
0.000e+00
0.000e+00
0.000e+00
0.000e+00
0.000e+00
0.000e+00
0.000e+00
0.000e+00
0.000e+00
0.000e+00
0.000e+00
0.000e+00
0.000e+00
0.000e+00
0.000e+00
0.000e+00
0.000e+00
0.000e+00
0.000e+00
0.000e+00
0.000e+00
0.000e+00
0.000e+00
0.000e+00
0.000e+00
0.000e+00
0.000e+00
0.000e+00
0.000e+00
0.000e+00
0.000e+00
0.000e+00
0.000e+00
0.000e+00
0.000e+00
0.000e+00
0.000e+00
0.000e+00
0.000e+00
0.000e+00
0.000e+00
0.000e+00
0.000e+00
0.000e+00
0.000e+00
0.000e+00
0.000e+00
0.000e+00
0.000e+00
0.000e+00
0.000e+00
0.000e+00
0.000e+00
0.000e+00
0.000e+00
0.000e+00
0.000e+00
0.000e+00
0.000e+00
0.000e+00
0.000e+00
0.000e+00
0.000e+00
0.000e+00
0.000e+00
0.000e+00
0.000e+00
0.000e+00
0.000e+00
0.000e+00
1.000e+00
0.000e+00
0.000e+00
0.000e+00
0.000e+00
0.000e+00
0.000e+00
0.000e+00
0.000e+00
0.000e+00
0.000e+00
0.000e+00
0.000e+00
0.000e+00
0.000e+00
0.000e+00
0.000e+00
0.000e+00
0.000e+00
0.000e+00
0.000e+00
0.000e+00
0.000e+00
0.000e+00
1.000e+00
0.000e+00
0.000e+00
0.000e+00
0.000e+00
0.000e+00
0.000e+00
0.000e+00
0.000e+00
0.000e+00
0.000e+00
0.000e+00
0.000e+00
0.000e+00
0.000e+00
4.000e+00
0.000e+00
0.000e+00
3.000e+00
2.000e+00
0.000e+00
3.000e+00
1.000e+00
3.000e+00
1.000e+00
2.000e+00
2.000e+00
2.000e+00
0.000e+00
1.000e+00
1.000e+00
1.000e+00
0.000e+00
1.000e+00
0.000e+00
0.000e+00
1.000e+00
2.000e+00
0.000e+00
2.000e+00
0.000e+00
1.000e+00
2.000e+00
1.000e+00
1.000e+00
1.000e+00
0.000e+00
0.000e+00
1.000e+00
3.000e+00
0.000e+00
2.000e+00
4.000e+00
0.000e+00
5.000e+00
4.000e+00
5.000e+00
1.000e+01
1.000e+01
7.000e+00
3.000e+00
1.100e+01
1.000e+01
1.300e+01
1.200e+01
1.400e+01
1.700e+01
2.500e+01
2.700e+01
2.500e+01
2.100e+01
2.700e+01
2.400e+01
4.200e+01
3.000e+01
2.600e+01
4.300e+01
5.300e+01
7.400e+01
1.280e+02
2.030e+02
2.710e+02
5.170e+02
