1.473e+03
3.500e+02
2.180e+02
2.080e+02
1.920e+02
1.470e+02
1.740e+02
1.410e+02
1.130e+02
1.270e+02
1.320e+02
1.290e+02
1.530e+02
1.550e+02
1.560e+02
1.670e+02
1.740e+02
2.120e+02
2.260e+02
2.190e+02
2.040e+02
1.880e+02
2.020e+02
1.850e+02
1.790e+02
1.790e+02
1.680e+02
2.020e+02
2.610e+02
2.770e+02
2.980e+02
3.350e+02
4.350e+02
5.070e+02
7.220e+02
1.111e+03
8.220e+02
5.020e+02
3.700e+02
2.780e+02
2.500e+02
2.260e+02
1.870e+02
1.670e+02
1.630e+02
1.640e+02
1.540e+02
1.610e+02
1.150e+02
1.280e+02
1.220e+02
1.180e+02
7.300e+01
7.100e+01
8.300e+01
5.700e+01
4.800e+01
3.100e+01
3.300e+01
4.200e+01
4.400e+01
3.400e+01
2.600e+01
3.500e+01
2.500e+01
3.000e+01
2.300e+01
2.900e+01
3.400e+01
2.800e+01
3.200e+01
3.600e+01
2.200e+01
1.600e+01
9.000e+00
8.000e+00
3.000e+00
5.000e+00
4.000e+00
1.000e+00
5.000e+00
1.000e+00
0.000e+00
2.000e+00
2.000e+00
0.000e+00
0.000e+00
2.000e+00
0.000e+00
2.000e+00
0.000e+00
1.000e+00
0.000e+00
2.000e+00
2.000e+00
1.000e+00
0.000e+00
0.000e+00
1.000e+00
2.000e+00
2.000e+00
0.000e+00
1.000e+00
1.000e+00
1.000e+00
1.000e+00
0.000e+00
0.000e+00
1.000e+00
1.000e+00
1.000e+00
0.000e+00
0.000e+00
0.000e+00
0.000e+00
1.000e+00
0.000e+00
0.000e+00
0.000e+00
1.000e+00
0.000e+00
0.000e+00
1.000e+00
2.000e+00
0.000e+00
0.000e+00
3.000e+00
0.000e+00
3.000e+00
0.000e+00
0.000e+00
1.000e+00
0.000e+00
3.000e+00
1.000e+00
1.000e+00
1.000e+00
2.000e+00
1.000e+00
1.000e+00
0.000e+00
1.000e+00
2.000e+00
2.000e+00
1.000e+00
2.000e+00
1.000e+00
3.000e+00
5.000e+00
4.000e+00
6.000e+00
1.000e+01
6.000e+00
1.000e+01
1.700e+01
2.200e+01
1.800e+01
1.300e+01
1.900e+01
1.700e+01
3.800e+01
3.300e+01
3.600e+01
3.700e+01
3.700e+01
2.900e+01
5.900e+01
9.800e+01
1.090e+02
4.300e+01
5.500e+01
5.700e+01
8.800e+01
9.700e+01
7.200e+01
4.700e+01
5.500e+01
9.100e+01
7.500e+01
6.700e+01
1.990e+02
6.900e+01
6.200e+01
7.600e+01
7.000e+01
6.300e+01
5.700e+01
5.900e+01
7.500e+01
6.300e+01
4.500e+01
4.700e+01
3.000e+01
4.500e+01
6.300e+01
6.500e+01
7.000e+01
6.100e+01
5.100e+01
4.500e+01
3.700e+01
2.600e+01
3.200e+01
2.000e+01
1.000e+01
5.000e+00
1.300e+01
7.000e+00
3.000e+00
6.000e+00
4.000e+00
7.000e+00
2.000e+00
2.000e+00
1.000e+00
3.000e+00
1.000e+00
1.000e+00
1.000e+00
0.000e+00
1.000e+00
0.000e+00
1.000e+00
1.000e+00
2.000e+00
1.000e+00
1.000e+00
1.000e+00
2.000e+00
0.000e+00
4.000e+00
1.000e+00
2.000e+00
2.000e+00
3.000e+00
1.000e+00
0.000e+00
1.000e+00
0.000e+00
1.000e+00
0.000e+00
0.000e+00
1.000e+00
0.000e+00
0.000e+00
0.000e+00
0.000e+00
0.000e+00
0.000e+00
0.000e+00
0.000e+00
0.000e+00
0.000e+00
1.000e+00
0.000e+00
0.000e+00
0.000e+00
0.000e+00
0.000e+00
0.000e+00
1.000e+00
0.000e+00
2.000e+00
0.000e+00
0.000e+00
0.000e+00
0.000e+00
0.000e+00
0.000e+00
0.000e+00
1.000e+00
1.000e+00
0.000e+00
2.000e+00
2.000e+00
0.000e+00
2.000e+00
1.000e+00
0.000e+00
1.000e+00
4.000e+00
1.000e+00
4.000e+00
8.000e+00
3.000e+00
2.000e+00
4.000e+00
4.000e+00
7.000e+00
1.200e+01
1.200e+01
1.900e+01
1.900e+01
1.700e+01
1.700e+01
1.600e+01
2.200e+01
2.700e+01
3.100e+01
3.800e+01
3.900e+01
3.800e+01
4.000e+01
3.600e+01
4.500e+01
3.700e+01
4.800e+01
6.200e+01
5.000e+01
7.900e+01
7.400e+01
7.800e+01
1.000e+02
1.480e+02
1.620e+02
1.590e+02
1.400e+02
1.750e+02
1.790e+02
2.060e+02
2.340e+02
2.960e+02
3.440e+02
4.890e+02
7.880e+02
1.095e+03
6.970e+02
4.110e+02
2.950e+02
2.680e+02
2.290e+02
2.170e+02
2.240e+02
1.660e+02
1.860e+02
1.340e+02
1.570e+02
1.340e+02
1.110e+02
1.590e+02
1.540e+02
1.710e+02
1.800e+02
1.660e+02
1.590e+02
1.240e+02
1.310e+02
1.450e+02
1.330e+02
1.510e+02
1.470e+02
1.700e+02
1.990e+02
2.190e+02
1.980e+02
1.940e+02
1.930e+02
1.930e+02
2.280e+02
3.700e+02
