1.684e+05
3.172e+04
1.566e+04
1.060e+04
7.786e+03
6.589e+03
5.921e+03
5.629e+03
5.210e+03
5.052e+03
5.178e+03
5.684e+03
6.081e+03
6.522e+03
7.280e+03
7.177e+03
6.789e+03
5.885e+03
4.852e+03
3.837e+03
3.294e+03
2.777e+03
2.591e+03
2.170e+03
2.223e+03
1.967e+03
1.934e+03
1.986e+03
2.029e+03
1.959e+03
2.086e+03
2.640e+03
2.981e+03
4.010e+03
4.801e+03
2.388e+03
1.829e+03
1.264e+03
1.026e+03
7.360e+02
5.350e+02
4.620e+02
4.540e+02
3.580e+02
2.730e+02
2.340e+02
2.680e+02
3.550e+02
3.100e+02
2.570e+02
2.650e+02
1.340e+02
2.180e+02
2.600e+02
2.610e+02
3.690e+02
3.830e+02
6.320e+02
1.063e+03
5.150e+02
2.860e+02
1.900e+02
9.300e+01
5.100e+01
3.000e+01
1.440e+02
5.570e+02
4.740e+02
3.850e+02
4.320e+02
1.250e+03
3.848e+03
3.320e+02
1.720e+02
5.490e+02
2.250e+02
1.140e+02
8.900e+01
8.400e+01
9.100e+01
1.180e+02
9.000e+01
6.100e+01
7.900e+01
7.200e+01
1.050e+02
1.230e+02
1.190e+02
1.260e+02
1.540e+02
1.660e+02
1.570e+02
1.430e+02
9.900e+01
8.600e+01
1.030e+02
1.060e+02
1.050e+02
1.080e+02
1.320e+02
1.430e+02
1.260e+02
1.180e+02
1.390e+02
1.370e+02
1.480e+02
1.700e+02
2.060e+02
2.240e+02
2.390e+02
2.590e+02
2.870e+02
3.390e+02
3.380e+02
4.000e+02
4.300e+02
4.620e+02
5.620e+02
6.540e+02
6.530e+02
6.010e+02
5.100e+02
5.790e+02
4.810e+02
4.390e+02
4.710e+02
4.760e+02
4.500e+02
4.220e+02
4.340e+02
4.440e+02
4.720e+02
4.330e+02
4.630e+02
4.730e+02
4.780e+02
4.850e+02
4.580e+02
4.350e+02
3.970e+02
4.060e+02
4.520e+02
4.450e+02
4.850e+02
5.720e+02
5.760e+02
5.700e+02
4.860e+02
4.640e+02
4.760e+02
5.000e+02
5.330e+02
4.690e+02
4.730e+02
4.450e+02
4.050e+02
4.950e+02
4.800e+02
5.610e+02
5.730e+02
5.880e+02
5.170e+02
4.280e+02
4.460e+02
4.450e+02
4.550e+02
4.970e+02
3.820e+02
3.690e+02
3.560e+02
3.720e+02
3.870e+02
4.360e+02
4.560e+02
5.420e+02
6.500e+02
9.140e+02
1.284e+03
2.051e+03
4.373e+03
2.944e+04
4.277e+03
1.890e+03
1.325e+03
9.680e+02
6.520e+02
5.790e+02
5.130e+02
5.210e+02
4.820e+02
6.080e+02
5.710e+02
4.210e+02
4.220e+02
4.320e+02
4.230e+02
4.230e+02
4.040e+02
3.720e+02
3.910e+02
3.820e+02
4.070e+02
4.410e+02
3.750e+02
4.370e+02
4.160e+02
4.600e+02
5.220e+02
4.760e+02
4.080e+02
4.690e+02
4.530e+02
4.990e+02
4.730e+02
5.410e+02
5.590e+02
5.750e+02
5.320e+02
5.600e+02
4.990e+02
4.290e+02
5.220e+02
5.210e+02
4.920e+02
4.590e+02
4.540e+02
4.570e+02
4.260e+02
4.060e+02
4.210e+02
3.830e+02
3.640e+02
4.260e+02
3.630e+02
4.080e+02
4.490e+02
4.540e+02
4.890e+02
5.930e+02
5.940e+02
6.530e+02
5.850e+02
6.410e+02
4.870e+02
4.940e+02
4.230e+02
3.760e+02
3.820e+02
3.470e+02
3.050e+02
2.850e+02
2.660e+02
2.030e+02
1.850e+02
2.070e+02
2.030e+02
1.600e+02
1.340e+02
1.150e+02
1.170e+02
1.210e+02
1.080e+02
1.120e+02
9.600e+01
9.800e+01
9.800e+01
1.410e+02
1.210e+02
1.940e+02
1.920e+02
1.760e+02
1.860e+02
1.540e+02
1.410e+02
1.300e+02
1.290e+02
6.800e+01
6.800e+01
5.600e+01
5.900e+01
7.200e+01
9.200e+01
5.700e+01
6.200e+01
6.900e+01
3.430e+02
3.990e+02
1.530e+02
4.760e+02
4.046e+03
9.070e+02
2.830e+02
5.160e+02
4.250e+02
5.650e+02
1.360e+02
3.400e+01
5.300e+01
1.010e+02
1.670e+02
3.070e+02
6.290e+02
1.090e+03
5.710e+02
3.510e+02
3.750e+02
2.660e+02
2.330e+02
2.170e+02
1.740e+02
2.570e+02
2.850e+02
3.100e+02
3.450e+02
3.120e+02
2.380e+02
3.000e+02
3.760e+02
3.780e+02
4.100e+02
4.770e+02
5.700e+02
8.130e+02
1.169e+03
2.047e+03
2.542e+03
4.525e+03
5.811e+03
3.845e+03
3.621e+03
2.795e+03
2.441e+03
2.462e+03
2.439e+03
2.323e+03
2.414e+03
2.394e+03
2.425e+03
2.705e+03
3.015e+03
3.482e+03
4.270e+03
5.235e+03
7.293e+03
9.703e+03
8.575e+03
7.330e+03
6.716e+03
5.794e+03
5.192e+03
4.844e+03
4.732e+03
5.003e+03
5.330e+03
5.926e+03
6.875e+03
8.204e+03
1.119e+04
1.688e+04
3.187e+04
