4.261e+03
9.400e+02
7.180e+02
6.370e+02
4.860e+02
7.960e+02
4.040e+02
2.530e+02
2.310e+02
2.310e+02
1.180e+02
6.800e+01
8.400e+01
4.900e+01
4.800e+01
6.000e+01
7.400e+01
1.120e+02
6.400e+01
2.900e+01
3.400e+01
4.100e+01
2.700e+01
2.400e+01
2.300e+01
2.400e+01
2.800e+01
2.200e+01
2.500e+01
3.400e+01
3.400e+01
2.400e+01
3.200e+01
2.800e+01
3.300e+01
2.600e+01
4.400e+01
3.700e+01
3.900e+01
2.800e+01
2.800e+01
1.500e+01
1.800e+01
1.700e+01
1.700e+01
1.300e+01
1.500e+01
7.000e+00
3.000e+00
3.000e+00
7.000e+00
8.000e+00
2.000e+00
0.000e+00
1.000e+00
3.000e+00
2.000e+00
4.000e+00
4.000e+00
2.000e+00
5.000e+00
2.000e+00
2.000e+00
0.000e+00
0.000e+00
1.000e+00
3.000e+00
4.000e+00
0.000e+00
0.000e+00
1.000e+00
5.000e+00
6.000e+00
3.000e+00
5.000e+00
2.000e+00
2.000e+00
3.000e+00
4.000e+00
2.000e+00
1.000e+00
1.000e+00
4.000e+00
4.000e+00
8.000e+00
5.000e+00
1.600e+01
7.000e+00
4.000e+00
4.000e+00
5.000e+00
8.000e+00
8.000e+00
5.000e+00
0.000e+00
4.000e+00
1.000e+00
3.000e+00
4.000e+00
4.000e+00
2.000e+00
0.000e+00
3.000e+00
4.000e+00
0.000e+00
2.000e+00
1.000e+00
0.000e+00
1.000e+00
0.000e+00
1.000e+00
2.000e+00
4.000e+00
2.000e+00
2.000e+00
7.000e+00
7.000e+00
6.000e+00
3.000e+00
2.000e+00
2.000e+00
0.000e+00
0.000e+00
0.000e+00
2.000e+00
3.000e+00
1.000e+00
2.000e+00
0.000e+00
8.000e+00
0.000e+00
1.000e+00
2.000e+00
1.000e+00
2.000e+00
2.000e+00
3.000e+00
2.000e+00
2.000e+00
2.000e+00
1.000e+00
0.000e+00
1.000e+00
1.000e+00
2.000e+00
1.000e+00
6.000e+00
0.000e+00
1.000e+00
0.000e+00
3.000e+00
0.000e+00
4.000e+00
2.000e+00
0.000e+00
1.000e+00
0.000e+00
0.000e+00
1.000e+00
1.000e+00
0.000e+00
1.000e+00
1.000e+00
1.000e+00
0.000e+00
0.000e+00
3.000e+00
1.000e+00
1.000e+00
0.000e+00
3.000e+00
2.000e+00
2.000e+00
1.000e+00
3.000e+00
4.000e+00
1.000e+00
5.000e+00
3.000e+00
1.300e+01
5.500e+01
1.100e+01
8.000e+00
7.000e+00
2.000e+00
2.000e+00
4.000e+00
1.000e+00
2.000e+00
2.000e+00
4.000e+00
0.000e+00
1.000e+00
2.000e+00
4.000e+00
0.000e+00
3.000e+00
0.000e+00
0.000e+00
0.000e+00
1.000e+00
1.000e+00
0.000e+00
1.000e+00
3.000e+00
1.000e+00
2.000e+00
0.000e+00
3.000e+00
2.000e+00
0.000e+00
2.000e+00
1.000e+00
1.000e+00
0.000e+00
4.000e+00
1.000e+00
1.000e+00
1.000e+00
0.000e+00
1.000e+00
2.000e+00
1.000e+00
2.000e+00
0.000e+00
3.000e+00
2.000e+00
1.000e+00
1.000e+00
1.000e+00
2.000e+00
3.000e+00
0.000e+00
1.000e+00
1.000e+00
1.000e+00
1.000e+00
0.000e+00
1.000e+00
0.000e+00
0.000e+00
3.000e+00
0.000e+00
1.000e+00
1.000e+00
2.000e+00
1.000e+00
2.000e+00
0.000e+00
1.000e+00
2.000e+00
3.000e+00
1.000e+00
0.000e+00
1.000e+00
2.000e+00
1.000e+00
1.000e+00
0.000e+00
3.000e+00
4.000e+00
1.000e+00
2.000e+00
1.000e+00
2.000e+00
2.000e+00
3.000e+00
5.000e+00
7.000e+00
2.000e+00
7.000e+00
2.000e+00
8.000e+00
6.000e+00
9.000e+00
5.000e+00
4.000e+00
0.000e+00
0.000e+00
1.000e+00
0.000e+00
1.000e+00
2.000e+00
0.000e+00
1.000e+00
1.000e+00
7.000e+00
1.000e+00
4.000e+00
4.000e+00
0.000e+00
1.000e+00
2.000e+00
9.000e+00
2.000e+00
0.000e+00
0.000e+00
0.000e+00
0.000e+00
2.000e+00
4.000e+00
0.000e+00
3.000e+00
7.000e+00
6.000e+00
1.000e+00
1.000e+00
1.000e+00
6.000e+00
8.000e+00
1.000e+00
5.000e+00
5.000e+00
7.000e+00
1.100e+01
4.000e+00
1.000e+01
1.400e+01
1.100e+01
2.800e+01
4.400e+01
4.800e+01
4.800e+01
4.700e+01
4.300e+01
4.800e+01
3.300e+01
3.800e+01
3.500e+01
2.900e+01
2.100e+01
3.000e+01
2.700e+01
2.700e+01
2.600e+01
1.700e+01
2.800e+01
3.000e+01
1.200e+01
3.600e+01
4.100e+01
4.400e+01
6.200e+01
6.100e+01
6.200e+01
7.200e+01
1.080e+02
9.600e+01
1.130e+02
8.800e+01
1.190e+02
2.240e+02
2.120e+02
2.210e+02
3.630e+02
6.450e+02
4.050e+02
3.840e+02
4.560e+02
7.250e+02
