6.168e+03
1.457e+03
6.640e+02
3.290e+02
1.890e+02
8.900e+01
6.200e+01
6.100e+01
3.500e+01
3.100e+01
2.200e+01
1.700e+01
1.400e+01
7.000e+00
8.000e+00
6.000e+00
6.000e+00
4.000e+00
6.000e+00
4.000e+00
7.000e+00
2.000e+00
4.000e+00
4.000e+00
2.000e+00
2.000e+00
0.000e+00
2.000e+00
2.000e+00
1.000e+00
2.000e+00
0.000e+00
0.000e+00
0.000e+00
0.000e+00
0.000e+00
0.000e+00
0.000e+00
0.000e+00
0.000e+00
0.000e+00
0.000e+00
0.000e+00
0.000e+00
0.000e+00
0.000e+00
0.000e+00
0.000e+00
0.000e+00
0.000e+00
0.000e+00
0.000e+00
0.000e+00
0.000e+00
0.000e+00
0.000e+00
0.000e+00
0.000e+00
0.000e+00
0.000e+00
0.000e+00
0.000e+00
0.000e+00
0.000e+00
0.000e+00
0.000e+00
0.000e+00
0.000e+00
0.000e+00
0.000e+00
0.000e+00
0.000e+00
0.000e+00
0.000e+00
0.000e+00
0.000e+00
0.000e+00
0.000e+00
0.000e+00
0.000e+00
0.000e+00
0.000e+00
0.000e+00
0.000e+00
0.000e+00
0.000e+00
0.000e+00
0.000e+00
0.000e+00
0.000e+00
0.000e+00
0.000e+00
0.000e+00
0.000e+00
0.000e+00
0.000e+00
0.000e+00
0.000e+00
0.000e+00
0.000e+00
0.000e+00
0.000e+00
0.000e+00
0.000e+00
0.000e+00
0.000e+00
0.000e+00
0.000e+00
0.000e+00
0.000e+00
0.000e+00
0.000e+00
0.000e+00
0.000e+00
0.000e+00
0.000e+00
0.000e+00
0.000e+00
0.000e+00
0.000e+00
0.000e+00
0.000e+00
0.000e+00
0.000e+00
0.000e+00
0.000e+00
0.000e+00
0.000e+00
0.000e+00
0.000e+00
0.000e+00
0.000e+00
0.000e+00
0.000e+00
0.000e+00
0.000e+00
0.000e+00
0.000e+00
0.000e+00
0.000e+00
0.000e+00
0.000e+00
0.000e+00
0.000e+00
0.000e+00
0.000e+00
0.000e+00
0.000e+00
0.000e+00
0.000e+00
0.000e+00
2.000e+00
5.000e+00
1.000e+00
1.000e+00
0.000e+00
4.000e+00
0.000e+00
1.000e+00
4.000e+00
3.000e+00
2.000e+00
7.000e+00
3.000e+00
4.000e+00
3.000e+00
4.000e+00
1.200e+01
9.000e+00
1.700e+01
2.200e+01
1.800e+01
3.000e+01
3.200e+01
7.100e+01
1.010e+02
1.440e+02
2.910e+02
5.740e+02
1.226e+03
5.893e+03
1.368e+03
6.240e+02
3.540e+02
1.970e+02
1.100e+02
7.600e+01
4.600e+01
4.800e+01
2.500e+01
1.400e+01
1.900e+01
1.200e+01
1.400e+01
1.000e+01
7.000e+00
6.000e+00
6.000e+00
7.000e+00
4.000e+00
5.000e+00
4.000e+00
1.000e+00
2.000e+00
1.000e+00
2.000e+00
5.000e+00
1.000e+00
0.000e+00
2.000e+00
1.000e+00
1.000e+00
2.000e+00
2.000e+00
0.000e+00
0.000e+00
0.000e+00
0.000e+00
0.000e+00
0.000e+00
1.000e+00
0.000e+00
0.000e+00
0.000e+00
0.000e+00
0.000e+00
0.000e+00
0.000e+00
0.000e+00
0.000e+00
0.000e+00
0.000e+00
0.000e+00
0.000e+00
0.000e+00
0.000e+00
0.000e+00
0.000e+00
0.000e+00
0.000e+00
0.000e+00
0.000e+00
0.000e+00
0.000e+00
0.000e+00
0.000e+00
0.000e+00
0.000e+00
0.000e+00
0.000e+00
0.000e+00
0.000e+00
0.000e+00
0.000e+00
0.000e+00
0.000e+00
0.000e+00
0.000e+00
0.000e+00
0.000e+00
0.000e+00
0.000e+00
0.000e+00
0.000e+00
0.000e+00
0.000e+00
0.000e+00
0.000e+00
0.000e+00
0.000e+00
0.000e+00
0.000e+00
0.000e+00
0.000e+00
0.000e+00
0.000e+00
0.000e+00
0.000e+00
0.000e+00
0.000e+00
0.000e+00
0.000e+00
0.000e+00
0.000e+00
0.000e+00
0.000e+00
0.000e+00
0.000e+00
0.000e+00
0.000e+00
0.000e+00
0.000e+00
0.000e+00
0.000e+00
0.000e+00
0.000e+00
0.000e+00
0.000e+00
0.000e+00
0.000e+00
0.000e+00
0.000e+00
0.000e+00
0.000e+00
0.000e+00
0.000e+00
0.000e+00
0.000e+00
0.000e+00
0.000e+00
0.000e+00
0.000e+00
1.000e+00
0.000e+00
0.000e+00
0.000e+00
0.000e+00
0.000e+00
0.000e+00
0.000e+00
0.000e+00
0.000e+00
0.000e+00
0.000e+00
0.000e+00
0.000e+00
0.000e+00
1.000e+00
0.000e+00
0.000e+00
0.000e+00
0.000e+00
1.000e+00
1.000e+00
3.000e+00
2.000e+00
1.000e+00
2.000e+00
2.000e+00
3.000e+00
6.000e+00
1.000e+00
2.000e+00
5.000e+00
6.000e+00
8.000e+00
9.000e+00
1.200e+01
1.900e+01
1.300e+01
1.500e+01
2.500e+01
4.600e+01
5.900e+01
7.200e+01
1.080e+02
1.900e+02
3.370e+02
7.120e+02
1.621e+03
