4.397e+03
9.660e+02
7.360e+02
6.530e+02
4.970e+02
8.130e+02
4.160e+02
2.790e+02
2.590e+02
2.540e+02
1.470e+02
8.100e+01
1.080e+02
6.000e+01
6.800e+01
8.100e+01
1.020e+02
1.310e+02
9.200e+01
4.600e+01
5.600e+01
5.900e+01
3.500e+01
3.600e+01
4.200e+01
4.400e+01
3.700e+01
4.000e+01
3.800e+01
5.300e+01
5.000e+01
3.700e+01
4.100e+01
4.700e+01
5.300e+01
4.400e+01
5.500e+01
5.500e+01
5.400e+01
4.700e+01
4.200e+01
3.500e+01
3.400e+01
2.500e+01
2.900e+01
2.500e+01
3.000e+01
2.100e+01
1.300e+01
1.500e+01
1.300e+01
1.600e+01
1.200e+01
1.600e+01
1.100e+01
1.900e+01
1.400e+01
1.400e+01
2.300e+01
2.000e+01
2.600e+01
2.300e+01
2.600e+01
1.800e+01
1.600e+01
2.400e+01
2.800e+01
2.300e+01
2.200e+01
1.300e+01
2.500e+01
3.000e+01
1.600e+01
7.000e+00
1.600e+01
1.000e+01
7.000e+00
6.000e+00
1.000e+01
8.000e+00
5.000e+00
6.000e+00
9.000e+00
1.600e+01
1.300e+01
1.000e+01
2.300e+01
1.500e+01
9.000e+00
1.100e+01
1.000e+01
9.000e+00
1.200e+01
8.000e+00
3.000e+00
5.000e+00
2.000e+00
5.000e+00
7.000e+00
5.000e+00
2.000e+00
1.000e+00
7.000e+00
7.000e+00
0.000e+00
1.400e+01
9.000e+00
4.000e+00
3.000e+00
4.000e+00
3.000e+00
7.000e+00
1.300e+01
5.000e+00
2.000e+00
9.000e+00
1.000e+01
6.000e+00
3.000e+00
4.000e+00
2.000e+00
5.000e+00
3.000e+00
0.000e+00
3.000e+00
4.000e+00
3.000e+00
5.000e+00
1.000e+00
9.000e+00
1.000e+00
2.000e+00
2.000e+00
1.000e+00
5.000e+00
5.000e+00
3.000e+00
3.000e+00
2.000e+00
2.000e+00
1.000e+00
0.000e+00
1.000e+00
2.000e+00
3.000e+00
1.000e+00
7.000e+00
0.000e+00
1.000e+00
0.000e+00
4.000e+00
0.000e+00
4.000e+00
2.000e+00
0.000e+00
1.000e+00
0.000e+00
2.000e+00
1.000e+00
2.000e+00
0.000e+00
3.000e+00
2.000e+00
1.000e+00
1.000e+00
0.000e+00
4.000e+00
2.000e+00
2.000e+00
0.000e+00
3.000e+00
4.000e+00
4.000e+00
1.000e+00
6.000e+00
6.000e+00
2.000e+00
5.000e+00
4.000e+00
1.400e+01
5.600e+01
1.300e+01
8.000e+00
1.000e+01
3.000e+00
2.000e+00
6.000e+00
2.000e+00
2.000e+00
2.000e+00
5.000e+00
1.000e+00
2.000e+00
2.000e+00
4.000e+00
1.000e+00
5.000e+00
1.000e+00
0.000e+00
0.000e+00
2.000e+00
3.000e+00
0.000e+00
4.000e+00
3.000e+00
2.000e+00
2.000e+00
0.000e+00
5.000e+00
2.000e+00
0.000e+00
2.000e+00
1.000e+00
2.000e+00
0.000e+00
4.000e+00
1.000e+00
2.000e+00
1.000e+00
0.000e+00
1.000e+00
2.000e+00
1.000e+00
2.000e+00
0.000e+00
3.000e+00
2.000e+00
2.000e+00
1.000e+00
1.000e+00
3.000e+00
3.000e+00
0.000e+00
2.000e+00
2.000e+00
1.000e+00
1.000e+00
1.000e+00
1.000e+00
0.000e+00
1.000e+00
3.000e+00
0.000e+00
3.000e+00
2.000e+00
3.000e+00
2.000e+00
3.000e+00
1.000e+00
6.000e+00
3.000e+00
5.000e+00
1.000e+00
3.000e+00
4.000e+00
1.100e+01
6.000e+00
6.000e+00
4.000e+00
5.000e+00
5.000e+00
2.000e+00
2.000e+00
5.000e+00
7.000e+00
3.000e+00
4.000e+00
8.000e+00
1.100e+01
2.000e+00
9.000e+00
3.000e+00
1.000e+01
1.000e+01
1.700e+01
9.000e+00
5.000e+00
6.000e+00
3.000e+00
2.000e+00
5.000e+00
4.000e+00
1.000e+01
5.000e+00
9.000e+00
1.100e+01
1.900e+01
6.000e+00
1.200e+01
1.200e+01
2.400e+01
2.400e+01
3.300e+01
3.500e+01
2.500e+01
2.600e+01
3.600e+01
3.800e+01
2.700e+01
2.700e+01
3.100e+01
2.000e+01
1.900e+01
3.000e+01
2.200e+01
1.400e+01
1.200e+01
1.800e+01
1.700e+01
1.700e+01
7.000e+00
1.000e+01
1.200e+01
1.800e+01
2.200e+01
1.500e+01
2.600e+01
2.600e+01
3.300e+01
4.300e+01
5.600e+01
6.600e+01
7.000e+01
6.800e+01
5.600e+01
6.400e+01
5.500e+01
5.400e+01
5.100e+01
4.300e+01
3.800e+01
4.500e+01
4.400e+01
4.200e+01
4.800e+01
3.700e+01
4.200e+01
3.800e+01
3.500e+01
5.600e+01
6.200e+01
6.600e+01
7.700e+01
8.500e+01
9.000e+01
1.020e+02
1.300e+02
1.190e+02
1.420e+02
1.080e+02
1.520e+02
2.550e+02
2.290e+02
2.480e+02
3.800e+02
6.520e+02
4.170e+02
3.890e+02
4.710e+02
7.520e+02
