1.959e+04
3.901e+03
1.923e+03
1.059e+03
6.810e+02
4.270e+02
3.340e+02
3.020e+02
2.390e+02
2.160e+02
2.270e+02
2.140e+02
2.000e+02
2.150e+02
2.110e+02
2.520e+02
3.040e+02
3.500e+02
3.350e+02
3.570e+02
3.430e+02
3.410e+02
3.450e+02
3.390e+02
3.620e+02
3.600e+02
3.730e+02
3.640e+02
2.790e+02
3.000e+02
2.680e+02
2.220e+02
2.130e+02
2.440e+02
2.020e+02
1.760e+02
1.650e+02
1.310e+02
1.200e+02
1.040e+02
8.900e+01
9.800e+01
7.400e+01
8.300e+01
6.600e+01
5.900e+01
5.900e+01
5.800e+01
5.300e+01
5.500e+01
5.300e+01
5.400e+01
5.200e+01
5.100e+01
3.200e+01
4.000e+01
4.400e+01
3.400e+01
3.000e+01
3.300e+01
2.800e+01
2.700e+01
2.200e+01
2.300e+01
1.300e+01
1.700e+01
1.400e+01
2.000e+01
1.600e+01
1.000e+01
8.000e+00
1.300e+01
1.700e+01
1.700e+01
1.000e+01
1.100e+01
5.000e+00
6.000e+00
7.000e+00
8.000e+00
9.000e+00
5.000e+00
7.000e+00
5.000e+00
3.000e+00
3.000e+00
1.300e+01
2.900e+01
4.700e+01
2.900e+01
2.900e+01
2.400e+01
2.500e+01
2.700e+01
1.400e+01
1.200e+01
6.000e+00
4.000e+00
3.000e+00
7.000e+00
6.000e+00
8.000e+00
7.000e+00
1.000e+01
1.400e+01
1.000e+01
1.300e+01
1.700e+01
1.400e+01
1.000e+01
1.100e+01
1.600e+01
1.100e+01
8.000e+00
1.000e+01
2.900e+01
2.500e+01
2.900e+01
3.200e+01
3.600e+01
3.700e+01
3.100e+01
3.400e+01
3.600e+01
3.000e+01
6.000e+01
5.600e+01
4.900e+01
4.400e+01
5.000e+01
5.000e+01
5.200e+01
5.300e+01
6.900e+01
7.100e+01
7.600e+01
8.700e+01
8.100e+01
8.600e+01
7.600e+01
1.180e+02
1.060e+02
1.250e+02
1.530e+02
1.470e+02
1.760e+02
1.990e+02
2.360e+02
2.110e+02
2.270e+02
2.440e+02
2.960e+02
2.760e+02
3.620e+02
3.330e+02
2.950e+02
3.640e+02
3.720e+02
3.380e+02
3.290e+02
3.390e+02
3.470e+02
3.170e+02
3.240e+02
3.410e+02
2.420e+02
2.040e+02
2.050e+02
1.930e+02
2.040e+02
2.010e+02
2.220e+02
2.260e+02
2.730e+02
3.530e+02
4.820e+02
6.180e+02
1.046e+03
1.842e+03
4.011e+03
1.953e+04
3.933e+03
1.881e+03
1.110e+03
6.530e+02
4.410e+02
3.560e+02
2.980e+02
2.450e+02
2.340e+02
2.120e+02
1.940e+02
2.160e+02
1.810e+02
2.520e+02
2.620e+02
3.060e+02
3.470e+02
3.800e+02
3.670e+02
3.320e+02
3.240e+02
3.320e+02
4.020e+02
3.810e+02
3.770e+02
3.600e+02
3.530e+02
2.740e+02
2.780e+02
2.560e+02
2.170e+02
2.120e+02
1.950e+02
2.090e+02
1.660e+02
1.680e+02
1.210e+02
1.210e+02
8.900e+01
8.900e+01
6.500e+01
7.300e+01
5.800e+01
8.000e+01
7.700e+01
7.500e+01
5.200e+01
6.800e+01
5.700e+01
5.900e+01
5.200e+01
4.700e+01
4.100e+01
3.900e+01
4.400e+01
4.100e+01
5.200e+01
2.700e+01
2.600e+01
2.100e+01
3.000e+01
2.400e+01
1.800e+01
1.800e+01
1.500e+01
1.100e+01
1.800e+01
1.500e+01
1.700e+01
1.100e+01
1.100e+01
1.700e+01
1.000e+01
1.200e+01
1.100e+01
1.000e+01
6.000e+00
1.000e+01
5.000e+00
3.000e+00
8.000e+00
1.200e+01
4.000e+00
2.000e+00
4.000e+00
1.100e+01
2.800e+01
4.600e+01
3.000e+01
3.100e+01
2.200e+01
2.700e+01
2.700e+01
1.400e+01
6.000e+00
1.200e+01
5.000e+00
1.000e+00
7.000e+00
1.100e+01
3.000e+00
7.000e+00
1.000e+01
1.200e+01
5.000e+00
1.700e+01
9.000e+00
1.600e+01
2.000e+01
1.100e+01
1.300e+01
1.100e+01
1.300e+01
1.800e+01
2.400e+01
3.000e+01
3.200e+01
3.500e+01
3.000e+01
3.700e+01
2.600e+01
3.300e+01
2.900e+01
4.000e+01
4.100e+01
4.700e+01
3.600e+01
5.900e+01
4.500e+01
5.000e+01
5.000e+01
5.800e+01
5.800e+01
6.500e+01
7.200e+01
6.500e+01
7.400e+01
8.100e+01
8.900e+01
1.170e+02
1.120e+02
1.300e+02
1.410e+02
1.630e+02
2.010e+02
2.000e+02
1.990e+02
2.240e+02
2.270e+02
2.540e+02
3.000e+02
2.930e+02
3.190e+02
3.420e+02
3.380e+02
3.590e+02
3.440e+02
3.300e+02
3.360e+02
3.820e+02
3.390e+02
2.970e+02
3.290e+02
3.200e+02
2.620e+02
2.220e+02
2.170e+02
1.970e+02
1.860e+02
1.910e+02
2.150e+02
2.570e+02
2.800e+02
3.660e+02
4.820e+02
6.260e+02
9.880e+02
1.881e+03
3.983e+03
