4.034e+03
3.210e+02
1.540e+02
1.090e+02
8.500e+01
9.800e+01
9.300e+01
6.900e+01
7.200e+01
4.800e+01
5.600e+01
6.000e+01
4.200e+01
4.900e+01
4.100e+01
6.100e+01
2.900e+01
4.100e+01
5.100e+01
3.800e+01
3.100e+01
3.100e+01
3.000e+01
4.600e+01
2.800e+01
3.100e+01
3.300e+01
3.100e+01
2.600e+01
1.800e+01
2.000e+01
1.900e+01
1.800e+01
2.200e+01
1.600e+01
1.100e+01
1.800e+01
1.400e+01
1.600e+01
1.100e+01
1.300e+01
1.200e+01
1.300e+01
6.000e+00
7.000e+00
6.000e+00
7.000e+00
1.000e+00
5.000e+00
0.000e+00
3.000e+00
2.000e+00
3.000e+00
0.000e+00
1.000e+00
0.000e+00
6.000e+00
6.000e+00
0.000e+00
3.000e+00
2.000e+00
1.000e+00
0.000e+00
5.000e+00
3.000e+00
2.000e+00
1.000e+00
0.000e+00
1.000e+00
0.000e+00
2.000e+00
1.000e+00
1.000e+00
0.000e+00
0.000e+00
1.000e+00
1.000e+00
1.000e+00
0.000e+00
3.000e+00
1.000e+00
1.000e+00
2.000e+00
3.000e+00
0.000e+00
0.000e+00
1.000e+00
0.000e+00
0.000e+00
0.000e+00
0.000e+00
0.000e+00
0.000e+00
0.000e+00
3.000e+00
1.000e+00
0.000e+00
0.000e+00
0.000e+00
0.000e+00
0.000e+00
0.000e+00
1.000e+00
0.000e+00
0.000e+00
2.000e+00
0.000e+00
0.000e+00
0.000e+00
1.000e+00
0.000e+00
2.000e+00
2.000e+00
1.000e+00
0.000e+00
0.000e+00
0.000e+00
0.000e+00
0.000e+00
0.000e+00
0.000e+00
0.000e+00
0.000e+00
0.000e+00
2.000e+00
1.000e+00
0.000e+00
0.000e+00
1.000e+00
0.000e+00
0.000e+00
1.000e+00
0.000e+00
1.000e+00
0.000e+00
1.000e+00
1.000e+00
0.000e+00
0.000e+00
0.000e+00
0.000e+00
0.000e+00
0.000e+00
0.000e+00
1.000e+00
3.000e+00
0.000e+00
0.000e+00
0.000e+00
2.000e+00
0.000e+00
0.000e+00
0.000e+00
2.000e+00
0.000e+00
0.000e+00
2.000e+00
6.000e+00
0.000e+00
1.000e+00
0.000e+00
3.000e+00
1.000e+00
2.000e+00
2.000e+00
0.000e+00
1.000e+00
2.000e+00
0.000e+00
5.000e+00
2.000e+00
1.000e+00
1.000e+00
1.000e+00
3.000e+00
1.000e+00
3.000e+00
3.000e+00
2.000e+00
4.000e+00
7.600e+01
7.000e+00
2.000e+00
1.000e+00
3.000e+00
0.000e+00
0.000e+00
2.000e+00
2.000e+00
3.000e+00
2.000e+00
6.000e+00
0.000e+00
0.000e+00
0.000e+00
0.000e+00
0.000e+00
0.000e+00
0.000e+00
2.000e+00
1.000e+00
1.000e+00
1.000e+00
1.000e+00
4.000e+00
2.000e+00
2.000e+00
2.000e+00
1.000e+00
0.000e+00
0.000e+00
0.000e+00
2.000e+00
1.000e+00
1.000e+00
1.000e+00
0.000e+00
1.000e+00
0.000e+00
0.000e+00
2.000e+00
1.000e+00
1.000e+00
0.000e+00
0.000e+00
0.000e+00
1.000e+00
3.000e+00
1.000e+00
0.000e+00
1.000e+00
0.000e+00
0.000e+00
0.000e+00
1.000e+00
0.000e+00
0.000e+00
0.000e+00
0.000e+00
1.000e+00
1.000e+00
2.000e+00
0.000e+00
0.000e+00
0.000e+00
0.000e+00
1.000e+00
1.000e+00
1.000e+00
0.000e+00
0.000e+00
0.000e+00
1.000e+00
1.000e+00
1.000e+00
1.000e+00
0.000e+00
0.000e+00
0.000e+00
0.000e+00
0.000e+00
1.000e+00
0.000e+00
0.000e+00
0.000e+00
1.000e+00
0.000e+00
0.000e+00
2.000e+00
2.000e+00
1.000e+00
1.000e+00
1.000e+00
0.000e+00
2.000e+00
0.000e+00
1.000e+00
4.000e+00
1.000e+00
0.000e+00
1.000e+00
2.000e+00
1.000e+00
1.000e+00
0.000e+00
0.000e+00
0.000e+00
1.000e+00
0.000e+00
0.000e+00
1.000e+00
0.000e+00
0.000e+00
0.000e+00
2.000e+00
2.000e+00
4.000e+00
6.000e+00
3.000e+00
4.000e+00
0.000e+00
1.000e+00
0.000e+00
8.000e+00
6.000e+00
0.000e+00
3.000e+00
0.000e+00
1.000e+00
3.000e+00
2.000e+00
2.000e+00
1.000e+00
2.000e+00
1.000e+00
5.000e+00
1.000e+01
6.000e+00
1.100e+01
8.000e+00
9.000e+00
1.800e+01
9.000e+00
7.000e+00
1.600e+01
1.500e+01
1.800e+01
2.000e+01
2.000e+01
2.900e+01
2.200e+01
1.400e+01
1.400e+01
3.300e+01
2.900e+01
2.600e+01
3.100e+01
3.800e+01
3.400e+01
2.400e+01
3.400e+01
4.600e+01
3.700e+01
5.200e+01
5.400e+01
4.500e+01
5.400e+01
4.000e+01
5.700e+01
4.900e+01
3.600e+01
5.400e+01
6.700e+01
6.900e+01
6.700e+01
8.000e+01
8.300e+01
1.050e+02
1.280e+02
2.830e+02
