7.600e+01
2.100e+01
9.000e+00
1.100e+01
9.000e+00
8.000e+00
1.000e+00
1.100e+01
1.100e+01
6.000e+00
8.000e+00
6.000e+00
1.000e+01
1.100e+01
9.000e+00
7.000e+00
6.000e+00
1.200e+01
1.300e+01
1.400e+01
1.400e+01
1.100e+01
1.200e+01
1.700e+01
6.000e+00
1.200e+01
1.400e+01
1.600e+01
1.400e+01
1.300e+01
9.000e+00
1.200e+01
9.000e+00
1.100e+01
1.600e+01
1.200e+01
1.700e+01
9.000e+00
8.000e+00
1.100e+01
4.000e+00
4.000e+00
6.000e+00
7.000e+00
2.000e+00
5.000e+00
8.000e+00
6.000e+00
8.000e+00
3.000e+00
4.000e+00
5.000e+00
6.000e+00
3.000e+00
1.700e+01
1.300e+01
1.600e+01
1.200e+01
9.000e+00
1.700e+01
2.200e+01
1.600e+01
9.000e+00
8.000e+00
1.900e+01
1.300e+01
1.000e+01
6.000e+00
1.000e+01
1.300e+01
1.800e+01
1.400e+01
3.000e+01
1.800e+01
1.000e+01
7.000e+00
1.000e+00
3.000e+00
3.000e+00
1.000e+00
1.000e+00
0.000e+00
1.000e+00
0.000e+00
0.000e+00
0.000e+00
0.000e+00
0.000e+00
0.000e+00
1.000e+00
0.000e+00
0.000e+00
0.000e+00
2.000e+00
1.000e+00
5.000e+00
1.000e+00
0.000e+00
0.000e+00
0.000e+00
0.000e+00
0.000e+00
1.000e+00
0.000e+00
2.000e+00
1.000e+00
8.000e+00
5.000e+00
3.000e+00
5.000e+00
3.000e+00
3.000e+00
6.000e+00
1.100e+01
1.300e+01
1.700e+01
5.000e+00
1.400e+01
2.000e+01
1.100e+01
1.700e+01
1.300e+01
1.700e+01
1.900e+01
1.500e+01
1.100e+01
1.400e+01
1.000e+01
1.300e+01
1.600e+01
2.500e+01
1.500e+01
2.300e+01
3.200e+01
3.200e+01
2.200e+01
3.400e+01
3.900e+01
6.200e+01
5.200e+01
7.700e+01
7.700e+01
9.400e+01
8.200e+01
7.500e+01
1.160e+02
9.500e+01
1.410e+02
1.180e+02
1.480e+02
1.690e+02
1.580e+02
1.990e+02
2.200e+02
2.690e+02
2.840e+02
3.330e+02
3.390e+02
3.800e+02
3.990e+02
4.520e+02
5.840e+02
5.660e+02
6.990e+02
6.890e+02
7.160e+02
7.510e+02
7.230e+02
7.580e+02
6.440e+02
6.010e+02
5.380e+02
4.380e+02
3.960e+02
2.960e+02
3.140e+02
2.880e+02
3.500e+02
3.750e+02
5.970e+02
3.291e+03
6.130e+02
4.100e+02
3.190e+02
2.720e+02
2.950e+02
3.430e+02
3.370e+02
4.290e+02
4.340e+02
4.990e+02
5.760e+02
6.040e+02
6.390e+02
6.270e+02
5.920e+02
6.050e+02
6.300e+02
5.130e+02
4.780e+02
4.820e+02
3.930e+02
3.340e+02
3.630e+02
2.960e+02
2.720e+02
2.400e+02
2.150e+02
1.860e+02
1.680e+02
1.540e+02
1.340e+02
1.410e+02
1.120e+02
1.320e+02
9.900e+01
1.000e+02
9.600e+01
8.100e+01
6.100e+01
6.600e+01
6.600e+01
5.000e+01
5.200e+01
3.900e+01
3.800e+01
2.800e+01
2.200e+01
2.600e+01
1.200e+01
1.800e+01
1.600e+01
8.000e+00
7.000e+00
7.000e+00
1.000e+01
1.700e+01
1.300e+01
9.000e+00
8.000e+00
1.500e+01
1.400e+01
1.500e+01
1.300e+01
1.700e+01
2.600e+01
2.400e+01
1.100e+01
8.000e+00
8.000e+00
5.000e+00
3.000e+00
0.000e+00
2.000e+00
3.000e+00
1.000e+00
2.000e+00
0.000e+00
0.000e+00
0.000e+00
0.000e+00
0.000e+00
0.000e+00
2.000e+00
4.000e+00
4.000e+00
4.000e+00
0.000e+00
0.000e+00
0.000e+00
0.000e+00
0.000e+00
0.000e+00
0.000e+00
1.000e+00
1.000e+00
0.000e+00
0.000e+00
2.000e+00
0.000e+00
0.000e+00
1.000e+00
0.000e+00
0.000e+00
2.000e+00
9.000e+00
9.000e+00
2.300e+01
2.300e+01
1.900e+01
2.700e+01
2.100e+01
2.000e+01
7.000e+00
1.000e+01
1.200e+01
1.800e+01
9.000e+00
8.000e+00
1.600e+01
1.400e+01
9.000e+00
1.200e+01
1.200e+01
7.000e+00
7.000e+00
1.000e+01
7.000e+00
4.000e+00
4.000e+00
4.000e+00
3.000e+00
1.000e+00
2.000e+00
6.000e+00
7.000e+00
5.000e+00
9.000e+00
4.000e+00
8.000e+00
8.000e+00
4.000e+00
1.300e+01
8.000e+00
1.700e+01
1.500e+01
1.600e+01
1.400e+01
9.000e+00
9.000e+00
1.400e+01
9.000e+00
1.200e+01
1.000e+01
1.200e+01
8.000e+00
2.100e+01
1.900e+01
1.700e+01
1.600e+01
1.600e+01
6.000e+00
1.100e+01
1.400e+01
1.200e+01
6.000e+00
1.200e+01
7.000e+00
5.000e+00
1.100e+01
1.000e+01
6.000e+00
8.000e+00
6.000e+00
6.000e+00
7.000e+00
3.000e+00
8.000e+00
1.500e+01
1.500e+01
