6.300e+01
1.300e+01
7.000e+00
4.000e+00
2.000e+00
3.000e+00
6.000e+00
5.000e+00
3.000e+00
4.000e+00
5.000e+00
2.000e+00
4.000e+00
3.000e+00
9.000e+00
3.000e+00
5.000e+00
6.000e+00
4.000e+00
0.000e+00
4.000e+00
2.000e+00
0.000e+00
4.000e+00
7.000e+00
6.000e+00
6.000e+00
7.000e+00
5.000e+00
6.000e+00
3.000e+00
4.000e+00
5.000e+00
5.000e+00
2.000e+00
2.000e+00
3.000e+00
1.000e+00
0.000e+00
2.000e+00
2.000e+00
1.000e+00
1.000e+00
0.000e+00
1.000e+00
2.000e+00
2.000e+00
0.000e+00
3.000e+00
4.000e+00
7.000e+00
5.000e+00
3.000e+00
1.000e+00
2.000e+00
3.000e+00
1.000e+00
2.000e+00
1.000e+00
0.000e+00
1.000e+00
0.000e+00
1.000e+00
0.000e+00
0.000e+00
1.000e+00
0.000e+00
0.000e+00
0.000e+00
0.000e+00
0.000e+00
0.000e+00
0.000e+00
0.000e+00
0.000e+00
0.000e+00
0.000e+00
0.000e+00
0.000e+00
0.000e+00
0.000e+00
0.000e+00
0.000e+00
0.000e+00
0.000e+00
0.000e+00
0.000e+00
0.000e+00
0.000e+00
0.000e+00
0.000e+00
0.000e+00
0.000e+00
0.000e+00
0.000e+00
0.000e+00
0.000e+00
0.000e+00
0.000e+00
0.000e+00
0.000e+00
0.000e+00
0.000e+00
0.000e+00
0.000e+00
0.000e+00
0.000e+00
0.000e+00
0.000e+00
0.000e+00
0.000e+00
0.000e+00
0.000e+00
0.000e+00
0.000e+00
0.000e+00
0.000e+00
0.000e+00
0.000e+00
0.000e+00
0.000e+00
0.000e+00
0.000e+00
0.000e+00
0.000e+00
0.000e+00
0.000e+00
0.000e+00
0.000e+00
0.000e+00
0.000e+00
0.000e+00
0.000e+00
0.000e+00
0.000e+00
0.000e+00
0.000e+00
0.000e+00
0.000e+00
0.000e+00
0.000e+00
0.000e+00
0.000e+00
0.000e+00
1.000e+00
2.000e+00
1.000e+00
0.000e+00
3.000e+00
3.000e+00
3.000e+00
2.000e+00
5.000e+00
4.000e+00
2.000e+00
6.000e+00
8.000e+00
1.600e+01
7.000e+00
6.000e+00
8.000e+00
2.700e+01
3.000e+01
4.200e+01
5.800e+01
9.000e+01
1.010e+02
1.380e+02
1.530e+02
2.110e+02
2.680e+02
2.940e+02
3.310e+02
3.120e+02
2.540e+02
2.020e+02
1.750e+02
1.610e+02
1.610e+02
1.880e+02
1.312e+03
2.270e+02
1.710e+02
1.890e+02
1.830e+02
2.120e+02
2.420e+02
2.990e+02
3.060e+02
2.670e+02
2.230e+02
1.920e+02
1.240e+02
1.190e+02
6.300e+01
5.400e+01
3.800e+01
4.000e+01
2.600e+01
2.000e+01
1.500e+01
1.000e+01
9.000e+00
1.300e+01
9.000e+00
4.000e+00
4.000e+00
4.000e+00
2.000e+00
2.000e+00
4.000e+00
6.000e+00
1.000e+00
3.000e+00
0.000e+00
1.000e+00
0.000e+00
1.000e+00
0.000e+00
0.000e+00
0.000e+00
0.000e+00
0.000e+00
0.000e+00
0.000e+00
0.000e+00
0.000e+00
0.000e+00
0.000e+00
0.000e+00
0.000e+00
0.000e+00
0.000e+00
0.000e+00
0.000e+00
0.000e+00
0.000e+00
0.000e+00
0.000e+00
0.000e+00
0.000e+00
0.000e+00
0.000e+00
0.000e+00
0.000e+00
0.000e+00
0.000e+00
0.000e+00
0.000e+00
0.000e+00
0.000e+00
0.000e+00
0.000e+00
0.000e+00
0.000e+00
0.000e+00
0.000e+00
0.000e+00
0.000e+00
0.000e+00
0.000e+00
0.000e+00
0.000e+00
0.000e+00
0.000e+00
0.000e+00
0.000e+00
0.000e+00
0.000e+00
0.000e+00
0.000e+00
0.000e+00
0.000e+00
0.000e+00
0.000e+00
0.000e+00
0.000e+00
0.000e+00
0.000e+00
0.000e+00
0.000e+00
0.000e+00
0.000e+00
0.000e+00
0.000e+00
0.000e+00
0.000e+00
0.000e+00
0.000e+00
0.000e+00
0.000e+00
0.000e+00
0.000e+00
0.000e+00
0.000e+00
0.000e+00
0.000e+00
0.000e+00
1.000e+00
0.000e+00
0.000e+00
0.000e+00
0.000e+00
0.000e+00
1.000e+00
3.000e+00
0.000e+00
4.000e+00
4.000e+00
5.000e+00
8.000e+00
2.000e+00
3.000e+00
2.000e+00
0.000e+00
2.000e+00
0.000e+00
0.000e+00
1.000e+00
1.000e+00
0.000e+00
3.000e+00
0.000e+00
2.000e+00
3.000e+00
3.000e+00
3.000e+00
4.000e+00
4.000e+00
3.000e+00
2.000e+00
2.000e+00
2.000e+00
4.000e+00
4.000e+00
5.000e+00
2.000e+00
4.000e+00
4.000e+00
2.000e+00
2.000e+00
3.000e+00
5.000e+00
2.000e+00
2.000e+00
7.000e+00
8.000e+00
5.000e+00
1.000e+01
7.000e+00
5.000e+00
4.000e+00
6.000e+00
2.000e+00
6.000e+00
2.000e+00
4.000e+00
4.000e+00
6.000e+00
8.000e+00
