3.688e+03
7.600e+02
4.060e+02
3.640e+02
3.610e+02
2.370e+02
1.640e+02
1.470e+02
1.310e+02
1.490e+02
1.400e+02
1.490e+02
1.890e+02
1.960e+02
2.900e+02
3.780e+02
4.470e+02
5.110e+02
5.340e+02
5.030e+02
5.150e+02
5.340e+02
5.650e+02
5.720e+02
4.780e+02
5.160e+02
4.510e+02
4.170e+02
4.070e+02
3.090e+02
2.910e+02
2.570e+02
1.980e+02
2.350e+02
1.920e+02
1.480e+02
1.530e+02
1.260e+02
1.310e+02
9.600e+01
1.070e+02
6.900e+01
6.700e+01
4.400e+01
4.400e+01
2.700e+01
1.900e+01
2.700e+01
1.100e+01
1.500e+01
9.000e+00
7.000e+00
5.000e+00
6.000e+00
4.000e+00
2.000e+00
3.000e+00
5.000e+00
4.000e+00
1.000e+00
0.000e+00
0.000e+00
2.000e+00
1.000e+00
1.000e+00
2.000e+00
0.000e+00
1.000e+00
0.000e+00
1.000e+00
0.000e+00
1.000e+00
0.000e+00
1.000e+00
0.000e+00
1.000e+00
0.000e+00
0.000e+00
1.000e+00
0.000e+00
0.000e+00
0.000e+00
0.000e+00
0.000e+00
0.000e+00
0.000e+00
0.000e+00
0.000e+00
0.000e+00
0.000e+00
0.000e+00
0.000e+00
0.000e+00
0.000e+00
0.000e+00
0.000e+00
0.000e+00
0.000e+00
0.000e+00
0.000e+00
0.000e+00
0.000e+00
0.000e+00
0.000e+00
0.000e+00
0.000e+00
0.000e+00
1.000e+00
0.000e+00
0.000e+00
0.000e+00
0.000e+00
0.000e+00
0.000e+00
1.000e+00
1.000e+00
0.000e+00
0.000e+00
3.000e+00
0.000e+00
1.000e+00
2.000e+00
0.000e+00
2.000e+00
0.000e+00
3.000e+00
5.000e+00
2.000e+00
0.000e+00
8.000e+00
6.000e+00
5.000e+00
4.000e+00
4.000e+00
9.000e+00
1.000e+01
1.500e+01
1.600e+01
2.500e+01
2.900e+01
3.600e+01
3.800e+01
4.000e+01
7.500e+01
8.200e+01
8.600e+01
1.090e+02
1.000e+02
1.360e+02
1.250e+02
1.270e+02
1.610e+02
1.720e+02
2.060e+02
2.030e+02
2.440e+02
2.490e+02
2.780e+02
2.910e+02
3.320e+02
3.480e+02
3.900e+02
4.060e+02
3.850e+02
4.020e+02
3.810e+02
3.340e+02
2.810e+02
2.000e+02
1.740e+02
1.660e+02
1.300e+02
1.350e+02
1.620e+02
1.810e+02
1.650e+02
3.070e+02
3.410e+02
3.180e+02
6.850e+02
3.030e+03
6.720e+02
3.030e+02
3.540e+02
2.760e+02
1.530e+02
1.510e+02
1.460e+02
1.350e+02
1.140e+02
1.510e+02
1.770e+02
2.060e+02
2.060e+02
2.910e+02
3.100e+02
3.100e+02
3.240e+02
3.340e+02
3.410e+02
3.350e+02
3.650e+02
3.060e+02
2.750e+02
2.470e+02
2.380e+02
2.160e+02
1.980e+02
1.600e+02
1.370e+02
1.270e+02
1.340e+02
1.120e+02
1.030e+02
1.000e+02
9.100e+01
7.300e+01
7.800e+01
5.300e+01
4.400e+01
2.900e+01
3.200e+01
2.800e+01
1.400e+01
1.900e+01
1.200e+01
1.200e+01
5.000e+00
8.000e+00
5.000e+00
5.000e+00
1.000e+00
4.000e+00
2.000e+00
0.000e+00
2.000e+00
1.000e+00
0.000e+00
2.000e+00
1.000e+00
2.000e+00
0.000e+00
2.000e+00
2.000e+00
1.000e+00
0.000e+00
0.000e+00
0.000e+00
1.000e+00
0.000e+00
0.000e+00
0.000e+00
0.000e+00
0.000e+00
0.000e+00
0.000e+00
0.000e+00
0.000e+00
0.000e+00
0.000e+00
0.000e+00
0.000e+00
0.000e+00
0.000e+00
0.000e+00
0.000e+00
0.000e+00
0.000e+00
0.000e+00
0.000e+00
0.000e+00
0.000e+00
0.000e+00
0.000e+00
0.000e+00
0.000e+00
0.000e+00
0.000e+00
0.000e+00
0.000e+00
0.000e+00
0.000e+00
0.000e+00
0.000e+00
0.000e+00
0.000e+00
0.000e+00
1.000e+00
0.000e+00
0.000e+00
0.000e+00
1.000e+00
1.000e+00
1.000e+00
1.000e+00
2.000e+00
0.000e+00
0.000e+00
1.000e+00
2.000e+00
0.000e+00
1.000e+00
2.000e+00
3.000e+00
3.000e+00
2.000e+00
5.000e+00
2.000e+00
5.000e+00
9.000e+00
1.800e+01
1.200e+01
1.800e+01
2.300e+01
3.300e+01
2.900e+01
3.100e+01
6.200e+01
5.400e+01
7.600e+01
7.600e+01
1.000e+02
1.170e+02
1.330e+02
1.600e+02
1.690e+02
1.930e+02
2.190e+02
2.190e+02
2.470e+02
2.770e+02
3.550e+02
4.390e+02
4.820e+02
4.760e+02
5.490e+02
5.790e+02
6.470e+02
6.610e+02
6.190e+02
6.700e+02
6.000e+02
6.290e+02
6.300e+02
5.210e+02
4.050e+02
3.410e+02
2.510e+02
1.840e+02
1.620e+02
1.380e+02
1.640e+02
1.180e+02
1.760e+02
1.740e+02
2.020e+02
4.020e+02
3.520e+02
3.970e+02
7.570e+02
