1.697e+05
3.198e+04
1.585e+04
1.076e+04
7.924e+03
6.720e+03
6.050e+03
5.752e+03
5.324e+03
5.186e+03
5.293e+03
5.807e+03
6.236e+03
6.655e+03
7.397e+03
7.316e+03
6.920e+03
5.998e+03
4.974e+03
3.985e+03
3.437e+03
2.899e+03
2.723e+03
2.284e+03
2.340e+03
2.106e+03
2.071e+03
2.129e+03
2.178e+03
2.130e+03
2.299e+03
2.854e+03
3.189e+03
4.202e+03
5.021e+03
2.553e+03
1.979e+03
1.373e+03
1.130e+03
8.350e+02
6.410e+02
5.490e+02
5.760e+02
4.740e+02
4.000e+02
3.640e+02
3.720e+02
4.650e+02
4.330e+02
3.580e+02
3.740e+02
2.570e+02
3.480e+02
4.150e+02
4.190e+02
5.540e+02
6.120e+02
8.710e+02
1.333e+03
8.110e+02
5.660e+02
4.730e+02
5.830e+02
6.770e+02
6.050e+02
5.240e+02
8.130e+02
7.160e+02
5.920e+02
6.380e+02
1.454e+03
4.042e+03
5.700e+02
3.940e+02
8.020e+02
3.720e+02
2.360e+02
1.800e+02
1.540e+02
1.370e+02
1.800e+02
1.660e+02
2.110e+02
1.820e+02
1.760e+02
1.930e+02
2.090e+02
2.010e+02
2.120e+02
2.320e+02
2.700e+02
2.770e+02
2.400e+02
1.650e+02
1.740e+02
1.610e+02
1.610e+02
1.390e+02
1.510e+02
1.820e+02
1.960e+02
1.690e+02
1.640e+02
1.930e+02
2.020e+02
1.960e+02
2.130e+02
2.600e+02
2.770e+02
2.840e+02
3.080e+02
3.500e+02
4.290e+02
4.130e+02
4.610e+02
4.910e+02
5.210e+02
6.150e+02
7.120e+02
7.090e+02
6.580e+02
5.530e+02
6.220e+02
5.200e+02
4.760e+02
5.120e+02
5.060e+02
4.840e+02
4.580e+02
4.660e+02
4.790e+02
5.140e+02
4.790e+02
4.960e+02
5.070e+02
5.120e+02
5.150e+02
4.910e+02
4.690e+02
4.230e+02
4.230e+02
4.850e+02
4.660e+02
4.980e+02
6.040e+02
6.080e+02
5.940e+02
5.130e+02
5.030e+02
5.010e+02
5.210e+02
5.630e+02
5.100e+02
5.020e+02
4.850e+02
4.460e+02
5.320e+02
5.330e+02
6.100e+02
6.350e+02
6.400e+02
5.620e+02
4.830e+02
5.240e+02
4.850e+02
5.270e+02
5.460e+02
4.680e+02
4.360e+02
4.280e+02
4.470e+02
4.610e+02
5.260e+02
5.530e+02
6.680e+02
7.750e+02
1.044e+03
1.430e+03
2.241e+03
4.559e+03
3.011e+04
4.493e+03
2.059e+03
1.449e+03
1.092e+03
7.960e+02
6.990e+02
6.040e+02
6.180e+02
5.720e+02
6.940e+02
6.420e+02
4.890e+02
4.990e+02
4.870e+02
4.750e+02
4.600e+02
4.530e+02
4.190e+02
4.200e+02
4.270e+02
4.650e+02
4.880e+02
4.210e+02
4.800e+02
4.540e+02
5.000e+02
5.440e+02
4.970e+02
4.240e+02
5.010e+02
4.830e+02
5.300e+02
4.920e+02
5.780e+02
5.910e+02
6.020e+02
5.550e+02
5.830e+02
5.240e+02
4.570e+02
5.470e+02
5.450e+02
5.290e+02
4.860e+02
4.710e+02
4.850e+02
4.580e+02
4.390e+02
4.750e+02
4.170e+02
3.860e+02
4.520e+02
3.960e+02
4.390e+02
4.850e+02
4.860e+02
5.280e+02
6.200e+02
6.300e+02
7.020e+02
6.290e+02
6.740e+02
5.420e+02
5.580e+02
4.980e+02
4.380e+02
4.430e+02
4.320e+02
3.690e+02
3.390e+02
3.170e+02
2.490e+02
2.330e+02
2.520e+02
2.330e+02
2.080e+02
1.760e+02
1.440e+02
1.590e+02
1.940e+02
1.550e+02
1.630e+02
1.350e+02
1.620e+02
1.560e+02
1.930e+02
1.730e+02
2.860e+02
3.750e+02
2.990e+02
2.520e+02
2.200e+02
2.340e+02
2.090e+02
2.350e+02
1.630e+02
2.010e+02
1.360e+02
1.210e+02
1.530e+02
1.650e+02
1.410e+02
1.600e+02
1.800e+02
5.020e+02
6.120e+02
3.580e+02
7.170e+02
4.263e+03
1.117e+03
4.990e+02
7.800e+02
6.850e+02
9.440e+02
5.580e+02
5.900e+02
5.080e+02
5.270e+02
4.290e+02
5.590e+02
9.360e+02
1.341e+03
7.900e+02
5.290e+02
5.540e+02
4.110e+02
3.530e+02
3.320e+02
3.110e+02
3.800e+02
4.190e+02
4.070e+02
4.680e+02
4.350e+02
3.560e+02
4.060e+02
4.760e+02
4.990e+02
5.000e+02
5.900e+02
6.890e+02
9.220e+02
1.315e+03
2.185e+03
2.702e+03
4.720e+03
6.013e+03
4.046e+03
3.823e+03
3.017e+03
2.615e+03
2.617e+03
2.572e+03
2.448e+03
2.539e+03
2.520e+03
2.567e+03
2.851e+03
3.143e+03
3.624e+03
4.379e+03
5.354e+03
7.417e+03
9.835e+03
8.707e+03
7.477e+03
6.852e+03
5.921e+03
5.320e+03
4.965e+03
4.853e+03
5.123e+03
5.448e+03
6.044e+03
7.016e+03
8.377e+03
1.137e+04
1.709e+04
3.214e+04
