0.000e+00
0.000e+00
0.000e+00
0.000e+00
0.000e+00
0.000e+00
2.000e+00
0.000e+00
0.000e+00
0.000e+00
0.000e+00
0.000e+00
0.000e+00
0.000e+00
1.000e+00
1.000e+00
1.000e+00
1.000e+00
1.000e+00
1.000e+00
1.000e+00
2.000e+00
0.000e+00
0.000e+00
0.000e+00
0.000e+00
0.000e+00
1.000e+00
0.000e+00
1.000e+00
3.000e+00
1.000e+00
0.000e+00
0.000e+00
2.000e+00
3.000e+00
4.000e+00
2.000e+00
1.000e+00
0.000e+00
4.000e+00
5.000e+00
6.000e+00
5.000e+00
3.000e+00
4.000e+00
1.000e+01
1.200e+01
7.000e+00
1.400e+01
1.900e+01
2.500e+01
3.200e+01
3.300e+01
3.000e+01
2.200e+01
1.700e+01
2.000e+01
2.300e+01
2.800e+01
3.000e+01
3.400e+01
4.400e+01
7.400e+01
7.400e+01
1.090e+02
1.330e+02
2.170e+02
1.620e+02
1.040e+02
1.170e+02
1.350e+02
1.460e+02
2.200e+02
3.050e+02
3.330e+02
4.050e+02
5.270e+02
5.910e+02
8.190e+02
1.217e+03
2.513e+03
5.355e+03
1.252e+04
4.957e+03
2.001e+03
1.187e+03
8.920e+02
7.490e+02
6.320e+02
5.260e+02
4.870e+02
4.910e+02
5.140e+02
5.470e+02
5.340e+02
5.910e+02
5.530e+02
5.380e+02
5.280e+02
4.270e+02
3.960e+02
4.030e+02
4.200e+02
4.380e+02
4.260e+02
4.790e+02
3.730e+02
3.740e+02
3.240e+02
2.920e+02
2.140e+02
2.020e+02
1.690e+02
1.550e+02
1.380e+02
1.340e+02
9.900e+01
8.600e+01
1.180e+02
9.200e+01
9.500e+01
1.000e+02
9.600e+01
9.600e+01
7.300e+01
7.100e+01
7.200e+01
7.600e+01
4.600e+01
4.900e+01
4.500e+01
3.000e+01
3.900e+01
2.300e+01
3.000e+01
2.600e+01
3.100e+01
3.200e+01
2.400e+01
2.100e+01
1.700e+01
2.900e+01
1.200e+01
2.100e+01
1.200e+01
2.700e+01
2.200e+01
1.400e+01
2.600e+01
2.000e+01
2.400e+01
1.800e+01
1.700e+01
1.300e+01
1.100e+01
1.400e+01
2.400e+01
2.600e+01
1.700e+01
1.900e+01
2.100e+01
9.000e+00
2.500e+01
2.300e+01
2.900e+01
2.200e+01
3.600e+01
2.900e+01
3.600e+01
4.200e+01
4.300e+01
3.300e+01
3.300e+01
2.900e+01
3.200e+01
2.100e+01
1.800e+01
3.200e+01
2.100e+01
2.400e+01
2.500e+01
2.500e+01
1.200e+01
1.400e+01
1.800e+01
3.200e+01
2.600e+01
4.200e+01
3.100e+01
3.000e+01
2.800e+01
2.800e+01
1.800e+01
2.700e+01
2.300e+01
2.500e+01
1.500e+01
1.300e+01
3.000e+01
3.200e+01
1.900e+01
2.300e+01
2.800e+01
1.600e+01
1.500e+01
2.300e+01
1.700e+01
9.000e+00
1.400e+01
1.000e+01
1.500e+01
1.600e+01
2.300e+01
2.200e+01
1.500e+01
1.800e+01
2.500e+01
1.900e+01
1.900e+01
2.000e+01
3.500e+01
1.700e+01
1.500e+01
2.900e+01
2.200e+01
2.700e+01
3.500e+01
3.200e+01
3.600e+01
4.500e+01
5.600e+01
5.300e+01
6.000e+01
6.600e+01
8.000e+01
9.300e+01
1.030e+02
9.700e+01
9.000e+01
9.400e+01
1.020e+02
1.230e+02
1.210e+02
1.170e+02
1.410e+02
1.360e+02
1.310e+02
1.700e+02
1.860e+02
2.510e+02
3.500e+02
3.140e+02
3.520e+02
3.910e+02
3.760e+02
4.050e+02
4.150e+02
4.080e+02
4.110e+02
4.470e+02
4.440e+02
5.490e+02
5.700e+02
5.480e+02
5.880e+02
5.150e+02
4.600e+02
4.450e+02
4.220e+02
5.080e+02
5.820e+02
7.170e+02
8.220e+02
1.131e+03
1.910e+03
4.785e+03
1.185e+04
5.237e+03
2.409e+03
1.033e+03
7.660e+02
5.930e+02
5.140e+02
4.080e+02
3.050e+02
2.910e+02
2.260e+02
1.460e+02
1.150e+02
1.300e+02
1.120e+02
1.480e+02
1.650e+02
1.410e+02
1.150e+02
7.800e+01
6.400e+01
5.300e+01
4.400e+01
3.200e+01
3.600e+01
2.600e+01
2.600e+01
2.400e+01
1.900e+01
2.200e+01
3.300e+01
2.300e+01
2.900e+01
1.700e+01
1.200e+01
1.300e+01
1.100e+01
1.100e+01
1.300e+01
5.000e+00
6.000e+00
3.000e+00
7.000e+00
4.000e+00
2.000e+00
1.000e+00
1.000e+00
1.000e+00
0.000e+00
3.000e+00
1.000e+00
1.000e+00
0.000e+00
1.000e+00
1.000e+00
0.000e+00
0.000e+00
1.000e+00
0.000e+00
1.000e+00
1.000e+00
0.000e+00
0.000e+00
1.000e+00
0.000e+00
0.000e+00
3.000e+00
0.000e+00
0.000e+00
1.000e+00
0.000e+00
1.000e+00
1.000e+00
0.000e+00
0.000e+00
1.000e+00
0.000e+00
0.000e+00
0.000e+00
0.000e+00
0.000e+00
0.000e+00
0.000e+00
