1.558e+04
2.687e+03
1.611e+03
1.385e+03
1.356e+03
9.880e+02
8.880e+02
8.760e+02
9.770e+02
1.020e+03
1.078e+03
1.230e+03
1.334e+03
1.335e+03
1.489e+03
1.491e+03
1.578e+03
1.679e+03
1.634e+03
1.636e+03
1.632e+03
1.516e+03
1.474e+03
1.496e+03
1.381e+03
1.247e+03
1.184e+03
1.110e+03
1.011e+03
8.590e+02
7.720e+02
7.020e+02
5.920e+02
6.090e+02
5.430e+02
4.530e+02
4.390e+02
4.130e+02
3.840e+02
3.360e+02
3.080e+02
2.310e+02
2.470e+02
2.120e+02
1.850e+02
1.570e+02
1.390e+02
1.370e+02
1.100e+02
1.040e+02
1.130e+02
9.800e+01
8.400e+01
7.100e+01
1.170e+02
8.900e+01
1.010e+02
9.300e+01
8.000e+01
1.010e+02
1.090e+02
9.900e+01
8.600e+01
9.400e+01
1.160e+02
1.150e+02
8.300e+01
1.020e+02
1.250e+02
1.180e+02
1.240e+02
9.600e+01
9.800e+01
9.000e+01
8.800e+01
6.600e+01
4.200e+01
4.100e+01
3.900e+01
4.100e+01
5.800e+01
4.200e+01
3.800e+01
4.600e+01
5.800e+01
4.900e+01
4.000e+01
3.700e+01
3.400e+01
4.500e+01
5.700e+01
5.500e+01
3.100e+01
4.100e+01
3.900e+01
4.900e+01
3.100e+01
3.700e+01
4.100e+01
2.800e+01
3.100e+01
2.100e+01
3.500e+01
4.400e+01
3.100e+01
3.200e+01
7.000e+01
7.100e+01
5.900e+01
8.000e+01
8.600e+01
7.500e+01
8.600e+01
1.150e+02
1.170e+02
1.200e+02
9.500e+01
9.500e+01
1.090e+02
1.090e+02
1.170e+02
1.150e+02
1.100e+02
1.090e+02
8.600e+01
8.900e+01
8.900e+01
7.800e+01
7.000e+01
7.000e+01
8.800e+01
8.900e+01
7.900e+01
1.030e+02
1.040e+02
8.600e+01
9.900e+01
1.100e+02
1.760e+02
1.540e+02
1.930e+02
2.130e+02
2.470e+02
2.840e+02
3.330e+02
3.420e+02
4.000e+02
4.550e+02
4.970e+02
5.050e+02
5.820e+02
6.120e+02
6.690e+02
7.740e+02
8.190e+02
1.003e+03
1.071e+03
1.340e+03
1.392e+03
1.448e+03
1.655e+03
1.923e+03
1.913e+03
2.051e+03
2.104e+03
2.206e+03
2.149e+03
2.099e+03
1.915e+03
1.792e+03
1.832e+03
1.674e+03
1.470e+03
1.474e+03
1.251e+03
1.200e+03
1.413e+03
1.600e+03
1.653e+03
2.890e+03
1.604e+04
2.853e+03
1.764e+03
1.621e+03
1.366e+03
1.169e+03
1.230e+03
1.281e+03
1.436e+03
1.383e+03
1.550e+03
1.647e+03
1.639e+03
1.749e+03
1.838e+03
1.758e+03
1.720e+03
1.797e+03
1.635e+03
1.588e+03
1.532e+03
1.408e+03
1.299e+03
1.249e+03
1.055e+03
8.850e+02
8.430e+02
7.740e+02
6.430e+02
5.690e+02
5.580e+02
5.110e+02
4.710e+02
4.140e+02
4.230e+02
3.540e+02
3.590e+02
3.020e+02
2.640e+02
2.070e+02
1.740e+02
1.770e+02
1.470e+02
1.360e+02
1.190e+02
1.150e+02
1.060e+02
9.500e+01
9.300e+01
7.900e+01
8.900e+01
9.900e+01
7.800e+01
8.000e+01
8.300e+01
9.500e+01
1.100e+02
8.700e+01
9.800e+01
1.040e+02
8.700e+01
9.400e+01
9.400e+01
9.700e+01
7.000e+01
1.270e+02
9.800e+01
9.700e+01
9.300e+01
9.200e+01
9.000e+01
7.100e+01
5.600e+01
5.200e+01
5.400e+01
3.700e+01
3.500e+01
3.000e+01
1.900e+01
3.000e+01
3.400e+01
2.400e+01
2.900e+01
4.800e+01
3.900e+01
4.400e+01
4.600e+01
5.300e+01
3.700e+01
5.500e+01
4.800e+01
3.600e+01
3.600e+01
3.300e+01
4.900e+01
3.700e+01
5.900e+01
4.600e+01
4.800e+01
4.200e+01
4.700e+01
6.100e+01
3.400e+01
3.800e+01
5.400e+01
6.600e+01
7.200e+01
1.020e+02
1.040e+02
1.170e+02
1.190e+02
1.310e+02
1.400e+02
9.100e+01
1.260e+02
1.120e+02
1.250e+02
9.900e+01
1.010e+02
1.140e+02
9.900e+01
1.090e+02
1.020e+02
7.700e+01
9.100e+01
8.800e+01
9.000e+01
6.500e+01
9.100e+01
1.140e+02
1.130e+02
8.600e+01
1.000e+02
1.250e+02
1.510e+02
1.540e+02
1.640e+02
2.110e+02
2.330e+02
2.440e+02
2.820e+02
3.400e+02
3.690e+02
4.150e+02
4.610e+02
4.990e+02
5.580e+02
6.230e+02
5.870e+02
7.130e+02
8.080e+02
8.950e+02
1.083e+03
1.207e+03
1.143e+03
1.340e+03
1.457e+03
1.622e+03
1.804e+03
1.776e+03
1.935e+03
1.937e+03
2.007e+03
2.010e+03
1.884e+03
1.786e+03
1.650e+03
1.581e+03
1.514e+03
1.371e+03
1.205e+03
1.136e+03
9.880e+02
9.960e+02
9.200e+02
9.930e+02
1.374e+03
1.333e+03
1.586e+03
2.689e+03
