1.798e+04
1.996e+03
7.830e+02
7.010e+02
6.090e+02
7.280e+02
5.450e+02
4.500e+02
4.660e+02
4.680e+02
6.480e+02
6.110e+02
7.270e+02
9.330e+02
1.501e+03
2.033e+03
1.263e+03
7.260e+02
4.010e+02
2.790e+02
2.160e+02
2.180e+02
2.340e+02
2.960e+02
3.350e+02
2.510e+02
2.090e+02
1.940e+02
1.930e+02
1.360e+02
6.100e+01
4.400e+01
3.800e+01
1.900e+01
1.700e+01
8.000e+00
1.100e+01
8.000e+00
1.000e+01
1.300e+01
7.000e+00
8.000e+00
6.000e+00
3.000e+00
6.000e+00
3.000e+00
0.000e+00
4.000e+00
1.000e+00
0.000e+00
0.000e+00
0.000e+00
0.000e+00
1.000e+00
0.000e+00
0.000e+00
0.000e+00
0.000e+00
0.000e+00
0.000e+00
0.000e+00
0.000e+00
0.000e+00
0.000e+00
0.000e+00
0.000e+00
0.000e+00
0.000e+00
0.000e+00
0.000e+00
0.000e+00
0.000e+00
0.000e+00
0.000e+00
2.000e+00
0.000e+00
1.000e+00
1.000e+00
0.000e+00
0.000e+00
0.000e+00
0.000e+00
0.000e+00
0.000e+00
0.000e+00
0.000e+00
0.000e+00
0.000e+00
0.000e+00
0.000e+00
1.000e+00
0.000e+00
0.000e+00
0.000e+00
0.000e+00
0.000e+00
0.000e+00
0.000e+00
0.000e+00
1.000e+00
1.000e+00
0.000e+00
1.000e+00
0.000e+00
0.000e+00
0.000e+00
0.000e+00
0.000e+00
0.000e+00
0.000e+00
0.000e+00
0.000e+00
0.000e+00
0.000e+00
0.000e+00
0.000e+00
0.000e+00
0.000e+00
0.000e+00
1.000e+00
2.000e+00
0.000e+00
1.000e+00
1.000e+00
2.000e+00
0.000e+00
1.000e+00
0.000e+00
0.000e+00
2.000e+00
0.000e+00
1.000e+00
0.000e+00
1.000e+00
1.000e+00
1.000e+00
0.000e+00
1.000e+00
4.000e+00
4.000e+00
7.000e+00
8.000e+00
1.200e+01
6.000e+00
1.000e+01
8.000e+00
1.300e+01
1.900e+01
1.600e+01
2.100e+01
2.500e+01
5.500e+01
5.600e+01
9.700e+01
1.410e+02
1.870e+02
2.270e+02
3.180e+02
3.350e+02
3.620e+02
3.090e+02
3.190e+02
2.860e+02
5.130e+02
1.047e+03
2.107e+03
1.331e+03
7.380e+02
6.060e+02
7.450e+02
8.150e+02
6.540e+02
4.940e+02
4.970e+02
5.610e+02
6.450e+02
6.290e+02
6.580e+02
8.750e+02
2.461e+03
1.717e+04
2.360e+03
8.690e+02
7.580e+02
6.110e+02
7.030e+02
6.340e+02
4.840e+02
5.080e+02
6.230e+02
6.200e+02
7.070e+02
7.330e+02
8.430e+02
1.470e+03
2.206e+03
1.162e+03
6.370e+02
3.760e+02
3.020e+02
2.830e+02
3.100e+02
3.040e+02
2.400e+02
1.960e+02
1.950e+02
1.870e+02
1.270e+02
7.000e+01
4.700e+01
3.600e+01
2.700e+01
1.900e+01
1.600e+01
9.000e+00
1.000e+01
1.100e+01
1.300e+01
1.200e+01
6.000e+00
5.000e+00
5.000e+00
7.000e+00
2.000e+00
0.000e+00
0.000e+00
4.000e+00
0.000e+00
1.000e+00
0.000e+00
1.000e+00
0.000e+00
0.000e+00
0.000e+00
0.000e+00
0.000e+00
1.000e+00
1.000e+00
1.000e+00
0.000e+00
0.000e+00
0.000e+00
0.000e+00
0.000e+00
0.000e+00
0.000e+00
0.000e+00
0.000e+00
0.000e+00
0.000e+00
0.000e+00
0.000e+00
0.000e+00
0.000e+00
0.000e+00
0.000e+00
0.000e+00
0.000e+00
0.000e+00
0.000e+00
0.000e+00
1.000e+00
0.000e+00
0.000e+00
0.000e+00
0.000e+00
0.000e+00
0.000e+00
0.000e+00
1.000e+00
0.000e+00
0.000e+00
0.000e+00
0.000e+00
0.000e+00
0.000e+00
0.000e+00
0.000e+00
0.000e+00
0.000e+00
0.000e+00
0.000e+00
0.000e+00
3.000e+00
0.000e+00
0.000e+00
1.000e+00
0.000e+00
0.000e+00
0.000e+00
0.000e+00
0.000e+00
0.000e+00
0.000e+00
0.000e+00
0.000e+00
0.000e+00
0.000e+00
0.000e+00
0.000e+00
0.000e+00
3.000e+00
0.000e+00
0.000e+00
1.000e+00
1.000e+00
0.000e+00
1.000e+00
2.000e+00
0.000e+00
0.000e+00
1.000e+00
1.000e+00
0.000e+00
1.000e+00
1.000e+00
1.000e+00
3.000e+00
6.000e+00
6.000e+00
1.100e+01
5.000e+00
9.000e+00
7.000e+00
1.500e+01
1.500e+01
1.600e+01
2.100e+01
3.000e+01
3.300e+01
6.600e+01
1.040e+02
1.540e+02
2.120e+02
2.910e+02
3.310e+02
3.800e+02
2.720e+02
2.740e+02
2.270e+02
1.870e+02
2.400e+02
2.670e+02
4.120e+02
8.980e+02
2.133e+03
1.554e+03
8.400e+02
7.880e+02
8.290e+02
6.490e+02
4.640e+02
5.190e+02
4.760e+02
4.880e+02
6.410e+02
5.480e+02
6.210e+02
7.820e+02
1.932e+03
