1.802e+04
2.021e+03
8.070e+02
7.300e+02
6.350e+02
7.600e+02
5.700e+02
4.710e+02
4.950e+02
4.960e+02
6.690e+02
6.510e+02
7.550e+02
9.470e+02
1.529e+03
2.055e+03
1.287e+03
7.540e+02
4.220e+02
2.990e+02
2.340e+02
2.460e+02
2.560e+02
3.140e+02
3.580e+02
2.770e+02
2.370e+02
2.280e+02
2.120e+02
1.550e+02
9.300e+01
9.600e+01
1.140e+02
1.710e+02
2.840e+02
1.480e+02
9.900e+01
7.400e+01
4.400e+01
3.900e+01
2.800e+01
3.200e+01
2.000e+01
1.400e+01
1.400e+01
2.200e+01
2.500e+01
2.500e+01
1.500e+01
1.300e+01
9.000e+00
1.500e+01
1.900e+01
2.100e+01
1.300e+01
1.600e+01
2.600e+01
2.500e+01
3.100e+01
2.800e+01
3.100e+01
4.000e+01
7.900e+01
6.900e+01
6.600e+01
5.600e+01
4.400e+01
5.200e+01
5.200e+01
3.500e+01
1.900e+01
2.000e+01
1.400e+01
5.000e+00
9.000e+00
4.000e+00
8.000e+00
2.000e+00
5.000e+00
5.000e+00
1.000e+01
3.000e+00
1.000e+00
3.000e+00
2.000e+00
6.000e+00
9.000e+00
7.000e+00
4.000e+00
0.000e+00
4.000e+00
4.000e+00
4.000e+00
4.000e+00
3.000e+00
1.000e+01
7.000e+00
3.000e+00
2.000e+00
1.000e+00
3.000e+00
5.000e+00
6.000e+00
9.000e+00
4.000e+00
4.000e+00
6.000e+00
3.000e+00
4.000e+00
9.000e+00
1.400e+01
1.000e+01
1.100e+01
1.700e+01
9.000e+00
1.600e+01
1.400e+01
3.100e+01
2.600e+01
3.100e+01
3.000e+01
3.300e+01
3.500e+01
6.800e+01
5.300e+01
5.000e+01
3.100e+01
3.900e+01
2.000e+01
2.000e+01
2.000e+01
2.200e+01
1.200e+01
1.100e+01
1.700e+01
1.600e+01
1.900e+01
1.700e+01
1.800e+01
2.600e+01
2.600e+01
2.200e+01
6.700e+01
7.800e+01
1.070e+02
1.660e+02
2.120e+02
9.700e+01
1.000e+02
6.600e+01
6.100e+01
1.010e+02
8.600e+01
1.380e+02
1.680e+02
2.080e+02
2.450e+02
3.420e+02
3.460e+02
3.750e+02
3.220e+02
3.410e+02
3.060e+02
5.300e+02
1.068e+03
2.126e+03
1.348e+03
7.540e+02
6.350e+02
7.650e+02
8.360e+02
6.700e+02
5.210e+02
5.200e+02
5.940e+02
6.650e+02
6.590e+02
6.930e+02
9.050e+02
2.490e+03
1.721e+04
2.397e+03
9.010e+02
7.800e+02
6.420e+02
7.160e+02
6.680e+02
5.040e+02
5.310e+02
6.470e+02
6.540e+02
7.310e+02
7.590e+02
8.700e+02
1.493e+03
2.235e+03
1.184e+03
6.640e+02
3.990e+02
3.280e+02
3.100e+02
3.230e+02
3.240e+02
2.590e+02
2.170e+02
2.160e+02
2.190e+02
1.520e+02
1.100e+02
8.000e+01
6.600e+01
9.400e+01
8.300e+01
1.130e+02
2.350e+02
2.260e+02
1.200e+02
8.800e+01
5.300e+01
3.200e+01
2.100e+01
2.900e+01
2.200e+01
2.700e+01
1.200e+01
1.100e+01
1.500e+01
1.400e+01
2.200e+01
2.300e+01
1.800e+01
1.100e+01
2.000e+01
1.900e+01
2.100e+01
2.400e+01
2.900e+01
3.400e+01
2.500e+01
4.200e+01
5.900e+01
7.400e+01
5.600e+01
4.300e+01
4.000e+01
5.100e+01
4.300e+01
5.500e+01
3.500e+01
1.500e+01
1.800e+01
1.000e+01
3.000e+00
6.000e+00
4.000e+00
2.000e+00
5.000e+00
8.000e+00
5.000e+00
4.000e+00
2.000e+00
7.000e+00
1.000e+00
3.000e+00
4.000e+00
6.000e+00
6.000e+00
4.000e+00
3.000e+00
5.000e+00
7.000e+00
3.000e+00
7.000e+00
0.000e+00
8.000e+00
9.000e+00
1.000e+00
1.000e+00
1.000e+00
7.000e+00
8.000e+00
4.000e+00
7.000e+00
6.000e+00
5.000e+00
3.000e+00
5.000e+00
8.000e+00
1.100e+01
1.100e+01
7.000e+00
1.700e+01
1.300e+01
1.000e+01
2.200e+01
3.200e+01
2.400e+01
2.600e+01
3.600e+01
3.600e+01
4.300e+01
6.300e+01
6.400e+01
4.200e+01
2.600e+01
4.800e+01
1.700e+01
2.300e+01
1.700e+01
1.200e+01
1.900e+01
2.000e+01
1.800e+01
9.000e+00
1.400e+01
1.700e+01
1.500e+01
2.000e+01
2.200e+01
2.300e+01
2.800e+01
3.300e+01
3.500e+01
7.900e+01
1.000e+02
1.350e+02
2.440e+02
1.330e+02
1.050e+02
7.800e+01
9.800e+01
1.360e+02
1.840e+02
2.460e+02
3.130e+02
3.510e+02
4.130e+02
2.940e+02
2.930e+02
2.390e+02
2.010e+02
2.550e+02
2.780e+02
4.350e+02
9.160e+02
2.148e+03
1.574e+03
8.590e+02
8.130e+02
8.580e+02
6.680e+02
4.870e+02
5.420e+02
5.100e+02
5.080e+02
6.710e+02
5.840e+02
6.510e+02
8.090e+02
1.958e+03
