7.850e+02
8.800e+01
6.100e+01
4.300e+01
7.300e+01
1.040e+02
5.600e+01
8.600e+01
5.000e+01
8.400e+01
9.400e+01
1.410e+02
1.670e+02
7.500e+01
7.500e+01
5.400e+01
5.000e+01
2.800e+01
2.600e+01
4.000e+01
2.300e+01
1.000e+01
5.000e+00
6.000e+00
2.000e+00
3.000e+00
2.000e+00
3.000e+00
0.000e+00
0.000e+00
0.000e+00
0.000e+00
1.000e+00
0.000e+00
0.000e+00
0.000e+00
0.000e+00
1.000e+00
0.000e+00
0.000e+00
0.000e+00
0.000e+00
0.000e+00
0.000e+00
0.000e+00
0.000e+00
0.000e+00
0.000e+00
0.000e+00
0.000e+00
0.000e+00
0.000e+00
0.000e+00
1.000e+00
0.000e+00
0.000e+00
0.000e+00
0.000e+00
0.000e+00
0.000e+00
0.000e+00
0.000e+00
0.000e+00
0.000e+00
1.000e+00
0.000e+00
0.000e+00
0.000e+00
0.000e+00
0.000e+00
0.000e+00
0.000e+00
0.000e+00
0.000e+00
0.000e+00
0.000e+00
0.000e+00
0.000e+00
0.000e+00
0.000e+00
0.000e+00
0.000e+00
0.000e+00
0.000e+00
0.000e+00
0.000e+00
0.000e+00
0.000e+00
0.000e+00
0.000e+00
0.000e+00
1.000e+00
0.000e+00
0.000e+00
0.000e+00
1.000e+00
0.000e+00
0.000e+00
0.000e+00
0.000e+00
0.000e+00
0.000e+00
0.000e+00
0.000e+00
0.000e+00
0.000e+00
0.000e+00
0.000e+00
0.000e+00
0.000e+00
0.000e+00
0.000e+00
0.000e+00
0.000e+00
0.000e+00
0.000e+00
0.000e+00
0.000e+00
0.000e+00
0.000e+00
0.000e+00
0.000e+00
1.000e+00
0.000e+00
0.000e+00
0.000e+00
0.000e+00
0.000e+00
0.000e+00
0.000e+00
0.000e+00
1.000e+00
0.000e+00
0.000e+00
0.000e+00
0.000e+00
0.000e+00
0.000e+00
1.000e+00
0.000e+00
0.000e+00
0.000e+00
0.000e+00
1.000e+00
1.000e+00
0.000e+00
0.000e+00
0.000e+00
0.000e+00
0.000e+00
1.000e+00
0.000e+00
1.000e+00
0.000e+00
2.000e+00
2.000e+00
6.000e+00
3.000e+00
1.000e+00
1.000e+01
1.200e+01
2.100e+01
1.800e+01
4.000e+01
4.300e+01
5.400e+01
1.070e+02
9.500e+01
1.780e+02
1.530e+02
1.120e+02
8.800e+01
6.200e+01
7.400e+01
7.400e+01
9.400e+01
1.190e+02
5.700e+01
6.200e+01
9.200e+01
7.620e+02
9.800e+01
6.900e+01
6.000e+01
1.000e+02
8.200e+01
6.400e+01
7.000e+01
6.800e+01
7.700e+01
1.040e+02
1.320e+02
1.510e+02
9.000e+01
8.000e+01
5.000e+01
4.100e+01
5.100e+01
2.300e+01
2.200e+01
5.000e+00
8.000e+00
4.000e+00
2.000e+00
3.000e+00
1.000e+00
3.000e+00
0.000e+00
0.000e+00
1.000e+00
0.000e+00
1.000e+00
0.000e+00
0.000e+00
1.000e+00
0.000e+00
0.000e+00
0.000e+00
0.000e+00
0.000e+00
0.000e+00
0.000e+00
0.000e+00
0.000e+00
0.000e+00
0.000e+00
0.000e+00
0.000e+00
0.000e+00
0.000e+00
0.000e+00
1.000e+00
1.000e+00
0.000e+00
0.000e+00
0.000e+00
0.000e+00
0.000e+00
0.000e+00
0.000e+00
0.000e+00
0.000e+00
0.000e+00
0.000e+00
0.000e+00
0.000e+00
0.000e+00
0.000e+00
0.000e+00
0.000e+00
0.000e+00
0.000e+00
0.000e+00
0.000e+00
0.000e+00
0.000e+00
0.000e+00
0.000e+00
0.000e+00
0.000e+00
0.000e+00
0.000e+00
0.000e+00
0.000e+00
0.000e+00
0.000e+00
0.000e+00
0.000e+00
0.000e+00
0.000e+00
0.000e+00
0.000e+00
1.000e+00
0.000e+00
1.000e+00
0.000e+00
0.000e+00
0.000e+00
0.000e+00
0.000e+00
0.000e+00
0.000e+00
0.000e+00
0.000e+00
0.000e+00
0.000e+00
0.000e+00
0.000e+00
0.000e+00
0.000e+00
0.000e+00
0.000e+00
0.000e+00
0.000e+00
0.000e+00
0.000e+00
0.000e+00
0.000e+00
1.000e+00
0.000e+00
0.000e+00
0.000e+00
0.000e+00
0.000e+00
0.000e+00
0.000e+00
0.000e+00
0.000e+00
0.000e+00
0.000e+00
0.000e+00
0.000e+00
0.000e+00
0.000e+00
0.000e+00
0.000e+00
1.000e+00
0.000e+00
0.000e+00
0.000e+00
0.000e+00
0.000e+00
0.000e+00
0.000e+00
0.000e+00
0.000e+00
0.000e+00
0.000e+00
0.000e+00
1.000e+00
0.000e+00
1.000e+00
0.000e+00
5.000e+00
2.000e+00
4.000e+00
1.000e+00
4.000e+00
6.000e+00
6.000e+00
2.000e+01
3.800e+01
2.400e+01
3.300e+01
3.700e+01
6.700e+01
1.070e+02
1.020e+02
1.770e+02
1.580e+02
1.160e+02
7.100e+01
7.600e+01
6.800e+01
6.500e+01
1.110e+02
8.500e+01
5.000e+01
5.600e+01
8.200e+01
