1.054e+03
1.340e+02
1.000e+02
8.000e+01
9.900e+01
1.370e+02
1.000e+02
1.370e+02
8.600e+01
1.300e+02
1.410e+02
1.930e+02
2.380e+02
1.580e+02
1.690e+02
1.610e+02
1.410e+02
1.100e+02
6.400e+01
9.400e+01
5.400e+01
4.200e+01
4.000e+01
4.400e+01
3.800e+01
3.800e+01
8.100e+01
1.130e+02
1.240e+02
1.420e+02
1.560e+02
9.500e+01
8.400e+01
7.500e+01
4.700e+01
3.500e+01
3.100e+01
2.400e+01
1.400e+01
1.700e+01
1.800e+01
1.100e+01
1.100e+01
9.000e+00
1.000e+01
9.000e+00
5.000e+00
5.000e+00
6.000e+00
4.000e+00
4.000e+00
5.000e+00
1.000e+00
5.000e+00
1.000e+00
7.000e+00
5.000e+00
1.000e+00
6.000e+00
2.000e+00
0.000e+00
0.000e+00
0.000e+00
0.000e+00
1.000e+00
0.000e+00
0.000e+00
0.000e+00
0.000e+00
0.000e+00
0.000e+00
0.000e+00
0.000e+00
0.000e+00
0.000e+00
0.000e+00
0.000e+00
0.000e+00
0.000e+00
0.000e+00
0.000e+00
0.000e+00
0.000e+00
0.000e+00
0.000e+00
0.000e+00
0.000e+00
0.000e+00
0.000e+00
0.000e+00
0.000e+00
1.000e+00
0.000e+00
0.000e+00
0.000e+00
1.000e+00
0.000e+00
0.000e+00
0.000e+00
0.000e+00
0.000e+00
0.000e+00
0.000e+00
0.000e+00
0.000e+00
0.000e+00
0.000e+00
0.000e+00
0.000e+00
0.000e+00
0.000e+00
0.000e+00
0.000e+00
0.000e+00
0.000e+00
0.000e+00
0.000e+00
0.000e+00
0.000e+00
0.000e+00
0.000e+00
0.000e+00
4.000e+00
1.000e+00
5.000e+00
1.000e+00
0.000e+00
3.000e+00
1.000e+00
3.000e+00
0.000e+00
3.000e+00
6.000e+00
7.000e+00
4.000e+00
4.000e+00
1.000e+00
9.000e+00
6.000e+00
8.000e+00
1.700e+01
1.100e+01
1.800e+01
1.900e+01
2.400e+01
2.400e+01
3.700e+01
5.700e+01
4.300e+01
7.200e+01
9.300e+01
1.070e+02
1.490e+02
1.210e+02
1.160e+02
7.200e+01
6.900e+01
5.300e+01
3.600e+01
3.800e+01
3.800e+01
5.700e+01
5.100e+01
8.600e+01
1.040e+02
1.280e+02
1.690e+02
1.790e+02
2.500e+02
2.010e+02
1.600e+02
1.490e+02
1.240e+02
1.380e+02
1.240e+02
1.350e+02
1.500e+02
8.500e+01
9.800e+01
1.400e+02
1.032e+03
1.400e+02
1.130e+02
9.600e+01
1.300e+02
1.200e+02
1.220e+02
1.200e+02
1.090e+02
1.210e+02
1.500e+02
1.900e+02
2.330e+02
1.910e+02
1.590e+02
1.670e+02
1.390e+02
1.090e+02
7.500e+01
5.300e+01
4.000e+01
4.200e+01
5.200e+01
5.200e+01
5.600e+01
1.070e+02
1.140e+02
1.180e+02
1.470e+02
1.210e+02
8.700e+01
6.800e+01
4.900e+01
5.400e+01
3.600e+01
2.800e+01
2.400e+01
1.900e+01
3.200e+01
1.500e+01
1.100e+01
4.000e+00
9.000e+00
1.100e+01
7.000e+00
7.000e+00
5.000e+00
2.000e+00
7.000e+00
3.000e+00
2.000e+00
3.000e+00
6.000e+00
4.000e+00
7.000e+00
1.000e+00
6.000e+00
3.000e+00
5.000e+00
3.000e+00
0.000e+00
0.000e+00
0.000e+00
0.000e+00
0.000e+00
0.000e+00
0.000e+00
0.000e+00
0.000e+00
0.000e+00
0.000e+00
0.000e+00
0.000e+00
0.000e+00
0.000e+00
0.000e+00
0.000e+00
0.000e+00
0.000e+00
0.000e+00
0.000e+00
0.000e+00
0.000e+00
0.000e+00
0.000e+00
0.000e+00
0.000e+00
0.000e+00
0.000e+00
0.000e+00
0.000e+00
0.000e+00
1.000e+00
0.000e+00
1.000e+00
0.000e+00
0.000e+00
0.000e+00
0.000e+00
0.000e+00
0.000e+00
0.000e+00
0.000e+00
0.000e+00
0.000e+00
0.000e+00
0.000e+00
0.000e+00
0.000e+00
0.000e+00
0.000e+00
0.000e+00
0.000e+00
0.000e+00
0.000e+00
0.000e+00
0.000e+00
0.000e+00
1.000e+00
0.000e+00
0.000e+00
0.000e+00
3.000e+00
1.000e+00
0.000e+00
7.000e+00
0.000e+00
1.000e+00
0.000e+00
4.000e+00
1.000e+00
1.000e+00
8.000e+00
5.000e+00
9.000e+00
5.000e+00
1.300e+01
7.000e+00
7.000e+00
1.100e+01
1.000e+01
1.600e+01
1.000e+01
1.800e+01
2.300e+01
2.900e+01
4.000e+01
6.500e+01
8.800e+01
1.080e+02
1.460e+02
1.560e+02
1.160e+02
1.000e+02
7.000e+01
4.900e+01
4.100e+01
3.700e+01
3.500e+01
3.000e+01
4.900e+01
7.400e+01
4.600e+01
9.100e+01
9.200e+01
1.620e+02
1.760e+02
1.590e+02
2.370e+02
2.210e+02
2.030e+02
1.420e+02
1.220e+02
1.140e+02
9.800e+01
1.450e+02
1.080e+02
8.400e+01
9.100e+01
1.150e+02
