1.320e+02
7.500e+01
7.300e+01
7.600e+01
5.400e+01
5.600e+01
7.200e+01
9.600e+01
9.300e+01
1.260e+02
1.300e+02
1.110e+02
1.050e+02
1.300e+02
1.140e+02
8.900e+01
1.350e+02
1.450e+02
1.490e+02
1.090e+02
1.650e+02
1.920e+02
1.770e+02
1.930e+02
2.270e+02
2.220e+02
3.010e+02
3.270e+02
3.890e+02
4.130e+02
4.620e+02
5.570e+02
7.230e+02
8.090e+02
9.150e+02
1.052e+03
1.040e+03
1.141e+03
1.120e+03
1.094e+03
9.880e+02
1.133e+03
1.228e+03
1.173e+03
1.397e+03
1.577e+03
1.643e+03
2.108e+03
2.409e+03
2.076e+03
1.647e+03
1.483e+03
1.266e+03
1.068e+03
8.350e+02
5.420e+02
4.160e+02
2.450e+02
1.760e+02
1.540e+02
1.140e+02
6.500e+01
5.700e+01
4.900e+01
4.900e+01
4.100e+01
3.400e+01
2.600e+01
2.200e+01
1.200e+01
1.200e+01
1.200e+01
8.000e+00
1.300e+01
3.000e+00
6.000e+00
7.000e+00
7.000e+00
5.000e+00
1.000e+00
6.000e+00
3.000e+00
1.000e+00
2.000e+00
0.000e+00
0.000e+00
1.000e+00
2.000e+00
0.000e+00
1.000e+00
1.000e+00
1.000e+00
1.000e+00
0.000e+00
0.000e+00
0.000e+00
2.000e+00
1.000e+00
0.000e+00
0.000e+00
0.000e+00
0.000e+00
0.000e+00
1.000e+00
0.000e+00
0.000e+00
0.000e+00
0.000e+00
1.000e+00
1.000e+00
0.000e+00
1.000e+00
1.000e+00
0.000e+00
2.000e+00
0.000e+00
1.000e+00
0.000e+00
1.000e+00
1.000e+00
0.000e+00
1.000e+00
1.000e+00
1.000e+00
0.000e+00
1.000e+00
1.000e+00
1.000e+00
1.000e+00
1.000e+00
0.000e+00
1.000e+00
1.000e+00
1.000e+00
1.000e+00
1.000e+00
0.000e+00
0.000e+00
0.000e+00
0.000e+00
1.000e+00
5.000e+00
2.000e+00
3.000e+00
0.000e+00
3.000e+00
1.000e+00
3.000e+00
1.000e+00
3.000e+00
6.000e+00
3.000e+00
3.000e+00
6.000e+00
5.000e+00
8.000e+00
7.000e+00
8.000e+00
1.400e+01
4.000e+00
1.500e+01
2.200e+01
2.200e+01
2.400e+01
2.200e+01
4.600e+01
4.900e+01
4.800e+01
6.800e+01
1.030e+02
1.050e+02
1.180e+02
1.460e+02
1.850e+02
2.530e+02
4.160e+02
5.780e+02
6.880e+02
1.042e+03
1.541e+03
1.743e+03
1.539e+03
1.006e+03
8.040e+02
6.870e+02
4.750e+02
3.590e+02
2.590e+02
2.050e+02
1.510e+02
1.250e+02
1.070e+02
7.500e+01
5.100e+01
5.900e+01
5.000e+01
4.200e+01
2.800e+01
2.600e+01
1.900e+01
1.500e+01
8.000e+00
1.200e+01
3.000e+00
3.000e+00
6.000e+00
1.100e+01
6.000e+00
2.000e+00
2.000e+00
7.000e+00
0.000e+00
0.000e+00
0.000e+00
1.000e+00
2.000e+00
2.000e+00
0.000e+00
0.000e+00
1.000e+00
0.000e+00
0.000e+00
1.000e+00
1.000e+00
0.000e+00
1.000e+00
1.000e+00
0.000e+00
1.000e+00
0.000e+00
0.000e+00
0.000e+00
0.000e+00
0.000e+00
0.000e+00
0.000e+00
3.000e+00
2.000e+00
0.000e+00
0.000e+00
0.000e+00
0.000e+00
0.000e+00
2.000e+00
0.000e+00
1.000e+00
2.000e+00
0.000e+00
0.000e+00
0.000e+00
0.000e+00
1.000e+00
0.000e+00
0.000e+00
0.000e+00
1.000e+00
0.000e+00
1.000e+00
0.000e+00
0.000e+00
0.000e+00
0.000e+00
1.000e+00
1.000e+00
2.000e+00
1.000e+00
0.000e+00
0.000e+00
0.000e+00
0.000e+00
0.000e+00
1.000e+00
1.000e+00
1.000e+00
0.000e+00
0.000e+00
0.000e+00
1.000e+00
2.000e+00
3.000e+00
1.000e+00
3.000e+00
6.000e+00
6.000e+00
1.000e+00
4.000e+00
3.000e+00
7.000e+00
6.000e+00
9.000e+00
1.000e+01
1.800e+01
2.000e+01
1.800e+01
1.800e+01
3.500e+01
4.100e+01
4.500e+01
6.700e+01
7.400e+01
1.110e+02
1.400e+02
1.770e+02
2.570e+02
3.840e+02
5.290e+02
7.810e+02
1.102e+03
1.200e+03
1.361e+03
1.613e+03
2.041e+03
2.286e+03
2.062e+03
1.571e+03
1.319e+03
1.105e+03
9.180e+02
8.810e+02
8.420e+02
7.460e+02
7.610e+02
7.930e+02
8.260e+02
7.860e+02
7.420e+02
6.170e+02
5.920e+02
6.050e+02
4.230e+02
3.560e+02
3.050e+02
2.550e+02
2.170e+02
2.000e+02
1.760e+02
1.560e+02
1.600e+02
1.760e+02
1.570e+02
1.210e+02
1.280e+02
1.230e+02
1.050e+02
1.160e+02
1.020e+02
1.130e+02
1.240e+02
1.100e+02
1.210e+02
8.900e+01
8.700e+01
8.000e+01
7.700e+01
8.700e+01
5.500e+01
5.100e+01
6.400e+01
6.800e+01
9.000e+01
