8.794e+04
1.806e+04
9.511e+03
6.820e+03
5.186e+03
4.319e+03
3.974e+03
3.750e+03
3.579e+03
3.594e+03
3.650e+03
4.236e+03
4.418e+03
4.374e+03
4.359e+03
3.856e+03
3.253e+03
2.647e+03
2.282e+03
1.807e+03
1.514e+03
1.296e+03
1.178e+03
9.600e+02
1.032e+03
7.610e+02
7.380e+02
6.380e+02
5.910e+02
5.830e+02
5.270e+02
7.630e+02
1.162e+03
2.606e+03
3.785e+03
1.359e+03
9.020e+02
4.800e+02
3.250e+02
3.230e+02
1.860e+02
1.290e+02
1.260e+02
1.170e+02
1.100e+02
1.190e+02
1.030e+02
8.900e+01
8.800e+01
1.040e+02
1.270e+02
1.090e+02
1.380e+02
1.220e+02
1.690e+02
1.790e+02
1.810e+02
8.700e+01
7.000e+01
5.300e+01
5.200e+01
6.200e+01
5.300e+01
6.000e+01
5.500e+01
1.570e+02
5.980e+02
5.480e+02
4.480e+02
5.400e+02
1.369e+03
4.045e+03
8.340e+02
4.770e+02
7.220e+02
3.450e+02
1.420e+02
9.100e+01
5.800e+01
4.700e+01
5.200e+01
4.100e+01
3.900e+01
5.900e+01
5.000e+01
1.000e+02
1.300e+02
1.510e+02
1.720e+02
2.250e+02
1.910e+02
1.640e+02
1.350e+02
7.800e+01
6.400e+01
7.700e+01
7.400e+01
8.800e+01
6.600e+01
1.180e+02
1.060e+02
1.450e+02
1.100e+02
1.240e+02
1.230e+02
1.380e+02
1.710e+02
1.800e+02
1.870e+02
2.220e+02
1.860e+02
2.840e+02
2.760e+02
2.490e+02
3.100e+02
3.130e+02
3.540e+02
4.650e+02
6.280e+02
6.040e+02
5.520e+02
5.350e+02
4.460e+02
3.490e+02
3.020e+02
3.210e+02
3.120e+02
3.080e+02
2.510e+02
2.440e+02
2.470e+02
2.620e+02
2.570e+02
2.710e+02
2.180e+02
2.550e+02
2.810e+02
2.120e+02
2.450e+02
2.410e+02
2.380e+02
2.350e+02
2.580e+02
2.980e+02
3.330e+02
4.160e+02
4.020e+02
3.560e+02
3.540e+02
3.370e+02
3.890e+02
3.540e+02
3.420e+02
2.990e+02
3.060e+02
2.700e+02
2.800e+02
2.200e+02
2.610e+02
3.230e+02
2.790e+02
3.030e+02
2.740e+02
3.000e+02
3.060e+02
2.960e+02
3.420e+02
3.930e+02
4.140e+02
4.090e+02
3.900e+02
3.630e+02
3.920e+02
4.370e+02
4.970e+02
5.790e+02
7.360e+02
9.940e+02
1.523e+03
2.977e+03
1.662e+04
2.932e+03
1.438e+03
9.450e+02
8.300e+02
6.250e+02
4.750e+02
4.760e+02
4.810e+02
4.270e+02
5.840e+02
5.840e+02
4.490e+02
5.640e+02
3.780e+02
3.450e+02
3.690e+02
3.200e+02
3.270e+02
3.370e+02
3.920e+02
4.350e+02
3.390e+02
3.500e+02
3.480e+02
2.990e+02
4.200e+02
4.380e+02
4.280e+02
4.030e+02
5.120e+02
3.610e+02
3.530e+02
3.740e+02
4.720e+02
4.130e+02
4.290e+02
3.800e+02
4.190e+02
3.310e+02
2.800e+02
3.320e+02
3.440e+02
2.960e+02
2.250e+02
2.070e+02
2.170e+02
1.970e+02
2.120e+02
2.000e+02
2.140e+02
1.780e+02
2.260e+02
1.920e+02
2.470e+02
2.680e+02
3.300e+02
3.550e+02
5.130e+02
5.730e+02
5.390e+02
5.760e+02
6.190e+02
4.460e+02
3.370e+02
3.370e+02
3.020e+02
3.120e+02
3.210e+02
2.660e+02
2.520e+02
2.380e+02
1.820e+02
1.940e+02
1.810e+02
1.770e+02
1.370e+02
1.050e+02
1.100e+02
1.190e+02
1.210e+02
9.300e+01
7.800e+01
7.600e+01
6.900e+01
7.200e+01
6.800e+01
8.300e+01
1.310e+02
1.840e+02
1.840e+02
2.100e+02
1.580e+02
1.630e+02
1.620e+02
1.360e+02
5.600e+01
5.200e+01
3.600e+01
4.700e+01
3.300e+01
4.300e+01
7.400e+01
6.700e+01
1.180e+02
4.790e+02
5.550e+02
4.710e+02
9.630e+02
4.293e+03
1.009e+03
4.130e+02
6.170e+02
4.930e+02
6.160e+02
1.650e+02
5.900e+01
5.800e+01
5.200e+01
7.000e+01
6.200e+01
6.500e+01
9.800e+01
8.900e+01
1.880e+02
1.990e+02
1.630e+02
1.230e+02
1.160e+02
8.900e+01
9.900e+01
1.000e+02
8.600e+01
9.100e+01
1.040e+02
1.660e+02
2.230e+02
2.340e+02
2.260e+02
2.510e+02
2.750e+02
2.860e+02
3.440e+02
5.050e+02
8.490e+02
1.282e+03
3.088e+03
3.798e+03
1.223e+03
1.293e+03
7.080e+02
7.110e+02
7.980e+02
7.750e+02
8.970e+02
9.230e+02
9.470e+02
1.159e+03
1.169e+03
1.253e+03
1.661e+03
2.229e+03
2.568e+03
3.097e+03
3.409e+03
3.725e+03
4.283e+03
4.590e+03
4.634e+03
4.285e+03
3.684e+03
3.514e+03
3.623e+03
3.598e+03
4.023e+03
4.571e+03
5.401e+03
7.319e+03
1.018e+04
1.767e+04
