1.063e+03
1.370e+02
1.060e+02
8.400e+01
1.020e+02
1.420e+02
1.020e+02
1.420e+02
8.700e+01
1.340e+02
1.460e+02
1.950e+02
2.390e+02
1.640e+02
1.700e+02
1.620e+02
1.430e+02
1.160e+02
6.600e+01
1.000e+02
5.900e+01
4.200e+01
4.200e+01
4.600e+01
4.100e+01
4.300e+01
8.300e+01
1.190e+02
1.340e+02
1.500e+02
1.690e+02
1.080e+02
9.700e+01
8.300e+01
6.000e+01
3.900e+01
3.900e+01
3.100e+01
2.000e+01
2.600e+01
1.900e+01
1.700e+01
2.000e+01
2.300e+01
2.100e+01
2.100e+01
1.500e+01
1.300e+01
1.500e+01
1.600e+01
1.800e+01
1.400e+01
8.000e+00
1.300e+01
1.500e+01
1.600e+01
1.900e+01
2.400e+01
4.200e+01
3.900e+01
1.700e+01
4.000e+01
3.300e+01
3.200e+01
3.400e+01
3.500e+01
3.600e+01
1.500e+01
1.200e+01
1.200e+01
3.000e+00
6.000e+00
1.000e+00
3.000e+00
7.000e+00
1.000e+00
3.000e+00
2.000e+00
3.000e+00
3.000e+00
1.000e+00
5.000e+00
2.000e+00
8.000e+00
0.000e+00
1.000e+00
5.000e+00
5.000e+00
2.000e+00
3.000e+00
2.000e+00
2.000e+00
0.000e+00
2.000e+00
1.000e+00
3.000e+00
5.000e+00
2.000e+00
1.000e+00
0.000e+00
2.000e+00
2.000e+00
2.000e+00
0.000e+00
2.000e+00
5.000e+00
1.000e+00
4.000e+00
3.000e+00
2.000e+00
4.000e+00
1.000e+01
5.000e+00
4.000e+00
1.700e+01
1.000e+01
1.900e+01
2.700e+01
3.800e+01
3.600e+01
4.100e+01
3.900e+01
3.000e+01
3.100e+01
3.400e+01
1.100e+01
1.500e+01
1.600e+01
1.300e+01
1.500e+01
1.000e+01
1.500e+01
2.100e+01
2.000e+01
9.000e+00
1.700e+01
1.000e+01
1.800e+01
1.000e+01
1.400e+01
2.100e+01
2.000e+01
2.800e+01
2.500e+01
3.600e+01
3.000e+01
4.200e+01
6.200e+01
5.200e+01
8.000e+01
1.080e+02
1.200e+02
1.540e+02
1.350e+02
1.180e+02
7.500e+01
7.400e+01
5.600e+01
3.600e+01
4.100e+01
3.900e+01
5.800e+01
5.100e+01
8.900e+01
1.080e+02
1.310e+02
1.690e+02
1.800e+02
2.530e+02
2.040e+02
1.650e+02
1.510e+02
1.270e+02
1.380e+02
1.260e+02
1.400e+02
1.540e+02
8.700e+01
1.000e+02
1.430e+02
1.045e+03
1.470e+02
1.130e+02
9.900e+01
1.330e+02
1.240e+02
1.280e+02
1.230e+02
1.120e+02
1.260e+02
1.520e+02
1.950e+02
2.330e+02
1.940e+02
1.660e+02
1.680e+02
1.440e+02
1.120e+02
7.800e+01
5.700e+01
4.300e+01
4.200e+01
5.500e+01
5.400e+01
6.100e+01
1.100e+02
1.180e+02
1.310e+02
1.520e+02
1.370e+02
9.800e+01
7.600e+01
5.200e+01
6.300e+01
4.800e+01
3.400e+01
3.000e+01
3.200e+01
4.100e+01
2.300e+01
1.900e+01
1.900e+01
2.100e+01
2.000e+01
1.200e+01
1.900e+01
1.300e+01
1.900e+01
1.600e+01
1.300e+01
1.200e+01
1.200e+01
1.600e+01
1.800e+01
2.300e+01
1.500e+01
4.100e+01
4.800e+01
4.400e+01
5.000e+01
3.600e+01
2.700e+01
3.900e+01
2.100e+01
1.700e+01
1.200e+01
9.000e+00
1.100e+01
7.000e+00
1.100e+01
2.000e+00
2.000e+00
2.000e+00
1.000e+00
1.000e+00
4.000e+00
2.000e+00
2.000e+00
4.000e+00
2.000e+00
3.000e+00
2.000e+00
0.000e+00
6.000e+00
9.000e+00
4.000e+00
0.000e+00
0.000e+00
1.000e+00
1.000e+00
2.000e+00
6.000e+00
3.000e+00
3.000e+00
4.000e+00
0.000e+00
1.000e+00
1.000e+00
2.000e+00
3.000e+00
1.000e+00
3.000e+00
1.000e+00
0.000e+00
2.000e+00
7.000e+00
5.000e+00
6.000e+00
3.000e+00
3.000e+00
8.000e+00
1.000e+01
1.100e+01
2.000e+01
2.400e+01
2.700e+01
3.300e+01
3.000e+01
5.900e+01
4.200e+01
2.600e+01
2.500e+01
1.700e+01
1.500e+01
9.000e+00
2.200e+01
1.300e+01
1.300e+01
7.000e+00
9.000e+00
1.500e+01
1.300e+01
2.400e+01
1.300e+01
1.600e+01
1.600e+01
1.700e+01
1.100e+01
1.600e+01
1.500e+01
1.400e+01
2.100e+01
1.600e+01
2.300e+01
3.000e+01
3.600e+01
4.600e+01
7.200e+01
1.010e+02
1.140e+02
1.530e+02
1.670e+02
1.240e+02
1.090e+02
7.800e+01
5.800e+01
4.300e+01
4.100e+01
3.600e+01
3.200e+01
5.200e+01
7.800e+01
4.700e+01
9.300e+01
9.300e+01
1.640e+02
1.770e+02
1.620e+02
2.380e+02
2.220e+02
2.030e+02
1.440e+02
1.280e+02
1.180e+02
9.900e+01
1.500e+02
1.100e+02
8.400e+01
9.600e+01
1.200e+02
