7.020e+02
2.710e+02
1.650e+02
1.080e+02
6.800e+01
7.000e+01
7.000e+01
5.900e+01
4.200e+01
3.800e+01
3.200e+01
2.700e+01
2.400e+01
2.000e+01
2.100e+01
1.300e+01
1.800e+01
1.000e+01
1.100e+01
1.300e+01
4.000e+00
8.000e+00
8.000e+00
1.000e+00
1.000e+01
6.000e+00
1.100e+01
5.000e+00
6.000e+00
5.000e+00
3.000e+00
5.000e+00
5.000e+00
6.000e+00
5.000e+00
6.000e+00
8.000e+00
3.000e+00
6.000e+00
7.000e+00
4.000e+00
7.000e+00
6.000e+00
5.000e+00
5.000e+00
3.000e+00
3.000e+00
4.000e+00
3.000e+00
2.000e+00
0.000e+00
3.000e+00
0.000e+00
1.000e+00
2.000e+00
1.000e+00
1.000e+00
0.000e+00
3.000e+00
1.000e+00
1.000e+00
1.000e+00
1.000e+00
0.000e+00
0.000e+00
1.000e+00
0.000e+00
0.000e+00
2.000e+00
0.000e+00
0.000e+00
0.000e+00
0.000e+00
0.000e+00
4.000e+00
0.000e+00
0.000e+00
0.000e+00
0.000e+00
0.000e+00
0.000e+00
0.000e+00
1.000e+00
0.000e+00
0.000e+00
1.000e+00
1.000e+00
0.000e+00
0.000e+00
0.000e+00
0.000e+00
1.000e+00
0.000e+00
0.000e+00
0.000e+00
0.000e+00
0.000e+00
0.000e+00
0.000e+00
0.000e+00
0.000e+00
0.000e+00
0.000e+00
0.000e+00
1.000e+00
0.000e+00
0.000e+00
1.000e+00
3.000e+00
0.000e+00
0.000e+00
0.000e+00
0.000e+00
0.000e+00
0.000e+00
0.000e+00
0.000e+00
1.000e+00
1.000e+00
0.000e+00
2.000e+00
0.000e+00
1.000e+00
1.000e+00
1.000e+00
0.000e+00
1.000e+00
2.000e+00
0.000e+00
3.000e+00
4.000e+00
3.000e+00
2.000e+00
3.000e+00
4.000e+00
3.000e+00
1.000e+00
3.000e+00
3.000e+00
5.000e+00
4.000e+00
4.000e+00
3.000e+00
7.000e+00
4.000e+00
6.000e+00
8.000e+00
1.100e+01
2.000e+00
4.000e+00
2.000e+00
4.000e+00
3.000e+00
5.000e+00
3.000e+00
3.000e+00
3.000e+00
4.000e+00
4.000e+00
4.000e+00
0.000e+00
4.000e+00
8.000e+00
1.000e+01
1.100e+01
2.000e+00
1.300e+01
1.100e+01
1.200e+01
8.000e+00
8.000e+00
1.400e+01
1.900e+01
1.700e+01
1.800e+01
3.400e+01
3.700e+01
4.400e+01
6.200e+01
6.200e+01
2.870e+02
6.800e+01
5.000e+01
4.000e+01
1.900e+01
3.400e+01
1.800e+01
1.400e+01
1.600e+01
2.300e+01
1.300e+01
1.500e+01
1.200e+01
8.000e+00
1.500e+01
6.000e+00
8.000e+00
3.000e+00
7.000e+00
6.000e+00
2.000e+00
2.000e+00
2.000e+00
4.000e+00
3.000e+00
2.000e+00
2.000e+00
1.000e+00
4.000e+00
1.000e+00
2.000e+00
7.000e+00
3.000e+00
5.000e+00
4.000e+00
1.000e+00
3.000e+00
4.000e+00
1.000e+00
5.000e+00
7.000e+00
3.000e+00
4.000e+00
4.000e+00
3.000e+00
4.000e+00
9.000e+00
3.000e+00
4.000e+00
5.000e+00
6.000e+00
2.000e+00
2.000e+00
1.000e+00
0.000e+00
0.000e+00
0.000e+00
1.000e+00
0.000e+00
0.000e+00
1.000e+00
1.000e+00
0.000e+00
3.000e+00
1.000e+00
0.000e+00
3.000e+00
2.000e+00
0.000e+00
1.000e+00
0.000e+00
0.000e+00
0.000e+00
0.000e+00
1.000e+00
0.000e+00
0.000e+00
1.000e+00
1.000e+00
1.000e+00
1.000e+00
0.000e+00
0.000e+00
2.000e+00
1.000e+00
0.000e+00
0.000e+00
0.000e+00
0.000e+00
0.000e+00
1.000e+00
1.000e+00
0.000e+00
0.000e+00
1.000e+00
0.000e+00
1.000e+00
0.000e+00
1.000e+00
0.000e+00
0.000e+00
0.000e+00
1.000e+00
1.000e+00
0.000e+00
0.000e+00
0.000e+00
0.000e+00
0.000e+00
0.000e+00
0.000e+00
1.000e+00
0.000e+00
0.000e+00
2.000e+00
0.000e+00
0.000e+00
0.000e+00
1.000e+00
0.000e+00
0.000e+00
1.000e+00
2.000e+00
2.000e+00
1.000e+00
0.000e+00
0.000e+00
0.000e+00
1.000e+00
2.000e+00
1.000e+00
1.000e+00
2.000e+00
3.000e+00
2.000e+00
2.000e+00
3.000e+00
4.000e+00
5.000e+00
4.000e+00
3.000e+00
2.000e+00
6.000e+00
3.000e+00
1.200e+01
5.000e+00
4.000e+00
7.000e+00
3.000e+00
3.000e+00
3.000e+00
3.000e+00
9.000e+00
9.000e+00
1.000e+01
4.000e+00
5.000e+00
6.000e+00
7.000e+00
1.200e+01
1.000e+01
1.200e+01
1.100e+01
1.400e+01
1.400e+01
1.600e+01
1.900e+01
2.800e+01
2.400e+01
5.000e+01
3.600e+01
5.100e+01
5.900e+01
4.800e+01
6.200e+01
8.900e+01
6.700e+01
1.150e+02
2.050e+02
2.940e+02
