2.600e+01
4.000e+00
0.000e+00
1.000e+00
0.000e+00
1.000e+00
1.000e+00
0.000e+00
0.000e+00
0.000e+00
1.000e+00
0.000e+00
0.000e+00
0.000e+00
0.000e+00
0.000e+00
0.000e+00
1.000e+00
0.000e+00
0.000e+00
1.000e+00
0.000e+00
2.000e+00
2.000e+00
2.000e+00
0.000e+00
1.000e+00
0.000e+00
1.000e+00
1.000e+00
2.000e+00
1.000e+00
0.000e+00
0.000e+00
0.000e+00
2.000e+00
2.000e+00
1.000e+00
0.000e+00
1.000e+00
1.000e+00
1.000e+00
5.000e+00
3.000e+00
1.000e+00
1.000e+00
3.000e+00
2.000e+00
2.000e+00
0.000e+00
2.000e+00
2.000e+00
2.000e+00
1.000e+00
2.000e+00
3.000e+00
2.000e+00
1.000e+00
0.000e+00
0.000e+00
0.000e+00
1.000e+00
1.000e+00
1.000e+00
0.000e+00
1.000e+00
0.000e+00
1.000e+00
0.000e+00
0.000e+00
0.000e+00
0.000e+00
0.000e+00
0.000e+00
0.000e+00
1.000e+00
0.000e+00
0.000e+00
0.000e+00
0.000e+00
1.000e+00
0.000e+00
0.000e+00
0.000e+00
0.000e+00
1.000e+00
1.000e+00
1.000e+00
0.000e+00
0.000e+00
0.000e+00
1.000e+00
2.000e+00
0.000e+00
0.000e+00
1.000e+00
0.000e+00
0.000e+00
0.000e+00
0.000e+00
1.000e+00
1.000e+00
0.000e+00
0.000e+00
0.000e+00
0.000e+00
0.000e+00
0.000e+00
0.000e+00
1.000e+00
1.000e+00
0.000e+00
0.000e+00
0.000e+00
0.000e+00
0.000e+00
2.000e+00
0.000e+00
0.000e+00
0.000e+00
0.000e+00
1.000e+00
1.000e+00
0.000e+00
2.000e+00
0.000e+00
1.000e+00
2.000e+00
1.000e+00
2.000e+00
0.000e+00
4.000e+00
1.000e+00
1.000e+00
1.000e+00
1.000e+00
3.000e+00
2.000e+00
6.000e+00
0.000e+00
0.000e+00
3.000e+00
3.000e+00
3.000e+00
0.000e+00
1.000e+00
1.000e+00
2.000e+00
2.000e+00
2.000e+00
4.000e+00
2.000e+00
4.000e+00
1.000e+00
1.000e+00
1.000e+00
2.000e+00
1.000e+00
1.000e+00
1.000e+00
1.000e+00
2.000e+00
4.000e+00
3.000e+00
4.000e+00
4.000e+00
7.000e+00
9.000e+00
5.000e+00
2.200e+01
3.000e+00
1.600e+01
2.200e+01
1.000e+01
1.800e+01
5.200e+01
3.100e+01
2.200e+01
2.200e+01
2.800e+01
1.180e+02
2.200e+01
3.000e+01
2.100e+01
2.000e+01
2.600e+01
1.300e+01
1.400e+01
1.700e+01
1.200e+01
9.000e+00
1.200e+01
1.000e+01
3.000e+00
3.000e+00
3.000e+00
1.000e+00
2.000e+00
5.000e+00
3.000e+00
3.000e+00
1.000e+00
2.000e+00
6.000e+00
0.000e+00
2.000e+00
1.000e+00
4.000e+00
2.000e+00
5.000e+00
0.000e+00
3.000e+00
1.000e+00
1.000e+00
1.000e+00
2.000e+00
3.000e+00
4.000e+00
1.000e+00
0.000e+00
4.000e+00
1.000e+00
1.000e+00
1.000e+00
2.000e+00
1.000e+00
1.000e+00
3.000e+00
0.000e+00
2.000e+00
2.000e+00
1.000e+00
1.000e+00
2.000e+00
2.000e+00
1.000e+00
1.000e+00
0.000e+00
0.000e+00
0.000e+00
1.000e+00
0.000e+00
0.000e+00
1.000e+00
0.000e+00
0.000e+00
0.000e+00
1.000e+00
0.000e+00
0.000e+00
1.000e+00
1.000e+00
0.000e+00
0.000e+00
1.000e+00
0.000e+00
0.000e+00
0.000e+00
0.000e+00
0.000e+00
1.000e+00
0.000e+00
0.000e+00
1.000e+00
1.000e+00
2.000e+00
1.000e+00
0.000e+00
2.000e+00
1.000e+00
0.000e+00
0.000e+00
0.000e+00
0.000e+00
0.000e+00
0.000e+00
0.000e+00
0.000e+00
0.000e+00
0.000e+00
2.000e+00
0.000e+00
0.000e+00
0.000e+00
0.000e+00
0.000e+00
0.000e+00
0.000e+00
0.000e+00
0.000e+00
0.000e+00
1.000e+00
0.000e+00
0.000e+00
0.000e+00
0.000e+00
0.000e+00
0.000e+00
0.000e+00
1.000e+00
0.000e+00
0.000e+00
0.000e+00
1.000e+00
1.000e+00
0.000e+00
1.000e+00
1.000e+00
2.000e+00
0.000e+00
0.000e+00
3.000e+00
1.000e+00
2.000e+00
2.000e+00
4.000e+00
1.000e+00
5.000e+00
2.000e+00
0.000e+00
2.000e+00
2.000e+00
2.000e+00
0.000e+00
3.000e+00
1.000e+00
1.000e+00
1.000e+00
0.000e+00
2.000e+00
1.000e+00
1.000e+00
1.000e+00
0.000e+00
2.000e+00
0.000e+00
0.000e+00
2.000e+00
1.000e+00
2.000e+00
0.000e+00
1.000e+00
0.000e+00
0.000e+00
2.000e+00
0.000e+00
0.000e+00
0.000e+00
0.000e+00
0.000e+00
0.000e+00
1.000e+00
1.000e+00
0.000e+00
0.000e+00
1.000e+00
0.000e+00
0.000e+00
2.000e+00
2.000e+00
