// qtdg patterns
[O:1]=[C:2]([N])!@;-[O:3]~[C:4] 0.0 0.0 0.1 0.6 1.1 1.5 2.0 2.6 3.1 3.9 5.1 184.0 355.3 356.3 357.0 357.6 358.1 358.6 359.1 359.5
[O:1]=[C:2]!@;-[O:3]~[C:4] 0.0 0.0 0.1 0.6 1.0 1.5 1.9 2.5 3.0 3.7 4.8 353.1 355.5 356.4 357.1 357.6 358.2 358.6 359.1 359.5
[O:1]=[C:2]!@;-[O:3]~[!#1:4] 0.0 0.0 0.1 0.6 1.0 1.5 1.9 2.4 3.0 3.7 4.7 353.1 355.5 356.5 357.1 357.7 358.2 358.6 359.1 359.5
O=[C:1][O:2]!@;-[c:3]~[*:4] 0.0 0.0 0.1 0.6 1.0 1.5 1.9 2.5 3.0 3.7 4.8 353.1 355.5 356.4 357.1 357.7 358.2 358.6 359.1 359.5
O=[C:1][O:2]!@;-[CX3:3]~[*:4] 0.0 23.6 35.5 42.5 49.6 64.5 129.9 137.9 145.0 154.9 179.5 203.0 214.0 221.2 228.9 252.0 309.3 316.7 323.5 333.8
O=[C:1][O:2]!@;-[CH1:3][H:4] 0.0 1.8 8.4 23.7 37.6 115.5 152.6 160.4 168.3 175.9 179.5 182.8 188.8 197.4 204.8 216.0 317.0 332.2 346.2 357.3
O=[C:1][O:2]!@;-[CH2:3]~[C:4] 0.0 4.2 11.8 20.7 26.8 31.3 35.2 39.2 44.1 53.6 177.6 295.4 314.5 319.8 323.9 327.8 332.1 337.7 346.1 354.4
[H:1][CX4H1:2]!@;-[O:3][CX4:4] 0.0 74.2 76.2 77.6 78.8 80.0 81.1 82.3 83.8 85.7 242.7 274.3 276.2 277.7 278.9 280.0 281.2 282.4 283.8 285.8
[C:1][CH2:2]!@;-[O:3][CX4:4] 0.0 33.8 38.2 41.3 44.1 46.8 49.7 53.2 58.4 175.0 180.0 185.0 301.6 306.8 310.3 313.2 315.9 318.7 321.8 326.2
[*:1][CX4:2]!@;-[O:3][CX3:4](=[!O]) 0.0 65.3 69.5 72.7 75.9 79.4 84.9 169.0 174.1 177.3 180.0 182.7 185.9 191.0 275.1 280.6 284.1 287.3 290.5 294.7
[O:1][CX4:2]!@;-[O:3][CX4:4] 0.0 54.2 56.9 59.1 61.2 64.0 71.3 80.0 172.8 177.2 180.0 182.8 187.2 280.0 288.7 296.0 298.8 300.9 303.1 305.8
[*:1][CX4:2]!@;-[O:3][CX4:4] 0.0 54.2 58.4 61.4 64.0 66.5 69.0 71.7 75.1 80.5 180.0 279.5 284.9 288.3 291.0 293.5 296.0 298.6 301.6 305.8
[cH1:1][c:2]([cH1])!@;-[O:3][S:4] 0.0 46.6 53.1 58.2 63.0 68.3 75.7 155.0 167.7 174.4 180.0 185.6 192.3 205.0 284.3 291.7 297.0 301.8 306.9 313.4
[cH1:1][c:2]([cH0])!@;-[O:3][S:4] 0.0 8.5 16.7 26.0 42.4 80.2 130.3 152.5 161.5 169.5 179.5 189.7 197.8 206.5 224.7 276.5 315.0 333.0 342.5 350.7
[cH0:1][c:2]([cH0])!@;-[O:3][S:4] 0.0 18.4 41.5 77.3 102.0 112.7 118.6 123.6 129.0 136.4 178.9 223.1 230.8 236.2 241.2 247.0 257.1 282.0 316.8 340.8
[cH1:1][c:2]([cH1])!@;-[O:3][c:4] 0.0 54.5 61.3 70.8 79.8 87.8 95.6 103.8 113.6 127.8 180.0 232.2 246.4 256.2 264.4 272.2 280.2 289.2 298.6 305.5
[cH1:1][c:2]([cH0])!@;-[O:3][c:4] 0.0 20.9 28.3 33.4 38.6 46.7 141.9 147.7 152.3 158.0 179.4 201.3 207.3 211.9 217.4 311.9 320.9 326.1 331.2 338.2
[cH0:1][c:2]([cH0])!@;-[O:3][c:4] 0.0 17.8 28.5 34.7 40.4 46.9 61.6 130.8 138.0 144.9 160.9 214.1 221.2 228.2 253.0 312.1 318.9 324.6 330.7 340.2
[cH0:1][c:2]([cH0])!@;-[O:3][!C;!H:4] 0.0 45.1 54.2 62.3 72.0 96.2 114.8 124.7 133.5 143.8 180.0 216.2 226.5 235.3 245.2 263.8 288.0 297.7 305.8 314.9
[cH0:1][c:2]([cH1])!@;-[O:3][!C;!H:4] 0.0 0.1 1.0 1.8 2.8 4.3 173.1 175.8 177.3 178.5 179.5 180.5 181.6 182.8 184.3 187.3 355.9 357.3 358.2 359.1
[cH1:1][c:2]([cH1])!@;-[O:3][!C;!H:4] 0.0 0.1 1.0 1.9 2.9 4.4 9.7 171.0 176.2 178.0 179.4 180.7 182.2 184.1 319.4 351.3 355.9 357.2 358.2 359.1
[cH:1][c:2]([cH])!@;-[O:3][C:4](F)(F)[F] 0.0 0.1 0.9 1.7 2.7 4.0 27.0 145.7 174.1 177.4 179.2 180.9 182.8 186.3 216.4 334.9 356.1 357.4 358.3 359.2
[cH0:1][c:2]([cH0])!@;-[O:3][CX4:4]([!#1])([!#1])([!#1]) 0.0 0.0 0.9 1.7 2.6 3.8 171.8 175.6 177.2 178.4 179.5 180.5 181.6 182.9 184.5 188.5 356.3 357.5 358.4 359.2
[a:1][c:2]([a])!@;-[O:3][CX4H0:4] 0.0 44.4 80.8 86.2 88.7 90.8 93.2 97.4 126.0 160.9 179.9 198.4 233.3 262.4 266.7 269.1 271.3 273.7 279.0 314.8
[cH1,n:1][c:2]!@;-[O:3][CRH1:4] 0.0 0.7 2.2 4.5 26.9 60.9 97.4 136.7 172.0 176.8 179.4 181.8 184.8 200.5 241.6 279.5 314.8 347.8 356.7 358.5
[cH1,n:1][c:2]!@;-[O:3][CH1:4] 0.0 0.0 0.7 1.4 2.2 3.1 4.4 171.5 175.7 177.7 179.2 180.6 182.1 184.0 187.5 355.4 356.8 357.7 358.5 359.2
[nX2H0:1][c:2]([cH0])!@;-[O:3][CX4H0:4] 0.0 0.0 0.8 1.6 2.6 3.7 5.5 173.1 176.1 177.8 179.3 180.6 182.1 183.8 186.6 354.3 356.2 357.4 358.3 359.2
[cH0:1][c:2]([cH0])!@;-[O:3][CX4H0:4] 0.0 0.0 0.1 0.5 1.0 1.4 1.8 2.3 2.8 3.5 4.5 353.4 355.8 356.6 357.3 357.8 358.2 358.7 359.1 359.6
[cH0:1][c:2]([nX2])!@;-[O:3][C:4] 0.0 44.4 80.8 86.2 88.7 90.8 93.2 97.4 126.0 160.9 179.9 198.4 233.3 262.4 266.7 269.1 271.3 273.7 279.0 314.8
[nX2:1][c:2]([nX2])!@;-[O:3][C:4] 36.1 173.8 175.2 176.1 176.8 177.5 178.0 178.6 179.0 179.5 180.0 180.5 181.0 181.4 182.0 182.5 183.2 183.9 184.8 186.2
[nX2:1][c:2]([nX3])!@;-[O:3][C:4] 0.0 0.1 1.0 1.9 2.9 4.5 174.2 176.3 177.6 178.7 179.6 180.5 181.4 182.5 183.8 186.1 355.8 357.2 358.2 359.1
[cH1:1][c:2]([nX3])!@;-[O:3][C:4] 0.0 0.0 0.1 0.6 1.1 1.5 2.0 2.5 3.1 3.9 5.4 181.5 355.2 356.3 357.1 357.6 358.2 358.6 359.1 359.5
[cH1:1][c:2]([nX2])!@;-[O:3][C:4] 0.0 0.0 0.9 1.9 2.8 3.9 6.8 32.5 101.3 156.3 177.7 181.8 200.2 250.4 320.6 352.6 356.0 357.1 358.0 358.9
[cH0:1]([CX3])[c:2]([cH1])!@;-[O:3][C:4] 37.1 173.9 175.2 176.1 176.9 177.5 178.0 178.6 179.1 179.5 180.0 180.5 180.9 181.4 182.0 182.5 183.1 183.9 184.8 186.1
[cH1:1][c:2](cO)!@;-[O:3][C:4] 0.0 53.7 172.4 174.3 175.5 176.5 177.3 178.0 178.7 179.3 180.0 180.6 181.3 182.0 182.7 183.5 184.4 185.6 187.5 304.8
O[c:1][c:2](cO)!@;-[O:3][C:4] 0.0 0.0 0.3 0.8 1.4 1.9 2.5 3.2 4.1 6.2 155.7 187.4 228.2 355.2 356.4 357.2 357.8 358.4 358.9 359.5
[cH0:1][c:2]([cH0])!@;-[O:3][C:4] 0.0 15.5 27.9 42.0 62.8 73.2 116.5 126.2 148.2 162.0 179.5 196.3 210.5 232.0 242.7 285.2 296.3 315.6 331.1 343.0
[cH0:1][c:2]([cH1])!@;-[O:3][C:4] 0.0 8.9 32.1 53.4 73.3 92.2 110.3 127.8 145.0 162.0 178.8 195.7 212.6 229.8 247.3 265.3 284.0 303.8 324.8 347.8
[cH1:1][c:2]([cH1])!@;-[O:3][C:4] 0.0 156.0 169.1 173.1 174.9 176.1 177.1 177.9 178.6 179.3 180.0 180.6 181.3 182.1 182.9 183.8 185.0 186.7 190.4 201.9
[a:1][c:2]!@;-[O:3][CX3H0:4] 0.0 0.0 0.9 1.8 2.7 4.0 7.1 174.6 176.7 178.1 179.4 180.6 181.9 183.3 185.4 353.0 356.0 357.3 358.2 359.1
[cH0:1][c:2]([cH0])!@;-[O:3][!#1:4] 0.0 20.3 34.9 42.4 50.0 65.2 129.1 137.7 145.3 156.2 179.5 201.1 213.5 221.3 229.5 255.2 308.7 316.6 324.0 335.8
[aH0:1][c:2]!@;-[OX2:3][!#1:4] 0.0 9.6 32.4 53.5 73.3 92.1 110.2 127.8 145.0 162.0 178.9 195.8 212.7 229.9 247.4 265.4 284.1 303.8 324.7 347.2
[cH1,nX3H1:1][c:2]([cH0])!@;-[O:3][CX4H0:4] 0.0 2.3 34.7 89.0 129.1 164.4 174.0 176.1 177.6 178.8 179.9 180.9 182.1 183.4 185.3 189.7 221.1 259.4 308.1 356.7
[!#1:1][CX4H0:2]!@;-[OX2:3][!#1:4] 0.0 1.7 4.5 7.8 12.1 21.6 165.1 170.3 173.8 176.8 179.5 182.2 185.0 188.3 192.6 202.1 345.6 350.8 354.3 357.3
[H:1][CX4H1:2]!@;-[OX2:3][!#1:4] 0.0 54.6 57.0 58.9 60.6 62.5 64.9 166.1 175.0 177.8 180.0 182.2 185.0 193.9 295.1 297.5 299.4 301.1 303.0 305.4
[C:1][CX4H2:2]!@;-[OX2:3][c:4] 0.0 30.0 35.2 39.0 42.4 45.6 49.0 53.1 59.0 173.5 180.0 186.5 301.0 306.9 311.0 314.4 317.6 321.0 324.8 330.0
[c:1][CX4H2:2]!@;-[OX2:3][C:4] 0.0 63.8 67.5 70.3 72.6 74.9 77.2 79.9 83.3 90.7 180.0 269.3 276.7 280.1 282.8 285.1 287.4 289.7 292.5 296.2
[C:1][CX4H2:2]!@;-[OX2:3][C:4] 0.0 59.9 64.6 68.1 71.0 73.8 76.6 79.6 83.2 88.6 180.0 271.4 276.8 280.4 283.4 286.2 289.0 291.9 295.4 300.1
[c:1][CX4H2:2]!@;-[OX2:3][c:4] 0.0 68.4 72.3 75.2 77.9 80.6 83.8 88.6 169.3 175.8 180.0 184.2 190.7 271.4 276.2 279.4 282.1 284.8 287.7 291.6
[!#1:1][CX4H2:2]!@;-[OX2:3][c:4] 0.0 59.7 62.4 64.4 66.1 67.7 69.3 71.0 73.1 76.4 180.0 283.6 286.9 289.0 290.7 292.3 293.9 295.6 297.6 300.3
[!#1:1][CX4H2:2]!@;-[OX2:3][C:4] 0.0 62.8 66.6 69.3 71.7 74.0 76.3 78.9 82.3 89.1 180.0 270.9 277.7 281.1 283.7 286.0 288.3 290.7 293.4 297.2
[c:1][CX4H2:2]!@;-[OX2:3][!#1:4] 0.0 66.7 70.9 74.0 76.8 79.7 82.8 87.1 162.8 175.1 180.0 184.9 197.2 272.9 277.2 280.3 283.2 286.0 289.1 293.3
[C:1][CX4H2:2]!@;-[OX2:3][!#1:4] 0.0 60.0 63.7 66.4 68.7 70.8 73.0 75.4 78.2 82.5 180.0 277.5 281.8 284.6 287.0 289.2 291.3 293.6 296.3 300.0
[!#1:1][CX4H2:2]!@;-[OX2:3][!#1:4] 0.0 66.6 70.6 73.6 76.2 78.9 81.8 85.6 94.7 175.0 180.0 185.0 265.3 274.4 278.2 281.1 283.8 286.4 289.4 293.4
[!#1:1][CX4:2]!@;-[OX2:3][!#1:4] 0.0 65.1 69.3 72.4 75.2 77.9 80.8 84.5 91.1 174.1 180.0 185.9 268.9 275.5 279.2 282.1 284.8 287.6 290.7 294.9
O=[CX3:1][NX3H0:2](C)!@;-[CX4H2:3][C:4] 0.0 59.9 65.9 70.4 74.6 79.1 84.6 96.0 162.3 172.4 180.0 187.6 197.7 264.0 275.4 280.9 285.4 289.6 294.1 300.1
O=[CX3:1][NX3H1:2]!@;-[CX4H2:3][C:4] 0.0 75.4 82.2 87.2 91.4 95.3 99.2 103.4 108.3 115.2 180.0 244.8 251.7 256.6 260.8 264.7 268.6 272.8 277.8 284.6
O=[S:1](=O)[NX3H0:2]!@;-[CX4H2:3][!#1:4] 0.0 89.0 95.0 99.3 103.0 106.4 109.8 113.5 117.8 123.8 180.0 236.2 242.2 246.5 250.2 253.6 257.0 260.7 265.0 271.0
O=[S:1](=O)[NX3H1:2]!@;-[CX4H2:3][!#1:4] 0.0 66.7 74.0 79.6 84.9 90.5 97.5 109.0 124.6 138.8 180.0 221.2 235.4 251.0 262.5 269.5 275.1 280.4 286.0 293.3
O=[S:1](=O)[NX3H0:2]!@;-[CX4H1:3][H:4] 0.0 60.7 67.0 71.6 75.5 79.1 82.8 86.6 91.2 97.5 162.7 262.5 268.8 273.4 277.2 280.9 284.5 288.4 293.0 299.3
O=[S:1](=O)[NX3H1:2]!@;-[CX4H1:3][H:4] 0.0 13.0 18.8 23.2 27.3 31.3 36.0 42.5 161.5 170.7 179.8 189.1 198.0 317.3 323.9 328.5 332.6 336.7 341.1 346.8
O=[S:1](=O)[NH1:2]!@;-[c:3][nX2:4] 0.0 20.5 26.9 31.8 36.2 40.6 45.7 52.9 153.2 166.6 179.9 193.4 206.6 307.0 314.3 319.4 323.8 328.2 333.1 339.5
O=[S:1](=O)[NH0:2]!@;-[c:3]([cH1])[cH1:4] 0.0 22.6 28.2 33.7 45.1 131.0 137.0 142.4 149.9 158.9 176.0 201.1 210.1 217.6 223.0 229.0 314.9 326.3 331.8 337.4
O=[S:1](=O)[NH1:2]!@;-[c:3]([cH1])[cH1:4] 0.0 23.8 40.1 52.6 67.5 94.2 118.3 132.1 144.4 158.6 179.4 199.9 214.6 226.9 240.4 262.5 291.5 306.3 318.8 334.3
O=[S:1](=O)[NH0:2]!@;-[c:3]([cH1])[cH0:4] 0.0 21.7 30.0 37.4 46.8 128.1 139.1 145.5 151.3 158.2 179.6 201.8 208.7 214.5 220.8 231.8 313.1 322.5 330.0 338.3
O=[S:1](=O)[NH1:2]!@;-[c:3]([cH1])[cH0:4] 0.0 48.6 58.5 64.8 72.1 85.3 99.8 113.0 127.8 151.4 180.0 208.6 232.2 247.0 260.2 274.7 287.9 295.2 301.5 311.4
O=[S:1](=O)[NH0:2]!@;-[c:3]([cH0])[cH0:4] 0.0 50.2 64.2 94.6 106.7 115.6 127.9 137.7 146.2 156.1 180.0 203.9 213.8 222.3 232.1 244.4 253.3 265.4 295.8 309.8
O=[S:1](=O)[NH1:2]!@;-[c:3]([cH0])[cH0:4] 0.0 47.3 73.3 80.8 86.1 91.6 99.0 108.8 118.0 131.5 180.0 228.5 242.0 251.2 261.0 268.4 273.9 279.2 286.7 312.7
O=[S:1](=O)[N:2]!@;-[c:3][a:4] 0.0 46.3 57.3 67.7 75.0 83.6 96.6 103.0 109.1 124.3 148.9 235.7 250.9 257.0 263.4 276.4 285.0 292.3 302.7 313.7
[O-:1][N+:2](=O)!@;-[c:3]([cH,nX2H0])[cH,nX2H0:4] 0.0 24.5 36.0 46.7 64.5 92.3 117.9 135.7 146.6 159.7 179.7 199.8 213.1 224.0 241.5 267.1 294.9 313.0 323.7 335.1
[O-:1][N+:2](=O)!@;-[c:3]([cH0])[cH,nX2H0:4] 0.0 0.0 0.8 1.5 2.4 3.4 5.7 175.1 177.0 178.3 179.5 180.5 181.7 183.0 184.8 354.2 356.6 357.6 358.5 359.2
[O-:1][N+:2](=O)!@;-[c:3]([cH0])[cH0:4] 0.0 1.8 6.9 18.6 26.3 37.0 146.2 155.2 163.6 175.1 179.5 183.2 192.8 202.3 210.6 310.3 331.0 338.9 348.1 357.3
[O-:1][N+:2](=O)!@;-[c:3][a:4] 0.0 2.5 15.3 32.0 49.3 81.1 120.7 135.3 148.0 164.5 179.1 189.6 208.6 221.6 235.1 261.6 305.5 324.0 340.3 356.4
[cH0:1][c:2]([cH1])!@;-[NX3H1:3][C,c:4] 0.0 22.3 41.9 56.2 65.1 76.0 109.9 119.6 129.9 155.9 179.6 203.2 229.6 240.1 249.7 283.4 294.6 303.5 317.4 337.1
[cH0:1][c:2]([nX2H0])!@;-[NX3H1:3][C,c:4] 0.0 146.1 153.6 158.7 162.7 166.1 169.2 172.1 174.8 177.4 180.0 182.6 185.2 187.9 190.8 193.9 197.3 201.3 206.4 213.9
[cH0:1][c:2]([nX3H1])!@;-[NX3H1:3][C,c:4] 0.0 156.9 163.9 167.4 169.9 172.0 173.8 175.5 177.0 178.5 180.0 181.4 182.9 184.5 186.1 187.9 190.0 192.5 196.0 202.7
[cH1:1][c:2]([cH1])!@;-[NX3H1:3][C,c:4] 0.0 129.1 151.2 157.8 162.3 166.0 169.2 172.1 174.8 177.4 180.0 182.6 185.2 187.9 190.8 194.0 197.6 202.1 208.7 229.8
[cH1:1][c:2]([nX3H1])!@;-[NX3H1:3][C,c:4] 0.0 2.0 8.5 16.5 21.6 26.8 35.6 154.8 163.5 174.2 179.4 183.9 193.7 202.4 221.3 331.3 336.9 341.9 348.3 357.1
[nX2H0:1][c:2]([nX2H0])!@;-[NX3H1:3][C,c:4] 0.0 14.2 19.2 24.5 134.2 151.3 159.5 165.6 170.8 175.5 180.0 184.5 189.2 194.4 200.5 208.6 225.6 335.4 340.8 345.8
[nX2H0:1][c:2]([nX3H1])!@;-[NX3H1:3][C,c:4] 0.0 0.3 1.8 3.5 5.6 8.1 11.6 17.2 163.7 173.9 178.5 182.5 187.4 330.0 344.4 349.3 352.5 354.9 356.9 358.5
[C:1][NH:2]!@;-[C:3](=[NH2:4])[NH2] 0.0 3.4 8.8 16.2 27.4 53.3 149.4 161.2 168.4 174.1 179.4 184.6 190.1 196.8 206.7 287.5 328.5 341.5 349.6 355.4
[NH2][C:1](=[NH2])[NH:2]!@;-[CH2:3][C:4] 0.0 1.1 3.0 151.2 160.1 164.9 168.6 171.7 174.4 177.0 179.5 182.0 184.5 187.1 190.1 193.4 197.6 204.0 355.2 358.2
[a:1][c:2]!@;-[NX2:3]=[C:4]([NX3])n 0.0 66.4 68.5 70.3 72.4 98.3 136.8 138.9 140.7 142.8 168.5 217.2 219.3 221.1 223.2 260.7 287.6 289.7 291.5 293.6
[nX2:1][c:2]!@;-[NX2:3]=[C:4]([NX3])N 0.0 45.5 48.3 50.7 53.7 132.2 136.5 138.7 140.6 142.9 171.0 217.1 219.4 221.3 223.5 227.8 306.3 309.3 311.7 314.5
[cH0:1][c:2]!@;-[NX2:3]=[C:4]([NX3])N 0.0 0.0 0.1 0.5 1.0 1.4 1.8 2.3 2.9 3.5 4.5 353.4 355.8 356.6 357.3 357.8 358.2 358.7 359.1 359.6
[cH1:1][c:2]!@;-[NX2:3]=[C:4]([NX3])N 0.0 59.3 69.0 77.4 87.1 98.0 105.4 113.8 128.0 133.1 180.0 226.9 232.0 246.2 254.6 262.0 272.9 282.6 291.0 300.7
[O:1]=[C:2]([NH1])!@;-[NX3H1:3](C=O)[H:4] 0.0 44.8 48.2 51.1 55.6 84.1 124.4 131.2 136.0 141.2 167.7 218.8 224.0 228.8 235.6 275.8 304.4 308.9 311.8 315.2
[O:1]=[C:2]!@;-[NX3H1:3](C=O)[H:4] 0.0 0.0 0.3 0.9 1.4 2.0 2.6 3.4 4.6 174.6 178.2 180.7 183.5 354.2 356.2 357.1 357.8 358.4 358.9 359.4
[O:1]=[C:2]!@;-[NX3:3](C=O)[*:4] 0.0 0.3 1.4 2.6 4.4 172.9 175.2 176.7 177.8 178.8 179.7 180.6 181.5 182.5 183.7 185.3 188.4 356.2 357.8 358.9
O=[C:1][NX3H0:2]!@;-[CX3:3]=[*H2:4] 0.0 1.6 5.2 32.9 64.0 95.4 126.9 156.7 168.7 174.6 179.2 183.7 189.0 197.6 222.1 253.8 285.2 316.4 347.5 357.5
O=[C:1][NX3H1:2]!@;-[CX3:3]=[*H2:4] 0.0 32.6 55.7 166.3 170.2 172.5 174.4 175.9 177.4 178.7 179.9 181.2 182.5 183.9 185.5 187.3 189.6 193.2 301.1 325.2
O=[C:1][NX3H1:2]!@;-[CX3:3]=[*H1:4] 0.0 26.1 28.2 30.1 32.2 40.1 166.9 169.1 170.9 173.0 180.0 187.0 189.1 190.9 193.1 319.9 327.8 329.9 331.8 333.9
O=[C:1][NX3H1:2]!@;-[CX3H1:3]=[*:4] 0.0 8.5 72.2 132.3 170.1 173.5 175.3 176.7 177.9 178.9 179.9 180.9 182.0 183.1 184.4 186.2 189.1 218.6 278.2 341.3
O=[C:1][NX3H1:2]!@;-[CX3:3]=[*:4] 0.0 5.2 174.0 175.5 176.4 177.2 177.8 178.4 178.9 179.5 180.0 180.5 181.0 181.5 182.1 182.7 183.4 184.3 185.6 189.3
O=[C:1][NX3H1:2]!@;-[CX4H2:3][c:4]([cH,nX2H0])[cH,nX2H0] 0.0 87.0 91.8 95.3 98.2 101.0 103.7 106.7 110.1 114.9 180.0 245.1 249.9 253.3 256.3 259.0 261.8 264.7 268.2 273.0
O=[C:1][NX3H0:2]!@;-[CX4H2:3][!#1:4] 0.0 91.1 95.5 98.7 101.4 104.0 106.5 109.3 112.4 116.9 180.0 243.1 247.6 250.7 253.5 256.0 258.6 261.3 264.5 268.9
O=[C:1][NX3H1:2]!@;-[CX4H2:3][!#1:4] 0.0 76.9 83.6 88.5 92.7 96.5 100.4 104.6 109.4 116.2 180.0 243.8 250.6 255.4 259.6 263.5 267.3 271.5 276.4 283.1
O=[C:1][NX3H0:2]!@;-[CX4H1:3][H:4] 0.0 88.5 94.5 98.7 102.4 105.8 109.2 112.9 117.1 123.0 180.0 237.0 242.9 247.1 250.8 254.2 257.6 261.3 265.5 271.5
O=[C:1][NX3H1:2]!@;-[CX4H1:3][H:4] 0.0 0.7 2.6 4.9 7.8 11.7 18.0 52.0 92.7 173.8 178.7 183.0 189.4 281.3 333.7 345.0 350.0 353.4 356.0 358.2
O=[C:1][NX3H0:2]!@;-[CX4H0:3][C:4] 0.0 1.7 4.5 7.8 12.1 21.6 165.1 170.3 173.8 176.8 179.5 182.2 185.0 188.3 192.6 202.1 345.6 350.8 354.3 357.3
O=[C:1][NX3H1:2]!@;-[CX4H0:3][C:4] 0.0 43.0 54.9 58.7 62.0 68.6 85.5 130.0 160.2 175.2 180.0 184.8 199.7 229.8 274.4 291.3 298.0 301.3 305.1 316.9
O=[C:1][NX3:2]!@;-[!#1:3][!#1:4] 0.0 54.4 56.8 58.7 60.4 62.3 64.6 70.2 174.4 177.6 180.0 182.4 185.6 289.8 295.4 297.7 299.6 301.3 303.2 305.6
O=[C:1][NX3H0:2]!@;-[c:3]([s,o])[n:4] 0.0 31.4 60.4 75.5 87.1 97.6 107.7 118.3 130.3 146.4 177.1 211.0 228.0 240.4 251.1 261.2 271.5 283.0 297.4 322.6
O=[C:1][NX3H1:2]!@;-[c:3]([s,o])[n:4] 0.0 0.6 2.6 5.3 11.1 173.9 175.8 177.1 178.1 178.9 179.7 180.5 181.4 182.3 183.3 184.7 187.3 351.7 355.8 358.2
O=[C:1][NX3:2]!@;-[a:3]([s,o])[a:4] 0.0 1.0 2.9 171.6 174.8 176.1 177.1 177.9 178.6 179.2 179.9 180.5 181.1 181.8 182.5 183.4 184.5 186.4 355.8 358.2
O=[C:1][NX3H1:2]!@;-[c:3]([cH,nX2H0])[cH,nX2H0:4] 0.0 0.7 2.2 4.5 19.4 172.1 175.4 176.8 177.9 178.9 179.8 180.6 181.5 182.5 183.8 185.7 316.5 350.5 356.8 358.5
O=[C:1][NX3:2]!@;-[a:3]([nX2H0])[cH0:4] 0.0 0.1 1.0 1.9 2.9 4.6 173.5 175.9 177.4 178.5 179.6 180.6 181.6 182.8 184.2 186.9 355.6 357.2 358.2 359.1
O=[C:1][NX3H1:2]!@;-[a:3]([nX2H0])[cH1:4] 0.0 15.1 34.5 43.5 51.8 62.3 106.7 147.1 171.7 177.1 179.8 182.5 186.9 208.7 244.4 295.5 306.9 315.3 324.0 339.0
O=[C:1][NX3:2]!@;-[a:3]([nX2H0])[cH1:4] 0.0 0.0 0.3 0.8 1.3 1.9 2.5 3.1 4.1 161.3 176.5 181.2 186.8 355.1 356.4 357.2 357.9 358.4 358.9 359.5
O=[C:1][NX3:2]!@;-[a:3][nH:4] 0.0 0.2 1.3 2.4 3.8 14.5 48.3 82.5 117.1 152.1 176.6 185.9 215.8 250.7 285.2 319.3 352.5 356.6 357.9 358.9
O=[C:1][NX3H1:2]!@;-[c:3]([cH0]Cl)[cH:4] 0.0 0.0 0.2 0.7 1.1 1.6 2.1 2.7 3.4 4.3 173.8 181.0 354.4 356.1 357.0 357.5 358.1 358.6 359.0 359.5
O=[C:1][NX3H1:2]!@;-[c:3]([cH0]F)[cH:4] 0.0 0.0 0.1 0.6 1.1 1.5 2.0 2.5 3.0 3.8 5.1 229.5 355.3 356.4 357.1 357.7 358.2 358.6 359.1 359.5
O=[C:1][NX3:2]!@;-[a:3]([cH1])[aH0:4]!@;-O 0.0 0.0 0.1 0.6 1.1 1.5 2.0 2.5 3.1 3.9 5.4 220.8 355.2 356.3 357.1 357.6 358.1 358.6 359.1 359.5
O=[C:1][NX3:2]!@;-[a:3][aH0:4] 0.0 8.7 40.1 64.4 87.3 111.2 137.9 167.3 175.9 178.2 179.9 181.6 183.7 189.2 217.8 245.0 269.3 292.1 316.0 345.6
O=[C:1][NX3H1:2]!@;-[c:3]([cH1])[cH1:4] 0.0 3.8 45.2 60.2 81.5 114.8 135.9 162.8 175.2 177.9 179.8 181.7 184.1 192.1 219.2 240.5 271.6 297.0 311.1 353.3
O=[C:1][NX3H0:2]!@;-[c:3]([cH1])[cH1:4] 0.0 0.1 1.0 1.9 3.0 4.7 173.7 176.0 177.4 178.5 179.6 180.5 181.6 182.7 184.2 186.7 355.5 357.1 358.2 359.1
O=[C:1][NX3H0:2]!@;-[c:3]([cH0])[cH:4] 0.0 21.3 38.5 47.1 59.8 89.4 120.0 134.2 141.9 158.1 179.5 200.5 217.4 225.2 237.8 268.2 298.3 312.2 320.8 336.4
O=[C:1][NX3H1:2]!@;-[c:3]([cH0])[cH:4] 0.0 42.0 55.6 68.0 84.7 104.1 112.3 118.2 123.9 130.8 163.1 229.2 236.1 241.7 247.6 255.8 275.2 291.9 304.4 317.9
O=[C:1][NX3H1:2]!@;-[c:3]([cH0])[cH0:4] 0.0 60.6 71.2 78.9 85.5 91.6 97.7 104.3 111.9 122.6 179.8 237.4 248.1 255.7 262.3 268.4 274.5 281.1 288.8 299.4
O=[C:1][NX3H0:2]!@;-[a:3][a:4] 0.0 47.3 54.5 60.7 74.6 113.9 123.6 130.0 136.6 147.9 179.8 211.9 223.3 230.0 236.4 245.9 285.1 299.2 305.5 312.6
O=[C:1][NX3H1:2]!@;-[a:3][a:4] 0.0 21.8 39.1 51.3 64.2 86.6 113.7 127.1 138.9 154.1 179.4 203.6 219.8 231.7 244.7 269.7 294.3 307.5 319.6 335.7
[O:1]=[CX3:2]([NX3H1]C)!@;-[NX3H1:3][!#1:4] 0.0 0.1 0.9 1.8 2.8 4.1 172.2 175.5 177.1 178.4 179.5 180.6 181.7 183.0 184.6 188.2 356.0 357.3 358.3 359.1
[O:1]=[C:2]([!NH1])!@;-[NX3H1:3]([H:4])(c([nX2H0])([nX2H0])) 0.0 0.4 1.9 3.8 6.2 9.5 14.7 27.8 164.0 172.2 178.0 183.4 189.4 199.1 337.4 346.9 351.4 354.4 356.7 358.5
[O:1]=[C:2]([NH1])!@;-[NX3H1:3]([H:4])(c([nX2H0])([nX2H0])) 0.0 0.0 0.8 1.9 3.4 5.1 7.7 11.8 19.4 176.1 178.8 180.9 183.3 338.1 347.2 351.8 354.5 356.4 357.8 359.0
[O:1]=[C:2]!@;-[NX3H1:3]([H:4])(c([nX2H0])([nX2H0])) 0.0 0.0 0.1 0.5 1.0 1.4 1.8 2.3 2.8 3.5 4.4 353.5 355.9 356.7 357.3 357.8 358.3 358.7 359.1 359.6
[O:1]=[C:2]!@;-[NX3H1:3]([H:4])(cn) 0.0 0.0 0.6 1.5 2.5 3.7 5.1 7.1 10.1 23.0 177.9 181.0 185.0 348.2 352.1 354.3 355.9 357.1 358.2 359.2
[O:1]=[C:2]!@;-[NX3H0:3]([a:4])[A] 0.0 0.6 2.0 3.8 171.9 174.8 176.2 177.3 178.2 179.0 179.8 180.5 181.3 182.2 183.1 184.3 186.0 353.4 357.0 358.6
[O:1]=[CX3:2](a)!@;-[NX3H0:3][!#1:4] 0.0 0.8 2.5 6.0 170.9 173.4 175.1 176.4 177.6 178.7 179.7 180.8 181.8 183.0 184.2 185.7 187.6 191.3 356.3 358.4
[O:1]=[CX3:2]!@;-[NX3H0:3][!#1:4] 0.0 0.5 2.3 4.5 7.6 14.1 161.7 168.3 172.5 175.9 179.0 182.0 185.1 188.7 193.3 202.1 348.8 353.5 356.3 358.3
[O:1]=[CX3:2]!@;-[NX3H1:3][!#1:4] 0.0 0.3 1.9 3.8 6.4 10.9 167.4 172.7 175.4 177.5 179.3 181.1 183.0 185.2 188.1 196.3 350.4 354.3 356.7 358.5
[CH0:1][NX3:2]([CH0])!@;-[c:3][a:4] 0.0 0.0 0.6 1.6 2.7 3.9 5.4 7.3 10.0 15.0 172.3 183.9 342.1 349.0 352.0 354.1 355.7 357.0 358.1 359.1
[CH0:1][NX3:2]([CH1])!@;-[c:3][a:4] 0.0 36.7 46.0 54.1 65.9 89.5 112.7 125.3 133.6 142.7 179.4 216.8 226.0 234.3 246.5 269.4 293.3 305.5 313.7 322.8
[cH1,nX2H0:1][c:2]([cH1,nX2H0])!@;-[NX3&r:3][*:4] 0.0 12.5 32.7 48.3 66.7 90.2 111.2 129.7 146.7 163.0 179.1 195.1 211.4 228.3 246.6 267.2 290.7 309.9 325.4 345.0
[cH1,nX2H0:1][c:2]([cH1,nX2H0])!@;-[NX3&r:3][CX4&r:4] 0.0 3.5 9.2 16.9 29.3 68.9 141.0 157.7 167.5 174.0 179.4 184.6 190.7 199.5 214.0 249.8 326.1 340.7 349.2 355.3
[a:1][c:2]!@;-[NX3H1:3][CX4&r:4]([C&r])([C&r]) 0.0 3.3 7.5 12.4 19.4 137.5 154.5 164.2 170.2 175.1 179.5 183.9 188.6 194.3 202.5 219.5 338.0 346.3 351.4 355.8
[cH1:1][c:2]([cH1])!@;-[NX3:3][CX4:4] 0.0 7.2 12.6 17.6 23.5 36.5 158.5 164.1 168.8 173.6 179.7 185.9 190.9 195.4 201.0 318.5 335.9 342.0 347.0 352.3
[cH0:1][c:2]([cH,nX2H0])!@;-[NX3H1:3][CX4:4] 0.0 6.9 13.4 19.9 27.8 43.9 136.4 154.6 164.6 172.5 179.6 186.7 194.5 204.1 220.5 311.3 331.2 339.4 345.9 352.4
[cH0:1][c:2]([cH,nX2H0])!@;-[NX3H0:3][CX4:4] 0.0 156.3 160.1 162.9 165.2 167.4 169.5 171.7 174.2 176.9 180.0 183.1 185.8 188.3 190.5 192.6 194.8 197.1 199.9 203.7
[cH0:1][c:2]([cH0])!@;-[NX3:3][CX4:4] 0.0 29.2 45.4 59.7 76.0 107.2 147.3 156.1 163.1 170.5 179.9 189.4 196.8 203.8 212.5 251.7 283.7 300.0 314.4 330.5
[c:1][c:2](c)!@;-[NX3:3][CX4:4] 0.0 20.3 41.7 61.7 72.6 89.0 107.8 119.3 135.9 157.7 179.5 201.3 223.0 240.1 251.6 270.0 286.9 297.6 317.3 338.7
[cH1:1][c:2]([cH1])!@;-[NX3:3][a:4] 0.0 8.6 15.3 22.0 31.0 59.3 120.1 146.3 159.5 169.9 179.6 189.3 199.7 212.5 236.2 297.0 328.1 337.4 344.2 350.9
[cH1:1][c:2]([cH0])!@;-[NX3:3][a:4] 0.0 2.7 17.2 25.9 32.9 41.5 134.5 147.1 156.1 167.5 179.3 188.1 201.7 210.7 221.4 315.2 325.4 332.4 340.3 356.1
[cH0:1][c:2]([cH0])!@;-[NX3:3][a:4] 0.0 1.8 5.8 14.1 18.9 22.8 26.6 30.9 37.4 121.8 147.5 230.6 318.6 327.4 332.1 336.0 339.8 344.2 350.9 357.3
[cH0:1][a:2]!@;-[NX3H0:3][CX3:4]=O 0.0 29.9 41.4 51.1 62.7 104.0 124.1 134.4 143.9 155.9 179.8 203.6 215.8 225.3 235.5 254.5 296.8 308.6 318.3 329.7
[cH0:1][a:2]!@;-[NX3H1:3][CX3:4]=O 0.0 50.7 58.4 65.1 72.4 82.7 96.3 108.5 120.5 135.0 180.0 225.0 239.5 251.5 263.7 277.3 287.6 294.9 301.6 309.3
[nX2H0:1][a:2]([nX2H0])!@;-[NX3H0:3][CX3:4]=O 0.0 41.2 78.1 106.9 132.1 155.9 172.7 175.7 177.4 178.8 180.0 181.2 182.5 184.2 187.1 202.8 226.5 251.7 280.2 316.3
[nX2H0:1][a:2]([!nX2H0])!@;-[NX3H1:3][CX3:4](A)=O 0.0 0.8 2.5 5.5 29.1 59.4 92.0 122.7 159.4 175.9 179.3 182.2 187.0 219.3 250.2 284.1 315.5 344.9 356.3 358.3
[nX2H0:1][a:2]([!nX2H0])!@;-[NX3H1:3][CX3:4](a)=O 0.0 0.4 1.6 3.0 69.3 175.1 176.4 177.4 178.3 179.0 179.8 180.5 181.2 182.0 182.9 184.0 185.5 355.5 357.5 358.8
[nX2H0:1][a:2]([!nX2H0])!@;-[NX3H1:3][CX3:4](C)=O 0.0 171.8 174.5 175.7 176.6 177.3 177.9 178.4 179.0 179.5 180.0 180.5 181.0 181.5 182.1 182.7 183.4 184.3 185.4 187.9
[nX2H0:1][a:2]([!nX2H0])!@;-[NX3H1:3][CX3:4]([NX3H1])=O 0.0 0.8 2.6 5.9 174.3 175.8 176.9 177.7 178.5 179.2 179.8 180.5 181.2 181.9 182.6 183.6 184.8 187.2 356.2 358.3
[nX2H0:1][a:2]([!nX2H0])!@;-[NX3H1:3][CX3:4]=O 0.0 172.0 174.6 175.8 176.6 177.3 177.9 178.5 179.0 179.5 180.0 180.5 181.0 181.5 182.0 182.6 183.3 184.1 185.2 187.4
[nX2H0:1][a:2]!@;-[NX3H1:3][CX3:4]=O 0.0 0.9 2.8 171.0 174.7 176.1 177.0 177.8 178.6 179.2 179.9 180.5 181.1 181.8 182.5 183.4 184.5 186.4 355.9 358.2
[a:1][a:2]!@;-[NX3H0:3][CX3:4]=O 0.0 0.6 2.1 4.1 173.0 175.3 176.6 177.5 178.3 179.1 179.8 180.5 181.2 182.0 182.9 183.9 185.4 191.4 356.9 358.5
[a:1][a:2]!@;-[NX3H1:3][CX3:4]=O 0.0 21.8 39.1 51.2 64.1 86.6 113.7 127.2 138.9 154.1 179.4 203.6 219.8 231.7 244.7 269.6 294.3 307.6 319.6 335.8
[a:1][a:2]!@;-[NX3:3][CX4H0:4] 0.0 0.1 0.9 1.8 2.8 4.1 172.3 175.5 177.1 178.4 179.5 180.6 181.7 183.0 184.6 188.2 356.0 357.3 358.3 359.1
[a:1][a:2]!@;-[NX3:3][!#1:4] 0.0 7.2 15.6 25.5 41.3 88.2 131.4 153.5 164.0 172.2 179.6 186.9 194.9 205.0 223.7 269.1 315.4 333.2 343.3 351.8
[O:1]=[CX3:2]!@;-[nX3:3]([aH0:4])([aH0]) 0.0 1.7 4.5 7.8 12.1 21.6 165.1 170.3 173.8 176.8 179.5 182.2 185.0 188.3 192.6 202.1 345.6 350.8 354.3 357.3
[!#1:1][CX3:2](=S)!@;-[NX3H0:3][!#1:4] 0.0 14.0 16.9 19.4 22.3 29.8 162.1 174.9 177.2 178.7 180.0 181.3 182.8 185.1 197.9 330.1 337.7 340.6 343.1 346.0
[!#1:1][CX3:2](=S)!@;-[NX3H1:3][!#1:4] 0.0 0.8 3.0 5.9 10.4 21.6 167.9 173.4 176.1 178.0 179.6 181.1 182.7 184.8 188.3 196.5 345.0 351.7 355.4 358.0
[!#1:1][CH2:2]!@;-[n:3][cH0:4] 0.0 0.5 1.8 3.4 6.9 15.9 41.5 172.9 175.8 177.8 179.5 181.2 183.0 185.2 189.0 333.6 348.2 355.0 357.3 358.7
[!#1:1][CH2:2]!@;-[n:3][a:4] 0.0 66.2 73.4 78.5 82.9 87.0 91.1 95.5 100.7 107.8 178.3 252.2 259.3 264.5 268.9 273.0 277.1 281.5 286.6 293.8
[CX4:1][CX4H2:2]!@;-[NX3;N^3:3][CX4:4] 0.0 65.6 73.2 78.6 83.2 87.5 91.9 96.5 101.9 109.4 179.0 250.6 258.1 263.5 268.1 272.5 276.8 281.4 286.8 294.4
[CX4:1][CX4H2:2]!@;-[NX3:3][CX4:4] 0.0 63.3 68.5 72.6 77.0 82.8 126.3 149.5 161.7 171.3 180.0 188.7 198.3 210.5 233.7 277.2 283.0 287.4 291.5 296.7
[C:1][CX4H2:2]!@;-[NX3;N^3:3][C:4] 0.0 63.1 68.5 72.8 77.1 82.4 94.8 143.4 158.8 170.0 180.0 190.0 201.2 216.6 265.2 277.6 282.9 287.2 291.5 296.9
[C:1][CX4H2:2]!@;-[NX3:3][C:4] 0.0 62.5 67.8 72.0 76.2 81.5 101.3 146.3 160.2 170.7 180.0 189.3 199.8 213.7 258.7 278.5 283.8 288.0 292.2 297.5
[C:1][CX4:2]!@;-[NX3;N^3:3][C:4] 0.0 62.2 68.4 73.3 78.0 83.3 91.7 127.7 151.0 166.5 180.0 193.5 209.0 232.3 268.3 276.7 282.0 286.7 291.6 297.8
[C:1][CX4:2]!@;-[NX3:3][C:4] 0.0 60.4 66.7 71.8 77.0 83.5 118.6 149.7 162.1 171.5 180.0 188.5 197.9 210.3 241.4 276.5 283.0 288.2 293.3 299.6
[!#1:1][CX4H2:2]!@;-[NX3H1;N^3:3][!#1:4] 0.0 59.2 66.4 72.0 77.6 84.4 98.3 138.8 156.1 168.7 180.0 191.3 203.9 221.2 261.7 275.6 282.4 288.0 293.6 300.8
[!#1:1][CX4H2:2]!@;-[NX3H1:3][!#1:4] 0.0 62.9 66.6 69.5 72.3 75.6 80.8 165.6 172.1 176.4 180.0 183.6 187.9 194.4 279.2 284.4 287.7 290.5 293.4 297.1
[!#1:1][CX4H2:2]!@;-[NX3;N^3:3][!#1:4] 0.0 62.0 66.0 69.1 72.0 75.1 79.3 157.2 170.5 175.7 180.0 184.3 189.5 202.8 280.7 284.9 288.0 290.9 294.0 298.0
[!#1:1][CX4H2:2]!@;-[NX3:3][!#1:4] 0.0 60.8 65.9 69.9 73.7 78.1 85.4 139.5 157.7 169.7 180.0 190.3 202.3 220.5 274.6 281.9 286.3 290.1 294.1 299.2
[!#1:1][CX4:2]!@;-[NX3;N^3:3][!#1:4] 0.0 60.4 66.4 71.1 75.5 80.3 87.0 109.4 143.0 163.0 180.0 197.0 217.0 250.6 273.0 279.7 284.5 288.9 293.6 299.6
[!#1:1][CX4:2]!@;-[NX3:3][!#1:4] 0.0 59.1 65.1 69.9 74.7 80.2 90.8 145.6 160.4 170.9 180.0 189.1 199.6 214.4 269.2 279.8 285.3 290.1 294.9 300.9
[!#1:1][S:2](=O)(=O)!@;-[nX3:3]([aH1])[aH1:4] 0.0 58.2 65.0 70.4 75.7 81.7 91.7 131.5 152.8 167.3 180.0 192.7 207.2 228.5 268.3 278.3 284.3 289.6 295.0 301.8
[!#1:1][S:2](=O)(=O)!@;-[nX3:3][aH0:4] 0.0 71.5 76.1 79.5 82.4 85.1 87.9 90.9 94.6 100.6 191.5 259.4 265.4 269.1 272.1 274.9 277.6 280.5 283.9 288.5
[!#1:1][S:2](=O)(=O)!@;-[nX3:3][a:4] 0.0 45.7 55.9 63.3 69.6 75.6 81.5 87.8 95.2 105.5 167.0 254.5 264.8 272.2 278.5 284.4 290.4 296.7 304.1 314.3
[c:1][S:2](=O)(=O)!@;-[NX2H0:3]-[*:4] 0.0 49.5 59.8 67.2 73.5 79.5 85.4 91.8 99.2 109.5 173.5 250.5 260.8 268.2 274.6 280.5 286.5 292.8 300.2 310.5
[*:1][S:2](=O)(=O)!@;-[NX3H0&r:3][*:4] 0.0 92.7 96.4 99.0 101.3 103.9 107.5 149.0 170.7 176.5 180.0 183.5 189.3 211.0 252.5 256.1 258.7 261.0 263.6 267.3
[C:1][S:2](=O)(=O)!@;-[NX3H1:3][c:4] 0.0 60.4 67.2 71.7 77.0 87.6 100.8 113.5 127.4 145.5 180.0 214.5 232.5 246.5 259.2 272.4 283.0 288.3 292.8 299.6
[C:1][S:2](=O)(=O)!@;-[NX3H0:3][c:4] 0.0 40.4 48.8 54.2 58.7 63.0 67.6 73.0 82.1 107.1 179.6 252.9 277.9 287.0 292.4 297.0 301.3 305.8 311.2 319.6
[c:1][S:2](=O)(=O)!@;-[NX3H1:3][C:4] 0.0 53.1 60.1 65.4 70.1 75.0 80.5 88.2 102.3 115.2 166.0 244.8 257.7 271.8 279.5 285.0 289.9 294.6 299.9 306.9
[c:1][S:2](=O)(=O)!@;-[NX3H0:3][C:4] 0.0 51.7 58.1 63.0 67.5 72.2 78.0 87.3 103.6 124.2 180.0 235.8 256.4 272.7 282.0 287.8 292.5 297.0 301.9 308.3
[c:1][S:2](=O)(=O)!@;-[NX3H1:3][c:4] 0.0 59.5 63.6 66.6 69.2 71.6 74.0 76.5 79.5 83.7 144.7 276.3 280.5 283.5 286.0 288.4 290.8 293.4 296.4 300.5
[c:1][S:2](=O)(=O)!@;-[NX3H0:3][c:4] 0.0 35.0 42.5 47.9 52.5 56.8 61.1 65.7 71.1 78.6 123.9 281.4 288.9 294.3 298.9 303.2 307.5 312.1 317.5 325.0
[C:1][S:2](=O)(=O)!@;-[NX3H1:3][C:4] 0.0 50.7 56.6 60.8 64.4 67.8 71.2 74.8 79.0 84.9 140.1 275.1 281.0 285.2 288.8 292.2 295.6 299.2 303.4 309.3
[C:1][S:2](=O)(=O)!@;-[NX3H0:3][C:4] 0.0 72.9 85.9 95.3 103.3 110.7 118.2 126.1 135.4 148.1 180.0 211.9 224.6 233.9 241.8 249.3 256.7 264.7 274.1 287.1
[*:1][S:2](=O)(=O)!@;-[NX3H1:3][*:4] 0.0 68.1 76.4 82.7 88.6 94.9 102.8 115.7 126.6 134.8 180.0 225.2 233.4 244.3 257.2 265.1 271.4 277.3 283.6 291.9
[*:1][S:2](=O)(=O)!@;-[NX3H0:3][*:4] 0.0 46.4 62.5 74.2 84.3 93.8 103.3 113.4 125.3 141.6 179.8 218.3 234.7 246.5 256.7 266.2 275.6 285.7 297.4 313.5
[!#1:1][CX3:2]!@;-[SX2:3][!#1:4] 0.0 61.4 67.1 71.1 75.1 80.5 91.9 106.9 122.1 141.1 180.0 218.8 237.9 253.1 268.1 279.5 284.9 288.9 292.9 298.6
[!#1:1][CX4:2]!@;-[SX2:3][!#1:4] 0.0 3.2 49.5 100.7 143.5 171.2 174.5 176.2 177.6 178.8 179.9 181.0 182.1 183.4 185.1 187.7 207.5 249.3 297.8 355.3
[!#1:1][CX3:2]!@;-[SX3:3][!#1:4] 0.0 53.8 61.0 66.1 70.7 75.3 80.5 87.7 106.4 146.7 180.0 213.3 253.5 272.3 279.5 284.7 289.3 293.8 299.0 306.2
[!#1:1][CX4:2]!@;-[SX3:3][!#1:4] 0.0 32.9 49.8 63.3 76.8 91.1 106.2 122.5 139.9 158.8 179.5 200.2 219.1 236.7 253.0 268.2 282.5 296.0 309.5 325.9
[!#1:1][CX3:2]!@;-[SX4:3][!#1:4] 0.0 51.5 58.8 64.6 70.3 77.1 90.2 155.3 165.9 173.4 180.0 186.6 194.1 204.7 269.8 282.9 289.7 295.4 301.2 308.5
[H:1][CX4H1:2]!@;-[SX4:3][!#1:4] 0.0 29.0 46.9 59.7 71.0 82.9 97.8 121.2 152.8 170.4 179.9 189.3 206.5 238.0 261.7 276.8 288.6 299.9 312.6 330.4
[!#1:1][CX4:2]!@;-[SX4:3][!#1:4] 0.0 40.1 47.3 52.7 57.6 62.5 68.1 75.9 162.2 173.9 180.0 186.1 197.8 284.1 291.9 297.5 302.4 307.3 312.7 319.9
[aH1:1][c:2]([aH1])!@;-[SX2:3][!#1:4] 0.0 46.5 54.1 60.1 66.0 72.7 84.1 149.9 163.3 172.3 180.0 187.7 196.7 210.1 275.9 287.3 294.0 299.9 305.9 313.5
[aH1:1][c:2]([aH0])!@;-[SX2:3][!#1:4] 0.0 3.6 21.1 42.2 63.4 84.7 106.1 127.7 149.3 170.9 179.5 186.1 206.2 227.9 249.5 271.0 292.3 313.5 334.6 354.7
[aH0:1][c:2]([aH0])!@;-[SX2:3][!#1:4] 0.0 2.2 12.8 40.0 67.4 94.9 122.9 151.3 173.1 177.1 179.7 182.1 185.4 200.5 229.2 257.3 284.9 312.3 339.5 356.8
[!#1:1][c:2]!@;-[SX2:3][!#1:4] 0.0 0.0 1.0 2.3 3.8 5.8 8.9 17.3 173.1 176.4 178.8 181.0 183.4 186.5 340.5 350.7 354.0 356.1 357.6 358.9
[!#1:1][c:2]!@;-[SX3:3][!#1:4] 0.0 1.5 4.6 25.3 53.0 81.2 110.1 139.6 168.8 176.3 179.5 182.4 186.9 209.4 239.1 268.2 296.7 324.6 351.7 357.6
[aH1:1][c:2]([aH1])!@;-[SX4:3][!#1:4] 0.0 25.9 59.9 75.9 81.4 90.4 98.8 105.4 117.9 156.1 179.8 203.1 241.4 254.4 261.0 269.3 278.5 283.9 299.4 333.1
[aH0:1][c:2]([aH1])!@;-[SX4:3][!#1:4] 0.0 50.5 69.4 82.3 86.9 89.9 93.1 99.4 112.8 145.4 179.9 214.4 247.1 260.6 266.9 270.1 273.0 277.7 290.5 309.4
[aH0:1][c:2]([aH0])!@;-[SX4:3][!#1:4] 0.0 45.8 53.0 58.3 63.1 67.9 73.2 80.3 102.5 171.7 180.0 188.3 257.5 279.7 286.8 292.1 296.9 301.7 307.0 314.2
[!#1:1][c:2]!@;-[SX4:3][!#1:4] 0.0 14.5 40.5 58.6 73.8 87.9 101.8 116.5 132.9 152.9 178.3 204.2 224.9 241.6 256.4 270.4 284.4 299.4 317.0 341.4
[O:1]=[CX3:2]([NH1])!@;-[CH2:3][CX3:4]=O 0.0 38.1 58.1 73.9 84.8 89.3 93.9 104.6 120.8 142.0 179.7 217.7 239.0 255.2 266.1 270.6 275.2 285.9 301.6 321.5
[O:1]=[CX3:2]([NH1])!@;-[CH2:3][C:4] 0.0 67.2 105.6 114.6 118.1 120.8 123.2 125.7 128.4 132.1 161.4 227.9 231.6 234.3 236.8 239.2 241.9 245.4 254.4 292.8
[C]\[CX3:1]([H])=[CX3:2]([C])!@;-\[CH2:3][C:4] 0.0 1.7 4.5 7.8 12.1 21.6 165.1 170.3 173.8 176.8 179.5 182.2 185.0 188.3 192.6 202.1 345.6 350.8 354.3 357.3
[C]\[CX3:1]([H])=[CX3:2]([H])!@;-\[CH1:3](C)[C:4] 0.0 81.3 87.6 92.2 96.1 99.8 103.4 107.3 111.9 118.3 180.0 241.7 248.1 252.7 256.6 260.2 263.9 267.8 272.4 278.7
[C]\[CX3:1]([H])=[CX3:2]([H])!@;-\[CH2:3][C:4] 0.0 106.4 114.3 117.5 119.8 122.1 125.3 131.3 139.2 149.4 180.0 210.6 220.8 228.7 234.7 237.9 240.2 242.5 245.7 253.6
[C]\[CX3:1]([H])=[CX3:2]([H])!@;-/[CH2:3][C:4] 0.0 106.5 110.7 113.6 116.2 118.5 120.9 123.4 126.4 130.5 180.0 229.5 233.6 236.6 239.1 241.5 243.8 246.4 249.3 253.5
[N:1][C:2](=O)!@;-[CX4H2:3][CX4H2:4] 0.0 106.5 110.7 113.6 116.2 118.5 120.9 123.4 126.4 130.5 180.0 229.5 233.6 236.6 239.1 241.5 243.8 246.4 249.3 253.5
N[C:2](=[O:1])!@;-[CH2:3][N:4] 0.0 66.0 77.4 86.3 94.9 104.4 118.5 158.9 169.0 174.9 180.0 185.1 191.0 201.1 241.5 255.6 265.1 273.7 282.6 294.0
[O:1]=[C:2]([O-])!@;-[CX4H1:3][H:4] 0.0 3.3 8.2 14.7 26.8 111.6 116.8 121.2 127.3 152.1 168.4 204.8 229.4 237.7 242.1 246.9 324.7 343.3 350.4 355.6
[CX3H2:1]=[CX3:2]!@;-[CX3:3]=[C:4] 0.0 42.7 63.9 76.9 85.5 91.7 98.1 107.9 124.0 149.0 179.3 209.6 235.0 251.5 261.6 268.0 274.2 282.6 295.3 315.8
[CX3:1]=[CX3:2]!@;-[CH2:3][OX2:4] 0.0 35.8 48.2 169.1 173.5 175.2 176.4 177.5 178.3 179.2 180.0 180.8 181.6 182.5 183.5 184.7 186.4 190.4 311.3 323.6
[CX3:1]=[CX3:2]!@;-[CH1:3](C)[C:4] 0.0 3.4 7.0 10.7 16.5 105.0 116.0 123.6 130.9 139.5 160.0 218.4 227.7 235.0 242.5 252.3 341.3 348.5 352.4 355.9
[CX3:1]=[CX3:2]!@;-[CH2:3][C:4] 0.0 93.8 105.0 112.7 116.8 119.6 122.4 126.3 133.9 145.1 180.0 214.9 226.1 233.7 237.6 240.4 243.2 247.3 255.0 266.2
[CX3:1]=[CX3:2]!@;-[CH2:3][c:4] 0.0 92.1 99.1 104.1 108.4 112.4 116.4 120.7 125.7 132.7 180.0 227.3 234.3 239.3 243.6 247.6 251.6 255.9 260.9 267.9
[CX3:1]=[CX3:2]!@;-[CH2:3][!#1:4] 0.0 54.7 88.2 105.8 111.1 114.6 117.6 120.4 123.7 128.2 160.9 231.3 236.0 239.3 242.2 245.1 248.5 253.5 269.3 301.4
[O:1]=[CX3:2]!@;-[CX3:3]=[O:4] 0.0 21.7 95.1 102.5 107.9 112.6 117.1 121.7 127.0 134.2 156.6 225.0 232.5 237.9 242.6 247.0 251.7 257.0 264.1 286.5
[CX3:1]=[CX3:2]!@;-[CX3:3]=[CX3:4] 0.0 88.4 105.8 119.5 132.6 146.8 163.2 173.8 176.6 178.4 180.0 181.6 183.4 186.2 196.8 213.2 227.4 240.5 254.2 271.6
[*^2:1]~[C^2:2]([!H])!@;-[C^2:3]~[*^2:4] 0.0 35.8 51.4 171.6 174.4 175.8 176.8 177.7 178.5 179.3 180.0 180.7 181.4 182.2 183.1 184.2 185.5 188.1 307.4 323.1
[*^2:1]~[C^2:2]!@;-[C^2:3]~[*^2:4] 0.0 0.8 2.5 5.4 33.0 67.4 104.0 143.0 173.3 177.1 179.5 181.6 184.3 195.8 236.2 274.0 309.5 343.0 356.4 358.4
[O:1]=[CX3:2]!@;-[CX4&r3:3]!@[!#1:4] 0.0 1.0 2.9 9.7 42.6 77.2 113.7 152.3 174.3 177.4 179.5 181.5 184.0 190.4 228.6 266.0 301.5 335.2 355.8 358.2
[OX2:1][CX4H2:2]!@;-[CX4H2:3][N&r:4] 0.0 13.3 48.4 159.9 166.3 170.4 173.3 175.5 177.2 178.6 179.9 181.2 182.7 184.3 186.4 189.3 193.3 199.3 303.1 345.0
[OX2:1][CX4H2:2]!@;-[CX4H2:3][N:4] 0.0 47.8 51.8 57.4 63.6 68.3 72.6 76.8 81.5 87.8 149.3 272.2 278.5 283.2 287.4 291.7 296.4 302.6 308.2 312.2
[OX2:1][CX4:2]!@;-[CX4:3][N:4] 0.0 44.5 51.8 57.1 61.6 65.8 70.1 74.8 80.5 89.1 180.0 270.9 279.5 285.2 289.9 294.2 298.4 302.9 308.2 315.5
[OX2:1][CX4H2:2]!@;-[CX4H2:3][OX2:4] 0.0 42.8 48.7 53.0 56.7 60.4 64.2 68.6 75.0 162.6 180.0 197.4 285.0 291.4 295.8 299.6 303.3 307.0 311.3 317.2
[OX2:1][CX4:2]!@;-[CX4:3][OX2:4] 0.0 60.9 66.9 71.3 75.0 78.6 82.3 86.3 91.5 100.7 180.0 259.3 268.5 273.7 277.7 281.4 285.0 288.7 293.1 299.1
[!#1:1][CX4&r:2]!@;-[CX4&r:3][!#1:4] 0.0 51.5 56.7 61.4 66.8 73.9 81.5 90.9 163.9 173.4 180.0 186.6 196.1 269.1 278.5 286.1 293.2 298.6 303.3 308.5
[!#1:1][CX4H2:2]!@;-[CX4H2:3][!#1:4] 0.0 47.6 56.9 64.3 71.6 80.4 99.5 155.0 165.6 173.3 180.0 186.7 194.4 205.0 260.5 279.6 288.4 295.7 303.1 312.4
[!#1:1][CX4:2]!@;-[CX4:3][!#1:4] 0.0 54.6 59.2 62.7 66.0 69.6 74.2 169.7 176.0 178.2 180.0 181.8 184.0 190.3 285.8 290.4 294.0 297.3 300.8 305.4
[OH1:1][CX4:2]!@;-[CX3:3]=[O:4] 0.0 52.8 57.7 61.6 65.3 69.4 75.7 166.1 172.7 176.6 180.0 183.4 187.3 193.9 284.3 290.6 294.7 298.4 302.3 307.2
[NH1:1][CX4:2]!@;-[CX3:3]=[O:4] 0.0 1.6 4.5 7.7 11.5 16.5 24.7 151.4 165.0 172.6 178.8 184.9 191.8 201.7 328.6 341.0 346.8 350.9 354.3 357.3
[O:1][CX4:2]!@;-[CX3:3]=[O:4] 0.0 6.4 14.2 23.2 36.4 74.8 102.6 120.1 138.1 159.2 178.8 198.0 219.2 237.6 254.8 279.4 321.0 335.3 344.7 352.6
[N:1][CX4:2]!@;-[CX3:3]=[O:4] 0.0 5.6 15.0 33.7 120.2 138.6 149.7 158.4 165.9 172.8 179.4 186.1 192.9 200.3 208.7 219.3 235.5 319.1 342.9 353.0
[C:1][CX4H2:2]!@;-[CX3:3]=[O:4] 0.0 8.0 19.4 36.2 69.1 109.0 130.5 145.7 158.1 169.1 179.4 189.6 200.5 212.7 227.4 247.8 285.0 321.1 338.9 350.8
[c:1][CX4H2:2]!@;-[CX3:3]=[O:4] 0.0 6.9 17.9 34.4 55.0 72.4 86.5 99.6 113.2 130.3 171.0 226.5 244.7 258.6 271.6 285.4 302.2 322.7 340.2 351.8
[!#1:1][CX4H2:2]!@;-[CX3:3]=[O:4] 0.0 83.6 91.1 96.7 101.9 107.2 113.4 122.5 133.6 142.3 180.0 217.7 226.4 237.5 246.6 252.8 258.1 263.3 268.9 276.4
[c:1][CX4:2]!@;-[CX3:3]=[O:4] 0.0 6.5 20.8 40.2 59.9 79.6 99.4 119.1 138.8 158.6 178.3 198.1 217.8 237.6 257.3 277.0 296.8 316.5 336.1 351.7
[C:1][CX4:2]!@;-[CX3:3]=[O:4] 0.0 69.4 81.4 90.0 97.4 104.3 111.2 118.6 127.2 139.2 180.0 220.8 232.8 241.4 248.8 255.7 262.6 270.0 278.6 290.6
[!#1:1][CX4:2]!@;-[CX3:3]=[O:4] 0.0 10.9 24.0 38.8 55.6 73.2 89.0 102.7 116.3 132.6 174.4 225.6 242.5 256.1 269.8 285.3 302.9 319.8 334.8 348.0
[c:1][CX4:2]!@;-[CX3:3][C:4] 0.0 10.4 24.2 41.7 62.8 82.2 98.6 113.5 129.1 148.2 178.3 209.6 229.4 245.1 260.0 276.1 295.3 316.4 334.4 348.4
[C:1][CX4:2]!@;-[CX3:3][c:4] 0.0 51.4 59.3 64.6 69.1 73.5 78.0 83.4 91.1 118.8 179.9 240.9 268.8 276.6 282.0 286.5 290.9 295.4 300.7 308.5
[c:1][CX4:2]!@;-[CX3:3][c:4] 0.0 49.2 60.0 68.5 76.7 86.2 101.8 147.5 162.1 171.7 180.0 188.3 197.9 212.4 258.2 273.8 283.3 291.5 300.0 310.8
[C:1][CX4:2]!@;-[CX3:3][C:4] 0.0 40.1 49.2 55.8 61.5 66.7 72.0 77.7 84.3 93.4 147.5 266.6 275.7 282.3 288.0 293.3 298.5 304.2 310.8 319.9
[!#1:1][CX4:2]!@;-[CX3H0:3][!#1:4] 0.0 55.6 66.4 74.9 83.3 92.9 107.3 131.0 150.7 166.1 180.0 193.9 209.3 229.0 252.7 267.0 276.7 285.1 293.6 304.4
[H:1][CX4H1:2]!@;-[CX3:3][!#1:4] 0.0 37.1 52.9 65.3 77.1 89.7 105.2 126.6 148.7 165.5 179.9 194.3 211.2 233.2 254.6 270.2 282.8 294.6 307.0 322.7
[!#1:1][CX4H2:2]!@;-[CX3:3][!#1:4] 0.0 9.2 19.4 30.0 41.6 55.4 74.2 115.0 153.6 168.2 179.5 190.7 204.6 237.8 283.4 303.1 317.2 328.9 339.6 349.8
[!#1:1][CX4:2]!@;-[CX3:3][!#1:4] 0.0 45.9 59.5 69.8 79.1 88.5 99.3 114.4 143.1 165.2 180.0 194.7 216.8 245.6 260.7 271.4 280.9 290.2 300.4 314.0
[c:1][c:2]!@;-[c:3][c:4]!@c 0.0 37.5 53.2 65.5 77.2 89.7 105.3 127.0 149.0 165.7 179.9 194.2 210.8 232.8 254.6 270.2 282.7 294.4 306.7 322.3
[cH0:1][c:2]([cH0])!@;-[c:3]([cH0:4])[cH0] 0.0 28.7 37.8 45.7 54.9 92.6 125.6 135.4 143.9 153.8 179.9 206.2 216.0 224.5 234.4 266.4 305.1 314.3 322.1 331.2
[cH0:1][c:2]([cH0])!@;-[c:3]([cH0:4])[cH1] 0.0 61.5 72.2 79.6 85.8 91.6 97.3 103.4 110.5 120.3 159.0 239.3 249.2 256.4 262.5 268.2 274.0 280.2 287.6 298.1
[cH0:1][c:2]([cH1])!@;-[c:3]([cH0:4])[cH1] 0.0 52.8 61.3 70.0 82.5 91.3 101.7 113.0 120.6 128.6 179.6 231.4 239.4 247.0 258.3 268.7 277.5 290.0 298.7 307.2
[cH0:1][c:2]([cH0])!@;-[c:3]([cH1:4])[cH1] 0.0 50.1 56.0 60.4 64.5 69.1 75.7 117.9 126.4 133.0 151.4 226.8 233.4 241.8 284.0 290.8 295.4 299.5 303.8 309.7
[cH0:1][c:2]([cH1])!@;-[c:3]([cH1:4])[cH1] 0.0 42.2 49.9 56.8 65.3 87.7 111.9 122.2 129.2 136.9 179.6 223.1 230.8 237.8 248.1 272.3 294.7 303.2 310.1 317.8
[cH1:1][c:2]([cH1])!@;-[c:3]([cH1:4])[cH1] 0.0 41.0 46.3 50.8 55.9 66.5 125.0 130.1 134.4 139.3 178.1 220.7 225.6 229.9 235.0 293.5 304.1 309.2 313.7 319.0
[nX2H0:1][c:2]!@;-[c:3][nX3H1:4] 0.0 36.0 38.2 40.1 42.3 130.4 136.8 139.0 140.9 143.1 189.9 216.9 219.1 221.0 223.2 229.6 317.7 319.9 321.8 324.0
[nX2H0:1][c:2]([!nX2H0])!@;-[c:3]([!nX2H0])[nX2H0:4] 0.0 0.0 0.2 0.6 1.1 1.6 2.1 2.6 3.3 4.2 7.6 183.3 354.7 356.2 357.0 357.6 358.1 358.6 359.0 359.5
[nX2H0:1][c:2](a(a)(a))!@;-[c:3][nX2H0:4] 0.0 173.5 175.0 176.0 176.8 177.5 178.0 178.6 179.0 179.5 180.0 180.5 180.9 181.4 182.0 182.5 183.2 183.9 184.9 186.4
[nX2H0:1][c:2](a([CX3H0]))!@;-[c:3](a([CX3H0]))[nX2H0:4] 0.0 8.4 147.4 156.4 161.6 172.2 174.9 176.5 177.7 178.9 179.9 181.0 182.1 183.3 184.9 187.2 197.5 202.8 210.2 349.4
[nX2H0:1][c:2]!@;-[c:3][nX2H0:4] 0.0 58.9 63.8 108.1 112.5 137.2 141.5 164.6 170.8 175.1 180.0 184.9 189.2 195.4 218.5 222.8 247.5 251.9 296.2 301.1
[c:1][c:2]!@;-[c:3][s,o,nX3H1:4] 0.0 0.8 2.3 5.2 174.1 175.7 176.8 177.7 178.5 179.1 179.8 180.5 181.2 181.9 182.7 183.7 185.0 187.4 356.6 358.4
[cH0:1][c:2]!@;-[c:3]([cH0])[nX2H0:4] 0.0 2.7 21.4 38.9 55.3 88.8 123.5 137.9 152.5 174.7 179.6 183.6 203.0 218.9 232.7 255.8 300.0 317.4 333.8 356.1
[c:1][c:2]!@;-[c:3]([cH0])[nX2H0:4] 0.0 12.3 25.2 38.7 54.4 76.5 117.0 125.7 131.0 136.7 152.5 222.9 228.6 233.9 242.0 281.3 304.3 320.2 333.8 346.7
[c:1][c:2]([cH0])!@;-[c:3][nX2H0:4] 0.0 6.3 25.4 32.8 39.6 49.4 129.8 139.2 146.3 154.7 178.7 203.4 212.5 219.6 228.2 307.8 319.1 326.1 333.2 346.2
[c:1][c:2]!@;-[c:3][nX2H0:4] 0.0 0.8 2.6 6.9 23.4 33.7 44.8 169.7 175.7 177.9 179.6 181.3 183.2 186.0 307.3 321.2 331.4 343.3 356.3 358.4
[c:1][c&r5:2]!@;-[c&r5:3][c:4] 0.0 0.3 1.5 2.7 4.9 24.6 42.4 148.5 167.6 176.8 179.3 181.4 184.2 200.1 216.8 324.8 340.3 356.1 357.7 358.9
[c:1][c&r6:2]!@;-[c&r6:3][cH0:4] 0.0 2.2 15.5 28.7 39.1 55.0 134.7 146.2 157.1 174.5 179.5 183.6 199.2 211.0 221.7 274.4 317.8 328.5 340.0 356.8
[c:1][c&r6:2]!@;-[c&r6:3][c:4] 0.0 42.7 49.4 55.2 62.1 105.2 120.2 126.7 132.4 139.1 179.9 220.9 227.6 233.3 239.8 254.8 297.9 304.8 310.6 317.3
[c:1][c:2]!@;-[c:3][c:4] 0.0 34.1 40.0 45.1 50.8 63.1 128.5 134.1 138.8 144.2 179.4 215.8 221.2 225.9 231.5 296.9 309.2 314.9 320.0 325.9
[cH0:1][c:2]!@;-[CX4H0:3][a:4] 0.0 29.9 38.7 45.4 59.4 91.6 122.1 135.4 141.5 152.7 179.6 206.7 218.4 224.5 237.2 267.6 299.8 314.4 321.1 329.7
[cH0:1][c:2]!@;-[CX4H0:3][N,O,S:4] 0.0 47.0 51.4 54.6 57.6 60.6 64.0 68.9 159.5 172.7 180.0 187.3 200.5 291.1 296.0 299.4 302.4 305.4 308.6 313.0
[cH0:1][c:2]!@;-[CX4H0:3][CX3:4] 0.0 29.1 41.8 47.5 52.4 57.8 68.0 118.6 168.8 176.2 179.9 183.6 190.4 238.8 291.0 301.9 307.4 312.2 317.9 329.7
[cH0:1][c:2]!@;-[CX4H0:3][CX4:4] 0.0 37.7 44.5 48.5 51.9 55.4 59.9 70.5 108.1 144.5 179.7 214.9 251.3 289.0 300.0 304.5 308.0 311.5 315.4 322.1
[cH0:1][c:2]!@;-[CX4H0:3][*:4] 0.0 54.0 57.0 59.2 61.3 63.6 66.7 159.5 171.4 176.2 180.0 183.8 188.6 200.5 293.3 296.4 298.7 300.8 303.0 306.0
[cH0:1][c:2]!@;-[CX4H2:3][a:4] 0.0 54.1 56.5 58.5 60.2 62.1 64.5 70.1 173.7 177.2 180.0 182.8 186.3 289.9 295.5 297.9 299.8 301.5 303.5 305.9
[cH0:1][c:2]!@;-[CX4H2:3][CX3:4] 0.0 44.4 55.6 63.7 70.6 77.1 83.6 90.6 98.7 110.0 173.0 250.0 261.3 269.4 276.4 282.9 289.4 296.3 304.4 315.6
[cH1:1][c:2]([cH1])!@;-[CX4H2:3][CX4H1:4]C(=O)(O) 0.0 55.9 64.3 70.4 75.7 80.6 85.4 90.7 96.8 105.3 170.5 254.7 263.2 269.3 274.6 279.4 284.3 289.6 295.7 304.1
[cH1:1][c:2]([cH1])!@;-[CX4H2:3][CX4:4] 0.0 75.4 79.8 83.0 85.8 88.3 90.9 93.7 96.9 101.3 169.8 258.7 263.1 266.3 269.1 271.7 274.2 277.0 280.2 284.6
[cH0:1][c:2]!@;-[CX4H2:3][CX4:4] 0.0 74.5 79.6 83.4 86.5 89.5 92.5 95.6 99.4 104.5 179.6 255.5 260.6 264.4 267.5 270.5 273.5 276.6 280.4 285.5
[cH0:1][c:2]!@;-[CX4H2:3][N,O,S:4] 0.0 70.7 76.0 79.8 83.0 86.1 89.1 92.4 96.2 101.5 174.6 258.5 263.8 267.6 270.9 273.9 277.0 280.2 284.0 289.3
[cH0:1][c:2]!@;-[CX4H2:3][!#1:4] 0.0 42.5 51.7 58.4 64.1 69.4 74.7 80.4 87.1 96.4 152.6 263.6 272.9 279.6 285.3 290.6 295.9 301.6 308.3 317.5
[cH0:1][c:2]!@;-[CX4H1:3][a:4] 0.0 58.0 66.2 72.1 77.2 81.9 86.6 91.6 97.5 105.7 172.2 254.3 262.5 268.4 273.4 278.1 282.8 287.9 293.8 302.0
[cH0:1][c:2]!@;-[CX4H1:3][CX4:4] 0.0 52.3 58.6 63.4 68.2 73.7 82.7 103.0 124.5 147.7 180.0 212.3 235.5 257.0 277.3 286.3 291.8 296.6 301.4 307.7
[cH0:1][c:2]!@;-[CX4H1:3][CX3:4] 0.0 57.5 68.2 76.8 85.3 95.6 110.4 116.1 119.6 123.3 165.4 236.7 240.4 243.9 249.6 264.4 274.7 283.2 291.8 302.5
[cH0:1][c:2]!@;-[CX4H1:3][N,O,S:4] 0.0 49.5 57.3 64.2 72.9 85.4 98.1 110.2 123.2 140.1 180.0 219.9 236.7 249.8 261.9 274.6 287.1 295.8 302.7 310.5
[cH0:1][c:2]!@;-[CX4H1:3][H:4] 0.0 43.6 50.9 57.7 67.1 105.7 123.3 135.4 146.9 160.3 180.0 199.7 213.1 224.6 236.7 254.3 292.9 302.3 309.1 316.4
[a:1][c:2]!@;-[CX4H0:3][a:4] 0.0 1.7 4.5 7.8 12.1 21.6 165.1 170.3 173.8 176.8 179.5 182.2 185.0 188.3 192.6 202.1 345.6 350.8 354.3 357.3
[a:1][c:2]!@;-[CX4H0:3][CX3:4] 0.0 34.4 47.0 56.1 72.6 88.5 104.7 124.0 134.9 148.2 179.5 211.3 224.8 235.7 254.7 271.2 286.9 303.6 312.8 325.0
[a:1][c:2]!@;-[CX4H0:3][CX4:4] 0.0 38.0 50.2 61.4 75.9 89.5 104.0 119.9 132.9 147.3 179.9 212.6 227.1 240.0 256.0 270.4 284.1 298.6 309.7 321.9
[a:1][c:2]!@;-[CX4H0:3][N,O:4] 0.0 12.9 46.3 58.0 63.1 84.7 113.5 119.9 127.9 158.8 179.5 197.1 229.0 239.4 245.3 271.2 296.0 301.4 310.0 342.8
[a:1][c:2]!@;-[CX4H2:3][a:4] 0.0 17.0 35.5 54.4 73.7 93.5 113.2 121.3 136.1 157.4 179.4 201.4 222.8 238.3 246.0 265.4 285.2 304.6 323.5 341.9
[a:1][c:2]!@;-[CX4H2:3][CX3:4] 0.0 50.8 61.0 69.6 78.5 88.6 98.9 108.3 117.5 128.5 179.9 231.5 242.5 251.7 261.1 271.4 281.5 290.4 299.0 309.2
[a:1][c:2]!@;-[CX4H2:3][CX4:4] 0.0 56.1 67.2 75.2 82.1 88.5 94.9 101.8 109.9 121.0 179.6 239.0 250.1 258.2 265.1 271.5 277.9 284.8 292.8 303.9
[a:1][c:2]!@;-[CX4H2:3][N,O:4] 0.0 69.5 76.1 80.8 84.9 88.7 92.5 96.5 101.2 107.8 179.3 252.2 258.8 263.5 267.5 271.3 275.1 279.2 283.9 290.5
[a:1][c:2]!@;-[CX4H2:3][!#1:4] 0.0 36.5 54.2 66.9 77.9 88.1 98.3 109.3 122.0 139.6 179.0 219.7 237.5 250.4 261.4 271.6 281.8 292.7 305.4 322.8
[a:1][c:2]!@;-[CX4H1:3][N,O:4] 0.0 58.9 69.1 76.4 82.6 88.5 94.3 100.5 107.9 118.0 179.6 242.0 252.1 259.5 265.7 271.5 277.4 283.6 290.9 301.1
[a:1][c:2]!@;-[CX4H1:3][a:4] 0.0 26.2 38.9 50.1 63.1 88.6 116.8 130.6 142.4 156.1 179.8 203.7 217.4 229.3 243.0 270.8 296.7 309.8 321.0 333.6
[a:1][c:2]!@;-[CX4H1:3][H:4] 0.0 40.4 52.8 63.2 74.4 88.7 104.2 116.7 128.0 141.1 179.8 218.8 232.0 243.3 255.8 271.3 285.6 296.8 307.2 319.5
[a:1][c:2]!@;-[C:3](=[N:4][CX4H1])(N[CX4H1]) 0.0 1.7 4.5 7.8 12.1 21.6 165.1 170.3 173.8 176.8 179.5 182.2 185.0 188.3 192.6 202.1 345.6 350.8 354.3 357.3
[a:1][c:2]!@;-[C:3](=[N:4][CX4])(N[CX4]) 0.0 20.6 32.0 42.2 53.8 77.6 118.0 127.4 146.3 153.3 179.7 206.5 213.5 232.4 241.8 281.0 305.9 317.6 327.8 339.1
[a:1][c:2]!@;-[C:3](=[NH0:4][CX4]) 0.0 10.0 21.2 33.9 50.5 82.8 122.9 142.5 156.6 168.5 179.5 190.5 202.3 216.1 234.9 272.5 307.5 324.9 337.7 349.0
[a:1][c:2]!@;-[C:3](=[N:4][!#1])(N[!#1]) 0.0 2.0 11.8 36.0 60.2 84.4 108.6 132.8 157.0 175.4 179.5 183.1 196.1 220.3 244.5 268.7 292.9 317.1 341.3 357.1
[a:1][c:2]!@;-[C:3](=[N:4][!#1])(N~[!#1]) 0.0 1.0 3.0 14.7 42.6 71.3 100.8 131.2 162.4 176.3 179.4 182.2 187.1 215.3 246.0 275.9 304.9 333.2 355.5 358.2
[nX2H0:1][c:2]!@;-[C:3](=[N:4])(-[NH1,NH2]) 0.0 0.8 2.5 6.3 36.1 67.8 100.3 133.7 168.0 176.7 179.4 181.8 185.4 209.4 243.3 276.3 308.4 339.6 356.4 358.4
[nX2H0:1][c:2]!@;-[C:3](=[NH1,NH2:4]) 0.0 139.5 151.4 155.6 157.5 158.9 160.2 161.5 163.0 165.0 180.0 195.0 197.0 198.5 199.8 201.1 202.5 204.4 208.6 220.5
[cH0:1][c:2]([cH0])!@;-[C:3](=[N:4]) 0.0 0.4 1.6 2.9 6.1 145.3 156.8 159.5 162.0 165.7 177.8 184.9 195.9 198.9 201.3 204.5 220.7 355.7 357.6 358.8
[cH0:1][c:2]!@;-[C:3](=[N:4]) 0.0 3.7 27.6 50.3 70.2 88.6 106.3 124.0 141.7 159.8 178.2 196.6 214.7 232.6 250.2 267.9 286.1 305.6 327.6 354.1
[a:1][c:2]!@;-[C:3](=[N:4]) 0.0 1.5 5.0 28.5 47.2 69.5 110.0 127.4 141.1 165.8 179.2 184.8 213.3 227.9 242.7 277.7 306.1 324.8 347.0 357.6
[O:1]=[C:2]([O-])!@;-[c:3][a:4]C(=O)(O) 0.0 1.4 4.3 26.3 53.5 80.7 107.8 135.0 162.1 176.3 179.5 182.4 188.7 215.1 242.2 269.4 296.6 323.7 350.9 357.8
[O:1]=[C:2]([O-])!@;-[c:3][a:4][CX3]=O 0.0 0.9 2.5 53.1 58.2 61.4 172.6 176.0 177.5 178.7 179.8 180.8 181.9 183.2 185.2 296.4 300.3 303.7 356.3 358.4
[O:1]=[C:2]([O-])!@;-[c:3][nX3H1:4] 0.0 1.3 4.0 57.8 62.1 116.8 121.1 173.4 176.7 178.4 179.8 181.1 182.6 184.9 237.0 241.4 295.0 300.6 306.2 357.9
[O:1]=[C:2]([O-])!@;-[c:3][nX2H0:4] 0.0 0.4 1.6 2.9 5.4 86.4 88.9 91.2 94.8 175.3 178.9 182.1 186.4 266.8 269.5 271.8 274.8 355.8 357.5 358.8
[O:1]=[C:2]([O-])!@;-[c:3]([cH0])[cH0:4] 0.0 17.1 35.2 53.3 71.4 89.5 107.5 125.5 143.5 161.5 179.5 197.5 215.5 233.5 251.5 269.6 287.6 305.7 323.8 341.9
[O:1]=[C:2]([O-])!@;-[c:3]([cH1])[cH0:4]([NH1,NH2]) 0.0 115.0 116.6 117.7 118.7 119.6 120.5 121.5 122.7 124.2 148.9 235.8 237.3 238.5 239.5 240.4 241.3 242.3 243.4 245.0
[O:1]=[C:2]([O-])!@;-[c:3]([cH1])[cH0:4] 0.0 17.1 35.2 53.3 71.4 89.5 107.5 125.5 143.5 161.5 179.5 197.5 215.5 233.5 251.5 269.6 287.6 305.7 323.8 341.9
[O:1]=[C:2]([O-])!@;-[c:3]([cH1])[cH1:4] 0.0 32.1 70.2 78.4 85.9 104.5 122.3 140.9 148.4 166.9 180.0 193.1 211.6 219.1 237.7 255.5 274.1 281.6 289.8 327.9
[O:1]=[C:2]([O-])!@;-[c:3][a:4] 0.0 25.1 33.4 81.6 87.5 90.9 93.8 97.2 103.1 144.9 179.3 213.6 255.3 262.4 265.8 268.8 272.1 277.3 325.6 333.6
[a:1]([OH1])[a:2]!@;-[CX3:3](=[O:4])([NX3H0,CX4H0,c]) 0.0 3.7 29.8 57.8 82.1 89.8 96.3 104.0 134.8 156.8 179.2 198.8 218.7 254.0 262.4 268.9 276.1 291.6 326.2 353.4
[a:1]([NH1,NH2])[a:2]!@;-[CX3:3](=[O:4])([NX3H0,CX4H0,c]) 0.0 10.7 16.8 21.6 25.9 30.3 34.9 40.7 50.6 111.3 178.6 247.7 308.6 318.9 324.8 329.5 333.9 338.2 343.0 349.0
[c:1]([OH1])[c:2]!@;-[CX3:3](=[O:4])([NX3H0]) 0.0 3.3 6.9 10.5 14.7 21.7 39.4 46.3 52.4 70.4 139.1 246.0 306.1 312.5 318.8 335.3 344.2 348.7 352.3 355.9
[c:1]([NH1,NH2])[c:2]!@;-[CX3:3](=[O:4])([NX3H0]) 0.0 22.4 26.5 29.5 32.1 34.7 37.4 40.7 45.8 104.8 139.4 255.2 314.2 319.3 322.6 325.3 327.9 330.5 333.5 337.6
[c:1]([OH1])[c:2]!@;-[CX3:3](=[O:4])([O]) 0.0 5.8 9.2 13.0 36.5 43.3 47.6 51.7 57.8 119.8 147.4 239.1 301.7 308.0 312.2 316.4 322.9 346.7 350.6 354.0
[c:1]([NH1,NH2])[c:2]!@;-[CX3:3](=[O:4])([O]) 0.0 0.0 0.3 0.9 1.5 2.1 2.7 3.6 4.9 12.1 177.2 181.1 189.1 353.6 356.1 357.0 357.7 358.3 358.9 359.4
[a:1]([OH1])[a:2]!@;-[CX3:3](=[O:4])([O]) 0.0 0.0 0.1 0.6 1.0 1.5 1.9 2.5 3.0 3.8 5.0 182.3 355.4 356.4 357.1 357.7 358.2 358.6 359.1 359.5
[a:1]([NH1,NH2])[a:2]!@;-[CX3:3](=[O:4])([O]) 0.0 0.0 0.4 0.9 1.5 2.1 2.7 3.6 4.9 12.4 177.3 181.1 187.7 353.4 356.0 357.0 357.7 358.3 358.8 359.4
[c:1]([OH1])[c:2]!@;-[CX3:3](=[O:4])([!O]) 0.0 0.0 0.1 0.6 1.0 1.5 1.9 2.5 3.0 3.8 5.0 182.3 355.4 356.4 357.1 357.7 358.2 358.6 359.1 359.5
[c:1]([NH1,NH2])[c:2]!@;-[CX3:3](=[O:4])([!O]) 0.0 0.1 1.0 1.8 2.8 4.2 8.5 16.5 25.6 41.1 177.5 183.0 320.9 335.2 344.1 352.1 355.9 357.3 358.2 359.1
[a:1]([OH1])[a:2]!@;-[CX3:3](=[O:4])([!O]) 0.0 1.7 4.5 7.8 12.1 21.6 165.1 170.3 173.8 176.8 179.5 182.2 185.0 188.3 192.6 202.1 345.6 350.8 354.3 357.3
[a:1]([NH1,NH2])[a:2]!@;-[CX3:3](=[O:4])([!O]) 0.0 0.1 1.0 1.8 2.8 4.2 8.5 16.6 25.8 41.8 177.6 182.9 320.3 335.1 344.1 352.1 355.9 357.3 358.2 359.1
[cH0:1]([CX3])[c:2]([cH1])!@;-[CX3:3](c)=[O:4] 0.0 1.7 4.5 7.8 12.1 21.6 165.1 170.3 173.8 176.8 179.5 182.2 185.0 188.3 192.6 202.1 345.6 350.8 354.3 357.3
[cH0:1][c:2]([cH0])!@;-[CX3:3](c)=[O:4] 0.0 50.9 94.1 100.5 106.5 120.4 127.9 133.0 137.9 143.9 180.0 216.1 222.1 227.0 232.1 239.6 253.5 259.5 265.9 309.1
[cH0:1]([OH1])[c:2]([cH1])!@;-[CX3:3](c)=[O:4] 0.0 23.9 35.4 55.4 76.2 94.3 111.2 127.8 144.7 162.1 179.9 197.6 215.0 231.9 248.6 265.5 283.5 304.2 324.3 335.9
[cH0:1][c:2]([cH1])!@;-[CX3:3](c)=[O:4] 0.0 5.1 8.4 11.0 13.4 15.8 18.4 21.7 27.7 139.6 178.8 219.3 331.1 337.9 341.3 344.0 346.4 348.7 351.3 354.5
[cH1:1][c:2]([cH1])!@;-[CX3:3](c)=[O:4] 0.0 8.2 16.3 24.4 33.4 45.7 111.4 127.0 134.6 142.3 161.2 216.8 224.7 232.2 245.2 312.6 325.6 334.8 342.9 351.0
[a:1][a:2]!@;-[CX3:3](a)=[O:4] 0.0 20.4 26.1 30.7 35.5 42.1 133.7 142.3 147.8 153.7 177.9 206.3 212.2 217.7 226.3 317.9 324.5 329.3 333.9 339.5
[s:1][c:2]!@;-[C:3]([NH1])=[O:4] 0.0 10.7 20.0 29.3 40.5 65.7 135.1 146.1 155.2 165.2 179.4 194.0 204.1 213.2 224.0 287.3 318.5 330.0 339.3 348.6
[cH0:1](Cl)[c:2]([cH1])!@;-[CX3:3]([NX3H1])=[O:4] 0.0 3.7 173.7 175.3 176.3 177.0 177.7 178.3 178.9 179.4 179.9 180.5 181.0 181.6 182.2 182.8 183.5 184.5 185.9 193.2
[cH0:1](F)[c:2]([cH1])!@;-[CX3:3]([NX3H1])=[O:4] 0.0 45.8 50.9 58.1 129.4 133.9 137.2 140.2 143.3 147.3 180.0 212.7 216.7 219.8 222.8 226.1 230.6 301.9 309.1 314.2
[cH0:1]([OH0])[c:2]([cH1])!@;-[C:3](=O)[NH1:4] 0.0 142.1 146.6 149.6 152.0 154.2 156.4 158.7 161.5 165.7 180.0 194.3 198.5 201.3 203.6 205.8 208.0 210.4 213.4 217.9
[cH0:1]([OH1])[c:2]([cH1])!@;-[C:3](=O)[NH1:4] 0.0 3.6 9.7 15.0 19.6 24.1 28.8 34.4 42.6 121.1 143.9 234.2 314.7 324.2 330.1 334.9 339.4 344.0 349.1 355.2
[cH0:1][c:2]([cH1])!@;-[CX3:3]([NX3H1])=[O:4] 0.0 2.1 7.8 144.2 153.3 159.2 164.1 168.3 172.1 175.8 179.3 182.9 186.5 190.2 194.3 198.9 204.3 211.8 294.2 356.3
[cH0:1][c:2]([cH1])!@;-[CX3:3]([NX3H0])=[O:4] 0.0 13.2 27.4 44.6 54.3 121.0 137.6 148.6 159.3 171.9 179.8 187.2 200.0 210.7 221.6 237.4 304.7 314.6 331.6 345.9
[cH1:1][c:2]([cH1])!@;-[C:3]([NH1,NH2])=[O:4] 0.0 31.9 39.9 47.2 57.3 81.1 93.7 102.4 110.6 120.6 173.5 239.4 249.4 257.6 266.3 278.9 302.7 312.8 320.1 328.1
[a:1][c:2]!@;-[C:3]([NH0])=[O:4] 0.0 24.8 27.6 29.9 32.6 38.4 145.8 148.5 150.8 153.5 177.7 206.5 209.2 211.5 214.2 321.6 327.4 330.1 332.4 335.2
[a:1][c:2]!@;-[C:3]([NH1,NH2])=[O:4] 0.0 16.6 34.7 53.3 72.5 92.2 110.5 123.1 136.5 156.8 179.3 201.9 222.5 236.3 248.7 266.7 286.4 305.6 324.2 342.4
[cH0:1](F)[c:2]([cH1])!@;-[CX3:3]=[O:4] 0.0 1.1 3.1 18.6 27.3 35.8 145.1 152.5 166.3 176.8 179.5 181.9 185.4 204.1 211.4 228.2 329.5 337.0 355.3 358.1
[cH0:1](Cl)[c:2]([cH1])!@;-[CX3:3]=[O:4] 0.0 114.2 129.4 140.0 147.4 154.3 162.1 172.0 176.2 178.3 180.0 181.7 183.8 188.0 197.9 205.7 212.6 220.0 230.6 245.8
[nX3H1:1][a:2]!@;-[CX3:3]=[O:4] 0.0 27.2 58.1 106.2 124.9 136.8 146.5 155.3 163.7 171.8 179.9 187.9 196.1 204.4 213.2 222.9 234.6 252.9 300.6 332.0
[nX2H0:1][c:2](c)!@;-[CX3:3]([!O])=[O:4] 0.0 0.0 0.2 0.8 1.3 1.8 2.3 2.9 3.8 5.2 176.7 180.9 187.1 355.6 356.6 357.3 357.9 358.5 359.0 359.5
[nX2H0:1][a:2]([nX2H0])!@;-[CX3:3]=[O:4] 3.0 172.5 174.1 175.3 176.2 176.9 177.6 178.2 178.9 179.4 180.0 180.6 181.1 181.8 182.4 183.1 183.8 184.7 185.9 187.5
[cH0:1][c:2]([cH0])!@;-[CX3:3]=[O:4] 0.0 0.8 2.5 5.6 35.2 66.6 96.3 124.5 151.2 173.7 179.1 183.0 195.7 221.8 249.2 278.1 308.6 341.0 356.4 358.4
[cH1:1][c:2]([cH1])!@;-[CX3:3]([CX3H0])=[O:4] 0.0 1.6 5.6 30.3 56.4 82.5 108.6 134.6 160.7 175.8 179.5 182.7 190.8 216.6 242.7 268.7 294.8 320.9 347.0 357.5
[cH1:1][c:2]([cH1])!@;-[CX3:3]=[O:4] 0.0 3.6 15.9 25.1 33.9 48.7 139.8 149.9 159.7 173.6 179.5 184.8 197.7 208.2 217.8 293.6 324.0 333.1 341.9 355.0
[a:1][a:2]!@;-[CX3:3]=[O:4] 0.0 1.0 2.8 11.1 22.7 32.2 139.6 152.7 163.7 176.3 179.4 182.1 187.4 202.9 213.0 321.2 333.2 342.7 355.9 358.2
[cH1:1][c:2]([nX3H1])!@;-[CX3:3]=[NX2:4] 42.1 174.1 175.4 176.3 177.0 177.6 178.1 178.6 179.1 179.6 180.0 180.4 180.9 181.4 181.9 182.4 183.0 183.7 184.6 185.9
[cH1:1][c:2]([cH0]([OH1]))!@;-[CX3:3]=[NX2:4] 0.0 0.1 0.9 1.8 2.7 4.1 13.7 19.3 27.9 174.6 178.5 181.8 185.8 333.9 341.1 346.9 356.0 357.3 358.3 359.1
[cH1:1][c:2]([cH0])!@;-[CX3:3]=[NX2:4] 0.0 16.8 37.6 115.5 172.5 174.9 176.3 177.4 178.3 179.1 180.0 180.8 181.6 182.5 183.5 184.8 187.1 241.5 321.0 341.5
[cH1:1][c:2]([cH1])!@;-[CX3:3]=[NX2:4] 0.0 5.5 35.9 47.7 60.3 98.3 125.7 143.9 167.3 176.8 179.8 182.6 188.6 212.8 231.1 254.6 296.8 310.4 321.9 342.4
[cH0:1][c:2]([cH0])!@;-[CX3:3]=[NX2:4] 0.0 1.6 5.6 29.6 54.9 80.5 106.3 132.3 158.5 175.8 179.5 182.7 192.7 219.0 245.0 270.9 296.5 322.0 347.2 357.6
[a:1][c:2]!@;-[CX3:3]=[CX3H0:4] 0.0 3.7 27.5 50.2 70.0 88.4 106.2 123.8 141.7 159.8 178.2 196.6 214.8 232.7 250.3 268.0 286.3 305.8 327.7 354.2
[a:1][a:2]!@;-[CX3:3]=[CX3H2:4] 0.0 2.5 25.6 37.2 46.4 59.9 129.5 139.5 148.6 171.1 179.4 184.9 208.5 218.3 227.6 289.5 311.1 320.5 330.7 356.4
[a:1][a:2]!@;-[CX3:3]=[CX3H1:4] 0.0 2.0 18.0 33.4 43.3 61.9 127.8 145.6 158.1 168.7 178.6 188.3 198.6 210.3 225.9 258.9 313.3 323.6 335.3 357.1
[*:1][SX2:2]!@;-[SX2:3][*:4] 0.0 1.1 3.3 16.0 33.0 53.5 124.7 150.8 168.6 176.6 179.5 182.1 186.4 201.2 222.3 277.8 319.8 336.4 355.1 358.1
[O:1]=[C:2]!@;-[O:3]~[CH0:4] 0.0 80.4 83.6 86.0 88.0 89.8 91.7 93.7 96.0 99.2 209.6 260.8 264.0 266.3 268.3 270.2 272.0 274.0 276.4 279.6
