4.900e+01
3.400e+01
2.900e+01
2.800e+01
3.400e+01
5.000e+01
4.500e+01
6.300e+01
4.800e+01
5.000e+01
4.500e+01
3.900e+01
3.600e+01
6.100e+01
4.700e+01
6.200e+01
8.000e+01
8.700e+01
8.000e+01
8.600e+01
9.000e+01
1.000e+02
1.020e+02
1.080e+02
8.100e+01
1.200e+02
9.200e+01
8.900e+01
9.100e+01
1.060e+02
1.170e+02
1.580e+02
1.540e+02
1.380e+02
1.420e+02
1.540e+02
1.490e+02
1.540e+02
1.680e+02
1.640e+02
1.600e+02
2.140e+02
1.900e+02
2.100e+02
2.290e+02
2.000e+02
2.290e+02
2.150e+02
2.860e+02
3.570e+02
4.090e+02
3.850e+02
3.920e+02
4.610e+02
4.490e+02
4.690e+02
4.100e+02
3.930e+02
4.090e+02
4.320e+02
4.330e+02
3.600e+02
2.860e+02
2.700e+02
2.570e+02
2.070e+02
2.110e+02
1.740e+02
1.400e+02
1.200e+02
1.540e+02
1.660e+02
1.510e+02
1.330e+02
1.140e+02
9.800e+01
1.280e+02
9.000e+01
8.600e+01
8.500e+01
9.500e+01
9.300e+01
7.100e+01
5.600e+01
8.400e+01
6.100e+01
6.400e+01
6.600e+01
6.600e+01
5.900e+01
6.200e+01
4.500e+01
4.400e+01
3.300e+01
4.900e+01
4.800e+01
5.400e+01
3.700e+01
3.700e+01
3.300e+01
3.300e+01
3.500e+01
2.900e+01
2.700e+01
2.300e+01
2.300e+01
3.700e+01
3.700e+01
2.000e+01
3.100e+01
1.400e+01
2.400e+01
1.900e+01
1.300e+01
2.100e+01
2.300e+01
2.600e+01
2.600e+01
1.700e+01
2.600e+01
1.400e+01
1.500e+01
1.200e+01
2.000e+01
1.300e+01
2.100e+01
2.900e+01
3.300e+01
3.800e+01
3.600e+01
2.400e+01
3.100e+01
2.900e+01
3.600e+01
2.700e+01
3.400e+01
3.500e+01
4.500e+01
5.300e+01
4.500e+01
3.900e+01
4.900e+01
3.700e+01
5.500e+01
7.200e+01
7.700e+01
6.700e+01
5.600e+01
7.900e+01
8.100e+01
8.100e+01
7.700e+01
8.700e+01
8.000e+01
7.100e+01
8.400e+01
1.180e+02
1.380e+02
1.300e+02
1.640e+02
2.020e+02
1.720e+02
2.010e+02
2.350e+02
2.530e+02
2.530e+02
3.300e+02
3.370e+02
3.370e+02
3.260e+02
3.620e+02
3.710e+02
3.520e+02
4.440e+02
4.210e+02
5.150e+02
5.070e+02
4.230e+02
5.120e+02
4.530e+02
4.700e+02
4.960e+02
5.090e+02
5.270e+02
5.150e+02
4.500e+02
3.950e+02
3.960e+02
3.410e+02
3.500e+02
3.140e+02
3.360e+02
3.080e+02
3.160e+02
2.660e+02
2.960e+02
2.440e+02
2.400e+02
2.120e+02
1.940e+02
1.920e+02
1.720e+02
1.560e+02
1.480e+02
1.370e+02
1.300e+02
1.290e+02
9.500e+01
8.300e+01
7.000e+01
7.500e+01
7.800e+01
6.300e+01
5.800e+01
5.000e+01
5.100e+01
5.400e+01
3.200e+01
5.800e+01
5.300e+01
4.000e+01
4.400e+01
3.500e+01
3.100e+01
3.100e+01
4.500e+01
2.700e+01
3.100e+01
1.900e+01
2.600e+01
2.300e+01
2.300e+01
2.300e+01
2.300e+01
1.400e+01
2.500e+01
2.700e+01
1.400e+01
2.100e+01
1.700e+01
3.400e+01
3.100e+01
2.400e+01
1.700e+01
1.200e+01
2.000e+01
2.100e+01
3.100e+01
2.200e+01
2.300e+01
2.500e+01
2.400e+01
2.900e+01
2.600e+01
2.700e+01
3.100e+01
3.900e+01
3.100e+01
1.400e+01
2.800e+01
4.400e+01
3.400e+01
5.000e+01
4.500e+01
3.500e+01
4.400e+01
5.900e+01
5.700e+01
5.500e+01
5.100e+01
6.000e+01
7.200e+01
6.900e+01
6.400e+01
5.500e+01
5.600e+01
7.300e+01
8.500e+01
8.400e+01
7.600e+01
1.040e+02
9.500e+01
9.000e+01
7.400e+01
1.080e+02
9.900e+01
1.370e+02
1.230e+02
1.530e+02
1.320e+02
1.830e+02
1.580e+02
1.630e+02
1.510e+02
2.320e+02
2.660e+02
2.520e+02
2.790e+02
3.050e+02
3.240e+02
3.360e+02
4.590e+02
3.940e+02
4.020e+02
3.860e+02
4.150e+02
4.750e+02
4.170e+02
3.650e+02
3.670e+02
3.390e+02
3.230e+02
2.950e+02
2.980e+02
2.830e+02
2.580e+02
2.210e+02
2.180e+02
1.950e+02
1.760e+02
2.140e+02
1.990e+02
2.020e+02
1.730e+02
2.290e+02
2.090e+02
1.580e+02
1.220e+02
1.110e+02
1.230e+02
1.120e+02
1.310e+02
1.020e+02
1.050e+02
1.040e+02
9.300e+01
8.200e+01
8.100e+01
7.900e+01
9.700e+01
8.700e+01
8.000e+01
8.300e+01
5.600e+01
4.300e+01
3.700e+01
6.000e+01
5.000e+01
5.900e+01
5.200e+01
4.400e+01
3.600e+01
3.600e+01
5.600e+01
3.100e+01
3.800e+01
2.700e+01
3.500e+01
5.000e+01
5.100e+01
