3.000e+00
2.000e+00
1.000e+00
1.000e+00
2.000e+00
1.000e+00
5.000e+00
2.000e+00
2.000e+00
5.000e+00
1.000e+00
0.000e+00
1.000e+00
2.000e+00
0.000e+00
1.000e+00
2.000e+00
2.000e+00
4.000e+00
2.000e+00
4.000e+00
3.000e+00
4.000e+00
3.000e+00
5.000e+00
5.000e+00
4.000e+00
7.000e+00
7.000e+00
4.000e+00
7.000e+00
1.700e+01
1.400e+01
1.500e+01
1.600e+01
1.600e+01
2.200e+01
3.200e+01
3.400e+01
3.900e+01
2.300e+01
3.800e+01
4.000e+01
3.500e+01
4.600e+01
4.600e+01
6.400e+01
8.000e+01
9.800e+01
9.300e+01
1.380e+02
1.400e+02
1.390e+02
1.650e+02
1.900e+02
1.810e+02
2.560e+02
2.540e+02
2.950e+02
2.920e+02
2.610e+02
2.690e+02
2.570e+02
2.610e+02
2.770e+02
2.630e+02
2.890e+02
2.430e+02
2.290e+02
2.110e+02
1.850e+02
1.540e+02
1.560e+02
1.280e+02
1.330e+02
1.330e+02
1.240e+02
1.250e+02
1.170e+02
7.500e+01
8.500e+01
8.100e+01
6.500e+01
6.300e+01
4.100e+01
4.900e+01
3.400e+01
2.900e+01
4.000e+01
3.400e+01
3.300e+01
2.500e+01
2.300e+01
1.700e+01
1.900e+01
1.100e+01
1.200e+01
8.000e+00
1.200e+01
1.800e+01
1.300e+01
8.000e+00
1.100e+01
1.100e+01
8.000e+00
3.000e+00
5.000e+00
1.500e+01
8.000e+00
4.000e+00
8.000e+00
7.000e+00
1.200e+01
2.000e+00
4.000e+00
1.000e+00
2.000e+00
8.000e+00
2.000e+00
8.000e+00
4.000e+00
5.000e+00
4.000e+00
7.000e+00
3.000e+00
2.000e+00
5.000e+00
4.000e+00
1.200e+01
4.000e+00
3.000e+00
4.000e+00
4.000e+00
8.000e+00
9.000e+00
1.200e+01
1.100e+01
5.000e+00
1.100e+01
1.000e+01
1.500e+01
1.400e+01
8.000e+00
1.600e+01
1.600e+01
1.100e+01
1.300e+01
1.700e+01
1.600e+01
2.700e+01
1.800e+01
3.100e+01
2.100e+01
2.200e+01
2.400e+01
2.700e+01
3.300e+01
4.500e+01
5.000e+01
5.800e+01
6.500e+01
7.200e+01
5.700e+01
6.300e+01
7.600e+01
1.430e+02
1.260e+02
9.700e+01
1.300e+02
1.040e+02
1.410e+02
1.600e+02
1.670e+02
1.610e+02
2.330e+02
2.460e+02
2.780e+02
2.360e+02
2.770e+02
2.760e+02
2.740e+02
2.500e+02
2.880e+02
2.390e+02
2.290e+02
2.180e+02
2.380e+02
2.180e+02
1.940e+02
1.850e+02
1.550e+02
1.280e+02
1.360e+02
1.390e+02
9.900e+01
1.140e+02
8.800e+01
7.200e+01
7.700e+01
6.500e+01
6.700e+01
7.600e+01
5.900e+01
5.300e+01
4.300e+01
4.400e+01
4.000e+01
4.400e+01
6.100e+01
4.200e+01
3.300e+01
2.400e+01
1.900e+01
2.400e+01
2.400e+01
1.200e+01
8.000e+00
1.200e+01
9.000e+00
1.200e+01
1.400e+01
6.000e+00
2.200e+01
1.200e+01
7.000e+00
9.000e+00
9.000e+00
8.000e+00
6.000e+00
6.000e+00
1.100e+01
6.000e+00
4.000e+00
6.000e+00
7.000e+00
5.000e+00
1.300e+01
2.000e+00
4.000e+00
4.000e+00
3.000e+00
6.000e+00
4.000e+00
4.000e+00
2.000e+00
4.000e+00
3.000e+00
4.000e+00
3.000e+00
3.000e+00
4.000e+00
5.000e+00
6.000e+00
5.000e+00
9.000e+00
1.000e+01
6.000e+00
4.000e+00
7.000e+00
1.200e+01
1.100e+01
1.000e+01
1.600e+01
1.100e+01
1.500e+01
1.300e+01
1.900e+01
2.300e+01
2.500e+01
3.100e+01
3.300e+01
2.800e+01
5.600e+01
3.700e+01
3.800e+01
4.100e+01
3.700e+01
4.800e+01
6.700e+01
5.900e+01
6.300e+01
9.800e+01
9.400e+01
1.190e+02
1.140e+02
1.170e+02
1.780e+02
1.810e+02
1.580e+02
1.950e+02
1.670e+02
1.980e+02
2.100e+02
2.350e+02
2.970e+02
3.170e+02
2.880e+02
2.960e+02
3.020e+02
2.850e+02
2.800e+02
2.800e+02
2.210e+02
2.220e+02
1.870e+02
1.950e+02
1.560e+02
1.440e+02
1.670e+02
1.450e+02
1.330e+02
9.500e+01
1.210e+02
8.200e+01
7.100e+01
7.000e+01
6.200e+01
4.700e+01
4.800e+01
3.700e+01
4.100e+01
3.300e+01
2.200e+01
2.900e+01
2.600e+01
1.900e+01
1.500e+01
1.900e+01
2.000e+01
1.000e+01
1.200e+01
9.000e+00
7.000e+00
9.000e+00
1.100e+01
6.000e+00
5.000e+00
4.000e+00
4.000e+00
6.000e+00
5.000e+00
5.000e+00
2.000e+00
2.000e+00
6.000e+00
1.000e+00
4.000e+00
3.000e+00
4.000e+00
0.000e+00
1.000e+00
4.000e+00
2.000e+00
5.000e+00
7.000e+00
1.000e+00
2.000e+00
0.000e+00
4.000e+00
4.000e+00
