1.040e+02
1.060e+02
8.300e+01
8.600e+01
1.090e+02
1.180e+02
1.040e+02
1.120e+02
1.090e+02
1.260e+02
1.180e+02
1.080e+02
9.600e+01
1.230e+02
1.220e+02
1.440e+02
1.710e+02
1.780e+02
1.770e+02
1.890e+02
2.030e+02
1.840e+02
1.880e+02
2.010e+02
1.750e+02
2.060e+02
1.770e+02
1.700e+02
1.850e+02
1.980e+02
2.050e+02
2.370e+02
2.500e+02
2.350e+02
2.450e+02
2.460e+02
2.360e+02
2.600e+02
2.650e+02
2.550e+02
2.690e+02
3.200e+02
2.960e+02
3.400e+02
3.550e+02
3.310e+02
3.750e+02
3.890e+02
4.950e+02
5.970e+02
6.630e+02
7.270e+02
8.710e+02
1.020e+03
1.102e+03
1.208e+03
1.177e+03
1.173e+03
1.088e+03
8.950e+02
8.370e+02
6.110e+02
4.980e+02
4.960e+02
4.310e+02
3.270e+02
3.000e+02
2.580e+02
1.950e+02
1.810e+02
1.730e+02
1.880e+02
1.640e+02
1.490e+02
1.290e+02
1.110e+02
1.400e+02
1.010e+02
1.050e+02
8.800e+01
1.050e+02
1.020e+02
8.200e+01
6.300e+01
9.500e+01
7.100e+01
7.700e+01
7.400e+01
7.400e+01
6.400e+01
6.500e+01
5.100e+01
5.200e+01
4.000e+01
5.300e+01
5.900e+01
6.700e+01
4.200e+01
4.500e+01
3.700e+01
4.200e+01
4.200e+01
3.700e+01
3.000e+01
2.700e+01
3.000e+01
4.800e+01
4.100e+01
2.800e+01
3.900e+01
2.400e+01
3.400e+01
3.000e+01
2.400e+01
3.100e+01
3.200e+01
3.300e+01
3.500e+01
2.400e+01
3.300e+01
2.400e+01
2.500e+01
1.700e+01
2.800e+01
2.600e+01
3.100e+01
3.300e+01
4.400e+01
5.400e+01
4.100e+01
3.300e+01
3.200e+01
3.700e+01
4.100e+01
3.500e+01
3.700e+01
4.200e+01
5.100e+01
6.000e+01
5.500e+01
4.700e+01
5.200e+01
4.300e+01
5.700e+01
7.600e+01
8.400e+01
7.600e+01
7.000e+01
8.800e+01
8.700e+01
9.100e+01
8.300e+01
9.700e+01
9.000e+01
7.900e+01
9.300e+01
1.200e+02
1.480e+02
1.330e+02
1.730e+02
2.090e+02
1.880e+02
2.080e+02
2.450e+02
2.560e+02
2.570e+02
3.370e+02
3.410e+02
3.400e+02
3.300e+02
3.690e+02
3.790e+02
3.610e+02
4.540e+02
4.350e+02
5.300e+02
5.130e+02
4.310e+02
5.160e+02
4.590e+02
4.770e+02
5.100e+02
5.200e+02
5.450e+02
5.420e+02
4.780e+02
4.090e+02
4.020e+02
3.480e+02
3.570e+02
3.150e+02
3.380e+02
3.170e+02
3.210e+02
2.690e+02
3.030e+02
2.470e+02
2.500e+02
2.200e+02
1.990e+02
1.930e+02
1.760e+02
1.580e+02
1.560e+02
1.440e+02
1.360e+02
1.390e+02
9.700e+01
8.700e+01
7.300e+01
8.100e+01
8.000e+01
6.700e+01
6.200e+01
5.700e+01
6.000e+01
6.500e+01
3.700e+01
6.500e+01
6.200e+01
5.100e+01
5.200e+01
3.700e+01
3.700e+01
3.200e+01
4.800e+01
3.300e+01
3.600e+01
2.700e+01
2.900e+01
2.600e+01
3.300e+01
3.800e+01
3.100e+01
2.400e+01
3.200e+01
3.900e+01
2.300e+01
2.500e+01
2.800e+01
3.800e+01
4.100e+01
3.000e+01
2.500e+01
2.100e+01
2.900e+01
3.500e+01
4.000e+01
3.000e+01
2.700e+01
4.100e+01
3.500e+01
3.100e+01
3.300e+01
3.400e+01
4.000e+01
4.200e+01
3.700e+01
2.400e+01
3.500e+01
4.800e+01
4.500e+01
5.300e+01
5.200e+01
4.300e+01
5.200e+01
6.700e+01
6.100e+01
6.600e+01
6.700e+01
6.200e+01
8.000e+01
7.800e+01
7.800e+01
6.600e+01
8.200e+01
8.700e+01
9.200e+01
9.500e+01
8.700e+01
1.200e+02
1.060e+02
1.050e+02
8.300e+01
1.180e+02
1.110e+02
1.470e+02
1.400e+02
1.630e+02
1.450e+02
2.110e+02
2.020e+02
2.160e+02
2.250e+02
3.180e+02
3.750e+02
3.920e+02
4.690e+02
4.900e+02
6.480e+02
6.910e+02
9.350e+02
1.005e+03
1.126e+03
1.097e+03
1.163e+03
1.161e+03
1.123e+03
7.970e+02
7.160e+02
6.330e+02
5.880e+02
4.880e+02
5.050e+02
4.770e+02
4.070e+02
3.440e+02
3.430e+02
2.980e+02
2.810e+02
2.920e+02
2.960e+02
2.760e+02
2.530e+02
3.500e+02
3.160e+02
2.660e+02
2.470e+02
2.170e+02
2.220e+02
2.100e+02
2.440e+02
2.060e+02
2.040e+02
1.960e+02
1.830e+02
1.590e+02
1.630e+02
1.540e+02
1.850e+02
1.940e+02
1.670e+02
1.660e+02
1.250e+02
1.000e+02
9.600e+01
1.220e+02
1.150e+02
1.040e+02
1.030e+02
9.400e+01
9.100e+01
1.050e+02
1.170e+02
9.200e+01
1.040e+02
7.800e+01
9.800e+01
1.220e+02
1.230e+02
