4.620e+02
4.090e+02
2.930e+02
2.190e+02
2.300e+02
2.320e+02
1.990e+02
2.230e+02
2.060e+02
2.480e+02
2.200e+02
2.180e+02
1.800e+02
2.610e+02
2.240e+02
2.560e+02
2.780e+02
2.740e+02
2.870e+02
3.080e+02
3.000e+02
2.830e+02
2.970e+02
2.900e+02
2.550e+02
3.030e+02
2.510e+02
2.430e+02
2.900e+02
2.740e+02
3.060e+02
3.650e+02
3.310e+02
3.280e+02
3.180e+02
3.160e+02
3.010e+02
3.420e+02
3.390e+02
3.270e+02
3.540e+02
3.910e+02
3.750e+02
4.310e+02
4.340e+02
4.210e+02
4.400e+02
4.710e+02
5.660e+02
6.780e+02
7.350e+02
7.960e+02
9.420e+02
1.086e+03
1.171e+03
1.281e+03
1.243e+03
1.267e+03
1.147e+03
9.420e+02
8.960e+02
6.670e+02
5.430e+02
5.370e+02
4.630e+02
3.470e+02
3.310e+02
2.770e+02
2.190e+02
1.950e+02
1.860e+02
2.100e+02
1.870e+02
1.650e+02
1.470e+02
1.210e+02
1.490e+02
1.130e+02
1.170e+02
1.000e+02
1.130e+02
1.180e+02
9.200e+01
9.300e+01
1.150e+02
8.100e+01
8.700e+01
8.900e+01
9.100e+01
7.700e+01
7.500e+01
6.300e+01
6.400e+01
5.500e+01
7.100e+01
7.000e+01
9.200e+01
5.900e+01
6.700e+01
6.800e+01
6.600e+01
6.100e+01
5.500e+01
5.200e+01
4.000e+01
4.800e+01
6.200e+01
5.200e+01
4.600e+01
5.300e+01
4.000e+01
5.500e+01
4.500e+01
4.800e+01
5.300e+01
7.200e+01
4.800e+01
6.900e+01
7.200e+01
7.900e+01
6.200e+01
5.600e+01
4.500e+01
4.600e+01
5.500e+01
7.500e+01
6.900e+01
6.900e+01
7.900e+01
5.400e+01
7.000e+01
6.100e+01
5.800e+01
6.700e+01
7.200e+01
6.700e+01
7.900e+01
8.800e+01
1.040e+02
9.900e+01
9.200e+01
1.010e+02
7.400e+01
8.800e+01
1.160e+02
1.350e+02
1.190e+02
1.120e+02
1.260e+02
1.260e+02
1.340e+02
1.360e+02
1.360e+02
1.270e+02
1.350e+02
1.390e+02
1.690e+02
1.910e+02
1.880e+02
2.300e+02
2.570e+02
2.510e+02
2.620e+02
3.040e+02
3.050e+02
3.010e+02
3.720e+02
4.090e+02
3.950e+02
3.740e+02
4.340e+02
4.370e+02
4.320e+02
5.080e+02
5.080e+02
5.850e+02
5.890e+02
5.220e+02
5.940e+02
5.520e+02
5.610e+02
6.050e+02
5.970e+02
6.090e+02
6.020e+02
5.490e+02
4.620e+02
4.490e+02
4.030e+02
4.120e+02
3.710e+02
3.860e+02
3.700e+02
3.860e+02
3.070e+02
3.440e+02
2.710e+02
2.970e+02
2.730e+02
2.480e+02
2.290e+02
2.180e+02
1.920e+02
1.970e+02
1.800e+02
1.840e+02
1.810e+02
1.240e+02
1.160e+02
1.210e+02
1.150e+02
1.200e+02
1.090e+02
9.500e+01
9.000e+01
9.700e+01
1.020e+02
7.300e+01
1.050e+02
8.800e+01
8.200e+01
7.500e+01
8.000e+01
6.100e+01
5.700e+01
8.000e+01
5.300e+01
6.300e+01
5.300e+01
7.000e+01
5.600e+01
5.500e+01
6.900e+01
5.700e+01
5.400e+01
6.700e+01
7.900e+01
4.400e+01
5.300e+01
5.800e+01
8.000e+01
8.800e+01
6.800e+01
5.800e+01
5.200e+01
7.000e+01
6.900e+01
6.800e+01
7.200e+01
4.700e+01
6.200e+01
6.200e+01
5.300e+01
4.800e+01
5.000e+01
5.900e+01
6.900e+01
6.800e+01
4.400e+01
5.800e+01
6.300e+01
6.200e+01
6.000e+01
5.900e+01
5.600e+01
6.400e+01
8.000e+01
6.700e+01
8.300e+01
8.100e+01
7.800e+01
1.010e+02
1.050e+02
1.000e+02
9.200e+01
9.900e+01
1.010e+02
1.170e+02
1.070e+02
1.000e+02
1.260e+02
1.150e+02
1.250e+02
9.500e+01
1.280e+02
1.250e+02
1.630e+02
1.590e+02
1.780e+02
1.580e+02
2.250e+02
2.160e+02
2.370e+02
2.440e+02
3.330e+02
4.110e+02
4.250e+02
5.060e+02
5.350e+02
7.030e+02
7.340e+02
9.940e+02
1.066e+03
1.217e+03
1.181e+03
1.241e+03
1.239e+03
1.188e+03
8.720e+02
7.900e+02
6.930e+02
6.410e+02
5.450e+02
5.540e+02
5.220e+02
4.730e+02
4.190e+02
4.020e+02
3.670e+02
3.480e+02
3.600e+02
3.490e+02
3.490e+02
3.100e+02
4.110e+02
3.840e+02
3.590e+02
3.100e+02
3.090e+02
3.290e+02
3.090e+02
3.350e+02
3.120e+02
3.120e+02
3.090e+02
2.930e+02
2.530e+02
2.460e+02
2.400e+02
2.970e+02
2.860e+02
2.820e+02
2.850e+02
2.120e+02
2.340e+02
2.070e+02
2.150e+02
2.110e+02
2.100e+02
1.980e+02
1.840e+02
1.970e+02
1.930e+02
1.940e+02
1.770e+02
2.020e+02
2.030e+02
2.350e+02
2.930e+02
3.620e+02
