8.185e-03
8.770e-03
9.521e-03
7.517e-03
7.517e-03
7.433e-03
6.598e-03
9.020e-03
7.600e-03
7.935e-03
7.266e-03
8.185e-03
7.266e-03
7.600e-03
7.183e-03
7.433e-03
8.185e-03
6.348e-03
7.851e-03
7.767e-03
8.018e-03
6.014e-03
6.598e-03
6.181e-03
5.011e-03
4.928e-03
4.677e-03
5.846e-03
4.009e-03
4.761e-03
4.928e-03
4.427e-03
4.427e-03
3.508e-03
3.925e-03
4.594e-03
4.594e-03
4.427e-03
3.925e-03
4.594e-03
5.763e-03
5.178e-03
4.928e-03
5.763e-03
5.011e-03
4.677e-03
4.260e-03
3.591e-03
3.174e-03
3.341e-03
2.255e-03
3.174e-03
2.923e-03
2.088e-03
3.341e-03
2.756e-03
3.758e-03
2.923e-03
1.837e-03
1.503e-03
1.169e-03
1.169e-03
1.420e-03
1.253e-03
1.086e-03
1.086e-03
8.352e-04
8.352e-04
7.517e-04
1.169e-03
1.336e-03
7.517e-04
9.187e-04
9.187e-04
1.754e-03
1.754e-03
2.756e-03
2.005e-03
1.503e-03
1.336e-03
1.086e-03
1.336e-03
1.169e-03
1.253e-03
1.253e-03
1.169e-03
1.420e-03
1.336e-03
1.420e-03
9.187e-04
7.517e-04
1.420e-03
1.420e-03
1.169e-03
1.336e-03
1.336e-03
1.921e-03
1.587e-03
9.187e-04
1.503e-03
1.086e-03
8.352e-04
1.503e-03
1.002e-03
1.503e-03
8.352e-04
1.002e-03
1.169e-03
1.002e-03
1.086e-03
1.420e-03
8.352e-04
1.253e-03
1.587e-03
1.336e-03
1.670e-03
1.336e-03
1.587e-03
1.253e-03
1.336e-03
1.754e-03
1.253e-03
1.670e-03
1.169e-03
8.352e-04
1.253e-03
1.420e-03
6.682e-04
7.517e-04
1.754e-03
9.187e-04
1.754e-03
9.187e-04
1.670e-03
9.187e-04
1.169e-03
1.253e-03
1.253e-03
2.005e-03
1.921e-03
1.420e-03
1.420e-03
1.587e-03
1.587e-03
1.587e-03
1.420e-03
1.420e-03
1.921e-03
2.339e-03
1.670e-03
2.422e-03
2.506e-03
1.420e-03
1.754e-03
2.339e-03
2.005e-03
1.837e-03
2.756e-03
1.837e-03
2.255e-03
2.422e-03
2.756e-03
2.255e-03
2.506e-03
1.503e-03
2.840e-03
2.088e-03
2.339e-03
3.007e-03
3.007e-03
2.506e-03
2.255e-03
2.005e-03
2.088e-03
1.670e-03
2.172e-03
1.837e-03
2.005e-03
1.587e-03
1.670e-03
1.420e-03
1.169e-03
2.506e-03
1.837e-03
1.670e-03
1.837e-03
1.336e-03
2.756e-03
2.422e-03
2.506e-03
3.508e-03
2.589e-03
2.255e-03
2.589e-03
2.088e-03
2.088e-03
2.673e-03
1.837e-03
1.837e-03
2.172e-03
2.255e-03
1.921e-03
2.339e-03
2.422e-03
1.587e-03
2.172e-03
1.670e-03
2.339e-03
1.169e-03
2.422e-03
2.422e-03
2.088e-03
2.589e-03
1.086e-03
8.352e-04
1.336e-03
1.587e-03
1.169e-03
9.187e-04
1.587e-03
1.253e-03
1.503e-03
1.002e-03
1.169e-03
1.002e-03
1.169e-03
1.503e-03
9.187e-04
9.187e-04
1.169e-03
9.187e-04
1.002e-03
1.503e-03
1.253e-03
1.169e-03
1.336e-03
1.169e-03
1.169e-03
1.086e-03
2.005e-03
1.587e-03
1.336e-03
1.670e-03
9.187e-04
1.670e-03
1.921e-03
1.169e-03
1.503e-03
1.336e-03
8.352e-04
1.420e-03
1.253e-03
2.339e-03
7.517e-04
8.352e-04
1.503e-03
1.670e-03
7.517e-04
1.169e-03
1.253e-03
9.187e-04
8.352e-04
1.169e-03
1.420e-03
1.002e-03
1.002e-03
1.587e-03
1.086e-03
1.754e-03
1.503e-03
4.176e-04
1.086e-03
1.253e-03
1.587e-03
1.837e-03
1.169e-03
1.503e-03
1.336e-03
2.088e-03
1.002e-03
1.420e-03
1.837e-03
1.420e-03
1.670e-03
1.169e-03
1.754e-03
1.503e-03
1.503e-03
1.086e-03
4.176e-04
1.002e-03
1.169e-03
9.187e-04
5.011e-04
1.253e-03
9.187e-04
1.420e-03
1.503e-03
1.587e-03
1.002e-03
1.587e-03
1.420e-03
2.589e-03
2.840e-03
2.673e-03
2.339e-03
2.756e-03
2.422e-03
2.005e-03
3.090e-03
2.923e-03
2.840e-03
2.923e-03
4.093e-03
4.176e-03
4.093e-03
5.095e-03
5.679e-03
5.429e-03
4.844e-03
4.594e-03
4.343e-03
4.510e-03
5.011e-03
4.594e-03
5.011e-03
4.176e-03
3.925e-03
3.424e-03
4.594e-03
5.512e-03
4.176e-03
5.011e-03
5.429e-03
5.095e-03
5.596e-03
4.510e-03
5.429e-03
5.846e-03
4.761e-03
6.598e-03
6.932e-03
6.181e-03
6.765e-03
6.765e-03
8.603e-03
7.266e-03
7.183e-03
7.099e-03
7.183e-03
7.433e-03
7.350e-03
8.603e-03
7.016e-03
7.183e-03
6.849e-03
6.348e-03
9.020e-03
7.767e-03
8.436e-03
