7.174e-03
8.509e-03
8.091e-03
6.924e-03
6.173e-03
6.173e-03
5.005e-03
6.924e-03
6.006e-03
5.923e-03
6.423e-03
6.757e-03
5.339e-03
5.589e-03
5.923e-03
4.838e-03
6.256e-03
5.088e-03
6.089e-03
5.839e-03
6.256e-03
5.088e-03
5.506e-03
6.089e-03
4.338e-03
4.421e-03
5.172e-03
4.755e-03
3.337e-03
4.171e-03
4.922e-03
4.004e-03
4.004e-03
3.003e-03
3.504e-03
3.253e-03
3.337e-03
4.004e-03
4.338e-03
4.004e-03
3.921e-03
5.255e-03
4.254e-03
4.338e-03
3.504e-03
3.003e-03
4.254e-03
4.755e-03
3.921e-03
5.255e-03
3.170e-03
4.087e-03
5.172e-03
3.670e-03
3.837e-03
2.920e-03
5.005e-03
3.170e-03
2.753e-03
3.253e-03
1.919e-03
2.503e-03
3.504e-03
3.253e-03
2.669e-03
3.003e-03
2.085e-03
2.419e-03
1.919e-03
2.836e-03
2.753e-03
1.502e-03
2.252e-03
9.176e-04
2.002e-03
2.085e-03
2.836e-03
2.336e-03
1.585e-03
1.251e-03
1.919e-03
2.085e-03
1.502e-03
1.418e-03
1.502e-03
1.251e-03
1.752e-03
1.585e-03
1.752e-03
1.001e-03
1.502e-03
1.585e-03
1.752e-03
1.335e-03
1.585e-03
1.919e-03
1.752e-03
1.585e-03
1.668e-03
1.752e-03
1.752e-03
1.585e-03
2.085e-03
1.752e-03
1.752e-03
1.335e-03
1.168e-03
1.335e-03
2.252e-03
1.502e-03
1.585e-03
1.668e-03
1.919e-03
1.668e-03
1.668e-03
2.169e-03
1.752e-03
2.085e-03
1.585e-03
2.336e-03
2.085e-03
1.251e-03
2.419e-03
1.835e-03
1.168e-03
1.668e-03
1.418e-03
1.502e-03
1.168e-03
3.003e-03
1.251e-03
2.419e-03
1.668e-03
2.419e-03
1.502e-03
1.919e-03
9.176e-04
1.502e-03
1.668e-03
2.002e-03
1.585e-03
1.752e-03
1.251e-03
1.585e-03
1.919e-03
1.668e-03
1.418e-03
2.503e-03
1.835e-03
1.084e-03
2.085e-03
1.502e-03
1.335e-03
1.418e-03
1.502e-03
1.835e-03
1.418e-03
2.002e-03
2.252e-03
2.002e-03
2.169e-03
2.169e-03
2.419e-03
2.586e-03
1.001e-03
2.586e-03
2.336e-03
1.835e-03
1.835e-03
2.586e-03
1.585e-03
2.169e-03
1.418e-03
2.085e-03
1.168e-03
1.585e-03
2.085e-03
1.251e-03
1.585e-03
2.085e-03
1.752e-03
1.084e-03
2.169e-03
1.752e-03
6.673e-04
1.335e-03
2.169e-03
2.586e-03
1.835e-03
2.085e-03
1.668e-03
1.668e-03
1.752e-03
3.086e-03
1.752e-03
1.585e-03
2.252e-03
1.502e-03
2.336e-03
1.919e-03
2.085e-03
1.585e-03
2.336e-03
2.002e-03
1.585e-03
2.586e-03
1.668e-03
1.502e-03
1.168e-03
2.503e-03
1.251e-03
1.418e-03
2.252e-03
1.502e-03
9.176e-04
1.168e-03
1.668e-03
1.168e-03
1.668e-03
1.919e-03
1.168e-03
1.335e-03
1.251e-03
1.251e-03
9.176e-04
1.835e-03
9.176e-04
1.668e-03
1.585e-03
1.502e-03
1.585e-03
8.342e-04
1.919e-03
1.001e-03
1.251e-03
1.418e-03
1.502e-03
1.752e-03
1.001e-03
2.419e-03
1.835e-03
2.085e-03
1.752e-03
1.418e-03
2.336e-03
2.503e-03
1.752e-03
2.002e-03
1.835e-03
8.342e-04
1.835e-03
2.085e-03
3.420e-03
1.502e-03
1.335e-03
2.586e-03
1.752e-03
1.585e-03
1.418e-03
2.169e-03
1.084e-03
1.168e-03
1.585e-03
2.002e-03
7.508e-04
1.585e-03
1.668e-03
1.585e-03
2.419e-03
1.835e-03
5.839e-04
1.752e-03
1.418e-03
1.835e-03
2.669e-03
1.168e-03
1.835e-03
1.752e-03
1.752e-03
1.335e-03
1.585e-03
1.752e-03
1.668e-03
1.585e-03
1.752e-03
2.002e-03
1.251e-03
1.585e-03
1.919e-03
1.001e-03
2.002e-03
2.336e-03
2.085e-03
2.753e-03
2.002e-03
3.420e-03
2.419e-03
3.086e-03
2.753e-03
2.586e-03
2.669e-03
2.920e-03
3.587e-03
4.505e-03
3.921e-03
2.669e-03
5.005e-03
4.254e-03
3.837e-03
3.837e-03
4.505e-03
3.670e-03
2.586e-03
4.171e-03
4.338e-03
3.504e-03
4.421e-03
5.255e-03
3.670e-03
4.171e-03
3.587e-03
2.920e-03
4.421e-03
4.421e-03
4.087e-03
3.921e-03
3.420e-03
3.504e-03
3.170e-03
3.754e-03
5.506e-03
4.087e-03
5.005e-03
4.588e-03
4.338e-03
4.922e-03
3.420e-03
4.671e-03
4.755e-03
3.754e-03
4.838e-03
5.172e-03
4.755e-03
5.088e-03
6.006e-03
6.173e-03
6.507e-03
6.256e-03
5.923e-03
5.756e-03
5.839e-03
5.756e-03
6.423e-03
4.505e-03
5.923e-03
5.339e-03
6.006e-03
7.925e-03
6.173e-03
7.424e-03
