1.021e-02
5.316e-03
5.886e-03
6.408e-03
4.557e-03
5.411e-03
5.316e-03
4.130e-03
5.411e-03
5.696e-03
5.127e-03
5.269e-03
4.699e-03
5.316e-03
4.272e-03
5.221e-03
5.459e-03
5.506e-03
4.462e-03
4.842e-03
4.984e-03
4.557e-03
4.889e-03
4.509e-03
3.750e-03
3.750e-03
3.892e-03
3.323e-03
3.892e-03
3.797e-03
3.608e-03
3.465e-03
4.699e-03
4.604e-03
3.323e-03
4.082e-03
3.085e-03
5.364e-03
3.702e-03
3.845e-03
4.984e-03
4.652e-03
4.130e-03
5.032e-03
4.130e-03
4.320e-03
2.468e-03
3.702e-03
3.892e-03
2.848e-03
4.509e-03
3.323e-03
3.750e-03
4.937e-03
5.364e-03
5.174e-03
7.168e-03
7.690e-03
8.164e-03
1.068e-02
1.267e-02
7.832e-03
6.930e-03
5.032e-03
4.794e-03
4.462e-03
2.896e-03
2.801e-03
2.611e-03
2.848e-03
2.658e-03
1.566e-03
2.136e-03
1.282e-03
1.187e-03
1.899e-03
1.946e-03
1.851e-03
1.994e-03
1.614e-03
1.946e-03
2.516e-03
1.994e-03
1.804e-03
1.329e-03
1.377e-03
1.329e-03
1.614e-03
1.329e-03
1.329e-03
1.424e-03
1.519e-03
9.968e-04
9.968e-04
1.519e-03
1.519e-03
1.282e-03
1.044e-03
9.019e-04
1.139e-03
9.968e-04
9.968e-04
1.614e-03
1.234e-03
7.595e-04
1.471e-03
1.187e-03
1.044e-03
9.019e-04
1.329e-03
1.614e-03
1.187e-03
1.329e-03
1.092e-03
1.899e-03
7.120e-04
1.851e-03
2.326e-03
2.421e-03
1.566e-03
1.424e-03
1.092e-03
1.424e-03
1.234e-03
9.968e-04
9.494e-04
1.187e-03
1.187e-03
7.120e-04
1.044e-03
1.187e-03
1.282e-03
1.377e-03
9.019e-04
1.234e-03
1.471e-03
1.234e-03
9.968e-04
1.377e-03
1.756e-03
1.044e-03
1.329e-03
1.471e-03
1.282e-03
8.544e-04
1.851e-03
1.329e-03
1.044e-03
1.187e-03
1.329e-03
1.614e-03
1.234e-03
1.851e-03
1.282e-03
1.519e-03
1.994e-03
1.756e-03
2.373e-03
1.661e-03
1.661e-03
1.614e-03
1.282e-03
2.231e-03
2.278e-03
1.329e-03
1.804e-03
1.471e-03
2.373e-03
1.519e-03
1.661e-03
1.092e-03
1.661e-03
9.968e-04
1.519e-03
1.804e-03
1.471e-03
1.756e-03
1.661e-03
1.661e-03
2.041e-03
1.804e-03
2.136e-03
1.756e-03
1.709e-03
1.377e-03
2.278e-03
1.661e-03
1.946e-03
1.566e-03
1.234e-03
1.329e-03
1.424e-03
1.519e-03
1.851e-03
2.516e-03
1.804e-03
2.231e-03
1.994e-03
1.994e-03
1.519e-03
1.471e-03
1.377e-03
1.471e-03
1.614e-03
1.899e-03
1.234e-03
1.424e-03
1.661e-03
1.756e-03
1.424e-03
1.329e-03
1.566e-03
1.092e-03
1.234e-03
1.471e-03
1.234e-03
1.709e-03
1.377e-03
9.968e-04
1.661e-03
1.139e-03
1.377e-03
9.494e-04
9.494e-04
9.968e-04
6.171e-04
8.544e-04
8.544e-04
1.519e-03
8.544e-04
8.069e-04
1.092e-03
9.968e-04
7.595e-04
1.329e-03
1.187e-03
1.329e-03
1.139e-03
1.092e-03
1.377e-03
1.187e-03
1.519e-03
1.377e-03
1.899e-03
1.234e-03
1.282e-03
1.092e-03
7.120e-04
1.187e-03
9.968e-04
1.234e-03
1.377e-03
1.282e-03
1.377e-03
1.519e-03
1.471e-03
1.282e-03
2.089e-03
1.377e-03
1.139e-03
1.282e-03
1.471e-03
8.544e-04
1.519e-03
1.424e-03
1.519e-03
1.424e-03
9.968e-04
1.566e-03
1.139e-03
1.329e-03
1.566e-03
1.614e-03
1.756e-03
2.231e-03
1.661e-03
1.377e-03
9.968e-04
1.804e-03
9.968e-04
1.329e-03
1.566e-03
2.089e-03
1.519e-03
1.424e-03
1.709e-03
1.519e-03
1.946e-03
1.424e-03
2.136e-03
1.994e-03
2.516e-03
2.516e-03
2.943e-03
3.845e-03
3.655e-03
4.842e-03
6.645e-03
6.693e-03
8.164e-03
1.097e-02
1.139e-02
8.782e-03
7.357e-03
6.978e-03
6.076e-03
5.886e-03
4.747e-03
3.560e-03
2.801e-03
3.845e-03
3.940e-03
3.228e-03
3.465e-03
4.272e-03
3.987e-03
3.465e-03
4.842e-03
5.174e-03
3.702e-03
4.320e-03
4.509e-03
4.082e-03
4.699e-03
4.984e-03
3.940e-03
4.177e-03
3.655e-03
3.750e-03
3.513e-03
3.702e-03
3.038e-03
4.509e-03
4.747e-03
3.513e-03
4.272e-03
4.414e-03
4.272e-03
4.747e-03
4.889e-03
4.509e-03
4.414e-03
4.842e-03
4.652e-03
5.411e-03
4.225e-03
4.984e-03
4.604e-03
5.032e-03
4.604e-03
5.839e-03
4.462e-03
5.506e-03
4.414e-03
6.028e-03
4.367e-03
5.032e-03
5.554e-03
6.361e-03
6.503e-03
