3.222e-02
3.074e-02
2.130e-02
1.407e-02
9.815e-03
7.222e-03
4.630e-03
7.407e-03
5.926e-03
4.259e-03
2.222e-03
5.926e-03
3.148e-03
4.444e-03
2.778e-03
5.000e-03
4.815e-03
4.815e-03
6.296e-03
5.000e-03
2.407e-03
5.556e-03
2.407e-03
3.519e-03
3.889e-03
3.333e-03
4.259e-03
4.074e-03
3.889e-03
4.259e-03
3.148e-03
2.778e-03
2.778e-03
2.037e-03
2.593e-03
1.667e-03
1.296e-03
1.852e-03
2.407e-03
9.259e-04
7.407e-04
7.407e-04
7.407e-04
1.111e-03
1.852e-04
1.667e-03
3.704e-04
7.407e-04
3.704e-04
5.556e-04
0.000e+00
5.556e-04
7.407e-04
0.000e+00
0.000e+00
1.852e-04
0.000e+00
0.000e+00
1.852e-04
0.000e+00
1.852e-04
0.000e+00
1.852e-04
5.556e-04
0.000e+00
1.852e-04
3.704e-04
1.852e-04
7.407e-04
1.852e-04
1.852e-04
1.852e-04
3.704e-04
3.704e-04
5.556e-04
3.704e-04
3.704e-04
1.111e-03
1.852e-04
7.407e-04
7.407e-04
3.704e-04
5.556e-04
5.556e-04
5.556e-04
1.852e-04
0.000e+00
0.000e+00
0.000e+00
1.852e-04
1.852e-04
0.000e+00
0.000e+00
1.852e-04
7.407e-04
5.556e-04
3.704e-04
5.556e-04
1.296e-03
7.407e-04
5.556e-04
1.667e-03
3.704e-04
7.407e-04
3.704e-04
3.704e-04
0.000e+00
1.852e-04
3.704e-04
3.704e-04
3.704e-04
0.000e+00
3.704e-04
5.556e-04
3.704e-04
3.704e-04
7.407e-04
0.000e+00
1.852e-04
3.704e-04
0.000e+00
3.704e-04
1.852e-04
3.704e-04
3.704e-04
1.852e-04
1.852e-04
5.556e-04
7.407e-04
7.407e-04
7.407e-04
9.259e-04
5.556e-04
1.852e-03
1.481e-03
3.704e-04
1.667e-03
7.407e-04
9.259e-04
1.481e-03
1.481e-03
1.667e-03
9.259e-04
1.296e-03
2.037e-03
1.852e-03
1.667e-03
2.037e-03
1.852e-03
2.778e-03
2.222e-03
2.407e-03
2.407e-03
3.704e-03
2.778e-03
4.259e-03
4.815e-03
2.778e-03
5.370e-03
5.000e-03
2.963e-03
4.444e-03
4.259e-03
5.556e-03
4.444e-03
5.741e-03
3.519e-03
4.815e-03
3.889e-03
6.111e-03
5.185e-03
4.630e-03
7.407e-03
6.852e-03
8.889e-03
1.259e-02
1.130e-02
1.889e-02
2.019e-02
1.926e-02
2.426e-02
2.519e-02
1.815e-02
1.593e-02
1.333e-02
1.074e-02
8.519e-03
7.778e-03
5.185e-03
5.556e-03
4.074e-03
5.556e-03
4.074e-03
4.259e-03
5.185e-03
5.000e-03
3.519e-03
6.111e-03
4.259e-03
3.704e-03
3.889e-03
3.889e-03
3.519e-03
3.704e-03
5.000e-03
3.148e-03
4.444e-03
4.630e-03
3.704e-03
3.148e-03
2.037e-03
2.778e-03
2.222e-03
1.852e-03
1.667e-03
2.037e-03
1.852e-03
2.593e-03
7.407e-04
7.407e-04
7.407e-04
5.556e-04
1.481e-03
7.407e-04
1.111e-03
7.407e-04
5.556e-04
1.852e-04
1.667e-03
1.852e-04
5.556e-04
3.704e-04
5.556e-04
5.556e-04
0.000e+00
0.000e+00
1.852e-04
0.000e+00
0.000e+00
1.852e-04
1.852e-04
1.852e-04
1.852e-04
0.000e+00
1.852e-04
0.000e+00
7.407e-04
1.852e-04
0.000e+00
7.407e-04
0.000e+00
1.852e-04
1.852e-04
7.407e-04
7.407e-04
3.704e-04
9.259e-04
1.852e-04
1.111e-03
5.556e-04
1.852e-04
3.704e-04
3.704e-04
7.407e-04
1.852e-04
3.704e-04
1.852e-04
1.852e-04
0.000e+00
0.000e+00
1.852e-04
0.000e+00
0.000e+00
1.852e-04
3.704e-04
9.259e-04
7.407e-04
1.111e-03
9.259e-04
5.556e-04
9.259e-04
3.704e-04
5.556e-04
5.556e-04
7.407e-04
3.704e-04
1.852e-04
1.852e-04
1.852e-04
1.852e-04
5.556e-04
5.556e-04
1.852e-04
3.704e-04
0.000e+00
9.259e-04
0.000e+00
7.407e-04
1.852e-04
3.704e-04
1.852e-04
1.852e-04
1.852e-04
1.852e-04
1.852e-04
1.852e-04
5.556e-04
1.852e-04
7.407e-04
3.704e-04
1.111e-03
7.407e-04
1.111e-03
7.407e-04
7.407e-04
3.704e-04
1.667e-03
1.667e-03
2.037e-03
1.111e-03
2.222e-03
9.259e-04
1.481e-03
1.111e-03
1.852e-03
1.667e-03
1.111e-03
1.296e-03
3.333e-03
3.519e-03
2.222e-03
5.000e-03
3.333e-03
3.889e-03
4.630e-03
2.593e-03
3.148e-03
3.148e-03
4.815e-03
3.333e-03
3.704e-03
6.111e-03
4.444e-03
3.889e-03
4.444e-03
3.148e-03
3.889e-03
4.444e-03
4.074e-03
5.000e-03
4.630e-03
6.296e-03
5.185e-03
5.926e-03
5.741e-03
8.333e-03
9.444e-03
1.741e-02
2.481e-02
2.685e-02
