5.499e-03
6.232e-03
6.232e-03
5.080e-03
5.027e-03
4.922e-03
4.294e-03
5.708e-03
4.922e-03
5.132e-03
4.818e-03
5.499e-03
4.870e-03
5.027e-03
5.080e-03
5.027e-03
5.813e-03
4.451e-03
5.184e-03
5.446e-03
5.394e-03
4.032e-03
4.608e-03
4.556e-03
3.456e-03
3.770e-03
3.299e-03
3.875e-03
2.828e-03
3.509e-03
3.666e-03
3.456e-03
3.247e-03
2.618e-03
3.037e-03
3.666e-03
3.351e-03
3.247e-03
3.351e-03
4.085e-03
4.556e-03
4.399e-03
4.032e-03
4.399e-03
4.085e-03
3.980e-03
4.137e-03
4.399e-03
3.823e-03
5.184e-03
3.770e-03
5.184e-03
6.075e-03
5.603e-03
7.803e-03
6.441e-03
8.745e-03
1.183e-02
1.246e-02
1.079e-02
8.117e-03
6.389e-03
5.603e-03
4.922e-03
3.875e-03
3.509e-03
2.933e-03
2.357e-03
2.566e-03
2.828e-03
2.723e-03
1.990e-03
1.519e-03
1.309e-03
2.042e-03
2.199e-03
2.566e-03
2.042e-03
1.833e-03
1.519e-03
1.780e-03
1.780e-03
2.095e-03
1.362e-03
1.780e-03
1.362e-03
1.571e-03
1.519e-03
1.414e-03
1.100e-03
1.257e-03
1.257e-03
1.519e-03
1.047e-03
1.362e-03
1.309e-03
1.833e-03
1.362e-03
9.426e-04
1.414e-03
9.950e-04
9.426e-04
1.204e-03
1.100e-03
1.204e-03
1.047e-03
8.379e-04
1.204e-03
1.414e-03
9.950e-04
1.047e-03
8.902e-04
1.257e-03
1.257e-03
1.047e-03
1.204e-03
1.204e-03
1.362e-03
9.950e-04
1.152e-03
1.257e-03
1.047e-03
1.623e-03
1.047e-03
8.379e-04
1.047e-03
1.047e-03
7.855e-04
7.331e-04
1.519e-03
8.379e-04
1.466e-03
9.426e-04
1.623e-03
9.426e-04
1.257e-03
1.100e-03
9.950e-04
1.519e-03
1.414e-03
1.204e-03
1.204e-03
1.362e-03
1.152e-03
1.466e-03
1.047e-03
1.362e-03
1.780e-03
1.571e-03
1.204e-03
1.990e-03
1.833e-03
1.414e-03
1.309e-03
1.885e-03
1.571e-03
1.623e-03
2.042e-03
1.885e-03
2.042e-03
1.990e-03
2.252e-03
1.885e-03
2.042e-03
1.362e-03
2.042e-03
1.885e-03
1.885e-03
2.409e-03
2.461e-03
1.833e-03
1.833e-03
1.676e-03
2.095e-03
1.990e-03
2.147e-03
1.990e-03
2.095e-03
2.252e-03
2.357e-03
2.566e-03
1.623e-03
2.618e-03
2.304e-03
1.728e-03
1.676e-03
1.728e-03
2.252e-03
1.990e-03
2.304e-03
2.514e-03
2.304e-03
1.938e-03
2.409e-03
1.833e-03
1.728e-03
2.252e-03
1.623e-03
1.833e-03
1.728e-03
1.885e-03
1.519e-03
1.938e-03
2.147e-03
1.362e-03
1.833e-03
1.362e-03
1.519e-03
9.426e-04
1.885e-03
1.676e-03
1.571e-03
1.938e-03
1.152e-03
8.379e-04
9.426e-04
1.362e-03
9.426e-04
1.152e-03
1.309e-03
9.426e-04
1.204e-03
1.047e-03
9.950e-04
7.855e-04
1.152e-03
1.100e-03
9.950e-04
1.047e-03
8.379e-04
8.379e-04
6.284e-04
1.152e-03
9.426e-04
9.950e-04
1.204e-03
8.902e-04
9.426e-04
8.902e-04
1.466e-03
1.100e-03
1.204e-03
1.152e-03
9.950e-04
1.414e-03
1.676e-03
9.426e-04
1.257e-03
1.152e-03
8.379e-04
1.257e-03
1.100e-03
2.304e-03
9.950e-04
8.379e-04
1.519e-03
1.466e-03
1.047e-03
1.152e-03
1.309e-03
8.902e-04
9.426e-04
1.152e-03
1.728e-03
1.152e-03
1.362e-03
1.362e-03
1.204e-03
1.990e-03
1.519e-03
8.379e-04
1.152e-03
1.466e-03
1.571e-03
1.990e-03
1.152e-03
1.571e-03
1.309e-03
1.938e-03
1.362e-03
1.519e-03
2.042e-03
1.833e-03
1.833e-03
1.571e-03
2.147e-03
2.252e-03
1.990e-03
2.357e-03
1.414e-03
2.252e-03
3.037e-03
2.199e-03
2.775e-03
3.090e-03
3.404e-03
3.090e-03
4.661e-03
5.760e-03
6.075e-03
9.478e-03
1.142e-02
1.299e-02
9.793e-03
9.531e-03
6.860e-03
8.012e-03
6.022e-03
5.237e-03
5.394e-03
5.237e-03
3.875e-03
3.666e-03
3.718e-03
3.509e-03
3.928e-03
4.242e-03
4.713e-03
4.242e-03
3.718e-03
3.718e-03
3.509e-03
3.875e-03
4.032e-03
3.509e-03
3.613e-03
3.090e-03
3.090e-03
2.671e-03
3.456e-03
4.085e-03
2.880e-03
3.613e-03
3.875e-03
3.456e-03
3.980e-03
3.090e-03
3.980e-03
4.189e-03
3.351e-03
4.242e-03
5.080e-03
4.189e-03
4.451e-03
4.556e-03
5.656e-03
4.975e-03
4.765e-03
4.922e-03
4.818e-03
4.870e-03
4.765e-03
5.551e-03
4.504e-03
4.765e-03
4.818e-03
4.085e-03
5.917e-03
5.080e-03
5.656e-03
