8.986e-03
7.147e-03
6.180e-03
5.132e-03
4.219e-03
3.962e-03
3.590e-03
3.509e-03
3.300e-03
3.252e-03
3.300e-03
2.894e-03
2.982e-03
3.205e-03
2.908e-03
2.921e-03
3.286e-03
3.029e-03
2.928e-03
3.097e-03
2.975e-03
2.989e-03
3.225e-03
2.914e-03
3.002e-03
2.908e-03
3.246e-03
3.131e-03
3.448e-03
3.239e-03
3.584e-03
3.516e-03
3.624e-03
4.145e-03
4.091e-03
4.037e-03
3.922e-03
3.820e-03
3.800e-03
3.462e-03
3.550e-03
3.374e-03
3.320e-03
3.178e-03
3.726e-03
3.631e-03
4.294e-03
4.361e-03
4.639e-03
5.423e-03
6.072e-03
6.998e-03
8.019e-03
9.284e-03
1.175e-02
1.453e-02
1.530e-02
1.325e-02
1.158e-02
1.208e-02
1.209e-02
7.607e-03
4.916e-03
3.760e-03
3.361e-03
3.131e-03
2.847e-03
2.495e-03
2.738e-03
2.982e-03
3.110e-03
2.853e-03
2.468e-03
2.340e-03
1.873e-03
2.049e-03
1.657e-03
1.413e-03
1.494e-03
1.386e-03
1.379e-03
1.359e-03
1.420e-03
1.298e-03
1.143e-03
1.271e-03
1.325e-03
1.251e-03
1.271e-03
1.224e-03
1.136e-03
8.384e-04
9.264e-04
8.790e-04
8.587e-04
8.655e-04
8.114e-04
8.858e-04
8.384e-04
8.114e-04
8.925e-04
8.384e-04
6.694e-04
8.452e-04
7.438e-04
7.979e-04
7.303e-04
6.626e-04
8.046e-04
7.235e-04
9.196e-04
8.046e-04
8.723e-04
8.384e-04
9.534e-04
1.177e-03
9.804e-04
1.177e-03
1.271e-03
1.170e-03
1.204e-03
1.136e-03
1.237e-03
1.298e-03
1.007e-03
1.183e-03
9.466e-04
9.602e-04
1.062e-03
1.035e-03
9.872e-04
8.925e-04
9.128e-04
8.790e-04
8.723e-04
6.897e-04
7.979e-04
7.505e-04
7.167e-04
8.452e-04
7.438e-04
9.061e-04
1.048e-03
9.804e-04
9.940e-04
1.007e-03
9.466e-04
9.399e-04
1.143e-03
1.122e-03
1.082e-03
1.183e-03
1.149e-03
1.258e-03
1.163e-03
1.237e-03
1.291e-03
1.291e-03
1.366e-03
1.420e-03
1.690e-03
1.555e-03
1.738e-03
1.799e-03
1.839e-03
2.137e-03
2.279e-03
2.637e-03
2.380e-03
2.569e-03
3.158e-03
2.705e-03
2.826e-03
3.097e-03
3.056e-03
3.570e-03
3.922e-03
4.111e-03
4.476e-03
4.611e-03
5.281e-03
4.287e-03
4.530e-03
4.314e-03
3.787e-03
3.699e-03
3.225e-03
3.137e-03
2.887e-03
2.678e-03
2.590e-03
2.556e-03
2.184e-03
1.819e-03
1.954e-03
2.096e-03
1.826e-03
1.968e-03
1.873e-03
1.846e-03
1.731e-03
1.643e-03
1.623e-03
1.508e-03
1.467e-03
1.555e-03
1.237e-03
1.319e-03
1.271e-03
1.177e-03
1.109e-03
1.156e-03
1.116e-03
1.035e-03
9.399e-04
9.940e-04
6.829e-04
7.911e-04
1.035e-03
9.061e-04
8.249e-04
7.303e-04
7.844e-04
8.925e-04
9.466e-04
8.993e-04
9.872e-04
8.317e-04
1.035e-03
9.061e-04
9.940e-04
9.737e-04
9.466e-04
9.669e-04
1.041e-03
1.204e-03
1.035e-03
1.095e-03
1.339e-03
1.204e-03
1.048e-03
1.237e-03
1.312e-03
8.993e-04
1.116e-03
1.048e-03
8.993e-04
9.264e-04
1.021e-03
9.466e-04
8.114e-04
7.708e-04
8.046e-04
7.370e-04
6.965e-04
7.505e-04
7.979e-04
6.694e-04
8.384e-04
8.182e-04
8.317e-04
7.438e-04
7.641e-04
7.505e-04
7.708e-04
8.182e-04
9.196e-04
1.041e-03
9.061e-04
1.089e-03
1.177e-03
1.068e-03
1.298e-03
1.210e-03
1.291e-03
1.332e-03
1.339e-03
1.359e-03
1.332e-03
1.231e-03
1.325e-03
1.386e-03
1.427e-03
1.724e-03
1.555e-03
1.826e-03
2.103e-03
2.157e-03
2.867e-03
2.603e-03
2.793e-03
2.894e-03
2.847e-03
2.779e-03
2.813e-03
3.002e-03
3.577e-03
3.996e-03
5.058e-03
7.546e-03
1.195e-02
1.162e-02
1.123e-02
1.305e-02
1.471e-02
1.412e-02
1.222e-02
1.026e-02
8.324e-03
6.958e-03
5.802e-03
5.037e-03
4.618e-03
4.057e-03
3.888e-03
3.645e-03
3.638e-03
3.327e-03
3.672e-03
3.469e-03
3.476e-03
4.037e-03
3.942e-03
4.077e-03
4.037e-03
4.361e-03
4.395e-03
4.368e-03
3.814e-03
3.374e-03
3.408e-03
3.401e-03
3.205e-03
3.489e-03
3.192e-03
2.941e-03
3.158e-03
3.178e-03
3.036e-03
3.063e-03
3.070e-03
2.725e-03
2.853e-03
2.766e-03
2.995e-03
3.192e-03
2.887e-03
3.083e-03
2.698e-03
2.880e-03
3.036e-03
3.219e-03
3.192e-03
3.584e-03
3.388e-03
4.206e-03
4.314e-03
5.227e-03
6.086e-03
7.539e-03
