4.379e-02
1.516e-02
1.056e-02
7.916e-03
5.519e-03
4.627e-03
5.547e-03
4.237e-03
4.265e-03
4.320e-03
4.460e-03
4.404e-03
4.404e-03
4.543e-03
4.850e-03
5.324e-03
4.488e-03
4.069e-03
3.484e-03
3.568e-03
3.679e-03
3.150e-03
2.871e-03
2.787e-03
1.728e-03
2.063e-03
1.533e-03
2.230e-03
1.505e-03
1.477e-03
1.728e-03
2.341e-03
1.979e-03
1.589e-03
2.146e-03
1.477e-03
2.090e-03
2.090e-03
1.310e-03
1.533e-03
1.366e-03
1.143e-03
1.366e-03
1.254e-03
1.700e-03
1.477e-03
9.198e-04
1.533e-03
1.115e-03
1.840e-03
1.477e-03
1.422e-03
1.366e-03
2.118e-03
3.568e-03
5.602e-03
3.707e-03
2.927e-03
3.401e-03
3.345e-03
3.345e-03
2.648e-03
2.035e-03
2.090e-03
2.063e-03
1.728e-03
1.812e-03
1.812e-03
1.700e-03
1.561e-03
1.840e-03
1.477e-03
1.394e-03
1.199e-03
1.366e-03
1.171e-03
1.003e-03
9.477e-04
7.804e-04
5.296e-04
5.853e-04
4.738e-04
6.968e-04
5.017e-04
8.641e-04
7.526e-04
8.641e-04
8.641e-04
1.031e-03
8.362e-04
6.968e-04
5.575e-04
9.198e-04
6.132e-04
4.181e-04
6.132e-04
5.853e-04
4.738e-04
6.690e-04
8.362e-04
8.083e-04
5.017e-04
9.756e-04
8.083e-04
1.143e-03
9.477e-04
1.422e-03
1.254e-03
1.226e-03
1.728e-03
1.645e-03
1.756e-03
1.561e-03
2.202e-03
1.477e-03
2.146e-03
1.840e-03
2.341e-03
2.481e-03
2.509e-03
2.648e-03
2.843e-03
3.819e-03
3.038e-03
3.763e-03
4.376e-03
3.540e-03
1.979e-03
1.951e-03
1.645e-03
1.617e-03
1.840e-03
1.394e-03
1.477e-03
1.700e-03
1.059e-03
1.143e-03
1.199e-03
1.338e-03
1.226e-03
1.477e-03
1.115e-03
1.589e-03
1.617e-03
1.867e-03
1.672e-03
1.561e-03
2.118e-03
2.063e-03
1.979e-03
1.728e-03
2.035e-03
1.784e-03
1.812e-03
1.923e-03
2.035e-03
2.118e-03
2.286e-03
2.481e-03
2.982e-03
3.317e-03
3.345e-03
3.846e-03
3.651e-03
4.543e-03
4.794e-03
4.934e-03
4.181e-03
4.125e-03
3.401e-03
4.125e-03
3.623e-03
4.515e-03
4.237e-03
5.324e-03
5.435e-03
6.662e-03
7.637e-03
9.142e-03
1.756e-02
4.142e-02
1.711e-02
9.616e-03
8.278e-03
6.717e-03
5.881e-03
5.268e-03
4.989e-03
4.432e-03
4.460e-03
4.181e-03
4.488e-03
4.571e-03
4.404e-03
4.627e-03
4.292e-03
3.735e-03
3.205e-03
3.707e-03
3.010e-03
3.317e-03
2.955e-03
2.759e-03
2.564e-03
2.202e-03
1.645e-03
2.007e-03
2.118e-03
1.895e-03
1.812e-03
1.840e-03
1.784e-03
1.812e-03
2.202e-03
2.202e-03
1.756e-03
1.840e-03
1.505e-03
1.756e-03
9.756e-04
1.226e-03
1.338e-03
1.366e-03
1.199e-03
1.951e-03
1.171e-03
1.477e-03
1.533e-03
1.505e-03
1.449e-03
1.700e-03
1.672e-03
2.313e-03
2.090e-03
3.456e-03
3.623e-03
3.484e-03
3.038e-03
3.819e-03
3.261e-03
2.230e-03
2.258e-03
2.453e-03
2.564e-03
1.840e-03
2.007e-03
1.282e-03
1.617e-03
1.923e-03
1.895e-03
1.589e-03
1.366e-03
1.338e-03
1.366e-03
1.226e-03
7.247e-04
1.254e-03
8.919e-04
7.526e-04
8.083e-04
8.641e-04
6.968e-04
6.690e-04
6.132e-04
6.411e-04
7.247e-04
5.575e-04
5.296e-04
6.411e-04
6.132e-04
6.968e-04
6.411e-04
1.031e-03
1.031e-03
8.641e-04
7.526e-04
5.853e-04
5.017e-04
4.460e-04
6.690e-04
4.738e-04
7.804e-04
7.526e-04
1.059e-03
8.083e-04
1.031e-03
1.394e-03
1.561e-03
1.645e-03
1.477e-03
1.561e-03
1.561e-03
1.812e-03
1.226e-03
1.979e-03
2.202e-03
2.146e-03
2.453e-03
2.481e-03
2.536e-03
3.094e-03
3.512e-03
3.568e-03
3.094e-03
4.153e-03
5.630e-03
3.122e-03
2.146e-03
1.867e-03
1.477e-03
1.477e-03
1.199e-03
1.282e-03
1.589e-03
1.031e-03
1.087e-03
1.338e-03
1.171e-03
1.115e-03
1.561e-03
1.394e-03
1.617e-03
1.561e-03
2.035e-03
1.533e-03
1.979e-03
2.063e-03
1.979e-03
2.063e-03
1.895e-03
1.310e-03
2.174e-03
1.310e-03
1.895e-03
1.979e-03
2.230e-03
1.895e-03
2.369e-03
2.815e-03
3.373e-03
3.902e-03
3.568e-03
3.233e-03
4.599e-03
4.822e-03
5.073e-03
5.017e-03
4.543e-03
4.348e-03
3.428e-03
4.320e-03
3.874e-03
4.292e-03
3.902e-03
4.906e-03
4.822e-03
5.881e-03
6.996e-03
9.728e-03
1.580e-02
