1.067e-02
5.559e-03
6.155e-03
6.701e-03
4.765e-03
5.658e-03
5.510e-03
4.318e-03
5.658e-03
5.956e-03
5.261e-03
5.510e-03
4.864e-03
5.559e-03
4.418e-03
5.361e-03
5.708e-03
5.758e-03
4.616e-03
4.964e-03
5.063e-03
4.765e-03
5.013e-03
4.715e-03
3.921e-03
3.872e-03
3.971e-03
3.425e-03
4.070e-03
3.921e-03
3.723e-03
3.623e-03
4.715e-03
4.765e-03
3.474e-03
4.169e-03
3.177e-03
5.510e-03
3.524e-03
3.872e-03
5.013e-03
4.815e-03
4.219e-03
5.212e-03
4.169e-03
4.169e-03
2.531e-03
3.673e-03
3.772e-03
2.829e-03
4.566e-03
3.326e-03
3.772e-03
4.666e-03
5.361e-03
5.162e-03
7.197e-03
7.942e-03
8.239e-03
1.102e-02
1.300e-02
8.091e-03
7.147e-03
5.261e-03
4.517e-03
4.169e-03
2.730e-03
2.631e-03
2.184e-03
2.730e-03
2.382e-03
1.092e-03
1.638e-03
7.942e-04
7.942e-04
1.092e-03
9.927e-04
1.241e-03
1.340e-03
1.191e-03
1.291e-03
2.035e-03
1.688e-03
1.291e-03
7.942e-04
7.942e-04
1.142e-03
1.439e-03
1.191e-03
1.291e-03
1.390e-03
1.439e-03
9.431e-04
9.431e-04
1.390e-03
1.390e-03
1.191e-03
9.927e-04
8.934e-04
1.142e-03
9.927e-04
1.042e-03
1.688e-03
1.241e-03
7.445e-04
1.539e-03
1.241e-03
1.092e-03
8.934e-04
1.241e-03
1.688e-03
1.191e-03
1.390e-03
1.092e-03
1.985e-03
7.445e-04
1.837e-03
2.382e-03
2.482e-03
1.588e-03
1.489e-03
1.092e-03
1.489e-03
1.291e-03
8.934e-04
8.934e-04
1.241e-03
1.241e-03
7.445e-04
1.042e-03
1.142e-03
1.291e-03
1.439e-03
8.438e-04
1.291e-03
1.539e-03
1.291e-03
9.927e-04
1.390e-03
1.787e-03
1.092e-03
1.390e-03
1.489e-03
1.340e-03
8.934e-04
1.886e-03
1.390e-03
1.042e-03
1.241e-03
1.390e-03
1.688e-03
1.241e-03
1.936e-03
1.340e-03
1.539e-03
2.035e-03
1.837e-03
2.482e-03
1.737e-03
1.688e-03
1.638e-03
1.340e-03
2.283e-03
2.382e-03
1.390e-03
1.886e-03
1.489e-03
2.482e-03
1.539e-03
1.737e-03
1.142e-03
1.688e-03
1.042e-03
1.588e-03
1.886e-03
1.539e-03
1.837e-03
1.688e-03
1.638e-03
2.035e-03
1.886e-03
2.134e-03
1.837e-03
1.787e-03
1.390e-03
2.382e-03
1.737e-03
2.035e-03
1.588e-03
1.291e-03
1.390e-03
1.439e-03
1.588e-03
1.936e-03
2.581e-03
1.886e-03
2.333e-03
2.035e-03
2.035e-03
1.539e-03
1.539e-03
1.439e-03
1.539e-03
1.688e-03
1.985e-03
1.241e-03
1.390e-03
1.737e-03
1.837e-03
1.489e-03
1.390e-03
1.638e-03
1.142e-03
1.291e-03
1.539e-03
1.241e-03
1.737e-03
1.340e-03
1.042e-03
1.638e-03
1.191e-03
1.439e-03
9.927e-04
9.431e-04
9.927e-04
6.453e-04
8.438e-04
8.438e-04
1.588e-03
8.934e-04
8.438e-04
1.142e-03
1.042e-03
7.942e-04
1.390e-03
1.241e-03
1.291e-03
1.191e-03
1.092e-03
1.340e-03
1.092e-03
1.539e-03
1.439e-03
1.985e-03
1.191e-03
1.340e-03
1.042e-03
6.453e-04
1.241e-03
9.431e-04
1.241e-03
1.291e-03
1.340e-03
1.390e-03
1.588e-03
1.390e-03
1.241e-03
2.035e-03
1.340e-03
1.142e-03
1.191e-03
1.340e-03
8.438e-04
1.340e-03
1.291e-03
1.439e-03
1.390e-03
9.927e-04
1.340e-03
1.042e-03
1.092e-03
1.539e-03
1.439e-03
1.539e-03
1.837e-03
1.291e-03
1.092e-03
7.445e-04
1.489e-03
5.460e-04
8.934e-04
1.142e-03
1.439e-03
9.927e-04
8.438e-04
1.191e-03
1.142e-03
1.588e-03
1.291e-03
1.936e-03
1.787e-03
2.234e-03
2.234e-03
2.581e-03
3.673e-03
3.226e-03
4.864e-03
6.552e-03
6.800e-03
8.388e-03
1.117e-02
1.156e-02
9.034e-03
7.545e-03
7.098e-03
5.807e-03
6.006e-03
4.616e-03
3.425e-03
2.780e-03
3.673e-03
3.971e-03
3.077e-03
3.524e-03
4.368e-03
3.971e-03
3.474e-03
4.765e-03
5.261e-03
3.723e-03
4.517e-03
4.566e-03
4.169e-03
4.815e-03
5.162e-03
4.070e-03
4.120e-03
3.772e-03
3.921e-03
3.623e-03
3.822e-03
3.077e-03
4.715e-03
4.864e-03
3.623e-03
4.318e-03
4.616e-03
4.368e-03
4.964e-03
5.013e-03
4.566e-03
4.566e-03
5.013e-03
4.815e-03
5.658e-03
4.418e-03
5.212e-03
4.765e-03
5.212e-03
4.815e-03
6.105e-03
4.666e-03
5.758e-03
4.616e-03
6.254e-03
4.566e-03
5.261e-03
5.758e-03
6.651e-03
6.800e-03
