1.258e-02
5.188e-03
8.332e-03
8.489e-03
7.232e-03
7.074e-03
6.917e-03
6.131e-03
5.031e-03
8.018e-03
6.288e-03
7.074e-03
6.603e-03
7.074e-03
6.603e-03
6.131e-03
6.131e-03
6.760e-03
5.659e-03
4.402e-03
6.917e-03
4.559e-03
5.031e-03
6.288e-03
4.402e-03
6.288e-03
3.930e-03
3.773e-03
4.245e-03
4.873e-03
4.087e-03
2.987e-03
5.031e-03
4.559e-03
2.987e-03
3.459e-03
2.515e-03
3.301e-03
2.358e-03
2.515e-03
3.616e-03
2.358e-03
1.886e-03
3.459e-03
1.572e-03
3.930e-03
2.201e-03
4.716e-03
4.087e-03
2.673e-03
5.345e-03
3.301e-03
2.987e-03
4.402e-03
5.502e-03
7.232e-03
1.148e-02
1.336e-02
1.179e-02
1.022e-02
1.069e-02
8.961e-03
5.502e-03
3.930e-03
2.201e-03
3.773e-03
2.358e-03
2.358e-03
2.201e-03
1.572e-03
9.432e-04
1.258e-03
2.201e-03
6.288e-04
6.288e-04
6.288e-04
7.860e-04
4.716e-04
1.100e-03
1.572e-04
3.144e-04
6.288e-04
6.288e-04
9.432e-04
1.572e-04
3.144e-04
4.716e-04
7.860e-04
1.100e-03
7.860e-04
6.288e-04
7.860e-04
4.716e-04
3.144e-04
6.288e-04
7.860e-04
1.572e-04
3.144e-04
1.572e-04
6.288e-04
6.288e-04
1.572e-04
7.860e-04
6.288e-04
3.144e-04
6.288e-04
9.432e-04
6.288e-04
9.432e-04
1.572e-04
1.258e-03
9.432e-04
6.288e-04
6.288e-04
1.729e-03
4.716e-04
9.432e-04
2.044e-03
2.515e-03
6.288e-04
1.415e-03
1.258e-03
1.415e-03
1.415e-03
4.716e-04
7.860e-04
4.716e-04
1.258e-03
7.860e-04
6.288e-04
1.100e-03
7.860e-04
4.716e-04
1.100e-03
2.044e-03
1.258e-03
1.100e-03
6.288e-04
1.572e-03
1.729e-03
1.572e-03
2.044e-03
1.572e-03
1.415e-03
1.258e-03
1.572e-03
1.886e-03
1.572e-03
9.432e-04
1.415e-03
1.729e-03
1.886e-03
2.673e-03
2.044e-03
2.515e-03
2.044e-03
2.201e-03
2.358e-03
1.729e-03
1.729e-03
1.729e-03
1.729e-03
2.515e-03
2.044e-03
1.572e-03
2.515e-03
2.201e-03
3.144e-03
2.044e-03
1.729e-03
7.860e-04
1.100e-03
1.415e-03
2.201e-03
2.201e-03
1.572e-03
1.415e-03
2.830e-03
1.572e-03
2.673e-03
3.144e-03
1.886e-03
2.201e-03
2.515e-03
1.415e-03
2.358e-03
4.716e-04
2.044e-03
1.415e-03
1.100e-03
1.886e-03
1.729e-03
2.515e-03
2.673e-03
2.987e-03
1.572e-03
2.673e-03
1.729e-03
9.432e-04
7.860e-04
1.258e-03
1.886e-03
1.572e-03
1.729e-03
2.830e-03
7.860e-04
7.860e-04
3.144e-03
2.044e-03
2.830e-03
1.415e-03
1.415e-03
1.100e-03
1.258e-03
1.415e-03
1.415e-03
1.572e-03
1.415e-03
1.100e-03
2.044e-03
7.860e-04
1.415e-03
1.100e-03
7.860e-04
1.258e-03
4.716e-04
1.572e-04
6.288e-04
1.100e-03
1.415e-03
4.716e-04
7.860e-04
6.288e-04
4.716e-04
9.432e-04
9.432e-04
9.432e-04
7.860e-04
9.432e-04
1.100e-03
1.258e-03
1.415e-03
1.415e-03
1.729e-03
4.716e-04
7.860e-04
0.000e+00
3.144e-04
1.258e-03
9.432e-04
6.288e-04
1.415e-03
7.860e-04
6.288e-04
1.100e-03
7.860e-04
6.288e-04
7.860e-04
6.288e-04
6.288e-04
3.144e-04
6.288e-04
4.716e-04
4.716e-04
1.415e-03
7.860e-04
1.729e-03
7.860e-04
9.432e-04
4.716e-04
3.144e-04
6.288e-04
1.572e-04
1.258e-03
1.100e-03
4.716e-04
1.258e-03
6.288e-04
3.144e-04
6.288e-04
0.000e+00
7.860e-04
9.432e-04
4.716e-04
4.716e-04
9.432e-04
1.572e-03
1.572e-03
1.729e-03
1.415e-03
6.288e-04
1.258e-03
2.358e-03
2.358e-03
2.201e-03
2.987e-03
2.358e-03
3.616e-03
5.188e-03
9.275e-03
9.747e-03
1.116e-02
1.368e-02
1.242e-02
1.085e-02
8.018e-03
5.974e-03
4.873e-03
4.873e-03
2.987e-03
3.301e-03
5.031e-03
3.301e-03
3.930e-03
4.402e-03
3.301e-03
1.886e-03
2.201e-03
3.616e-03
3.301e-03
2.358e-03
2.987e-03
3.459e-03
3.930e-03
5.974e-03
3.459e-03
3.773e-03
3.301e-03
4.559e-03
4.087e-03
2.830e-03
3.301e-03
3.930e-03
5.502e-03
3.459e-03
3.459e-03
3.773e-03
3.144e-03
4.716e-03
6.603e-03
4.559e-03
4.559e-03
4.873e-03
6.131e-03
5.502e-03
4.087e-03
7.074e-03
6.288e-03
7.389e-03
6.760e-03
7.232e-03
7.074e-03
7.860e-03
5.659e-03
7.860e-03
5.974e-03
7.389e-03
7.074e-03
1.148e-02
9.275e-03
