1.394e-02
6.674e-03
8.068e-03
8.141e-03
5.208e-03
6.895e-03
5.794e-03
4.767e-03
6.748e-03
7.335e-03
5.941e-03
6.601e-03
5.354e-03
6.748e-03
5.061e-03
6.381e-03
6.234e-03
7.628e-03
5.721e-03
6.234e-03
6.234e-03
5.794e-03
4.547e-03
5.501e-03
4.254e-03
4.254e-03
3.961e-03
3.961e-03
4.034e-03
4.034e-03
3.594e-03
4.694e-03
5.061e-03
4.767e-03
3.227e-03
4.474e-03
3.594e-03
5.208e-03
3.887e-03
4.034e-03
6.381e-03
4.914e-03
4.474e-03
5.868e-03
5.061e-03
3.741e-03
2.494e-03
4.767e-03
4.914e-03
2.860e-03
4.767e-03
3.447e-03
2.787e-03
3.594e-03
3.374e-03
3.374e-03
3.447e-03
2.787e-03
3.887e-03
2.714e-03
2.127e-03
2.274e-03
2.860e-03
1.980e-03
2.787e-03
2.714e-03
1.907e-03
2.420e-03
2.347e-03
2.714e-03
2.054e-03
1.247e-03
1.174e-03
6.601e-04
6.601e-04
1.760e-03
1.100e-03
1.760e-03
2.347e-03
1.320e-03
1.980e-03
3.447e-03
2.127e-03
1.760e-03
1.027e-03
1.027e-03
1.100e-03
1.614e-03
1.614e-03
1.394e-03
9.535e-04
1.834e-03
1.320e-03
1.247e-03
1.834e-03
1.540e-03
1.760e-03
1.247e-03
1.174e-03
1.687e-03
1.540e-03
1.760e-03
2.787e-03
1.834e-03
1.027e-03
2.127e-03
1.760e-03
1.614e-03
1.174e-03
1.760e-03
2.200e-03
1.467e-03
2.420e-03
1.614e-03
2.420e-03
8.802e-04
2.347e-03
3.227e-03
4.254e-03
2.347e-03
2.347e-03
1.394e-03
2.420e-03
1.760e-03
1.247e-03
9.535e-04
1.687e-03
2.054e-03
1.174e-03
1.540e-03
1.467e-03
1.834e-03
1.980e-03
8.802e-04
1.540e-03
2.054e-03
1.614e-03
1.540e-03
1.907e-03
2.494e-03
1.394e-03
1.834e-03
1.687e-03
1.540e-03
1.174e-03
1.687e-03
1.467e-03
1.027e-03
1.027e-03
1.394e-03
2.054e-03
1.687e-03
1.540e-03
1.174e-03
5.868e-04
1.394e-03
1.834e-03
2.347e-03
1.760e-03
1.614e-03
1.834e-03
1.394e-03
2.054e-03
2.274e-03
1.760e-03
2.494e-03
1.687e-03
3.007e-03
1.687e-03
1.834e-03
8.802e-04
8.802e-04
1.027e-03
1.320e-03
8.802e-04
1.467e-03
1.394e-03
1.394e-03
1.394e-03
1.834e-03
8.802e-04
1.320e-03
5.868e-04
8.068e-04
9.535e-04
2.127e-03
1.394e-03
1.540e-03
1.540e-03
1.027e-03
1.027e-03
1.467e-03
1.467e-03
2.127e-03
2.640e-03
1.980e-03
2.420e-03
2.347e-03
1.834e-03
1.247e-03
1.907e-03
1.467e-03
1.614e-03
1.394e-03
1.907e-03
1.027e-03
1.394e-03
1.247e-03
1.247e-03
1.320e-03
1.834e-03
2.054e-03
1.247e-03
1.980e-03
1.394e-03
1.907e-03
2.054e-03
1.687e-03
1.394e-03
2.054e-03
1.980e-03
1.540e-03
1.247e-03
1.247e-03
1.467e-03
8.802e-04
1.100e-03
8.068e-04
2.567e-03
1.467e-03
1.394e-03
1.687e-03
1.467e-03
1.100e-03
1.394e-03
1.540e-03
1.760e-03
1.540e-03
1.394e-03
1.980e-03
1.614e-03
2.274e-03
1.907e-03
3.007e-03
1.834e-03
1.834e-03
1.540e-03
9.535e-04
1.834e-03
1.320e-03
1.834e-03
1.760e-03
1.907e-03
2.274e-03
2.714e-03
1.687e-03
1.760e-03
3.081e-03
1.760e-03
1.540e-03
2.054e-03
1.687e-03
1.394e-03
1.687e-03
1.614e-03
1.467e-03
2.274e-03
1.027e-03
1.760e-03
1.394e-03
1.687e-03
1.907e-03
2.054e-03
1.760e-03
2.127e-03
1.027e-03
1.174e-03
8.802e-04
1.834e-03
9.535e-04
1.027e-03
1.760e-03
1.980e-03
9.535e-04
1.174e-03
1.394e-03
1.320e-03
1.687e-03
1.320e-03
1.834e-03
1.687e-03
1.907e-03
1.614e-03
1.540e-03
2.640e-03
2.054e-03
3.594e-03
3.227e-03
2.714e-03
2.714e-03
1.834e-03
3.887e-03
3.961e-03
2.787e-03
2.640e-03
4.914e-03
4.767e-03
3.887e-03
2.860e-03
3.594e-03
3.521e-03
3.961e-03
3.154e-03
5.354e-03
4.474e-03
3.227e-03
4.988e-03
5.941e-03
5.134e-03
4.327e-03
5.354e-03
4.767e-03
4.107e-03
4.547e-03
5.648e-03
4.988e-03
4.621e-03
3.374e-03
3.227e-03
3.594e-03
2.347e-03
2.200e-03
4.107e-03
6.161e-03
3.814e-03
5.721e-03
4.327e-03
4.694e-03
6.161e-03
5.354e-03
4.694e-03
5.281e-03
5.721e-03
5.868e-03
6.234e-03
4.621e-03
6.088e-03
4.914e-03
5.574e-03
5.134e-03
5.941e-03
5.721e-03
6.308e-03
4.914e-03
7.775e-03
4.988e-03
5.501e-03
7.261e-03
8.655e-03
8.435e-03
