1.131e-02
9.774e-03
1.131e-02
8.432e-03
7.091e-03
7.857e-03
4.216e-03
7.282e-03
5.366e-03
6.899e-03
6.708e-03
7.666e-03
5.941e-03
6.133e-03
5.941e-03
6.324e-03
9.774e-03
6.324e-03
7.857e-03
9.007e-03
7.282e-03
6.324e-03
7.282e-03
7.091e-03
5.558e-03
5.174e-03
4.599e-03
5.174e-03
3.641e-03
4.408e-03
3.641e-03
4.599e-03
2.300e-03
1.725e-03
2.683e-03
3.641e-03
2.108e-03
2.108e-03
3.450e-03
3.450e-03
2.491e-03
3.833e-03
1.725e-03
2.875e-03
2.300e-03
2.491e-03
2.108e-03
2.300e-03
1.725e-03
3.641e-03
1.342e-03
2.108e-03
3.833e-03
3.833e-03
2.683e-03
1.533e-03
3.066e-03
2.683e-03
2.300e-03
1.916e-03
7.666e-04
1.150e-03
1.150e-03
1.150e-03
1.725e-03
5.749e-04
7.666e-04
1.916e-04
5.749e-04
1.342e-03
7.666e-04
9.582e-04
1.342e-03
9.582e-04
2.300e-03
1.150e-03
1.916e-03
2.683e-03
1.533e-03
1.150e-03
1.916e-03
1.150e-03
1.916e-03
7.666e-04
9.582e-04
1.150e-03
2.300e-03
1.725e-03
1.342e-03
1.150e-03
2.491e-03
1.150e-03
2.108e-03
1.916e-03
1.916e-03
2.683e-03
3.450e-03
2.108e-03
2.491e-03
2.875e-03
2.300e-03
1.725e-03
2.108e-03
2.491e-03
2.875e-03
1.916e-03
1.725e-03
2.108e-03
3.066e-03
2.875e-03
2.491e-03
1.533e-03
3.066e-03
3.258e-03
1.916e-03
3.258e-03
2.683e-03
2.683e-03
2.108e-03
2.683e-03
2.683e-03
1.725e-03
2.491e-03
2.683e-03
2.108e-03
2.300e-03
1.916e-03
1.342e-03
1.150e-03
2.300e-03
1.342e-03
2.683e-03
1.725e-03
2.491e-03
1.916e-03
1.533e-03
1.533e-03
1.725e-03
2.875e-03
2.491e-03
1.916e-03
1.725e-03
1.725e-03
1.916e-03
1.342e-03
1.150e-03
1.916e-03
2.491e-03
1.150e-03
2.108e-03
9.582e-04
2.108e-03
1.150e-03
1.342e-03
1.342e-03
1.916e-03
2.108e-03
1.150e-03
1.725e-03
2.491e-03
1.916e-03
2.300e-03
1.725e-03
3.258e-03
1.533e-03
1.725e-03
2.108e-03
1.533e-03
1.342e-03
2.491e-03
1.916e-03
2.491e-03
2.300e-03
2.683e-03
1.533e-03
1.725e-03
1.725e-03
2.491e-03
1.533e-03
2.300e-03
1.533e-03
7.666e-04
1.150e-03
1.916e-03
2.108e-03
2.108e-03
1.725e-03
3.066e-03
1.916e-03
1.916e-03
9.582e-04
1.150e-03
9.582e-04
2.300e-03
1.150e-03
1.725e-03
2.108e-03
9.582e-04
4.216e-03
2.683e-03
1.916e-03
1.916e-03
2.108e-03
1.916e-03
1.725e-03
2.491e-03
9.582e-04
1.725e-03
1.150e-03
3.450e-03
1.725e-03
2.491e-03
2.491e-03
2.108e-03
1.342e-03
5.749e-04
2.300e-03
1.725e-03
1.916e-03
2.300e-03
1.150e-03
2.491e-03
1.916e-03
1.725e-03
1.533e-03
1.533e-03
1.533e-03
2.491e-03
1.725e-03
1.342e-03
1.916e-03
1.725e-03
2.683e-03
1.725e-03
1.342e-03
1.725e-03
2.108e-03
2.683e-03
1.725e-03
3.258e-03
3.066e-03
3.066e-03
2.491e-03
2.108e-03
3.066e-03
3.833e-03
2.108e-03
2.875e-03
1.916e-03
5.749e-04
2.108e-03
2.300e-03
6.133e-03
1.725e-03
2.300e-03
3.066e-03
2.491e-03
1.916e-03
2.491e-03
3.450e-03
1.916e-03
1.725e-03
2.491e-03
1.916e-03
9.582e-04
1.725e-03
1.533e-03
1.725e-03
3.066e-03
1.725e-03
3.833e-04
1.725e-03
7.666e-04
1.533e-03
2.300e-03
1.533e-03
1.916e-03
1.725e-03
1.916e-03
7.666e-04
1.533e-03
2.108e-03
1.533e-03
1.916e-03
7.666e-04
9.582e-04
7.666e-04
1.150e-03
5.749e-04
7.666e-04
3.833e-04
7.666e-04
7.666e-04
5.749e-04
1.342e-03
1.342e-03
1.342e-03
1.150e-03
1.342e-03
1.533e-03
1.725e-03
1.342e-03
2.108e-03
9.582e-04
2.875e-03
1.533e-03
3.066e-03
4.025e-03
2.491e-03
2.683e-03
2.108e-03
2.491e-03
2.491e-03
1.342e-03
2.491e-03
3.450e-03
2.683e-03
3.641e-03
1.916e-03
2.683e-03
1.725e-03
3.066e-03
5.366e-03
3.833e-03
3.641e-03
1.916e-03
1.916e-03
1.725e-03
3.258e-03
3.066e-03
4.408e-03
2.683e-03
4.983e-03
5.366e-03
4.599e-03
4.599e-03
4.025e-03
6.133e-03
5.941e-03
5.558e-03
4.983e-03
7.857e-03
6.133e-03
6.899e-03
6.899e-03
7.474e-03
7.474e-03
5.558e-03
8.049e-03
7.474e-03
6.899e-03
5.174e-03
7.091e-03
5.558e-03
7.091e-03
6.899e-03
6.133e-03
8.624e-03
7.666e-03
7.857e-03
