1.727e-01
1.005e-01
6.533e-02
2.575e-02
1.759e-02
1.068e-02
1.382e-02
1.005e-02
1.382e-02
8.166e-03
5.653e-03
6.910e-03
8.166e-03
1.005e-02
8.166e-03
6.281e-03
5.653e-03
2.513e-03
4.397e-03
5.025e-03
2.513e-03
1.884e-03
1.884e-03
6.281e-04
0.000e+00
0.000e+00
0.000e+00
1.256e-03
6.281e-04
0.000e+00
6.281e-04
0.000e+00
6.281e-04
1.884e-03
0.000e+00
0.000e+00
0.000e+00
0.000e+00
0.000e+00
0.000e+00
0.000e+00
6.281e-04
0.000e+00
0.000e+00
0.000e+00
0.000e+00
0.000e+00
0.000e+00
0.000e+00
0.000e+00
0.000e+00
0.000e+00
0.000e+00
0.000e+00
0.000e+00
0.000e+00
0.000e+00
0.000e+00
0.000e+00
0.000e+00
0.000e+00
0.000e+00
0.000e+00
0.000e+00
0.000e+00
0.000e+00
0.000e+00
0.000e+00
0.000e+00
0.000e+00
0.000e+00
0.000e+00
0.000e+00
0.000e+00
0.000e+00
0.000e+00
0.000e+00
0.000e+00
0.000e+00
0.000e+00
0.000e+00
0.000e+00
0.000e+00
0.000e+00
0.000e+00
0.000e+00
0.000e+00
0.000e+00
0.000e+00
0.000e+00
0.000e+00
0.000e+00
0.000e+00
0.000e+00
0.000e+00
0.000e+00
0.000e+00
0.000e+00
0.000e+00
6.281e-04
0.000e+00
0.000e+00
0.000e+00
0.000e+00
0.000e+00
1.256e-03
0.000e+00
0.000e+00
0.000e+00
0.000e+00
1.884e-03
0.000e+00
0.000e+00
0.000e+00
0.000e+00
0.000e+00
0.000e+00
0.000e+00
0.000e+00
0.000e+00
6.281e-04
0.000e+00
6.281e-04
0.000e+00
0.000e+00
6.281e-04
0.000e+00
0.000e+00
0.000e+00
0.000e+00
1.256e-03
2.513e-03
0.000e+00
6.281e-04
0.000e+00
6.281e-04
1.256e-03
0.000e+00
1.256e-03
0.000e+00
6.281e-04
1.256e-03
6.281e-04
6.281e-04
6.281e-04
0.000e+00
1.256e-03
1.884e-03
1.256e-03
0.000e+00
2.513e-03
6.281e-04
1.256e-03
3.769e-03
3.141e-03
1.884e-03
6.281e-04
6.281e-04
6.281e-04
0.000e+00
6.281e-04
0.000e+00
6.281e-04
1.256e-03
3.769e-03
1.256e-03
4.397e-03
1.256e-03
6.281e-04
1.884e-03
1.256e-03
2.513e-03
1.256e-03
6.281e-04
1.256e-03
1.884e-03
1.256e-03
1.884e-03
6.281e-04
0.000e+00
2.513e-03
1.256e-03
0.000e+00
6.281e-04
1.884e-03
1.256e-03
0.000e+00
1.256e-03
1.884e-03
1.256e-03
2.513e-03
0.000e+00
6.281e-04
1.256e-03
1.884e-03
1.256e-03
1.256e-03
2.513e-03
6.281e-04
1.884e-03
1.256e-03
1.256e-03
6.281e-04
2.513e-03
0.000e+00
6.281e-04
3.769e-03
3.141e-03
6.281e-04
0.000e+00
0.000e+00
1.884e-03
1.256e-03
6.281e-04
6.281e-04
0.000e+00
0.000e+00
6.281e-04
0.000e+00
6.281e-04
0.000e+00
0.000e+00
1.256e-03
6.281e-04
0.000e+00
6.281e-04
6.281e-04
0.000e+00
0.000e+00
6.281e-04
6.281e-04
0.000e+00
0.000e+00
0.000e+00
0.000e+00
0.000e+00
0.000e+00
0.000e+00
0.000e+00
0.000e+00
1.884e-03
0.000e+00
6.281e-04
0.000e+00
0.000e+00
6.281e-04
0.000e+00
0.000e+00
0.000e+00
0.000e+00
0.000e+00
6.281e-04
1.884e-03
0.000e+00
0.000e+00
0.000e+00
0.000e+00
0.000e+00
0.000e+00
0.000e+00
0.000e+00
0.000e+00
0.000e+00
0.000e+00
0.000e+00
0.000e+00
0.000e+00
0.000e+00
6.281e-04
0.000e+00
0.000e+00
0.000e+00
0.000e+00
0.000e+00
0.000e+00
0.000e+00
0.000e+00
0.000e+00
0.000e+00
0.000e+00
0.000e+00
0.000e+00
0.000e+00
0.000e+00
0.000e+00
1.256e-03
0.000e+00
0.000e+00
0.000e+00
0.000e+00
0.000e+00
0.000e+00
0.000e+00
0.000e+00
0.000e+00
0.000e+00
0.000e+00
0.000e+00
0.000e+00
0.000e+00
0.000e+00
0.000e+00
0.000e+00
0.000e+00
0.000e+00
0.000e+00
0.000e+00
0.000e+00
0.000e+00
0.000e+00
0.000e+00
0.000e+00
0.000e+00
0.000e+00
0.000e+00
0.000e+00
0.000e+00
0.000e+00
0.000e+00
6.281e-04
0.000e+00
6.281e-04
6.281e-04
0.000e+00
6.281e-04
0.000e+00
0.000e+00
6.281e-04
0.000e+00
1.256e-03
0.000e+00
6.281e-04
0.000e+00
0.000e+00
6.281e-04
0.000e+00
1.256e-03
6.281e-04
3.769e-03
1.256e-03
1.884e-03
1.884e-03
4.397e-03
3.769e-03
4.397e-03
7.538e-03
1.068e-02
5.025e-03
1.131e-02
1.005e-02
6.281e-03
1.319e-02
1.759e-02
8.166e-03
1.382e-02
1.319e-02
1.633e-02
3.141e-02
6.344e-02
1.074e-01
