2.062e-02
1.078e-02
8.277e-03
8.746e-03
5.622e-03
9.839e-03
6.247e-03
6.716e-03
8.434e-03
9.683e-03
7.653e-03
9.214e-03
6.716e-03
6.872e-03
5.779e-03
8.590e-03
8.277e-03
9.058e-03
6.872e-03
7.340e-03
8.590e-03
5.779e-03
5.310e-03
3.592e-03
3.592e-03
3.436e-03
4.061e-03
3.280e-03
3.904e-03
3.280e-03
3.436e-03
2.343e-03
3.280e-03
3.592e-03
2.186e-03
2.655e-03
1.562e-03
4.061e-03
2.499e-03
4.061e-03
3.904e-03
4.373e-03
3.904e-03
4.685e-03
5.466e-03
3.124e-03
2.967e-03
3.592e-03
2.967e-03
2.186e-03
3.280e-03
2.030e-03
2.030e-03
2.811e-03
2.811e-03
1.718e-03
2.343e-03
1.406e-03
2.186e-03
1.718e-03
9.371e-04
1.093e-03
9.371e-04
1.093e-03
6.247e-04
1.093e-03
3.124e-04
6.247e-04
3.124e-04
1.562e-03
1.562e-03
4.685e-04
4.685e-04
4.685e-04
7.809e-04
1.562e-03
3.124e-04
1.718e-03
1.874e-03
1.874e-03
1.406e-03
3.592e-03
1.718e-03
1.562e-03
1.093e-03
6.247e-04
1.093e-03
1.249e-03
1.093e-03
2.343e-03
1.249e-03
2.499e-03
1.249e-03
1.093e-03
2.655e-03
1.874e-03
1.718e-03
1.718e-03
1.562e-03
1.874e-03
1.406e-03
2.499e-03
3.280e-03
2.811e-03
1.406e-03
2.655e-03
2.655e-03
2.499e-03
1.874e-03
2.811e-03
3.748e-03
1.874e-03
3.592e-03
2.499e-03
4.373e-03
1.249e-03
3.124e-03
4.373e-03
4.841e-03
4.061e-03
2.655e-03
1.562e-03
2.655e-03
2.343e-03
1.718e-03
1.562e-03
2.343e-03
2.186e-03
1.093e-03
2.186e-03
1.874e-03
1.718e-03
2.811e-03
9.371e-04
1.874e-03
1.874e-03
1.874e-03
1.249e-03
1.718e-03
2.655e-03
1.406e-03
1.562e-03
1.718e-03
2.186e-03
1.093e-03
1.874e-03
1.718e-03
9.371e-04
1.562e-03
1.718e-03
1.406e-03
7.809e-04
1.093e-03
7.809e-04
7.809e-04
1.718e-03
1.249e-03
1.093e-03
1.874e-03
1.874e-03
9.371e-04
1.562e-03
2.499e-03
1.718e-03
9.371e-04
1.406e-03
1.874e-03
1.718e-03
6.247e-04
1.093e-03
1.093e-03
1.249e-03
1.406e-03
1.249e-03
1.718e-03
1.562e-03
1.718e-03
9.371e-04
1.249e-03
1.718e-03
1.406e-03
1.093e-03
1.562e-03
1.093e-03
1.562e-03
2.655e-03
1.249e-03
2.343e-03
2.186e-03
1.093e-03
1.249e-03
1.249e-03
9.371e-04
1.718e-03
2.811e-03
2.186e-03
2.186e-03
1.718e-03
2.343e-03
1.249e-03
1.718e-03
9.371e-04
1.562e-03
9.371e-04
2.186e-03
1.249e-03
1.874e-03
1.562e-03
1.406e-03
1.406e-03
2.186e-03
2.343e-03
2.030e-03
9.371e-04
1.874e-03
1.718e-03
2.811e-03
2.499e-03
1.093e-03
2.499e-03
2.186e-03
1.406e-03
1.562e-03
1.406e-03
1.406e-03
7.809e-04
1.874e-03
1.406e-03
2.655e-03
1.406e-03
1.562e-03
2.967e-03
1.406e-03
1.093e-03
2.655e-03
2.343e-03
2.030e-03
1.874e-03
1.874e-03
2.967e-03
2.343e-03
3.748e-03
3.124e-03
4.841e-03
2.655e-03
2.030e-03
2.811e-03
7.809e-04
1.874e-03
1.249e-03
2.343e-03
2.343e-03
2.967e-03
2.499e-03
3.280e-03
2.655e-03
2.811e-03
4.841e-03
2.499e-03
2.343e-03
2.811e-03
1.874e-03
1.562e-03
1.406e-03
1.406e-03
1.874e-03
1.718e-03
2.030e-03
2.186e-03
1.249e-03
1.718e-03
1.718e-03
1.562e-03
1.406e-03
1.093e-03
9.371e-04
1.093e-03
6.247e-04
1.562e-03
9.371e-04
6.247e-04
1.249e-03
1.249e-03
9.371e-04
9.371e-04
1.093e-03
9.371e-04
3.124e-04
4.685e-04
3.124e-04
1.093e-03
1.562e-04
6.247e-04
1.093e-03
1.093e-03
1.249e-03
1.249e-03
9.371e-04
1.249e-03
1.093e-03
3.124e-04
3.592e-03
2.499e-03
1.249e-03
1.562e-03
3.592e-03
4.529e-03
2.967e-03
1.093e-03
2.343e-03
2.811e-03
2.499e-03
2.655e-03
5.154e-03
4.061e-03
3.436e-03
4.217e-03
4.529e-03
4.841e-03
4.061e-03
3.124e-03
3.280e-03
4.217e-03
2.343e-03
3.124e-03
2.967e-03
3.280e-03
3.280e-03
2.967e-03
1.874e-03
3.904e-03
2.967e-03
4.373e-03
3.748e-03
3.280e-03
4.841e-03
3.904e-03
6.403e-03
6.403e-03
5.779e-03
6.559e-03
6.872e-03
7.965e-03
6.091e-03
8.434e-03
6.247e-03
5.779e-03
6.559e-03
5.310e-03
5.310e-03
9.214e-03
6.716e-03
7.496e-03
5.622e-03
8.121e-03
6.247e-03
5.935e-03
8.590e-03
9.058e-03
9.995e-03
