2.023e-02
3.468e-02
2.890e-03
1.445e-02
1.445e-02
1.156e-02
1.156e-02
1.445e-02
5.780e-03
1.156e-02
5.780e-03
5.780e-03
1.445e-02
1.734e-02
0.000e+00
5.780e-03
5.780e-03
0.000e+00
2.890e-03
2.890e-03
5.780e-03
0.000e+00
5.780e-03
0.000e+00
2.890e-03
5.780e-03
5.780e-03
8.671e-03
5.780e-03
5.780e-03
5.780e-03
0.000e+00
0.000e+00
0.000e+00
2.890e-03
2.890e-03
0.000e+00
2.890e-03
0.000e+00
5.780e-03
0.000e+00
0.000e+00
5.780e-03
2.890e-03
1.156e-02
5.780e-03
8.671e-03
1.156e-02
2.890e-03
8.671e-03
1.156e-02
1.445e-02
1.445e-02
1.445e-02
1.445e-02
2.601e-02
1.156e-02
5.780e-03
5.780e-03
2.890e-03
2.890e-03
5.780e-03
1.156e-02
0.000e+00
5.780e-03
0.000e+00
2.890e-03
0.000e+00
2.890e-03
2.890e-03
0.000e+00
0.000e+00
0.000e+00
0.000e+00
2.890e-03
2.890e-03
0.000e+00
0.000e+00
0.000e+00
2.890e-03
2.890e-03
0.000e+00
0.000e+00
0.000e+00
0.000e+00
0.000e+00
5.780e-03
0.000e+00
0.000e+00
0.000e+00
2.890e-03
2.890e-03
0.000e+00
0.000e+00
0.000e+00
0.000e+00
0.000e+00
0.000e+00
0.000e+00
0.000e+00
0.000e+00
0.000e+00
0.000e+00
2.890e-03
0.000e+00
0.000e+00
0.000e+00
0.000e+00
0.000e+00
0.000e+00
2.890e-03
0.000e+00
0.000e+00
0.000e+00
0.000e+00
0.000e+00
0.000e+00
0.000e+00
0.000e+00
0.000e+00
0.000e+00
0.000e+00
2.890e-03
0.000e+00
0.000e+00
0.000e+00
0.000e+00
0.000e+00
0.000e+00
0.000e+00
0.000e+00
0.000e+00
0.000e+00
0.000e+00
0.000e+00
2.890e-03
0.000e+00
0.000e+00
0.000e+00
0.000e+00
0.000e+00
0.000e+00
2.890e-03
0.000e+00
0.000e+00
0.000e+00
0.000e+00
0.000e+00
0.000e+00
0.000e+00
0.000e+00
0.000e+00
0.000e+00
2.890e-03
0.000e+00
0.000e+00
2.890e-03
0.000e+00
2.890e-03
0.000e+00
0.000e+00
0.000e+00
0.000e+00
2.890e-03
0.000e+00
0.000e+00
2.890e-03
2.890e-03
0.000e+00
0.000e+00
0.000e+00
0.000e+00
0.000e+00
0.000e+00
2.890e-03
0.000e+00
0.000e+00
0.000e+00
0.000e+00
2.890e-03
2.890e-03
0.000e+00
0.000e+00
0.000e+00
0.000e+00
0.000e+00
0.000e+00
0.000e+00
0.000e+00
0.000e+00
0.000e+00
2.890e-03
2.890e-03
0.000e+00
0.000e+00
0.000e+00
0.000e+00
0.000e+00
0.000e+00
0.000e+00
0.000e+00
2.890e-03
0.000e+00
0.000e+00
0.000e+00
0.000e+00
0.000e+00
0.000e+00
0.000e+00
0.000e+00
0.000e+00
0.000e+00
0.000e+00
0.000e+00
2.890e-03
0.000e+00
0.000e+00
0.000e+00
0.000e+00
2.890e-03
2.890e-03
2.890e-03
0.000e+00
0.000e+00
0.000e+00
0.000e+00
2.890e-03
0.000e+00
0.000e+00
0.000e+00
0.000e+00
0.000e+00
0.000e+00
0.000e+00
0.000e+00
0.000e+00
0.000e+00
0.000e+00
0.000e+00
0.000e+00
0.000e+00
0.000e+00
0.000e+00
0.000e+00
0.000e+00
0.000e+00
0.000e+00
0.000e+00
0.000e+00
0.000e+00
2.890e-03
0.000e+00
0.000e+00
0.000e+00
0.000e+00
0.000e+00
0.000e+00
2.890e-03
0.000e+00
0.000e+00
0.000e+00
0.000e+00
0.000e+00
0.000e+00
0.000e+00
0.000e+00
0.000e+00
0.000e+00
2.890e-03
2.890e-03
0.000e+00
2.890e-03
0.000e+00
0.000e+00
0.000e+00
2.890e-03
2.890e-03
0.000e+00
0.000e+00
0.000e+00
0.000e+00
2.890e-03
0.000e+00
2.890e-03
2.890e-03
0.000e+00
0.000e+00
0.000e+00
0.000e+00
0.000e+00
2.890e-03
2.890e-03
0.000e+00
0.000e+00
5.780e-03
2.890e-03
0.000e+00
0.000e+00
8.671e-03
2.890e-03
2.890e-03
2.890e-03
5.780e-03
5.780e-03
1.734e-02
1.445e-02
1.734e-02
1.156e-02
1.156e-02
1.445e-02
2.890e-03
5.780e-03
0.000e+00
0.000e+00
2.890e-03
2.890e-03
5.780e-03
5.780e-03
0.000e+00
5.780e-03
0.000e+00
2.890e-03
8.671e-03
2.890e-03
5.780e-03
1.156e-02
2.890e-03
5.780e-03
0.000e+00
5.780e-03
2.890e-03
0.000e+00
2.890e-03
2.890e-03
0.000e+00
2.890e-03
5.780e-03
0.000e+00
5.780e-03
8.671e-03
0.000e+00
8.671e-03
1.445e-02
0.000e+00
1.156e-02
1.445e-02
0.000e+00
2.890e-03
1.156e-02
1.156e-02
1.445e-02
2.890e-03
5.780e-03
5.780e-03
2.890e-03
5.780e-03
5.780e-03
8.671e-03
1.734e-02
1.734e-02
