6.647e-02
2.261e-02
1.615e-02
1.188e-02
7.970e-03
5.990e-03
7.240e-03
4.636e-03
4.688e-03
4.584e-03
3.802e-03
4.271e-03
3.907e-03
3.907e-03
4.063e-03
4.271e-03
3.386e-03
2.292e-03
2.344e-03
2.188e-03
1.771e-03
1.458e-03
1.563e-03
1.354e-03
8.855e-04
9.376e-04
5.209e-04
6.772e-04
2.084e-04
6.772e-04
7.813e-04
1.458e-03
9.376e-04
1.302e-03
1.823e-03
6.772e-04
8.855e-04
7.813e-04
6.251e-04
4.167e-04
7.813e-04
3.646e-04
6.772e-04
6.251e-04
1.094e-03
1.042e-03
5.730e-04
1.615e-03
1.094e-03
2.084e-03
9.897e-04
1.563e-03
1.250e-03
1.771e-03
2.084e-03
1.719e-03
1.771e-03
2.500e-03
3.855e-03
3.282e-03
3.594e-03
3.334e-03
3.073e-03
2.813e-03
2.917e-03
2.500e-03
2.500e-03
2.552e-03
2.552e-03
2.396e-03
2.657e-03
2.031e-03
1.667e-03
1.563e-03
1.615e-03
1.406e-03
1.042e-03
7.292e-04
6.251e-04
6.772e-04
6.251e-04
3.125e-04
6.772e-04
5.730e-04
8.334e-04
7.292e-04
4.688e-04
5.730e-04
6.772e-04
4.167e-04
6.251e-04
4.167e-04
6.251e-04
3.125e-04
3.125e-04
5.209e-04
5.730e-04
4.167e-04
7.813e-04
1.042e-03
9.897e-04
4.167e-04
1.094e-03
6.772e-04
1.250e-03
1.250e-03
1.823e-03
1.563e-03
1.042e-03
2.031e-03
2.188e-03
2.552e-03
2.344e-03
2.709e-03
2.031e-03
3.177e-03
2.813e-03
2.604e-03
3.125e-03
2.657e-03
2.604e-03
3.021e-03
4.271e-03
3.230e-03
1.979e-03
2.657e-03
1.875e-03
1.615e-03
1.511e-03
2.084e-03
1.406e-03
1.719e-03
1.146e-03
1.458e-03
1.979e-03
7.813e-04
1.146e-03
6.772e-04
7.292e-04
5.730e-04
8.334e-04
3.646e-04
9.376e-04
6.251e-04
1.406e-03
7.813e-04
9.376e-04
1.354e-03
1.250e-03
1.198e-03
9.897e-04
1.302e-03
4.688e-04
5.209e-04
7.292e-04
6.772e-04
1.198e-03
9.897e-04
9.897e-04
1.302e-03
1.511e-03
2.292e-03
1.458e-03
2.188e-03
2.292e-03
3.230e-03
3.334e-03
3.125e-03
3.386e-03
3.125e-03
4.323e-03
3.490e-03
4.584e-03
5.001e-03
5.886e-03
7.136e-03
9.584e-03
1.026e-02
1.391e-02
2.750e-02
6.115e-02
2.636e-02
1.474e-02
1.188e-02
9.689e-03
7.240e-03
6.615e-03
4.896e-03
4.844e-03
4.688e-03
3.959e-03
3.855e-03
3.282e-03
3.282e-03
2.917e-03
3.177e-03
2.344e-03
2.292e-03
1.719e-03
1.615e-03
1.615e-03
1.615e-03
1.250e-03
1.563e-03
1.198e-03
4.688e-04
6.772e-04
8.334e-04
9.376e-04
1.042e-03
1.094e-03
8.334e-04
1.406e-03
1.094e-03
1.042e-03
9.897e-04
1.042e-03
6.772e-04
7.292e-04
3.125e-04
7.292e-04
9.897e-04
1.042e-03
6.772e-04
1.406e-03
8.855e-04
1.667e-03
1.771e-03
1.250e-03
1.354e-03
1.563e-03
1.771e-03
2.136e-03
1.979e-03
1.823e-03
1.302e-03
1.823e-03
2.969e-03
4.480e-03
3.490e-03
2.136e-03
2.292e-03
3.334e-03
2.969e-03
2.500e-03
2.709e-03
1.771e-03
2.240e-03
2.865e-03
2.552e-03
2.292e-03
2.084e-03
1.719e-03
1.667e-03
1.719e-03
7.292e-04
1.198e-03
1.198e-03
7.813e-04
7.813e-04
8.855e-04
8.855e-04
6.251e-04
6.251e-04
4.167e-04
4.167e-04
5.209e-04
4.688e-04
2.604e-04
4.688e-04
4.688e-04
4.688e-04
3.646e-04
9.376e-04
6.772e-04
5.209e-04
5.209e-04
5.730e-04
4.688e-04
8.334e-04
2.604e-04
7.813e-04
6.251e-04
1.302e-03
6.251e-04
1.146e-03
1.823e-03
1.875e-03
1.979e-03
1.875e-03
1.927e-03
2.188e-03
2.604e-03
1.875e-03
2.709e-03
3.073e-03
2.813e-03
3.646e-03
3.177e-03
3.021e-03
3.594e-03
2.969e-03
4.167e-03
2.813e-03
2.344e-03
2.709e-03
1.458e-03
1.354e-03
2.031e-03
1.563e-03
1.302e-03
1.354e-03
1.042e-03
1.198e-03
9.897e-04
5.730e-04
7.813e-04
6.251e-04
5.730e-04
7.292e-04
6.772e-04
7.813e-04
6.772e-04
5.730e-04
9.376e-04
8.855e-04
1.615e-03
1.302e-03
1.511e-03
8.334e-04
7.292e-04
6.772e-04
4.688e-04
6.251e-04
4.688e-04
8.855e-04
8.334e-04
9.897e-04
1.615e-03
1.719e-03
1.823e-03
2.448e-03
1.719e-03
2.448e-03
3.073e-03
4.063e-03
4.063e-03
4.011e-03
4.480e-03
3.177e-03
3.802e-03
3.855e-03
4.636e-03
4.740e-03
6.459e-03
6.303e-03
7.917e-03
1.000e-02
1.521e-02
2.433e-02
