1.849e-02
7.112e-03
6.401e-03
8.535e-03
7.824e-03
4.267e-03
4.267e-03
2.845e-03
4.979e-03
1.422e-03
7.824e-03
7.112e-03
4.979e-03
4.979e-03
9.957e-03
7.824e-03
4.267e-03
3.556e-03
9.957e-03
7.824e-03
7.824e-03
7.824e-03
8.535e-03
7.824e-03
1.138e-02
9.246e-03
4.979e-03
3.556e-03
2.134e-03
2.845e-03
2.134e-03
3.556e-03
2.845e-03
6.401e-03
4.979e-03
4.979e-03
3.556e-03
7.112e-03
2.134e-03
1.422e-03
4.979e-03
3.556e-03
3.556e-03
1.422e-03
6.401e-03
4.267e-03
2.845e-03
2.134e-03
1.422e-03
4.979e-03
2.845e-03
9.246e-03
1.494e-02
3.556e-03
5.690e-03
4.979e-03
1.280e-02
7.824e-03
7.112e-03
3.556e-03
7.112e-03
6.401e-03
1.138e-02
9.246e-03
5.690e-03
4.979e-03
4.267e-03
4.979e-03
3.556e-03
1.422e-03
1.422e-03
7.112e-04
1.422e-03
7.112e-04
2.845e-03
7.112e-04
0.000e+00
7.112e-04
7.112e-04
2.134e-03
0.000e+00
0.000e+00
0.000e+00
7.112e-04
0.000e+00
0.000e+00
0.000e+00
0.000e+00
0.000e+00
1.422e-03
2.134e-03
0.000e+00
1.422e-03
0.000e+00
1.422e-03
7.112e-04
0.000e+00
7.112e-04
3.556e-03
2.134e-03
7.112e-04
0.000e+00
1.422e-03
0.000e+00
0.000e+00
0.000e+00
7.112e-04
0.000e+00
7.112e-04
0.000e+00
7.112e-04
1.422e-03
7.112e-04
7.112e-04
0.000e+00
2.845e-03
2.134e-03
2.134e-03
7.112e-04
4.267e-03
7.112e-04
7.112e-04
1.422e-03
0.000e+00
7.112e-04
2.134e-03
0.000e+00
7.112e-04
1.422e-03
1.422e-03
2.134e-03
0.000e+00
0.000e+00
2.134e-03
1.422e-03
2.845e-03
7.112e-04
2.845e-03
0.000e+00
1.422e-03
1.422e-03
0.000e+00
0.000e+00
2.845e-03
7.112e-04
2.134e-03
7.112e-04
1.422e-03
0.000e+00
1.422e-03
0.000e+00
7.112e-04
0.000e+00
0.000e+00
0.000e+00
7.112e-04
0.000e+00
0.000e+00
7.112e-04
7.112e-04
7.112e-04
7.112e-04
1.422e-03
2.134e-03
1.422e-03
0.000e+00
0.000e+00
1.422e-03
7.112e-04
0.000e+00
2.134e-03
2.845e-03
7.112e-04
7.112e-04
7.112e-04
7.112e-04
7.112e-04
7.112e-04
7.112e-04
7.112e-04
7.112e-04
0.000e+00
1.422e-03
1.422e-03
7.112e-04
0.000e+00
1.422e-03
2.845e-03
0.000e+00
0.000e+00
1.422e-03
7.112e-04
0.000e+00
0.000e+00
7.112e-04
0.000e+00
0.000e+00
7.112e-04
7.112e-04
7.112e-04
7.112e-04
1.422e-03
1.422e-03
7.112e-04
0.000e+00
0.000e+00
7.112e-04
0.000e+00
7.112e-04
7.112e-04
7.112e-04
1.422e-03
7.112e-04
0.000e+00
1.422e-03
1.422e-03
0.000e+00
3.556e-03
7.112e-04
1.422e-03
0.000e+00
0.000e+00
1.422e-03
1.422e-03
7.112e-04
0.000e+00
0.000e+00
7.112e-04
0.000e+00
7.112e-04
7.112e-04
7.112e-04
1.422e-03
7.112e-04
2.845e-03
1.422e-03
7.112e-04
7.112e-04
7.112e-04
1.422e-03
1.422e-03
2.134e-03
1.422e-03
1.422e-03
1.422e-03
2.134e-03
7.112e-04
7.112e-04
7.112e-04
2.134e-03
1.422e-03
7.112e-04
0.000e+00
2.134e-03
0.000e+00
7.112e-04
1.422e-03
1.422e-03
7.112e-04
0.000e+00
7.112e-04
2.845e-03
7.112e-04
2.134e-03
7.112e-04
7.112e-04
0.000e+00
0.000e+00
7.112e-04
2.845e-03
1.422e-03
1.422e-03
0.000e+00
0.000e+00
7.112e-04
7.112e-04
0.000e+00
7.112e-04
0.000e+00
0.000e+00
7.112e-04
1.422e-03
2.845e-03
7.112e-04
0.000e+00
1.422e-03
2.845e-03
1.422e-03
1.422e-03
1.422e-03
0.000e+00
3.556e-03
4.267e-03
7.112e-04
6.401e-03
2.845e-03
7.824e-03
7.112e-03
9.246e-03
5.690e-03
1.138e-02
1.067e-02
7.112e-03
1.138e-02
8.535e-03
3.556e-03
6.401e-03
1.067e-02
9.957e-03
1.067e-02
4.267e-03
4.979e-03
4.267e-03
4.979e-03
3.556e-03
3.556e-03
7.112e-04
1.422e-03
2.845e-03
7.112e-04
2.845e-03
4.267e-03
4.267e-03
4.979e-03
2.134e-03
5.690e-03
3.556e-03
6.401e-03
4.979e-03
5.690e-03
2.845e-03
3.556e-03
4.267e-03
4.979e-03
4.979e-03
7.112e-03
1.067e-02
8.535e-03
1.280e-02
7.112e-03
4.267e-03
5.690e-03
6.401e-03
6.401e-03
5.690e-03
7.824e-03
3.556e-03
2.845e-03
7.112e-03
6.401e-03
4.979e-03
4.267e-03
4.267e-03
4.979e-03
5.690e-03
5.690e-03
4.979e-03
6.401e-03
4.979e-03
8.535e-03
