9.987e-02
9.611e-02
6.093e-02
4.271e-02
2.701e-02
1.822e-02
1.193e-02
1.508e-02
1.068e-02
8.794e-03
5.025e-03
8.166e-03
4.397e-03
6.281e-03
3.769e-03
6.281e-03
6.281e-03
5.025e-03
1.445e-02
5.653e-03
3.141e-03
7.538e-03
1.884e-03
2.513e-03
6.281e-04
6.281e-04
0.000e+00
6.281e-04
0.000e+00
6.281e-04
0.000e+00
6.281e-04
0.000e+00
0.000e+00
0.000e+00
6.281e-04
0.000e+00
6.281e-04
0.000e+00
0.000e+00
6.281e-04
0.000e+00
0.000e+00
0.000e+00
0.000e+00
0.000e+00
0.000e+00
0.000e+00
0.000e+00
0.000e+00
0.000e+00
0.000e+00
0.000e+00
0.000e+00
0.000e+00
0.000e+00
0.000e+00
0.000e+00
0.000e+00
0.000e+00
0.000e+00
0.000e+00
0.000e+00
0.000e+00
0.000e+00
0.000e+00
0.000e+00
0.000e+00
0.000e+00
0.000e+00
0.000e+00
0.000e+00
0.000e+00
0.000e+00
0.000e+00
0.000e+00
0.000e+00
0.000e+00
0.000e+00
0.000e+00
0.000e+00
0.000e+00
0.000e+00
0.000e+00
0.000e+00
0.000e+00
0.000e+00
0.000e+00
0.000e+00
0.000e+00
0.000e+00
0.000e+00
0.000e+00
0.000e+00
0.000e+00
0.000e+00
0.000e+00
0.000e+00
0.000e+00
6.281e-04
0.000e+00
1.884e-03
0.000e+00
0.000e+00
0.000e+00
0.000e+00
0.000e+00
0.000e+00
0.000e+00
0.000e+00
0.000e+00
0.000e+00
0.000e+00
6.281e-04
6.281e-04
0.000e+00
1.256e-03
0.000e+00
0.000e+00
0.000e+00
0.000e+00
6.281e-04
0.000e+00
0.000e+00
6.281e-04
6.281e-04
0.000e+00
1.256e-03
0.000e+00
1.256e-03
0.000e+00
0.000e+00
6.281e-04
1.256e-03
6.281e-04
6.281e-04
1.256e-03
0.000e+00
6.281e-04
0.000e+00
6.281e-04
6.281e-04
1.884e-03
1.884e-03
1.256e-03
6.281e-04
6.281e-04
0.000e+00
0.000e+00
0.000e+00
6.281e-04
6.281e-04
6.281e-04
1.884e-03
6.281e-04
3.141e-03
3.141e-03
6.281e-04
1.884e-03
2.513e-03
6.281e-04
2.513e-03
1.884e-03
2.513e-03
1.884e-03
2.513e-03
1.256e-03
1.256e-03
2.513e-03
1.884e-03
0.000e+00
6.281e-04
0.000e+00
1.884e-03
6.281e-04
1.256e-03
1.884e-03
1.884e-03
0.000e+00
3.141e-03
1.256e-03
6.281e-04
6.281e-04
6.281e-04
0.000e+00
6.281e-04
6.281e-04
1.256e-03
0.000e+00
1.256e-03
1.256e-03
6.281e-04
6.281e-04
1.256e-03
1.884e-03
1.256e-03
6.281e-04
2.513e-03
6.281e-04
1.256e-03
1.256e-03
6.281e-04
1.256e-03
3.141e-03
3.141e-03
1.256e-03
3.141e-03
3.141e-03
1.256e-03
0.000e+00
6.281e-04
0.000e+00
0.000e+00
6.281e-04
0.000e+00
1.256e-03
1.256e-03
0.000e+00
0.000e+00
6.281e-04
0.000e+00
6.281e-04
6.281e-04
1.256e-03
0.000e+00
6.281e-04
0.000e+00
0.000e+00
6.281e-04
0.000e+00
6.281e-04
0.000e+00
6.281e-04
0.000e+00
0.000e+00
0.000e+00
0.000e+00
0.000e+00
0.000e+00
0.000e+00
0.000e+00
0.000e+00
0.000e+00
0.000e+00
0.000e+00
0.000e+00
0.000e+00
6.281e-04
0.000e+00
1.256e-03
0.000e+00
0.000e+00
0.000e+00
0.000e+00
0.000e+00
0.000e+00
6.281e-04
6.281e-04
1.256e-03
1.256e-03
0.000e+00
0.000e+00
0.000e+00
0.000e+00
0.000e+00
0.000e+00
0.000e+00
0.000e+00
0.000e+00
0.000e+00
6.281e-04
0.000e+00
0.000e+00
0.000e+00
0.000e+00
0.000e+00
0.000e+00
0.000e+00
0.000e+00
0.000e+00
0.000e+00
6.281e-04
0.000e+00
0.000e+00
6.281e-04
0.000e+00
0.000e+00
0.000e+00
0.000e+00
0.000e+00
0.000e+00
0.000e+00
0.000e+00
0.000e+00
0.000e+00
0.000e+00
0.000e+00
0.000e+00
0.000e+00
0.000e+00
0.000e+00
0.000e+00
0.000e+00
0.000e+00
0.000e+00
0.000e+00
0.000e+00
0.000e+00
0.000e+00
0.000e+00
0.000e+00
0.000e+00
0.000e+00
0.000e+00
0.000e+00
0.000e+00
0.000e+00
0.000e+00
0.000e+00
6.281e-04
1.256e-03
0.000e+00
0.000e+00
0.000e+00
0.000e+00
0.000e+00
0.000e+00
6.281e-04
0.000e+00
6.281e-04
6.281e-04
6.281e-04
0.000e+00
6.281e-04
6.281e-04
1.256e-03
6.281e-04
2.513e-03
6.281e-04
3.769e-03
7.538e-03
1.005e-02
5.653e-03
5.025e-03
7.538e-03
5.653e-03
5.025e-03
7.538e-03
8.166e-03
1.005e-02
8.166e-03
1.445e-02
1.068e-02
1.382e-02
1.005e-02
2.136e-02
2.575e-02
5.025e-02
7.538e-02
8.480e-02
