5.914e-02
3.763e-02
2.151e-02
1.613e-02
2.151e-02
2.151e-02
5.376e-03
5.376e-03
0.000e+00
0.000e+00
0.000e+00
0.000e+00
1.075e-02
0.000e+00
0.000e+00
0.000e+00
5.376e-03
0.000e+00
0.000e+00
5.376e-03
5.376e-03
5.376e-03
0.000e+00
0.000e+00
0.000e+00
0.000e+00
0.000e+00
0.000e+00
5.376e-03
0.000e+00
5.376e-03
0.000e+00
0.000e+00
0.000e+00
5.376e-03
0.000e+00
0.000e+00
0.000e+00
0.000e+00
0.000e+00
0.000e+00
0.000e+00
0.000e+00
0.000e+00
0.000e+00
0.000e+00
0.000e+00
0.000e+00
0.000e+00
0.000e+00
0.000e+00
0.000e+00
0.000e+00
0.000e+00
0.000e+00
0.000e+00
5.376e-03
5.376e-03
0.000e+00
0.000e+00
0.000e+00
0.000e+00
0.000e+00
0.000e+00
5.376e-03
0.000e+00
0.000e+00
0.000e+00
0.000e+00
0.000e+00
0.000e+00
0.000e+00
0.000e+00
0.000e+00
0.000e+00
0.000e+00
0.000e+00
0.000e+00
0.000e+00
0.000e+00
0.000e+00
0.000e+00
0.000e+00
0.000e+00
0.000e+00
0.000e+00
0.000e+00
0.000e+00
5.376e-03
5.376e-03
5.376e-03
5.376e-03
0.000e+00
0.000e+00
0.000e+00
0.000e+00
0.000e+00
0.000e+00
0.000e+00
0.000e+00
0.000e+00
0.000e+00
0.000e+00
0.000e+00
0.000e+00
0.000e+00
0.000e+00
0.000e+00
0.000e+00
0.000e+00
0.000e+00
0.000e+00
0.000e+00
0.000e+00
0.000e+00
5.376e-03
0.000e+00
0.000e+00
0.000e+00
0.000e+00
0.000e+00
0.000e+00
0.000e+00
0.000e+00
0.000e+00
0.000e+00
0.000e+00
0.000e+00
0.000e+00
0.000e+00
0.000e+00
0.000e+00
0.000e+00
0.000e+00
5.376e-03
0.000e+00
0.000e+00
0.000e+00
0.000e+00
0.000e+00
0.000e+00
5.376e-03
0.000e+00
0.000e+00
0.000e+00
0.000e+00
5.376e-03
0.000e+00
0.000e+00
0.000e+00
0.000e+00
5.376e-03
0.000e+00
5.376e-03
0.000e+00
0.000e+00
0.000e+00
0.000e+00
5.376e-03
0.000e+00
1.075e-02
0.000e+00
0.000e+00
5.376e-03
0.000e+00
0.000e+00
0.000e+00
0.000e+00
0.000e+00
0.000e+00
1.075e-02
0.000e+00
0.000e+00
1.075e-02
0.000e+00
0.000e+00
1.075e-02
3.226e-02
2.688e-02
5.914e-02
4.301e-02
3.763e-02
4.301e-02
3.763e-02
1.075e-02
1.075e-02
1.075e-02
1.075e-02
0.000e+00
0.000e+00
5.376e-03
5.376e-03
0.000e+00
5.376e-03
0.000e+00
0.000e+00
0.000e+00
0.000e+00
0.000e+00
1.075e-02
5.376e-03
5.376e-03
0.000e+00
0.000e+00
0.000e+00
5.376e-03
0.000e+00
0.000e+00
0.000e+00
5.376e-03
0.000e+00
0.000e+00
5.376e-03
0.000e+00
0.000e+00
0.000e+00
0.000e+00
5.376e-03
0.000e+00
0.000e+00
0.000e+00
0.000e+00
0.000e+00
0.000e+00
0.000e+00
0.000e+00
0.000e+00
0.000e+00
0.000e+00
5.376e-03
0.000e+00
0.000e+00
5.376e-03
0.000e+00
0.000e+00
0.000e+00
0.000e+00
0.000e+00
0.000e+00
0.000e+00
0.000e+00
0.000e+00
0.000e+00
0.000e+00
0.000e+00
0.000e+00
0.000e+00
0.000e+00
0.000e+00
0.000e+00
0.000e+00
0.000e+00
0.000e+00
0.000e+00
0.000e+00
0.000e+00
0.000e+00
0.000e+00
0.000e+00
0.000e+00
0.000e+00
0.000e+00
0.000e+00
0.000e+00
0.000e+00
0.000e+00
0.000e+00
0.000e+00
0.000e+00
5.376e-03
0.000e+00
0.000e+00
1.075e-02
0.000e+00
5.376e-03
0.000e+00
0.000e+00
0.000e+00
0.000e+00
0.000e+00
0.000e+00
0.000e+00
0.000e+00
0.000e+00
0.000e+00
5.376e-03
0.000e+00
0.000e+00
0.000e+00
0.000e+00
0.000e+00
0.000e+00
0.000e+00
0.000e+00
0.000e+00
0.000e+00
0.000e+00
0.000e+00
5.376e-03
0.000e+00
0.000e+00
0.000e+00
0.000e+00
0.000e+00
0.000e+00
0.000e+00
0.000e+00
0.000e+00
0.000e+00
0.000e+00
0.000e+00
0.000e+00
0.000e+00
0.000e+00
0.000e+00
0.000e+00
0.000e+00
5.376e-03
0.000e+00
0.000e+00
0.000e+00
0.000e+00
0.000e+00
0.000e+00
0.000e+00
0.000e+00
0.000e+00
5.376e-03
0.000e+00
0.000e+00
5.376e-03
0.000e+00
0.000e+00
5.376e-03
0.000e+00
0.000e+00
0.000e+00
0.000e+00
5.376e-03
1.075e-02
5.376e-03
0.000e+00
0.000e+00
0.000e+00
0.000e+00
0.000e+00
0.000e+00
0.000e+00
5.376e-03
5.376e-03
1.075e-02
0.000e+00
5.376e-03
0.000e+00
1.075e-02
2.688e-02
1.075e-02
3.226e-02
2.688e-02
3.763e-02
