8.430e-02
5.576e-02
4.182e-02
2.636e-02
1.895e-02
1.634e-02
1.307e-02
7.841e-03
1.154e-02
9.148e-03
7.406e-03
7.406e-03
8.059e-03
9.802e-03
5.881e-03
8.713e-03
8.059e-03
6.317e-03
4.574e-03
4.574e-03
4.139e-03
3.921e-03
2.178e-03
1.743e-03
1.960e-03
1.960e-03
1.525e-03
8.713e-04
2.178e-04
8.713e-04
1.743e-03
3.921e-03
6.970e-03
1.350e-02
9.584e-03
6.752e-03
1.743e-03
4.356e-04
0.000e+00
4.356e-04
4.356e-04
2.178e-04
0.000e+00
0.000e+00
0.000e+00
2.178e-04
2.178e-04
0.000e+00
0.000e+00
0.000e+00
0.000e+00
0.000e+00
0.000e+00
0.000e+00
0.000e+00
2.178e-04
0.000e+00
0.000e+00
0.000e+00
0.000e+00
0.000e+00
0.000e+00
0.000e+00
2.178e-04
2.178e-04
2.178e-04
4.356e-04
1.307e-03
3.267e-03
4.574e-03
9.366e-03
7.841e-03
5.663e-03
4.356e-03
3.485e-03
8.713e-04
0.000e+00
4.356e-04
0.000e+00
0.000e+00
0.000e+00
0.000e+00
6.535e-04
0.000e+00
0.000e+00
0.000e+00
0.000e+00
6.535e-04
4.356e-04
2.178e-04
2.178e-04
2.178e-04
2.178e-04
0.000e+00
0.000e+00
0.000e+00
2.178e-04
0.000e+00
2.178e-04
4.356e-04
4.356e-04
2.178e-04
2.178e-04
4.356e-04
8.713e-04
2.178e-04
4.356e-04
1.089e-03
1.743e-03
0.000e+00
8.713e-04
1.307e-03
8.713e-04
8.713e-04
1.089e-03
1.089e-03
1.743e-03
6.535e-04
1.960e-03
1.960e-03
2.396e-03
1.743e-03
2.396e-03
1.307e-03
2.396e-03
1.960e-03
2.178e-03
2.396e-03
1.743e-03
2.396e-03
1.743e-03
1.089e-03
8.713e-04
1.089e-03
1.743e-03
6.535e-04
1.743e-03
2.178e-04
2.178e-04
8.713e-04
8.713e-04
1.089e-03
1.960e-03
2.178e-04
1.307e-03
8.713e-04
6.535e-04
1.089e-03
0.000e+00
4.356e-04
2.178e-04
4.356e-04
2.178e-04
4.356e-04
4.356e-04
4.356e-04
2.178e-04
2.178e-04
4.356e-04
0.000e+00
4.356e-04
4.356e-04
1.960e-03
4.356e-04
4.356e-04
2.178e-04
2.178e-04
4.356e-04
4.356e-04
6.535e-04
2.178e-04
4.356e-04
8.713e-04
2.178e-04
2.178e-04
6.535e-04
1.089e-03
8.713e-04
4.356e-04
6.535e-04
3.921e-03
8.713e-04
1.089e-03
1.743e-03
6.535e-04
2.178e-04
4.356e-04
6.535e-04
4.356e-04
2.178e-04
2.178e-04
2.178e-04
8.713e-04
0.000e+00
6.535e-04
2.178e-04
4.356e-04
1.089e-03
8.713e-04
4.356e-04
8.713e-04
4.356e-04
0.000e+00
6.535e-04
2.178e-04
4.356e-04
2.178e-04
4.356e-04
8.713e-04
0.000e+00
2.178e-04
6.535e-04
4.356e-04
8.713e-04
4.356e-04
6.535e-04
8.713e-04
4.356e-04
4.356e-04
8.713e-04
2.178e-04
2.178e-04
8.713e-04
1.307e-03
1.089e-03
8.713e-04
1.307e-03
1.307e-03
1.743e-03
1.089e-03
1.525e-03
1.525e-03
1.089e-03
1.307e-03
1.960e-03
2.178e-03
1.307e-03
1.525e-03
2.396e-03
3.049e-03
2.178e-03
1.525e-03
3.049e-03
1.525e-03
2.178e-03
8.713e-04
6.535e-04
1.960e-03
1.525e-03
8.713e-04
1.089e-03
8.713e-04
1.525e-03
4.356e-04
6.535e-04
8.713e-04
6.535e-04
4.356e-04
8.713e-04
8.713e-04
0.000e+00
6.535e-04
2.178e-04
2.178e-04
2.178e-04
6.535e-04
0.000e+00
2.178e-04
0.000e+00
0.000e+00
2.178e-04
4.356e-04
4.356e-04
2.178e-04
0.000e+00
0.000e+00
2.178e-04
0.000e+00
2.178e-04
0.000e+00
0.000e+00
2.178e-04
0.000e+00
0.000e+00
2.178e-04
1.089e-03
2.178e-03
4.356e-03
6.317e-03
8.059e-03
9.148e-03
5.663e-03
2.178e-03
6.535e-04
8.713e-04
6.535e-04
0.000e+00
0.000e+00
2.178e-04
0.000e+00
0.000e+00
0.000e+00
0.000e+00
4.356e-04
0.000e+00
0.000e+00
0.000e+00
0.000e+00
2.178e-04
0.000e+00
0.000e+00
4.356e-04
0.000e+00
0.000e+00
0.000e+00
0.000e+00
0.000e+00
0.000e+00
0.000e+00
0.000e+00
2.178e-04
0.000e+00
2.178e-04
6.535e-04
2.178e-03
4.574e-03
9.584e-03
1.242e-02
9.366e-03
5.881e-03
4.356e-04
1.089e-03
2.178e-04
1.089e-03
1.960e-03
2.396e-03
1.743e-03
1.307e-03
2.614e-03
3.703e-03
3.921e-03
3.267e-03
3.485e-03
5.228e-03
6.317e-03
7.624e-03
6.317e-03
8.059e-03
1.046e-02
7.624e-03
8.713e-03
8.713e-03
8.495e-03
1.111e-02
1.285e-02
1.699e-02
1.764e-02
2.832e-02
4.139e-02
5.772e-02
