1.226e-02
6.222e-03
6.403e-03
6.903e-03
4.859e-03
5.995e-03
5.495e-03
4.450e-03
5.540e-03
5.813e-03
5.132e-03
5.132e-03
4.587e-03
5.268e-03
4.314e-03
5.132e-03
5.359e-03
5.359e-03
4.405e-03
4.814e-03
4.905e-03
4.768e-03
4.723e-03
4.678e-03
3.815e-03
3.769e-03
3.996e-03
3.315e-03
4.042e-03
3.906e-03
3.588e-03
3.451e-03
4.632e-03
4.496e-03
3.361e-03
4.314e-03
2.952e-03
5.177e-03
3.588e-03
3.815e-03
4.859e-03
4.541e-03
4.042e-03
4.905e-03
4.042e-03
4.223e-03
2.452e-03
3.724e-03
3.951e-03
2.725e-03
4.405e-03
3.270e-03
3.633e-03
4.950e-03
5.223e-03
5.177e-03
7.130e-03
7.766e-03
7.947e-03
1.031e-02
1.231e-02
7.584e-03
6.767e-03
4.950e-03
4.632e-03
4.450e-03
3.043e-03
2.725e-03
2.498e-03
2.770e-03
2.679e-03
1.635e-03
2.134e-03
1.317e-03
1.181e-03
1.862e-03
1.907e-03
1.862e-03
1.907e-03
1.589e-03
1.907e-03
2.634e-03
2.044e-03
1.771e-03
1.272e-03
1.317e-03
1.362e-03
1.589e-03
1.272e-03
1.317e-03
1.408e-03
1.453e-03
1.045e-03
9.537e-04
1.499e-03
1.589e-03
1.226e-03
1.045e-03
8.629e-04
1.135e-03
9.537e-04
9.991e-04
1.544e-03
1.181e-03
8.629e-04
1.408e-03
1.135e-03
1.045e-03
9.083e-04
1.408e-03
1.771e-03
1.181e-03
1.453e-03
1.045e-03
2.134e-03
8.174e-04
1.862e-03
2.225e-03
2.498e-03
1.589e-03
1.726e-03
1.226e-03
1.453e-03
1.226e-03
9.991e-04
9.537e-04
1.272e-03
1.272e-03
8.629e-04
1.226e-03
1.408e-03
1.272e-03
1.408e-03
9.537e-04
1.362e-03
1.453e-03
1.181e-03
9.537e-04
1.317e-03
1.726e-03
1.045e-03
1.408e-03
1.408e-03
1.226e-03
8.629e-04
1.771e-03
1.272e-03
9.991e-04
1.135e-03
1.362e-03
1.544e-03
1.272e-03
1.771e-03
1.272e-03
1.499e-03
1.953e-03
1.726e-03
2.271e-03
1.589e-03
1.589e-03
1.544e-03
1.272e-03
2.134e-03
2.225e-03
1.317e-03
1.726e-03
1.408e-03
2.271e-03
1.453e-03
1.680e-03
1.045e-03
1.589e-03
9.537e-04
1.453e-03
1.726e-03
1.408e-03
1.680e-03
1.589e-03
1.589e-03
1.953e-03
1.726e-03
2.044e-03
1.726e-03
1.635e-03
1.317e-03
2.225e-03
1.635e-03
1.862e-03
1.499e-03
1.181e-03
1.317e-03
1.362e-03
1.453e-03
1.817e-03
2.407e-03
1.726e-03
2.180e-03
1.953e-03
1.907e-03
1.453e-03
1.408e-03
1.317e-03
1.453e-03
1.544e-03
1.817e-03
1.181e-03
1.408e-03
1.589e-03
1.680e-03
1.362e-03
1.362e-03
1.544e-03
1.045e-03
1.226e-03
1.453e-03
1.226e-03
1.635e-03
1.317e-03
9.991e-04
1.589e-03
1.135e-03
1.317e-03
9.083e-04
9.083e-04
9.537e-04
7.720e-04
9.537e-04
9.537e-04
1.544e-03
9.083e-04
8.174e-04
1.135e-03
9.991e-04
8.174e-04
1.453e-03
1.135e-03
1.317e-03
1.181e-03
1.090e-03
1.499e-03
1.272e-03
1.771e-03
1.680e-03
1.953e-03
1.226e-03
1.544e-03
1.181e-03
7.266e-04
1.317e-03
1.181e-03
1.317e-03
1.317e-03
1.317e-03
1.317e-03
1.453e-03
1.453e-03
1.226e-03
2.044e-03
1.317e-03
1.135e-03
1.317e-03
1.408e-03
9.083e-04
1.499e-03
1.408e-03
1.453e-03
1.453e-03
1.045e-03
1.635e-03
1.090e-03
1.272e-03
1.589e-03
1.589e-03
1.680e-03
2.225e-03
1.589e-03
1.317e-03
9.991e-04
1.817e-03
9.991e-04
1.317e-03
1.589e-03
2.134e-03
1.499e-03
1.408e-03
1.680e-03
1.589e-03
2.044e-03
1.453e-03
2.044e-03
2.134e-03
2.452e-03
2.498e-03
2.997e-03
3.769e-03
3.633e-03
4.678e-03
6.449e-03
6.585e-03
7.993e-03
1.076e-02
1.099e-02
8.538e-03
7.175e-03
6.767e-03
5.995e-03
5.767e-03
4.632e-03
3.588e-03
2.725e-03
3.724e-03
3.860e-03
3.270e-03
3.361e-03
4.314e-03
3.996e-03
3.497e-03
4.723e-03
4.950e-03
3.588e-03
4.269e-03
4.450e-03
4.042e-03
4.587e-03
4.905e-03
3.906e-03
4.042e-03
3.588e-03
3.724e-03
3.588e-03
3.588e-03
3.088e-03
4.450e-03
4.678e-03
3.588e-03
4.269e-03
4.496e-03
4.178e-03
4.678e-03
4.814e-03
4.541e-03
4.314e-03
4.814e-03
4.541e-03
5.313e-03
4.178e-03
4.859e-03
4.632e-03
4.905e-03
4.632e-03
5.813e-03
4.678e-03
5.631e-03
4.678e-03
6.358e-03
4.814e-03
5.223e-03
5.904e-03
6.812e-03
7.084e-03
