2.816e-02
2.687e-02
1.878e-02
1.230e-02
8.579e-03
6.475e-03
4.370e-03
6.475e-03
5.180e-03
3.723e-03
1.942e-03
5.180e-03
2.752e-03
3.885e-03
2.590e-03
4.370e-03
4.532e-03
4.370e-03
5.503e-03
4.370e-03
2.104e-03
5.018e-03
2.104e-03
3.237e-03
3.399e-03
2.914e-03
3.237e-03
4.047e-03
3.237e-03
4.047e-03
2.752e-03
2.590e-03
2.428e-03
2.104e-03
2.266e-03
1.619e-03
1.295e-03
1.942e-03
2.590e-03
1.133e-03
1.781e-03
2.104e-03
1.781e-03
1.457e-03
1.619e-03
2.590e-03
1.295e-03
1.457e-03
1.781e-03
1.781e-03
9.712e-04
1.133e-03
8.093e-04
1.619e-04
8.093e-04
4.856e-04
6.475e-04
8.093e-04
9.712e-04
4.856e-04
6.475e-04
3.237e-04
4.856e-04
1.295e-03
1.133e-03
1.295e-03
1.295e-03
8.093e-04
1.295e-03
3.237e-04
9.712e-04
3.237e-04
6.475e-04
1.295e-03
9.712e-04
4.856e-04
4.856e-04
9.712e-04
1.619e-04
8.093e-04
6.475e-04
6.475e-04
6.475e-04
6.475e-04
6.475e-04
3.237e-04
1.619e-04
1.619e-04
0.000e+00
1.619e-04
4.856e-04
1.619e-04
1.619e-04
4.856e-04
9.712e-04
4.856e-04
8.093e-04
9.712e-04
1.295e-03
6.475e-04
6.475e-04
1.781e-03
3.237e-04
6.475e-04
3.237e-04
4.856e-04
3.237e-04
1.619e-04
1.133e-03
6.475e-04
8.093e-04
4.856e-04
4.856e-04
1.295e-03
9.712e-04
8.093e-04
9.712e-04
1.295e-03
8.093e-04
9.712e-04
6.475e-04
9.712e-04
4.856e-04
8.093e-04
1.133e-03
9.712e-04
9.712e-04
6.475e-04
8.093e-04
1.619e-03
1.619e-03
1.942e-03
1.295e-03
2.104e-03
1.457e-03
6.475e-04
2.104e-03
2.104e-03
1.781e-03
2.428e-03
2.104e-03
1.942e-03
1.781e-03
1.942e-03
3.237e-03
2.104e-03
1.781e-03
2.104e-03
2.104e-03
3.075e-03
2.266e-03
2.104e-03
2.266e-03
3.237e-03
2.266e-03
4.047e-03
4.208e-03
2.428e-03
4.694e-03
4.370e-03
2.752e-03
4.047e-03
3.561e-03
4.856e-03
3.399e-03
5.018e-03
3.075e-03
3.885e-03
3.561e-03
5.018e-03
4.047e-03
4.047e-03
6.313e-03
5.989e-03
7.770e-03
1.101e-02
9.712e-03
1.651e-02
1.797e-02
1.716e-02
2.120e-02
2.218e-02
1.586e-02
1.392e-02
1.165e-02
9.712e-03
7.608e-03
6.798e-03
4.370e-03
4.856e-03
3.561e-03
4.856e-03
3.561e-03
3.885e-03
4.532e-03
3.885e-03
3.237e-03
5.342e-03
3.723e-03
3.237e-03
3.399e-03
3.561e-03
3.075e-03
3.561e-03
4.694e-03
3.075e-03
4.047e-03
4.208e-03
3.237e-03
2.914e-03
2.266e-03
2.752e-03
2.104e-03
2.266e-03
2.266e-03
2.752e-03
2.266e-03
2.914e-03
9.712e-04
1.457e-03
1.781e-03
1.295e-03
2.428e-03
1.457e-03
2.104e-03
1.133e-03
1.457e-03
1.295e-03
1.942e-03
3.237e-04
8.093e-04
6.475e-04
9.712e-04
1.133e-03
4.856e-04
4.856e-04
8.093e-04
1.457e-03
3.237e-04
4.856e-04
9.712e-04
9.712e-04
3.237e-04
8.093e-04
1.295e-03
6.475e-04
1.295e-03
3.237e-04
3.237e-04
1.619e-03
3.237e-04
1.619e-04
4.856e-04
1.133e-03
9.712e-04
9.712e-04
1.133e-03
1.619e-04
1.133e-03
6.475e-04
3.237e-04
4.856e-04
3.237e-04
8.093e-04
3.237e-04
4.856e-04
4.856e-04
4.856e-04
0.000e+00
0.000e+00
1.619e-04
0.000e+00
4.856e-04
4.856e-04
4.856e-04
1.295e-03
1.133e-03
1.295e-03
9.712e-04
4.856e-04
8.093e-04
3.237e-04
6.475e-04
4.856e-04
6.475e-04
6.475e-04
4.856e-04
4.856e-04
4.856e-04
9.712e-04
1.619e-03
8.093e-04
4.856e-04
1.133e-03
1.619e-04
1.457e-03
1.619e-03
1.295e-03
8.093e-04
1.295e-03
6.475e-04
6.475e-04
3.237e-04
1.619e-04
8.093e-04
8.093e-04
9.712e-04
4.856e-04
2.428e-03
1.781e-03
1.619e-03
1.457e-03
1.781e-03
1.295e-03
1.942e-03
1.133e-03
2.104e-03
2.266e-03
3.399e-03
2.428e-03
2.590e-03
1.133e-03
2.104e-03
1.295e-03
1.942e-03
1.781e-03
9.712e-04
1.619e-03
2.914e-03
3.237e-03
1.781e-03
4.047e-03
3.075e-03
2.590e-03
3.723e-03
2.428e-03
2.752e-03
2.914e-03
4.047e-03
2.914e-03
3.237e-03
5.342e-03
3.885e-03
3.399e-03
4.047e-03
2.752e-03
3.399e-03
3.885e-03
3.723e-03
4.208e-03
4.047e-03
5.503e-03
4.532e-03
5.180e-03
5.018e-03
7.284e-03
8.255e-03
1.522e-02
2.185e-02
2.379e-02
