2.855e-02
1.068e-02
7.302e-03
6.266e-03
6.321e-03
5.503e-03
5.068e-03
5.286e-03
4.850e-03
4.632e-03
3.978e-03
5.013e-03
4.196e-03
4.959e-03
6.048e-03
5.558e-03
8.500e-03
5.776e-03
5.286e-03
5.395e-03
6.157e-03
5.286e-03
5.340e-03
4.850e-03
6.048e-03
5.395e-03
4.523e-03
4.468e-03
5.231e-03
5.340e-03
5.068e-03
6.702e-03
6.212e-03
6.157e-03
5.449e-03
5.177e-03
7.084e-03
4.414e-03
4.141e-03
3.651e-03
3.869e-03
3.160e-03
3.978e-03
4.141e-03
3.596e-03
5.122e-03
5.231e-03
4.032e-03
3.051e-03
4.196e-03
4.577e-03
3.760e-03
3.705e-03
3.215e-03
3.869e-03
5.721e-03
7.029e-03
9.427e-03
1.291e-02
1.215e-02
1.024e-02
8.555e-03
6.539e-03
5.830e-03
4.741e-03
2.071e-03
2.398e-03
1.962e-03
2.343e-03
1.635e-03
1.308e-03
1.362e-03
1.471e-03
1.253e-03
1.798e-03
1.417e-03
1.798e-03
1.417e-03
2.234e-03
1.526e-03
1.199e-03
8.718e-04
8.718e-04
8.718e-04
1.635e-03
9.263e-04
1.199e-03
1.471e-03
1.362e-03
2.180e-03
1.744e-03
1.471e-03
1.471e-03
1.308e-03
1.308e-03
1.362e-03
1.090e-03
9.808e-04
9.808e-04
1.526e-03
1.417e-03
1.144e-03
8.173e-04
1.308e-03
1.199e-03
1.035e-03
1.090e-03
1.144e-03
9.808e-04
1.199e-03
9.808e-04
1.308e-03
9.808e-04
8.173e-04
8.173e-04
9.263e-04
1.308e-03
1.362e-03
7.084e-04
1.362e-03
1.308e-03
1.362e-03
1.035e-03
1.035e-03
1.253e-03
1.417e-03
7.629e-04
1.090e-03
1.090e-03
6.539e-04
8.173e-04
1.144e-03
1.035e-03
1.144e-03
1.580e-03
5.994e-04
1.199e-03
1.744e-03
9.808e-04
4.904e-04
7.084e-04
1.144e-03
9.263e-04
8.718e-04
7.629e-04
5.994e-04
8.718e-04
8.173e-04
8.718e-04
1.253e-03
1.144e-03
1.144e-03
5.994e-04
1.199e-03
8.718e-04
1.471e-03
8.173e-04
1.090e-03
7.629e-04
7.629e-04
1.253e-03
4.904e-04
7.629e-04
8.718e-04
7.084e-04
4.904e-04
8.718e-04
5.449e-04
8.718e-04
5.994e-04
8.173e-04
5.994e-04
9.808e-04
9.263e-04
8.718e-04
8.718e-04
1.417e-03
1.199e-03
1.417e-03
9.808e-04
1.580e-03
2.125e-03
1.744e-03
1.853e-03
9.808e-04
9.808e-04
1.035e-03
1.253e-03
1.362e-03
8.718e-04
3.814e-04
7.629e-04
6.539e-04
8.173e-04
3.814e-04
1.090e-03
8.718e-04
4.359e-04
7.084e-04
1.308e-03
7.084e-04
7.629e-04
8.718e-04
1.090e-03
9.808e-04
1.035e-03
1.362e-03
1.253e-03
9.808e-04
9.808e-04
1.362e-03
5.994e-04
1.090e-03
1.362e-03
9.263e-04
1.308e-03
5.449e-04
3.269e-04
7.084e-04
3.814e-04
4.904e-04
5.449e-04
7.629e-04
6.539e-04
7.084e-04
1.199e-03
1.144e-03
4.904e-04
9.808e-04
8.718e-04
8.173e-04
1.635e-03
1.253e-03
1.090e-03
1.199e-03
1.362e-03
8.718e-04
1.308e-03
1.035e-03
1.090e-03
1.362e-03
1.362e-03
1.362e-03
1.090e-03
5.994e-04
9.808e-04
7.084e-04
1.199e-03
9.808e-04
8.173e-04
1.471e-03
1.308e-03
1.199e-03
1.090e-03
9.263e-04
1.635e-03
8.173e-04
9.808e-04
8.718e-04
1.417e-03
1.580e-03
1.907e-03
9.808e-04
1.199e-03
1.090e-03
9.263e-04
1.689e-03
1.362e-03
1.417e-03
1.744e-03
2.289e-03
1.526e-03
1.362e-03
1.090e-03
1.035e-03
7.629e-04
9.263e-04
7.084e-04
7.629e-04
7.629e-04
1.035e-03
8.718e-04
1.144e-03
1.199e-03
1.253e-03
1.798e-03
1.526e-03
2.071e-03
3.542e-03
1.744e-03
1.199e-03
1.580e-03
2.724e-03
1.962e-03
2.888e-03
1.962e-03
3.978e-03
4.904e-03
6.539e-03
8.664e-03
1.063e-02
1.242e-02
1.455e-02
8.337e-03
5.830e-03
5.122e-03
4.359e-03
3.378e-03
3.487e-03
4.087e-03
4.359e-03
4.032e-03
2.997e-03
3.433e-03
4.523e-03
4.632e-03
4.850e-03
3.760e-03
4.250e-03
5.177e-03
3.978e-03
3.324e-03
5.286e-03
4.087e-03
4.632e-03
5.177e-03
5.286e-03
4.468e-03
5.939e-03
5.177e-03
5.122e-03
5.612e-03
4.741e-03
5.395e-03
4.196e-03
3.705e-03
4.741e-03
5.286e-03
5.667e-03
5.503e-03
4.305e-03
5.122e-03
4.468e-03
6.157e-03
7.193e-03
5.340e-03
4.523e-03
4.141e-03
4.959e-03
3.487e-03
4.686e-03
4.468e-03
4.087e-03
5.231e-03
5.122e-03
5.122e-03
4.850e-03
6.484e-03
7.738e-03
1.155e-02
