1.020e-01
7.518e-02
5.127e-02
3.967e-02
2.591e-02
1.884e-02
1.431e-02
1.051e-02
1.413e-02
1.123e-02
1.141e-02
8.152e-03
6.884e-03
8.333e-03
4.529e-03
6.159e-03
3.986e-03
4.167e-03
2.717e-03
1.993e-03
2.899e-03
2.174e-03
2.355e-03
9.058e-04
1.449e-03
2.174e-03
1.268e-03
1.268e-03
1.630e-03
1.087e-03
2.355e-03
9.058e-04
1.268e-03
7.246e-04
9.058e-04
3.623e-04
5.435e-04
5.435e-04
5.435e-04
3.623e-04
1.812e-04
9.058e-04
3.623e-04
3.623e-04
3.623e-04
1.812e-04
5.435e-04
0.000e+00
7.246e-04
0.000e+00
5.435e-04
5.435e-04
5.435e-04
1.449e-03
3.623e-04
1.812e-04
5.435e-04
3.623e-04
3.623e-04
3.623e-04
3.623e-04
1.812e-04
1.812e-04
1.812e-04
3.623e-04
1.812e-04
1.812e-04
0.000e+00
0.000e+00
0.000e+00
1.812e-04
0.000e+00
0.000e+00
0.000e+00
0.000e+00
1.812e-04
0.000e+00
0.000e+00
0.000e+00
0.000e+00
1.812e-04
0.000e+00
0.000e+00
0.000e+00
0.000e+00
0.000e+00
1.812e-04
0.000e+00
0.000e+00
0.000e+00
0.000e+00
0.000e+00
0.000e+00
0.000e+00
0.000e+00
0.000e+00
0.000e+00
0.000e+00
0.000e+00
1.812e-04
0.000e+00
1.812e-04
0.000e+00
0.000e+00
0.000e+00
0.000e+00
0.000e+00
0.000e+00
0.000e+00
1.812e-04
0.000e+00
0.000e+00
1.812e-04
0.000e+00
1.812e-04
0.000e+00
0.000e+00
1.812e-04
0.000e+00
0.000e+00
1.812e-04
0.000e+00
0.000e+00
1.812e-04
1.812e-04
1.812e-04
0.000e+00
0.000e+00
1.812e-04
1.812e-04
1.812e-04
0.000e+00
0.000e+00
1.812e-04
1.812e-04
0.000e+00
0.000e+00
1.812e-04
0.000e+00
0.000e+00
1.812e-04
0.000e+00
1.812e-04
1.812e-04
1.812e-04
1.812e-04
1.812e-04
1.812e-04
3.623e-04
5.435e-04
0.000e+00
7.246e-04
3.623e-04
1.087e-03
5.435e-04
5.435e-04
9.058e-04
5.435e-04
5.435e-04
1.087e-03
3.623e-04
1.087e-03
9.058e-04
5.435e-04
1.812e-04
7.246e-04
7.246e-04
1.268e-03
1.630e-03
1.268e-03
3.080e-03
3.804e-03
4.348e-03
3.442e-03
5.072e-03
6.159e-03
5.616e-03
7.971e-03
1.105e-02
1.014e-02
1.268e-02
7.246e-03
9.420e-03
9.239e-03
4.891e-03
5.072e-03
5.616e-03
3.442e-03
2.899e-03
2.174e-03
1.993e-03
2.536e-03
9.058e-04
3.623e-04
1.630e-03
9.058e-04
1.268e-03
7.246e-04
7.246e-04
9.058e-04
9.058e-04
1.812e-04
1.449e-03
7.246e-04
3.623e-04
5.435e-04
1.812e-04
1.812e-04
9.058e-04
7.246e-04
5.435e-04
0.000e+00
0.000e+00
1.812e-04
3.623e-04
1.812e-04
3.623e-04
0.000e+00
5.435e-04
3.623e-04
0.000e+00
0.000e+00
0.000e+00
1.812e-04
0.000e+00
0.000e+00
1.812e-04
0.000e+00
1.812e-04
1.812e-04
3.623e-04
0.000e+00
0.000e+00
3.623e-04
5.435e-04
1.812e-04
1.812e-04
1.812e-04
0.000e+00
1.812e-04
1.812e-04
0.000e+00
0.000e+00
0.000e+00
0.000e+00
0.000e+00
0.000e+00
0.000e+00
0.000e+00
1.812e-04
0.000e+00
0.000e+00
0.000e+00
0.000e+00
0.000e+00
0.000e+00
0.000e+00
0.000e+00
0.000e+00
0.000e+00
0.000e+00
1.812e-04
0.000e+00
0.000e+00
0.000e+00
0.000e+00
0.000e+00
0.000e+00
0.000e+00
0.000e+00
0.000e+00
1.812e-04
0.000e+00
0.000e+00
0.000e+00
0.000e+00
0.000e+00
0.000e+00
0.000e+00
0.000e+00
0.000e+00
0.000e+00
1.812e-04
0.000e+00
0.000e+00
0.000e+00
0.000e+00
0.000e+00
0.000e+00
1.812e-04
0.000e+00
0.000e+00
1.812e-04
3.623e-04
0.000e+00
1.812e-04
3.623e-04
0.000e+00
3.623e-04
3.623e-04
3.623e-04
0.000e+00
1.812e-04
7.246e-04
1.812e-04
3.623e-04
0.000e+00
3.623e-04
7.246e-04
1.812e-04
3.623e-04
9.058e-04
3.623e-04
9.058e-04
3.623e-04
1.812e-04
1.812e-04
5.435e-04
3.623e-04
1.812e-04
3.623e-04
5.435e-04
9.058e-04
1.630e-03
5.435e-04
1.268e-03
1.087e-03
1.268e-03
1.087e-03
1.268e-03
1.087e-03
1.268e-03
2.355e-03
9.058e-04
1.268e-03
9.058e-04
2.355e-03
2.536e-03
3.623e-03
2.536e-03
2.717e-03
2.899e-03
4.529e-03
3.804e-03
3.804e-03
5.254e-03
5.435e-03
7.971e-03
8.877e-03
7.971e-03
8.877e-03
1.159e-02
1.377e-02
1.395e-02
1.649e-02
2.264e-02
2.409e-02
4.040e-02
5.453e-02
7.609e-02
