1.531e-01
4.251e-02
2.319e-02
1.691e-02
1.643e-02
1.159e-02
1.304e-02
6.280e-03
7.729e-03
5.314e-03
5.797e-03
5.797e-03
2.899e-03
7.246e-03
5.314e-03
6.763e-03
2.899e-03
3.865e-03
6.763e-03
3.865e-03
2.899e-03
2.415e-03
1.449e-03
2.899e-03
2.415e-03
1.449e-03
1.449e-03
1.932e-03
3.382e-03
6.763e-03
1.449e-03
3.865e-03
3.865e-03
4.348e-03
0.000e+00
4.831e-04
2.415e-03
1.932e-03
2.899e-03
4.831e-03
3.382e-03
2.415e-03
1.449e-03
0.000e+00
4.831e-04
0.000e+00
4.831e-04
0.000e+00
4.831e-04
0.000e+00
0.000e+00
4.831e-04
4.831e-04
4.831e-04
0.000e+00
0.000e+00
1.449e-03
0.000e+00
0.000e+00
4.831e-04
4.831e-04
4.831e-04
9.662e-04
1.932e-03
9.662e-04
4.831e-04
0.000e+00
9.662e-04
0.000e+00
0.000e+00
0.000e+00
0.000e+00
0.000e+00
0.000e+00
0.000e+00
9.662e-04
4.831e-04
4.831e-04
0.000e+00
0.000e+00
4.831e-04
0.000e+00
0.000e+00
0.000e+00
4.831e-04
0.000e+00
4.831e-04
0.000e+00
0.000e+00
0.000e+00
0.000e+00
0.000e+00
0.000e+00
0.000e+00
0.000e+00
0.000e+00
0.000e+00
0.000e+00
9.662e-04
0.000e+00
0.000e+00
4.831e-04
0.000e+00
0.000e+00
0.000e+00
9.662e-04
0.000e+00
0.000e+00
4.831e-04
0.000e+00
0.000e+00
4.831e-04
0.000e+00
9.662e-04
0.000e+00
0.000e+00
0.000e+00
0.000e+00
9.662e-04
1.449e-03
1.449e-03
4.831e-04
0.000e+00
4.831e-04
1.449e-03
0.000e+00
0.000e+00
0.000e+00
4.831e-04
0.000e+00
4.831e-04
0.000e+00
4.831e-04
4.831e-04
0.000e+00
4.831e-04
0.000e+00
4.831e-04
0.000e+00
1.932e-03
9.662e-04
9.662e-04
4.831e-03
2.415e-03
4.348e-03
1.932e-03
1.932e-03
2.899e-03
9.662e-04
3.382e-03
4.831e-04
4.831e-04
4.831e-04
2.415e-03
1.932e-03
2.415e-03
1.449e-03
1.932e-03
4.831e-04
1.932e-03
1.932e-03
2.415e-03
3.865e-03
1.449e-03
2.899e-03
4.831e-03
1.014e-02
4.831e-03
2.899e-03
2.899e-03
4.831e-04
1.932e-03
2.415e-03
1.932e-03
3.382e-03
4.831e-03
2.415e-03
1.111e-02
1.014e-02
1.111e-02
2.802e-02
1.401e-02
9.662e-03
4.348e-03
5.314e-03
2.899e-03
2.899e-03
1.932e-03
1.932e-03
2.415e-03
9.662e-04
2.415e-03
1.932e-03
4.831e-03
5.797e-03
3.865e-03
2.415e-03
4.831e-03
2.899e-03
2.415e-03
3.865e-03
4.831e-04
1.932e-03
9.662e-04
1.932e-03
4.348e-03
4.831e-03
1.932e-03
1.932e-03
2.415e-03
4.831e-04
2.899e-03
4.831e-04
2.415e-03
2.415e-03
3.382e-03
4.831e-04
2.899e-03
5.797e-03
9.662e-04
2.415e-03
9.662e-04
4.831e-04
4.831e-04
0.000e+00
0.000e+00
0.000e+00
0.000e+00
4.831e-04
0.000e+00
4.831e-04
0.000e+00
4.831e-04
9.662e-04
0.000e+00
0.000e+00
4.831e-04
9.662e-04
0.000e+00
1.449e-03
0.000e+00
9.662e-04
0.000e+00
9.662e-04
0.000e+00
0.000e+00
4.831e-04
0.000e+00
1.932e-03
4.831e-04
0.000e+00
0.000e+00
0.000e+00
0.000e+00
4.831e-04
4.831e-04
0.000e+00
4.831e-04
4.831e-04
0.000e+00
4.831e-04
0.000e+00
0.000e+00
0.000e+00
0.000e+00
0.000e+00
0.000e+00
0.000e+00
0.000e+00
0.000e+00
0.000e+00
0.000e+00
0.000e+00
0.000e+00
0.000e+00
0.000e+00
9.662e-04
0.000e+00
4.831e-04
0.000e+00
4.831e-04
9.662e-04
0.000e+00
0.000e+00
0.000e+00
4.831e-04
0.000e+00
0.000e+00
0.000e+00
0.000e+00
0.000e+00
0.000e+00
0.000e+00
4.831e-04
4.831e-04
4.831e-04
1.932e-03
1.449e-03
1.932e-03
4.831e-04
0.000e+00
0.000e+00
4.831e-04
9.662e-04
0.000e+00
4.831e-04
0.000e+00
0.000e+00
0.000e+00
0.000e+00
0.000e+00
4.831e-04
9.662e-04
4.831e-04
1.449e-03
4.831e-04
0.000e+00
9.662e-04
9.662e-04
2.899e-03
1.449e-03
3.865e-03
1.932e-03
2.415e-03
2.415e-03
1.932e-03
2.899e-03
3.382e-03
5.314e-03
4.831e-04
2.899e-03
4.831e-03
1.449e-03
1.932e-03
2.415e-03
1.932e-03
1.449e-03
1.932e-03
9.662e-04
1.932e-03
9.662e-04
3.865e-03
4.348e-03
1.932e-03
1.932e-03
8.696e-03
1.111e-02
9.179e-03
7.246e-03
1.449e-03
6.763e-03
7.729e-03
5.314e-03
8.696e-03
1.159e-02
1.353e-02
1.401e-02
2.367e-02
2.126e-02
3.382e-02
