3.529e-02
3.990e-02
2.711e-02
1.893e-02
1.330e-02
1.125e-02
7.673e-03
8.184e-03
5.115e-03
5.115e-03
3.581e-03
3.581e-03
3.581e-03
3.581e-03
4.604e-03
4.092e-03
2.558e-03
2.046e-03
1.023e-03
1.535e-03
5.115e-04
5.115e-04
1.023e-03
2.046e-03
2.046e-03
2.046e-03
3.581e-03
2.558e-03
1.535e-03
2.046e-03
2.046e-03
2.558e-03
2.558e-03
2.558e-03
3.581e-03
3.581e-03
3.069e-03
4.092e-03
3.581e-03
3.581e-03
7.673e-03
9.207e-03
8.696e-03
1.023e-02
9.719e-03
7.161e-03
1.023e-02
1.074e-02
7.673e-03
1.381e-02
1.176e-02
1.432e-02
1.893e-02
1.944e-02
2.916e-02
2.711e-02
1.944e-02
1.944e-02
1.790e-02
8.696e-03
3.581e-03
3.581e-03
3.069e-03
1.535e-03
1.023e-03
0.000e+00
5.115e-04
0.000e+00
5.115e-04
2.558e-03
0.000e+00
0.000e+00
0.000e+00
0.000e+00
0.000e+00
0.000e+00
0.000e+00
0.000e+00
0.000e+00
0.000e+00
0.000e+00
0.000e+00
0.000e+00
0.000e+00
0.000e+00
0.000e+00
0.000e+00
0.000e+00
0.000e+00
0.000e+00
0.000e+00
0.000e+00
0.000e+00
0.000e+00
0.000e+00
0.000e+00
0.000e+00
0.000e+00
0.000e+00
0.000e+00
0.000e+00
0.000e+00
0.000e+00
0.000e+00
0.000e+00
0.000e+00
0.000e+00
0.000e+00
0.000e+00
0.000e+00
0.000e+00
0.000e+00
0.000e+00
0.000e+00
0.000e+00
0.000e+00
0.000e+00
0.000e+00
0.000e+00
0.000e+00
0.000e+00
0.000e+00
0.000e+00
0.000e+00
0.000e+00
0.000e+00
0.000e+00
0.000e+00
0.000e+00
0.000e+00
0.000e+00
0.000e+00
0.000e+00
0.000e+00
0.000e+00
0.000e+00
0.000e+00
0.000e+00
0.000e+00
0.000e+00
0.000e+00
0.000e+00
0.000e+00
0.000e+00
0.000e+00
0.000e+00
0.000e+00
0.000e+00
0.000e+00
0.000e+00
0.000e+00
0.000e+00
0.000e+00
0.000e+00
0.000e+00
0.000e+00
0.000e+00
0.000e+00
0.000e+00
0.000e+00
0.000e+00
0.000e+00
0.000e+00
0.000e+00
0.000e+00
0.000e+00
0.000e+00
0.000e+00
0.000e+00
0.000e+00
0.000e+00
0.000e+00
0.000e+00
0.000e+00
0.000e+00
0.000e+00
0.000e+00
0.000e+00
0.000e+00
0.000e+00
0.000e+00
0.000e+00
0.000e+00
0.000e+00
0.000e+00
0.000e+00
0.000e+00
0.000e+00
0.000e+00
0.000e+00
0.000e+00
0.000e+00
0.000e+00
0.000e+00
0.000e+00
0.000e+00
0.000e+00
0.000e+00
0.000e+00
0.000e+00
0.000e+00
0.000e+00
0.000e+00
0.000e+00
0.000e+00
0.000e+00
0.000e+00
0.000e+00
0.000e+00
0.000e+00
0.000e+00
0.000e+00
0.000e+00
0.000e+00
0.000e+00
0.000e+00
0.000e+00
0.000e+00
0.000e+00
0.000e+00
0.000e+00
0.000e+00
0.000e+00
0.000e+00
0.000e+00
0.000e+00
0.000e+00
0.000e+00
0.000e+00
0.000e+00
0.000e+00
0.000e+00
0.000e+00
0.000e+00
0.000e+00
0.000e+00
0.000e+00
0.000e+00
0.000e+00
0.000e+00
0.000e+00
0.000e+00
0.000e+00
0.000e+00
0.000e+00
0.000e+00
0.000e+00
0.000e+00
0.000e+00
0.000e+00
0.000e+00
0.000e+00
0.000e+00
0.000e+00
0.000e+00
0.000e+00
0.000e+00
0.000e+00
0.000e+00
0.000e+00
0.000e+00
0.000e+00
0.000e+00
0.000e+00
0.000e+00
0.000e+00
0.000e+00
0.000e+00
0.000e+00
0.000e+00
0.000e+00
0.000e+00
0.000e+00
0.000e+00
0.000e+00
0.000e+00
0.000e+00
0.000e+00
0.000e+00
0.000e+00
0.000e+00
0.000e+00
0.000e+00
0.000e+00
0.000e+00
0.000e+00
0.000e+00
0.000e+00
0.000e+00
0.000e+00
5.115e-04
0.000e+00
5.115e-04
5.115e-04
5.115e-04
1.023e-03
1.535e-03
5.115e-04
4.604e-03
4.604e-03
6.138e-03
5.627e-03
1.432e-02
1.688e-02
2.404e-02
3.223e-02
2.967e-02
2.762e-02
1.535e-02
1.176e-02
1.125e-02
8.184e-03
6.650e-03
8.184e-03
7.161e-03
5.627e-03
6.138e-03
9.719e-03
9.719e-03
6.138e-03
9.207e-03
6.138e-03
5.627e-03
5.115e-03
3.069e-03
3.581e-03
2.046e-03
1.023e-03
2.558e-03
3.069e-03
3.581e-03
3.069e-03
2.558e-03
2.558e-03
2.558e-03
1.023e-03
1.535e-03
2.046e-03
2.046e-03
4.092e-03
1.535e-03
1.535e-03
1.535e-03
1.535e-03
1.535e-03
1.023e-03
5.115e-04
5.627e-03
1.535e-03
3.581e-03
2.558e-03
2.046e-03
5.115e-04
7.161e-03
5.115e-03
6.138e-03
1.125e-02
1.739e-02
1.279e-02
2.302e-02
