5.181e-02
4.145e-02
3.886e-02
2.332e-02
1.295e-02
2.073e-02
2.073e-02
3.109e-02
1.036e-02
2.850e-02
1.036e-02
1.295e-02
5.181e-03
7.772e-03
1.295e-02
1.295e-02
1.554e-02
2.591e-03
5.181e-03
1.036e-02
2.591e-03
1.036e-02
2.591e-03
0.000e+00
0.000e+00
2.591e-03
5.181e-03
5.181e-03
0.000e+00
5.181e-03
0.000e+00
2.591e-03
0.000e+00
0.000e+00
2.591e-03
0.000e+00
2.591e-03
0.000e+00
5.181e-03
0.000e+00
0.000e+00
7.772e-03
0.000e+00
0.000e+00
0.000e+00
0.000e+00
2.591e-03
0.000e+00
0.000e+00
0.000e+00
0.000e+00
0.000e+00
0.000e+00
0.000e+00
0.000e+00
0.000e+00
0.000e+00
0.000e+00
2.591e-03
0.000e+00
0.000e+00
0.000e+00
0.000e+00
0.000e+00
0.000e+00
2.591e-03
2.591e-03
0.000e+00
0.000e+00
0.000e+00
0.000e+00
2.591e-03
0.000e+00
0.000e+00
0.000e+00
2.591e-03
0.000e+00
0.000e+00
0.000e+00
0.000e+00
0.000e+00
0.000e+00
0.000e+00
0.000e+00
0.000e+00
0.000e+00
2.591e-03
0.000e+00
0.000e+00
5.181e-03
0.000e+00
0.000e+00
0.000e+00
2.591e-03
5.181e-03
0.000e+00
0.000e+00
2.591e-03
0.000e+00
0.000e+00
0.000e+00
5.181e-03
0.000e+00
2.591e-03
0.000e+00
0.000e+00
0.000e+00
0.000e+00
0.000e+00
0.000e+00
0.000e+00
0.000e+00
0.000e+00
0.000e+00
0.000e+00
0.000e+00
0.000e+00
0.000e+00
0.000e+00
0.000e+00
0.000e+00
0.000e+00
0.000e+00
0.000e+00
0.000e+00
0.000e+00
0.000e+00
0.000e+00
0.000e+00
0.000e+00
0.000e+00
0.000e+00
0.000e+00
0.000e+00
0.000e+00
0.000e+00
0.000e+00
2.591e-03
0.000e+00
0.000e+00
0.000e+00
0.000e+00
0.000e+00
0.000e+00
2.591e-03
2.591e-03
0.000e+00
0.000e+00
0.000e+00
0.000e+00
0.000e+00
2.591e-03
0.000e+00
0.000e+00
0.000e+00
0.000e+00
2.591e-03
0.000e+00
0.000e+00
2.591e-03
0.000e+00
0.000e+00
5.181e-03
0.000e+00
0.000e+00
0.000e+00
5.181e-03
0.000e+00
0.000e+00
0.000e+00
2.591e-03
0.000e+00
0.000e+00
0.000e+00
0.000e+00
0.000e+00
0.000e+00
0.000e+00
0.000e+00
0.000e+00
0.000e+00
2.591e-03
2.591e-03
2.591e-03
0.000e+00
2.591e-03
0.000e+00
2.591e-03
2.591e-03
0.000e+00
2.591e-03
0.000e+00
2.591e-03
0.000e+00
5.181e-03
0.000e+00
0.000e+00
2.591e-03
0.000e+00
0.000e+00
0.000e+00
2.591e-03
0.000e+00
5.181e-03
0.000e+00
2.591e-03
2.591e-03
2.591e-03
2.591e-03
5.181e-03
2.591e-03
2.591e-03
0.000e+00
0.000e+00
0.000e+00
0.000e+00
0.000e+00
2.591e-03
2.591e-03
0.000e+00
0.000e+00
0.000e+00
0.000e+00
2.591e-03
2.591e-03
0.000e+00
0.000e+00
0.000e+00
0.000e+00
0.000e+00
0.000e+00
0.000e+00
0.000e+00
0.000e+00
0.000e+00
0.000e+00
0.000e+00
0.000e+00
0.000e+00
0.000e+00
0.000e+00
0.000e+00
0.000e+00
0.000e+00
0.000e+00
0.000e+00
0.000e+00
2.591e-03
0.000e+00
0.000e+00
0.000e+00
0.000e+00
2.591e-03
0.000e+00
0.000e+00
5.181e-03
0.000e+00
0.000e+00
2.591e-03
5.181e-03
0.000e+00
2.591e-03
0.000e+00
2.591e-03
0.000e+00
2.591e-03
2.591e-03
0.000e+00
0.000e+00
0.000e+00
0.000e+00
0.000e+00
0.000e+00
0.000e+00
0.000e+00
0.000e+00
0.000e+00
0.000e+00
0.000e+00
2.591e-03
0.000e+00
0.000e+00
0.000e+00
0.000e+00
0.000e+00
0.000e+00
2.591e-03
0.000e+00
0.000e+00
0.000e+00
0.000e+00
0.000e+00
0.000e+00
0.000e+00
0.000e+00
0.000e+00
0.000e+00
0.000e+00
0.000e+00
0.000e+00
0.000e+00
2.591e-03
2.591e-03
0.000e+00
0.000e+00
0.000e+00
0.000e+00
0.000e+00
2.591e-03
0.000e+00
0.000e+00
0.000e+00
0.000e+00
0.000e+00
2.591e-03
0.000e+00
0.000e+00
0.000e+00
0.000e+00
2.591e-03
0.000e+00
0.000e+00
0.000e+00
0.000e+00
2.591e-03
2.591e-03
0.000e+00
0.000e+00
2.591e-03
5.181e-03
2.591e-03
0.000e+00
1.554e-02
2.591e-03
5.181e-03
5.181e-03
2.591e-03
7.772e-03
7.772e-03
2.591e-03
2.591e-03
1.295e-02
5.181e-03
7.772e-03
5.181e-03
7.772e-03
1.554e-02
1.554e-02
1.036e-02
1.036e-02
5.181e-03
1.554e-02
1.554e-02
1.036e-02
1.295e-02
2.073e-02
2.073e-02
2.850e-02
3.627e-02
6.218e-02
