5.883e-02
3.306e-02
2.092e-02
9.152e-03
6.724e-03
5.230e-03
5.230e-03
4.483e-03
5.603e-03
5.417e-03
3.549e-03
3.736e-03
5.417e-03
6.350e-03
5.790e-03
5.977e-03
3.175e-03
4.296e-03
5.043e-03
4.669e-03
3.549e-03
3.549e-03
4.296e-03
3.922e-03
2.428e-03
1.681e-03
1.681e-03
2.615e-03
2.802e-03
5.790e-03
3.175e-03
4.669e-03
2.055e-03
1.868e-03
9.339e-04
1.121e-03
1.307e-03
2.055e-03
7.471e-04
5.603e-04
1.121e-03
3.736e-04
7.471e-04
1.121e-03
7.471e-04
7.471e-04
5.603e-04
7.471e-04
3.736e-04
5.603e-04
5.603e-04
3.736e-04
1.868e-04
1.868e-04
0.000e+00
0.000e+00
0.000e+00
7.471e-04
3.736e-04
1.868e-04
1.868e-04
1.868e-04
3.736e-04
1.868e-04
1.868e-04
1.868e-04
1.868e-04
0.000e+00
3.736e-04
1.868e-04
0.000e+00
1.868e-04
9.339e-04
3.736e-04
1.121e-03
5.603e-04
1.868e-04
3.736e-04
0.000e+00
0.000e+00
0.000e+00
3.736e-04
1.868e-04
0.000e+00
3.736e-04
1.494e-03
5.603e-04
3.736e-04
0.000e+00
1.868e-04
0.000e+00
0.000e+00
0.000e+00
0.000e+00
7.471e-04
4.296e-03
1.307e-03
0.000e+00
1.868e-04
1.868e-04
0.000e+00
0.000e+00
3.736e-04
0.000e+00
1.868e-04
3.736e-04
3.736e-04
5.603e-04
1.868e-04
3.736e-04
5.603e-04
3.736e-04
1.868e-04
0.000e+00
1.868e-04
1.868e-04
1.868e-04
1.868e-04
1.868e-04
1.868e-04
3.736e-04
1.868e-04
3.736e-04
1.868e-04
5.603e-04
5.603e-04
0.000e+00
3.736e-04
3.736e-04
5.603e-04
7.471e-04
1.307e-03
7.471e-04
1.494e-03
7.471e-04
1.868e-04
5.603e-04
9.339e-04
1.307e-03
7.471e-04
2.055e-03
1.681e-03
9.339e-04
2.055e-03
1.121e-03
1.494e-03
1.121e-03
2.241e-03
1.681e-03
2.055e-03
2.241e-03
2.055e-03
2.428e-03
3.175e-03
5.417e-03
4.669e-03
3.175e-03
2.241e-03
3.175e-03
1.868e-03
2.988e-03
4.669e-03
4.669e-03
4.669e-03
6.164e-03
4.109e-03
2.988e-03
4.483e-03
5.043e-03
5.230e-03
5.417e-03
5.043e-03
6.350e-03
4.856e-03
9.526e-03
8.965e-03
1.102e-02
1.625e-02
1.942e-02
2.783e-02
5.304e-02
2.652e-02
1.905e-02
1.158e-02
1.195e-02
7.845e-03
8.965e-03
4.856e-03
5.603e-03
6.164e-03
5.977e-03
4.483e-03
4.483e-03
4.296e-03
4.856e-03
3.922e-03
3.736e-03
7.097e-03
2.802e-03
3.922e-03
3.549e-03
4.109e-03
2.615e-03
2.988e-03
2.988e-03
2.615e-03
5.043e-03
3.362e-03
4.669e-03
3.549e-03
1.121e-03
2.988e-03
1.494e-03
1.307e-03
1.121e-03
1.307e-03
9.339e-04
1.681e-03
7.471e-04
1.121e-03
5.603e-04
5.603e-04
1.494e-03
3.736e-04
3.736e-04
9.339e-04
9.339e-04
1.121e-03
3.736e-04
5.603e-04
3.736e-04
3.736e-04
1.868e-04
1.868e-04
1.868e-04
0.000e+00
1.868e-04
7.471e-04
0.000e+00
0.000e+00
1.121e-03
0.000e+00
1.868e-04
1.868e-04
0.000e+00
3.736e-04
1.868e-04
0.000e+00
1.868e-04
3.736e-04
0.000e+00
9.339e-04
1.121e-03
7.471e-04
0.000e+00
0.000e+00
1.868e-04
1.868e-04
5.603e-04
1.868e-04
0.000e+00
1.868e-04
0.000e+00
0.000e+00
3.736e-04
1.307e-03
9.339e-04
0.000e+00
1.868e-04
0.000e+00
0.000e+00
3.736e-04
0.000e+00
0.000e+00
1.868e-04
2.988e-03
2.988e-03
1.868e-04
0.000e+00
0.000e+00
0.000e+00
0.000e+00
3.736e-04
3.736e-04
0.000e+00
3.736e-04
5.603e-04
7.471e-04
3.736e-04
0.000e+00
5.603e-04
1.868e-04
1.868e-04
1.868e-04
1.868e-04
1.868e-04
1.868e-04
0.000e+00
0.000e+00
3.736e-04
3.736e-04
1.868e-04
5.603e-04
1.868e-04
1.868e-04
1.868e-04
5.603e-04
1.868e-04
5.603e-04
1.868e-04
7.471e-04
9.339e-04
9.339e-04
9.339e-04
7.471e-04
1.121e-03
7.471e-04
7.471e-04
1.121e-03
1.494e-03
2.241e-03
1.121e-03
7.471e-04
1.868e-03
2.428e-03
1.121e-03
7.471e-04
1.868e-03
2.802e-03
2.802e-03
1.868e-03
3.922e-03
4.109e-03
2.988e-03
1.494e-03
2.802e-03
3.175e-03
4.296e-03
3.736e-03
2.988e-03
3.736e-03
4.109e-03
4.109e-03
3.362e-03
3.736e-03
4.856e-03
6.537e-03
3.362e-03
6.350e-03
5.417e-03
3.549e-03
6.164e-03
7.284e-03
5.230e-03
5.603e-03
5.230e-03
8.405e-03
1.065e-02
2.111e-02
3.549e-02
