1.995e-02
1.717e-02
1.321e-02
1.114e-02
1.007e-02
8.898e-03
7.954e-03
7.280e-03
7.100e-03
6.920e-03
5.437e-03
5.123e-03
6.022e-03
5.572e-03
6.022e-03
5.123e-03
5.168e-03
5.617e-03
6.336e-03
5.977e-03
6.336e-03
6.201e-03
6.156e-03
6.426e-03
5.797e-03
6.067e-03
4.674e-03
4.674e-03
4.539e-03
4.584e-03
4.359e-03
4.269e-03
4.134e-03
4.089e-03
5.617e-03
4.898e-03
4.943e-03
3.910e-03
4.269e-03
3.820e-03
3.910e-03
3.910e-03
3.325e-03
3.370e-03
3.146e-03
2.696e-03
3.191e-03
3.191e-03
3.820e-03
4.404e-03
4.089e-03
4.044e-03
3.505e-03
3.325e-03
3.325e-03
4.584e-03
6.246e-03
6.786e-03
9.347e-03
8.808e-03
9.662e-03
8.493e-03
7.460e-03
5.213e-03
3.775e-03
4.089e-03
3.101e-03
2.696e-03
2.022e-03
2.157e-03
1.168e-03
1.663e-03
1.168e-03
1.393e-03
1.123e-03
1.573e-03
1.034e-03
1.123e-03
1.303e-03
1.438e-03
1.618e-03
1.168e-03
8.089e-04
5.842e-04
6.741e-04
7.190e-04
9.437e-04
8.089e-04
1.213e-03
1.034e-03
1.663e-03
1.438e-03
1.079e-03
1.168e-03
1.168e-03
1.348e-03
1.618e-03
1.123e-03
9.437e-04
9.437e-04
1.213e-03
1.303e-03
8.538e-04
9.437e-04
8.538e-04
1.123e-03
1.168e-03
8.089e-04
9.437e-04
8.089e-04
8.538e-04
8.089e-04
7.639e-04
8.988e-04
6.741e-04
1.303e-03
8.988e-04
1.168e-03
1.348e-03
9.437e-04
6.291e-04
9.437e-04
9.886e-04
8.089e-04
8.988e-04
6.291e-04
8.538e-04
5.842e-04
8.988e-04
7.190e-04
1.348e-03
5.842e-04
1.034e-03
8.988e-04
8.988e-04
8.988e-04
9.437e-04
8.089e-04
1.034e-03
8.089e-04
9.886e-04
5.842e-04
1.079e-03
8.538e-04
8.538e-04
9.437e-04
1.079e-03
8.538e-04
9.437e-04
9.437e-04
8.988e-04
7.639e-04
1.123e-03
1.079e-03
7.639e-04
8.089e-04
8.538e-04
6.741e-04
9.886e-04
1.079e-03
5.842e-04
1.079e-03
8.089e-04
7.639e-04
1.348e-03
5.842e-04
9.886e-04
8.089e-04
1.168e-03
1.034e-03
1.213e-03
1.034e-03
8.538e-04
1.079e-03
9.437e-04
1.123e-03
1.079e-03
1.708e-03
1.663e-03
1.303e-03
1.887e-03
2.292e-03
1.483e-03
1.258e-03
1.887e-03
1.123e-03
1.483e-03
1.123e-03
1.034e-03
1.168e-03
1.034e-03
1.079e-03
1.034e-03
7.639e-04
7.190e-04
8.538e-04
1.213e-03
7.639e-04
1.034e-03
1.079e-03
7.639e-04
7.190e-04
8.988e-04
7.190e-04
5.842e-04
7.190e-04
9.437e-04
8.538e-04
9.886e-04
8.089e-04
1.168e-03
1.123e-03
8.089e-04
8.988e-04
8.089e-04
9.437e-04
9.437e-04
6.741e-04
4.044e-04
1.034e-03
4.943e-04
9.886e-04
7.639e-04
8.988e-04
7.639e-04
9.437e-04
8.089e-04
7.190e-04
1.258e-03
7.639e-04
4.494e-04
1.168e-03
8.988e-04
6.741e-04
1.213e-03
8.089e-04
9.886e-04
7.190e-04
1.034e-03
1.079e-03
1.438e-03
1.123e-03
1.168e-03
4.943e-04
7.639e-04
7.190e-04
6.741e-04
3.595e-04
9.437e-04
5.842e-04
8.988e-04
7.190e-04
7.190e-04
9.437e-04
8.988e-04
8.089e-04
1.348e-03
7.190e-04
8.988e-04
1.123e-03
9.437e-04
1.348e-03
1.079e-03
1.213e-03
1.348e-03
1.303e-03
1.663e-03
1.753e-03
1.348e-03
1.393e-03
1.348e-03
1.168e-03
1.123e-03
6.741e-04
8.538e-04
8.988e-04
5.842e-04
5.842e-04
1.168e-03
6.291e-04
8.988e-04
1.483e-03
8.538e-04
1.079e-03
1.303e-03
1.438e-03
1.977e-03
2.202e-03
1.798e-03
1.798e-03
1.887e-03
2.292e-03
2.337e-03
2.022e-03
2.202e-03
3.101e-03
3.820e-03
5.303e-03
6.875e-03
9.617e-03
9.077e-03
9.572e-03
8.898e-03
6.561e-03
6.336e-03
5.078e-03
3.685e-03
3.595e-03
3.236e-03
4.179e-03
4.224e-03
3.236e-03
2.876e-03
3.011e-03
3.236e-03
3.191e-03
2.786e-03
3.505e-03
4.539e-03
4.179e-03
4.314e-03
3.955e-03
3.415e-03
4.269e-03
4.089e-03
4.584e-03
4.314e-03
3.999e-03
3.595e-03
3.685e-03
3.595e-03
3.820e-03
4.584e-03
3.595e-03
4.539e-03
4.763e-03
4.224e-03
5.617e-03
5.258e-03
5.842e-03
4.629e-03
5.348e-03
5.752e-03
4.988e-03
6.022e-03
4.943e-03
6.112e-03
5.123e-03
6.786e-03
5.168e-03
7.190e-03
6.651e-03
7.145e-03
7.370e-03
7.729e-03
8.853e-03
9.751e-03
1.227e-02
1.371e-02
1.600e-02
