3.210e-03
3.085e-03
2.781e-03
2.343e-03
2.209e-03
1.967e-03
2.074e-03
2.074e-03
1.824e-03
1.913e-03
1.887e-03
1.601e-03
1.690e-03
1.779e-03
1.770e-03
1.493e-03
2.137e-03
1.797e-03
2.101e-03
2.209e-03
2.110e-03
2.477e-03
2.486e-03
2.665e-03
2.584e-03
2.459e-03
2.942e-03
2.933e-03
3.138e-03
3.130e-03
3.425e-03
3.416e-03
3.460e-03
3.827e-03
4.167e-03
4.158e-03
4.194e-03
4.051e-03
4.274e-03
3.791e-03
4.006e-03
3.755e-03
3.675e-03
3.523e-03
4.274e-03
4.059e-03
4.846e-03
5.025e-03
5.320e-03
6.304e-03
6.903e-03
8.512e-03
9.567e-03
1.128e-02
1.458e-02
1.809e-02
1.930e-02
1.642e-02
1.429e-02
1.489e-02
1.525e-02
9.567e-03
5.973e-03
4.605e-03
4.104e-03
3.773e-03
3.496e-03
2.978e-03
3.058e-03
3.344e-03
3.228e-03
2.942e-03
2.674e-03
2.566e-03
2.021e-03
2.361e-03
1.896e-03
1.574e-03
1.753e-03
1.663e-03
1.574e-03
1.645e-03
1.583e-03
1.502e-03
1.350e-03
1.431e-03
1.457e-03
1.288e-03
1.440e-03
1.323e-03
1.145e-03
8.226e-04
9.389e-04
9.657e-04
9.031e-04
9.299e-04
8.584e-04
9.478e-04
8.226e-04
7.958e-04
8.763e-04
7.869e-04
6.527e-04
7.869e-04
6.617e-04
6.974e-04
5.723e-04
5.365e-04
6.080e-04
5.723e-04
6.706e-04
5.991e-04
6.348e-04
5.901e-04
6.885e-04
7.779e-04
6.527e-04
7.958e-04
8.673e-04
8.226e-04
7.869e-04
7.332e-04
8.047e-04
8.673e-04
5.991e-04
7.779e-04
6.796e-04
6.080e-04
7.332e-04
6.885e-04
5.454e-04
5.275e-04
5.991e-04
4.739e-04
6.080e-04
5.007e-04
5.186e-04
5.275e-04
6.617e-04
6.170e-04
5.186e-04
7.690e-04
8.763e-04
8.852e-04
8.405e-04
7.958e-04
7.779e-04
8.405e-04
1.082e-03
9.925e-04
1.055e-03
1.127e-03
1.127e-03
1.225e-03
1.225e-03
1.180e-03
1.234e-03
1.189e-03
1.252e-03
1.413e-03
1.601e-03
1.565e-03
1.583e-03
1.913e-03
2.003e-03
2.414e-03
2.495e-03
2.897e-03
2.718e-03
2.879e-03
3.550e-03
3.094e-03
3.156e-03
3.603e-03
3.434e-03
3.952e-03
4.507e-03
4.614e-03
4.963e-03
5.132e-03
5.821e-03
4.927e-03
5.168e-03
4.784e-03
4.435e-03
4.095e-03
3.630e-03
3.675e-03
3.246e-03
3.013e-03
2.933e-03
2.799e-03
2.450e-03
1.994e-03
2.030e-03
2.119e-03
1.913e-03
2.048e-03
1.896e-03
1.869e-03
1.815e-03
1.699e-03
1.583e-03
1.529e-03
1.565e-03
1.511e-03
1.261e-03
1.359e-03
1.305e-03
1.028e-03
1.028e-03
9.925e-04
1.001e-03
9.210e-04
7.332e-04
8.852e-04
5.454e-04
6.974e-04
7.869e-04
6.974e-04
6.617e-04
6.080e-04
6.259e-04
6.706e-04
7.332e-04
6.259e-04
7.243e-04
6.348e-04
7.779e-04
6.080e-04
6.080e-04
7.153e-04
5.544e-04
5.812e-04
6.885e-04
7.779e-04
8.226e-04
7.243e-04
9.836e-04
8.047e-04
7.332e-04
7.600e-04
7.600e-04
6.170e-04
7.958e-04
7.600e-04
7.600e-04
5.991e-04
7.600e-04
6.080e-04
6.080e-04
5.991e-04
5.991e-04
5.454e-04
5.275e-04
6.348e-04
7.421e-04
5.991e-04
7.511e-04
7.511e-04
8.405e-04
7.153e-04
7.064e-04
7.869e-04
8.405e-04
7.511e-04
8.852e-04
1.037e-03
8.942e-04
1.136e-03
1.279e-03
1.171e-03
1.440e-03
1.297e-03
1.484e-03
1.511e-03
1.493e-03
1.511e-03
1.556e-03
1.449e-03
1.627e-03
1.565e-03
1.708e-03
2.065e-03
1.735e-03
2.110e-03
2.477e-03
2.423e-03
3.353e-03
2.781e-03
3.094e-03
3.273e-03
3.326e-03
3.317e-03
3.290e-03
3.594e-03
4.346e-03
4.909e-03
6.232e-03
9.442e-03
1.501e-02
1.450e-02
1.389e-02
1.618e-02
1.840e-02
1.763e-02
1.517e-02
1.266e-02
9.952e-03
8.316e-03
6.813e-03
5.758e-03
5.311e-03
4.480e-03
4.346e-03
4.042e-03
3.997e-03
3.711e-03
4.220e-03
3.988e-03
3.907e-03
4.632e-03
4.426e-03
4.498e-03
4.220e-03
4.489e-03
4.211e-03
4.122e-03
3.657e-03
3.165e-03
3.353e-03
3.255e-03
3.138e-03
3.112e-03
2.897e-03
2.548e-03
2.575e-03
2.709e-03
2.244e-03
2.369e-03
2.271e-03
1.905e-03
1.761e-03
1.690e-03
2.030e-03
2.003e-03
1.618e-03
1.761e-03
1.511e-03
1.690e-03
1.609e-03
1.833e-03
1.717e-03
1.949e-03
1.806e-03
2.101e-03
2.191e-03
2.423e-03
2.504e-03
3.049e-03
