3.968e-03
1.984e-03
3.968e-03
3.968e-03
2.976e-03
2.976e-03
9.921e-04
3.968e-03
0.000e+00
9.921e-04
9.921e-04
1.984e-03
1.984e-03
3.968e-03
2.976e-03
9.921e-04
4.960e-03
9.921e-04
1.984e-03
2.976e-03
0.000e+00
2.976e-03
4.960e-03
9.921e-04
0.000e+00
2.976e-03
0.000e+00
0.000e+00
0.000e+00
3.968e-03
5.952e-03
1.984e-03
9.921e-04
3.968e-03
2.976e-03
1.984e-03
1.984e-03
1.984e-03
3.968e-03
9.921e-04
0.000e+00
2.976e-03
4.960e-03
4.960e-03
1.984e-03
2.976e-03
5.952e-03
1.091e-02
8.929e-03
1.091e-02
1.190e-02
1.488e-02
8.929e-03
2.976e-03
1.587e-02
1.091e-02
7.937e-03
5.952e-03
7.937e-03
7.937e-03
1.290e-02
5.952e-03
6.944e-03
9.921e-03
7.937e-03
3.968e-03
5.952e-03
5.952e-03
6.944e-03
6.944e-03
1.984e-03
3.968e-03
9.921e-04
2.976e-03
3.968e-03
7.937e-03
5.952e-03
3.968e-03
6.944e-03
3.968e-03
5.952e-03
8.929e-03
6.944e-03
4.960e-03
2.976e-03
3.968e-03
9.921e-03
2.976e-03
2.976e-03
4.960e-03
6.944e-03
1.984e-03
4.960e-03
5.952e-03
2.976e-03
2.976e-03
3.968e-03
0.000e+00
5.952e-03
2.976e-03
2.976e-03
6.944e-03
3.968e-03
9.921e-04
9.921e-04
1.984e-03
1.984e-03
4.960e-03
1.984e-03
4.960e-03
4.960e-03
5.952e-03
3.968e-03
3.968e-03
0.000e+00
0.000e+00
0.000e+00
0.000e+00
0.000e+00
0.000e+00
0.000e+00
0.000e+00
0.000e+00
0.000e+00
9.921e-04
4.960e-03
0.000e+00
0.000e+00
0.000e+00
0.000e+00
0.000e+00
0.000e+00
0.000e+00
0.000e+00
0.000e+00
0.000e+00
0.000e+00
0.000e+00
0.000e+00
0.000e+00
0.000e+00
0.000e+00
0.000e+00
0.000e+00
0.000e+00
0.000e+00
0.000e+00
0.000e+00
0.000e+00
0.000e+00
0.000e+00
0.000e+00
0.000e+00
0.000e+00
0.000e+00
0.000e+00
0.000e+00
0.000e+00
0.000e+00
0.000e+00
0.000e+00
0.000e+00
0.000e+00
0.000e+00
0.000e+00
0.000e+00
0.000e+00
0.000e+00
0.000e+00
0.000e+00
0.000e+00
0.000e+00
0.000e+00
0.000e+00
0.000e+00
0.000e+00
0.000e+00
0.000e+00
0.000e+00
0.000e+00
0.000e+00
0.000e+00
0.000e+00
0.000e+00
0.000e+00
0.000e+00
0.000e+00
0.000e+00
0.000e+00
0.000e+00
0.000e+00
0.000e+00
0.000e+00
0.000e+00
0.000e+00
0.000e+00
0.000e+00
0.000e+00
0.000e+00
0.000e+00
0.000e+00
0.000e+00
0.000e+00
0.000e+00
0.000e+00
0.000e+00
0.000e+00
0.000e+00
0.000e+00
0.000e+00
0.000e+00
0.000e+00
0.000e+00
0.000e+00
0.000e+00
0.000e+00
0.000e+00
0.000e+00
0.000e+00
0.000e+00
0.000e+00
0.000e+00
0.000e+00
0.000e+00
0.000e+00
0.000e+00
0.000e+00
0.000e+00
0.000e+00
0.000e+00
0.000e+00
0.000e+00
0.000e+00
0.000e+00
9.921e-04
0.000e+00
0.000e+00
0.000e+00
0.000e+00
0.000e+00
0.000e+00
0.000e+00
0.000e+00
0.000e+00
0.000e+00
0.000e+00
0.000e+00
2.976e-03
6.944e-03
4.960e-03
3.968e-03
3.968e-03
6.944e-03
1.984e-03
9.921e-04
0.000e+00
3.968e-03
3.968e-03
8.929e-03
6.944e-03
5.952e-03
2.976e-03
4.960e-03
4.960e-03
7.937e-03
2.976e-03
2.976e-03
4.960e-03
2.976e-03
4.960e-03
7.937e-03
1.984e-03
2.976e-03
2.976e-03
7.937e-03
7.937e-03
1.984e-03
5.952e-03
8.929e-03
3.968e-03
3.968e-03
2.976e-03
1.984e-03
4.960e-03
2.976e-03
6.944e-03
5.952e-03
5.952e-03
3.968e-03
4.960e-03
4.960e-03
1.984e-03
5.952e-03
8.929e-03
6.944e-03
6.944e-03
3.968e-03
7.937e-03
6.944e-03
2.976e-03
9.921e-03
7.937e-03
4.960e-03
8.929e-03
1.091e-02
8.929e-03
9.921e-03
8.929e-03
1.488e-02
9.921e-03
2.976e-03
1.091e-02
9.921e-03
2.976e-03
9.921e-03
3.968e-03
1.984e-03
2.976e-03
2.976e-03
7.937e-03
3.968e-03
7.937e-03
1.984e-03
2.976e-03
1.984e-03
9.921e-04
1.984e-03
9.921e-04
3.968e-03
1.984e-03
1.984e-03
2.976e-03
9.921e-04
9.921e-04
0.000e+00
9.921e-04
2.976e-03
9.921e-04
1.984e-03
0.000e+00
1.984e-03
0.000e+00
1.984e-03
1.984e-03
9.921e-04
4.960e-03
2.976e-03
1.984e-03
1.984e-03
9.921e-04
0.000e+00
9.921e-04
3.968e-03
3.968e-03
0.000e+00
1.984e-03
9.921e-04
9.921e-04
1.984e-03
4.960e-03
