2.567e-02
2.311e-02
1.822e-02
1.533e-02
1.322e-02
1.167e-02
1.002e-02
9.659e-03
8.816e-03
8.395e-03
7.747e-03
6.839e-03
6.061e-03
5.964e-03
5.834e-03
5.672e-03
5.834e-03
4.700e-03
5.024e-03
4.797e-03
4.732e-03
3.663e-03
4.246e-03
3.760e-03
3.112e-03
3.209e-03
3.014e-03
3.047e-03
2.528e-03
3.144e-03
2.820e-03
2.885e-03
2.625e-03
2.269e-03
2.334e-03
2.852e-03
2.593e-03
2.690e-03
2.625e-03
3.274e-03
3.436e-03
3.241e-03
2.950e-03
3.436e-03
3.079e-03
2.950e-03
3.047e-03
3.209e-03
2.788e-03
3.533e-03
2.885e-03
3.403e-03
4.278e-03
3.954e-03
5.381e-03
4.343e-03
6.029e-03
7.844e-03
8.460e-03
7.196e-03
5.478e-03
4.343e-03
4.084e-03
3.339e-03
2.690e-03
2.463e-03
2.172e-03
1.588e-03
1.880e-03
2.010e-03
2.139e-03
1.491e-03
1.070e-03
1.005e-03
1.556e-03
1.523e-03
1.718e-03
1.459e-03
1.264e-03
1.134e-03
1.167e-03
1.297e-03
1.394e-03
9.724e-04
1.199e-03
1.005e-03
1.070e-03
1.167e-03
1.005e-03
9.076e-04
8.751e-04
8.751e-04
1.297e-03
7.455e-04
9.724e-04
8.751e-04
1.232e-03
8.751e-04
7.455e-04
9.724e-04
7.131e-04
6.807e-04
8.103e-04
8.751e-04
8.427e-04
7.779e-04
6.483e-04
9.076e-04
1.005e-03
7.455e-04
8.103e-04
6.483e-04
9.400e-04
9.400e-04
7.779e-04
1.005e-03
1.005e-03
9.724e-04
8.751e-04
9.400e-04
1.264e-03
8.427e-04
1.232e-03
7.455e-04
6.807e-04
8.103e-04
9.400e-04
7.779e-04
5.834e-04
1.005e-03
7.131e-04
1.005e-03
6.483e-04
1.037e-03
8.103e-04
9.724e-04
8.103e-04
7.455e-04
1.102e-03
9.400e-04
1.102e-03
9.076e-04
1.005e-03
1.005e-03
1.070e-03
1.005e-03
1.199e-03
1.361e-03
1.361e-03
1.037e-03
1.621e-03
1.588e-03
1.329e-03
1.005e-03
1.556e-03
1.329e-03
1.491e-03
1.588e-03
1.621e-03
2.010e-03
1.523e-03
1.912e-03
1.621e-03
1.815e-03
1.459e-03
1.815e-03
1.848e-03
1.880e-03
2.399e-03
2.172e-03
1.815e-03
1.783e-03
1.556e-03
2.301e-03
2.010e-03
2.172e-03
1.848e-03
2.301e-03
2.431e-03
2.399e-03
3.047e-03
2.301e-03
2.723e-03
2.431e-03
2.172e-03
1.848e-03
1.977e-03
2.658e-03
2.269e-03
2.366e-03
2.658e-03
2.236e-03
2.139e-03
2.204e-03
1.621e-03
1.588e-03
1.783e-03
1.621e-03
1.783e-03
1.426e-03
1.361e-03
1.459e-03
1.653e-03
1.653e-03
1.394e-03
1.912e-03
1.232e-03
1.426e-03
9.724e-04
1.588e-03
1.361e-03
1.167e-03
1.394e-03
8.751e-04
6.483e-04
7.779e-04
1.070e-03
6.158e-04
1.102e-03
9.724e-04
7.779e-04
1.005e-03
7.779e-04
7.131e-04
5.834e-04
8.751e-04
8.103e-04
6.807e-04
7.131e-04
7.455e-04
6.807e-04
5.186e-04
7.779e-04
8.751e-04
7.131e-04
1.070e-03
7.131e-04
8.103e-04
8.103e-04
1.102e-03
9.724e-04
9.400e-04
9.076e-04
8.103e-04
1.167e-03
1.329e-03
7.779e-04
9.076e-04
8.751e-04
6.807e-04
8.751e-04
9.076e-04
1.556e-03
7.131e-04
6.158e-04
1.037e-03
1.005e-03
7.779e-04
8.103e-04
9.076e-04
6.158e-04
6.158e-04
9.076e-04
1.329e-03
8.103e-04
9.400e-04
1.005e-03
8.427e-04
1.297e-03
1.070e-03
7.131e-04
1.005e-03
1.005e-03
1.167e-03
1.361e-03
8.103e-04
1.134e-03
9.076e-04
1.297e-03
9.724e-04
1.037e-03
1.459e-03
1.167e-03
1.199e-03
1.070e-03
1.459e-03
1.491e-03
1.459e-03
1.588e-03
1.102e-03
1.523e-03
2.269e-03
1.491e-03
2.107e-03
2.204e-03
2.301e-03
2.236e-03
3.306e-03
4.149e-03
4.278e-03
6.353e-03
7.779e-03
8.654e-03
6.742e-03
6.709e-03
4.603e-03
5.348e-03
4.116e-03
3.760e-03
3.857e-03
3.695e-03
2.950e-03
2.625e-03
2.950e-03
2.885e-03
3.014e-03
3.403e-03
3.598e-03
3.079e-03
2.885e-03
2.950e-03
2.658e-03
3.144e-03
3.047e-03
2.885e-03
2.625e-03
2.496e-03
2.723e-03
2.269e-03
2.690e-03
3.306e-03
2.463e-03
2.950e-03
3.565e-03
3.112e-03
3.565e-03
2.917e-03
3.533e-03
3.306e-03
3.079e-03
3.501e-03
4.732e-03
4.246e-03
4.538e-03
5.445e-03
5.964e-03
5.348e-03
6.061e-03
6.742e-03
6.709e-03
7.811e-03
7.196e-03
8.654e-03
8.816e-03
1.053e-02
1.066e-02
1.157e-02
1.715e-02
1.954e-02
2.165e-02
