2.409e-02
1.040e-02
8.876e-03
1.014e-02
7.355e-03
9.384e-03
6.848e-03
7.101e-03
9.637e-03
8.876e-03
7.862e-03
7.862e-03
7.101e-03
7.101e-03
6.848e-03
9.130e-03
9.130e-03
9.637e-03
8.369e-03
6.340e-03
8.876e-03
5.580e-03
5.326e-03
4.311e-03
2.790e-03
3.297e-03
4.058e-03
2.790e-03
2.790e-03
2.029e-03
2.283e-03
7.608e-04
2.790e-03
1.775e-03
2.536e-04
1.775e-03
1.522e-03
3.043e-03
2.029e-03
3.297e-03
2.790e-03
4.058e-03
3.043e-03
3.297e-03
3.551e-03
1.775e-03
2.029e-03
1.268e-03
7.608e-04
7.608e-04
1.522e-03
5.072e-04
7.608e-04
2.029e-03
1.014e-03
1.014e-03
2.283e-03
5.072e-04
1.014e-03
1.268e-03
7.608e-04
1.014e-03
0.000e+00
1.268e-03
1.522e-03
2.029e-03
1.268e-03
1.014e-03
2.283e-03
2.029e-03
2.536e-03
1.775e-03
2.029e-03
2.029e-03
1.268e-03
7.608e-04
1.014e-03
1.522e-03
2.029e-03
2.283e-03
1.014e-03
2.283e-03
2.283e-03
2.029e-03
7.608e-04
5.072e-04
1.268e-03
1.268e-03
1.522e-03
2.536e-03
2.283e-03
2.283e-03
1.775e-03
1.268e-03
3.804e-03
1.522e-03
2.029e-03
1.775e-03
1.268e-03
2.283e-03
1.268e-03
2.536e-03
4.311e-03
3.551e-03
2.029e-03
3.297e-03
2.790e-03
3.297e-03
2.536e-03
2.536e-03
4.311e-03
2.536e-03
3.043e-03
3.551e-03
5.833e-03
1.522e-03
3.804e-03
6.087e-03
6.087e-03
5.326e-03
2.790e-03
1.775e-03
2.790e-03
1.522e-03
2.029e-03
2.790e-03
3.297e-03
2.283e-03
5.072e-04
2.536e-03
2.029e-03
1.268e-03
2.790e-03
1.268e-03
2.029e-03
2.283e-03
1.775e-03
1.014e-03
2.536e-03
3.297e-03
1.522e-03
1.775e-03
2.029e-03
2.029e-03
1.268e-03
2.029e-03
2.029e-03
1.522e-03
2.029e-03
1.522e-03
7.608e-04
7.608e-04
1.522e-03
7.608e-04
7.608e-04
1.522e-03
1.522e-03
1.522e-03
1.522e-03
1.522e-03
5.072e-04
1.522e-03
1.775e-03
1.522e-03
5.072e-04
1.014e-03
1.775e-03
1.522e-03
1.014e-03
7.608e-04
1.522e-03
2.029e-03
1.775e-03
5.072e-04
1.775e-03
1.014e-03
1.268e-03
5.072e-04
1.268e-03
2.029e-03
1.522e-03
7.608e-04
2.029e-03
7.608e-04
2.029e-03
2.536e-03
1.014e-03
2.536e-03
2.536e-03
1.268e-03
1.268e-03
1.522e-03
1.014e-03
1.522e-03
3.043e-03
2.536e-03
2.029e-03
2.029e-03
2.790e-03
1.522e-03
1.775e-03
1.014e-03
1.014e-03
1.522e-03
2.790e-03
1.522e-03
1.775e-03
2.029e-03
2.029e-03
1.522e-03
1.775e-03
2.790e-03
1.522e-03
7.608e-04
2.283e-03
1.014e-03
2.790e-03
2.790e-03
1.014e-03
3.043e-03
1.522e-03
1.775e-03
1.775e-03
2.029e-03
1.268e-03
5.072e-04
2.029e-03
1.522e-03
2.283e-03
1.522e-03
1.775e-03
3.043e-03
1.775e-03
1.522e-03
2.790e-03
2.790e-03
2.536e-03
2.029e-03
2.790e-03
3.297e-03
2.790e-03
5.072e-03
3.297e-03
6.087e-03
2.283e-03
2.029e-03
3.551e-03
1.268e-03
2.029e-03
1.522e-03
2.790e-03
2.536e-03
3.297e-03
2.283e-03
3.043e-03
4.311e-03
3.297e-03
5.580e-03
2.790e-03
2.790e-03
2.790e-03
3.043e-03
1.268e-03
2.536e-03
1.522e-03
2.029e-03
1.014e-03
1.775e-03
3.043e-03
1.522e-03
1.775e-03
2.536e-03
7.608e-04
1.775e-03
1.014e-03
7.608e-04
2.029e-03
7.608e-04
2.029e-03
1.268e-03
7.608e-04
2.536e-04
2.536e-04
1.014e-03
7.608e-04
1.268e-03
7.608e-04
7.608e-04
5.072e-04
5.072e-04
1.775e-03
1.522e-03
1.268e-03
3.043e-03
1.775e-03
1.522e-03
1.014e-03
2.029e-03
1.014e-03
1.014e-03
1.522e-03
2.283e-03
7.608e-04
5.072e-04
1.522e-03
1.775e-03
2.536e-03
1.522e-03
7.608e-04
5.072e-04
2.536e-03
1.268e-03
1.268e-03
1.522e-03
2.790e-03
3.551e-03
2.283e-03
4.311e-03
3.043e-03
3.804e-03
2.283e-03
3.043e-03
3.297e-03
2.790e-03
2.029e-03
1.522e-03
3.297e-03
2.790e-03
2.790e-03
7.608e-04
5.326e-03
2.536e-03
3.804e-03
1.775e-03
3.297e-03
3.551e-03
4.058e-03
5.580e-03
5.833e-03
6.087e-03
6.594e-03
6.340e-03
8.116e-03
6.594e-03
1.014e-02
6.087e-03
4.058e-03
7.101e-03
5.072e-03
6.087e-03
9.384e-03
5.580e-03
6.340e-03
6.087e-03
7.355e-03
7.862e-03
6.848e-03
9.891e-03
9.130e-03
1.116e-02
