3.527e-02
2.075e-02
3.112e-02
1.037e-02
1.037e-02
8.299e-03
1.867e-02
1.037e-02
6.224e-03
2.075e-03
2.075e-03
4.149e-03
4.149e-03
6.224e-03
4.149e-03
0.000e+00
6.224e-03
8.299e-03
2.075e-03
0.000e+00
0.000e+00
2.075e-03
0.000e+00
6.224e-03
0.000e+00
2.075e-03
0.000e+00
4.149e-03
6.224e-03
4.149e-03
4.149e-03
6.224e-03
0.000e+00
1.037e-02
2.075e-03
2.075e-03
2.075e-03
6.224e-03
6.224e-03
8.299e-03
2.075e-03
2.075e-03
2.075e-03
2.075e-03
2.075e-03
4.149e-03
2.075e-03
2.075e-03
4.149e-03
3.527e-02
2.905e-02
6.224e-03
2.075e-03
2.075e-03
2.075e-03
0.000e+00
0.000e+00
0.000e+00
0.000e+00
0.000e+00
0.000e+00
0.000e+00
0.000e+00
0.000e+00
2.075e-03
4.149e-03
4.149e-03
2.075e-02
1.452e-02
0.000e+00
0.000e+00
6.224e-03
1.245e-02
0.000e+00
2.075e-03
0.000e+00
0.000e+00
6.224e-03
2.075e-03
2.075e-03
0.000e+00
2.075e-03
0.000e+00
2.075e-03
6.224e-03
0.000e+00
2.075e-03
6.224e-03
0.000e+00
2.075e-03
2.075e-03
0.000e+00
0.000e+00
0.000e+00
0.000e+00
2.075e-03
0.000e+00
0.000e+00
0.000e+00
0.000e+00
4.149e-03
4.149e-03
0.000e+00
0.000e+00
0.000e+00
0.000e+00
2.075e-03
0.000e+00
0.000e+00
0.000e+00
0.000e+00
0.000e+00
2.075e-03
0.000e+00
0.000e+00
0.000e+00
0.000e+00
0.000e+00
0.000e+00
0.000e+00
0.000e+00
0.000e+00
0.000e+00
2.075e-03
0.000e+00
0.000e+00
0.000e+00
0.000e+00
0.000e+00
0.000e+00
0.000e+00
0.000e+00
0.000e+00
0.000e+00
0.000e+00
0.000e+00
0.000e+00
0.000e+00
0.000e+00
0.000e+00
0.000e+00
0.000e+00
0.000e+00
0.000e+00
0.000e+00
2.075e-03
0.000e+00
0.000e+00
2.075e-03
0.000e+00
0.000e+00
0.000e+00
0.000e+00
0.000e+00
0.000e+00
0.000e+00
0.000e+00
0.000e+00
0.000e+00
0.000e+00
0.000e+00
0.000e+00
0.000e+00
0.000e+00
0.000e+00
0.000e+00
0.000e+00
0.000e+00
0.000e+00
4.149e-03
0.000e+00
0.000e+00
0.000e+00
0.000e+00
6.224e-03
0.000e+00
0.000e+00
2.075e-03
0.000e+00
0.000e+00
0.000e+00
0.000e+00
0.000e+00
0.000e+00
0.000e+00
0.000e+00
2.075e-03
0.000e+00
0.000e+00
0.000e+00
0.000e+00
0.000e+00
0.000e+00
0.000e+00
0.000e+00
2.075e-03
0.000e+00
0.000e+00
0.000e+00
0.000e+00
0.000e+00
0.000e+00
0.000e+00
2.075e-03
0.000e+00
0.000e+00
0.000e+00
4.149e-03
0.000e+00
0.000e+00
0.000e+00
0.000e+00
0.000e+00
0.000e+00
0.000e+00
2.075e-03
0.000e+00
0.000e+00
2.075e-03
0.000e+00
0.000e+00
0.000e+00
0.000e+00
0.000e+00
0.000e+00
0.000e+00
0.000e+00
0.000e+00
0.000e+00
0.000e+00
0.000e+00
0.000e+00
0.000e+00
0.000e+00
0.000e+00
0.000e+00
0.000e+00
2.075e-03
2.075e-03
2.075e-03
2.075e-03
0.000e+00
0.000e+00
0.000e+00
2.075e-03
0.000e+00
0.000e+00
0.000e+00
0.000e+00
0.000e+00
2.075e-03
0.000e+00
0.000e+00
0.000e+00
0.000e+00
0.000e+00
0.000e+00
0.000e+00
0.000e+00
0.000e+00
0.000e+00
0.000e+00
0.000e+00
0.000e+00
2.075e-03
2.075e-03
0.000e+00
2.075e-03
2.075e-03
0.000e+00
0.000e+00
0.000e+00
2.075e-03
2.075e-03
0.000e+00
0.000e+00
0.000e+00
0.000e+00
0.000e+00
0.000e+00
2.075e-03
0.000e+00
0.000e+00
0.000e+00
2.075e-03
6.224e-03
8.299e-03
6.224e-03
1.037e-02
0.000e+00
4.149e-03
1.660e-02
5.187e-02
1.245e-02
0.000e+00
0.000e+00
0.000e+00
0.000e+00
2.075e-03
2.075e-03
0.000e+00
2.075e-03
0.000e+00
2.075e-03
4.149e-03
2.075e-03
4.149e-03
0.000e+00
2.075e-03
8.299e-03
8.299e-03
8.299e-03
2.075e-03
4.149e-03
0.000e+00
2.075e-03
6.224e-03
6.224e-03
0.000e+00
6.224e-03
6.224e-03
6.224e-03
1.452e-02
1.037e-02
1.037e-02
6.224e-03
4.149e-03
4.149e-03
8.299e-03
2.075e-03
4.149e-03
2.075e-03
4.149e-03
0.000e+00
2.075e-03
0.000e+00
4.149e-03
4.149e-03
4.149e-03
6.224e-03
1.037e-02
8.299e-03
0.000e+00
2.075e-03
2.075e-03
6.224e-03
2.075e-03
6.224e-03
6.224e-03
4.149e-03
8.299e-03
2.075e-03
4.149e-03
6.224e-03
8.299e-03
1.245e-02
2.075e-02
1.452e-02
2.490e-02
1.867e-02
