3.721e-02
5.116e-02
2.326e-02
9.302e-03
2.326e-02
9.302e-03
4.651e-03
3.721e-02
2.326e-02
1.395e-02
9.302e-03
1.395e-02
1.395e-02
9.302e-03
4.651e-03
1.395e-02
1.860e-02
4.651e-03
4.651e-03
4.651e-03
4.651e-03
4.651e-03
4.651e-03
0.000e+00
4.651e-03
4.651e-03
0.000e+00
4.651e-03
0.000e+00
0.000e+00
0.000e+00
0.000e+00
0.000e+00
0.000e+00
0.000e+00
0.000e+00
0.000e+00
0.000e+00
0.000e+00
0.000e+00
0.000e+00
0.000e+00
0.000e+00
0.000e+00
0.000e+00
0.000e+00
0.000e+00
0.000e+00
0.000e+00
0.000e+00
0.000e+00
0.000e+00
0.000e+00
0.000e+00
0.000e+00
0.000e+00
0.000e+00
0.000e+00
0.000e+00
0.000e+00
0.000e+00
0.000e+00
0.000e+00
0.000e+00
4.651e-03
0.000e+00
0.000e+00
0.000e+00
0.000e+00
0.000e+00
0.000e+00
0.000e+00
0.000e+00
0.000e+00
0.000e+00
0.000e+00
0.000e+00
0.000e+00
0.000e+00
0.000e+00
0.000e+00
0.000e+00
0.000e+00
0.000e+00
0.000e+00
0.000e+00
0.000e+00
0.000e+00
4.651e-03
0.000e+00
4.651e-03
0.000e+00
0.000e+00
0.000e+00
0.000e+00
0.000e+00
0.000e+00
0.000e+00
0.000e+00
0.000e+00
0.000e+00
4.651e-03
0.000e+00
0.000e+00
0.000e+00
0.000e+00
0.000e+00
0.000e+00
4.651e-03
4.651e-03
9.302e-03
9.302e-03
0.000e+00
0.000e+00
0.000e+00
0.000e+00
4.651e-03
0.000e+00
9.302e-03
0.000e+00
0.000e+00
9.302e-03
0.000e+00
4.651e-03
4.651e-03
4.651e-03
0.000e+00
9.302e-03
4.651e-03
2.326e-02
4.651e-03
4.651e-03
4.651e-03
9.302e-03
0.000e+00
0.000e+00
0.000e+00
4.651e-03
4.651e-03
0.000e+00
4.651e-03
0.000e+00
0.000e+00
0.000e+00
0.000e+00
0.000e+00
4.651e-03
0.000e+00
0.000e+00
0.000e+00
0.000e+00
0.000e+00
0.000e+00
0.000e+00
0.000e+00
0.000e+00
0.000e+00
0.000e+00
0.000e+00
0.000e+00
0.000e+00
0.000e+00
0.000e+00
0.000e+00
0.000e+00
0.000e+00
0.000e+00
0.000e+00
0.000e+00
0.000e+00
0.000e+00
0.000e+00
0.000e+00
0.000e+00
0.000e+00
0.000e+00
0.000e+00
0.000e+00
0.000e+00
0.000e+00
0.000e+00
0.000e+00
0.000e+00
0.000e+00
0.000e+00
0.000e+00
0.000e+00
0.000e+00
0.000e+00
0.000e+00
0.000e+00
0.000e+00
0.000e+00
0.000e+00
0.000e+00
0.000e+00
0.000e+00
4.651e-03
0.000e+00
0.000e+00
0.000e+00
0.000e+00
4.651e-03
0.000e+00
0.000e+00
0.000e+00
0.000e+00
0.000e+00
0.000e+00
0.000e+00
0.000e+00
0.000e+00
0.000e+00
9.302e-03
0.000e+00
4.651e-03
4.651e-03
0.000e+00
0.000e+00
0.000e+00
4.651e-03
0.000e+00
0.000e+00
0.000e+00
0.000e+00
1.395e-02
4.651e-03
4.651e-03
0.000e+00
0.000e+00
0.000e+00
4.651e-03
0.000e+00
0.000e+00
4.651e-03
9.302e-03
0.000e+00
4.651e-03
0.000e+00
9.302e-03
1.395e-02
4.651e-03
4.651e-03
9.302e-03
9.302e-03
4.651e-03
4.651e-03
0.000e+00
0.000e+00
4.651e-03
0.000e+00
4.651e-03
9.302e-03
0.000e+00
0.000e+00
0.000e+00
0.000e+00
0.000e+00
0.000e+00
0.000e+00
0.000e+00
0.000e+00
0.000e+00
0.000e+00
0.000e+00
0.000e+00
0.000e+00
0.000e+00
0.000e+00
0.000e+00
0.000e+00
0.000e+00
0.000e+00
0.000e+00
0.000e+00
0.000e+00
0.000e+00
0.000e+00
0.000e+00
0.000e+00
0.000e+00
0.000e+00
0.000e+00
0.000e+00
0.000e+00
0.000e+00
0.000e+00
0.000e+00
0.000e+00
0.000e+00
0.000e+00
0.000e+00
0.000e+00
0.000e+00
0.000e+00
0.000e+00
0.000e+00
0.000e+00
0.000e+00
0.000e+00
0.000e+00
0.000e+00
0.000e+00
0.000e+00
0.000e+00
0.000e+00
0.000e+00
0.000e+00
0.000e+00
0.000e+00
0.000e+00
0.000e+00
0.000e+00
0.000e+00
4.651e-03
0.000e+00
0.000e+00
0.000e+00
4.651e-03
0.000e+00
0.000e+00
0.000e+00
0.000e+00
0.000e+00
0.000e+00
0.000e+00
0.000e+00
0.000e+00
4.651e-03
9.302e-03
9.302e-03
0.000e+00
0.000e+00
4.651e-03
0.000e+00
0.000e+00
0.000e+00
4.651e-03
4.651e-03
0.000e+00
4.651e-03
4.651e-03
1.395e-02
4.651e-03
0.000e+00
1.395e-02
1.395e-02
3.721e-02
1.860e-02
0.000e+00
1.860e-02
9.302e-03
1.395e-02
4.651e-03
2.326e-02
9.302e-03
2.326e-02
2.326e-02
1.860e-02
1.860e-02
