9.524e-02
6.803e-02
3.912e-02
1.531e-02
2.551e-02
1.361e-02
8.503e-03
8.503e-03
5.102e-03
5.102e-03
5.102e-03
5.102e-03
3.401e-03
1.701e-03
1.361e-02
1.020e-02
1.701e-03
3.401e-03
3.401e-03
5.102e-03
5.102e-03
6.803e-03
1.701e-03
8.503e-03
6.803e-03
0.000e+00
3.401e-03
3.401e-03
6.803e-03
1.701e-03
1.701e-03
6.803e-03
1.701e-03
5.102e-03
5.102e-03
0.000e+00
1.701e-03
1.701e-03
8.503e-03
3.401e-03
3.401e-03
1.701e-03
5.102e-03
1.701e-03
0.000e+00
1.701e-03
1.701e-03
0.000e+00
0.000e+00
1.701e-03
1.701e-03
5.102e-03
1.701e-03
3.401e-03
0.000e+00
1.701e-03
0.000e+00
5.102e-03
1.701e-03
0.000e+00
3.401e-03
1.701e-03
1.701e-03
3.401e-03
0.000e+00
1.701e-03
0.000e+00
0.000e+00
1.701e-03
0.000e+00
0.000e+00
0.000e+00
0.000e+00
1.701e-03
0.000e+00
0.000e+00
0.000e+00
0.000e+00
1.701e-03
0.000e+00
1.701e-03
0.000e+00
0.000e+00
0.000e+00
0.000e+00
1.701e-03
3.401e-03
1.701e-03
0.000e+00
0.000e+00
1.701e-03
0.000e+00
1.701e-03
3.401e-03
0.000e+00
1.701e-03
0.000e+00
0.000e+00
0.000e+00
0.000e+00
0.000e+00
0.000e+00
1.701e-03
0.000e+00
1.701e-03
1.701e-03
0.000e+00
0.000e+00
0.000e+00
0.000e+00
0.000e+00
0.000e+00
0.000e+00
1.701e-03
0.000e+00
0.000e+00
0.000e+00
0.000e+00
0.000e+00
0.000e+00
0.000e+00
0.000e+00
0.000e+00
1.701e-03
0.000e+00
0.000e+00
0.000e+00
0.000e+00
1.701e-03
0.000e+00
0.000e+00
0.000e+00
0.000e+00
0.000e+00
0.000e+00
0.000e+00
0.000e+00
0.000e+00
1.701e-03
1.701e-03
1.701e-03
0.000e+00
0.000e+00
0.000e+00
3.401e-03
0.000e+00
0.000e+00
0.000e+00
0.000e+00
3.401e-03
0.000e+00
0.000e+00
1.701e-03
0.000e+00
0.000e+00
0.000e+00
0.000e+00
0.000e+00
0.000e+00
0.000e+00
1.701e-03
0.000e+00
0.000e+00
0.000e+00
1.701e-03
0.000e+00
1.701e-03
0.000e+00
0.000e+00
0.000e+00
1.701e-03
6.803e-03
0.000e+00
0.000e+00
0.000e+00
0.000e+00
1.701e-03
0.000e+00
0.000e+00
0.000e+00
1.701e-03
0.000e+00
0.000e+00
0.000e+00
5.102e-03
1.701e-03
0.000e+00
0.000e+00
1.701e-03
1.701e-03
0.000e+00
1.701e-03
1.701e-03
0.000e+00
0.000e+00
1.701e-03
0.000e+00
0.000e+00
5.102e-03
0.000e+00
5.102e-03
0.000e+00
0.000e+00
1.701e-03
3.401e-03
0.000e+00
0.000e+00
1.701e-03
0.000e+00
1.701e-03
3.401e-03
0.000e+00
1.701e-03
1.701e-03
0.000e+00
0.000e+00
0.000e+00
0.000e+00
1.701e-03
1.701e-03
3.401e-03
1.701e-03
0.000e+00
1.701e-03
0.000e+00
1.701e-03
3.401e-03
0.000e+00
1.701e-03
0.000e+00
0.000e+00
0.000e+00
0.000e+00
0.000e+00
0.000e+00
0.000e+00
1.701e-03
0.000e+00
0.000e+00
0.000e+00
0.000e+00
0.000e+00
1.701e-03
1.701e-03
0.000e+00
1.701e-03
1.701e-03
0.000e+00
0.000e+00
0.000e+00
0.000e+00
0.000e+00
0.000e+00
3.401e-03
1.701e-03
0.000e+00
1.701e-03
3.401e-03
0.000e+00
0.000e+00
0.000e+00
0.000e+00
0.000e+00
1.701e-03
0.000e+00
1.701e-03
0.000e+00
1.701e-03
1.701e-03
0.000e+00
1.701e-03
1.701e-03
0.000e+00
0.000e+00
0.000e+00
1.701e-03
0.000e+00
1.701e-03
1.701e-03
3.401e-03
0.000e+00
0.000e+00
0.000e+00
0.000e+00
0.000e+00
0.000e+00
1.701e-03
0.000e+00
1.701e-03
1.701e-03
0.000e+00
3.401e-03
0.000e+00
1.701e-03
1.701e-03
0.000e+00
0.000e+00
0.000e+00
0.000e+00
0.000e+00
1.701e-03
0.000e+00
3.401e-03
1.701e-03
1.701e-03
1.701e-03
0.000e+00
0.000e+00
1.701e-03
1.701e-03
3.401e-03
1.701e-03
0.000e+00
1.701e-03
0.000e+00
3.401e-03
0.000e+00
1.701e-03
1.701e-03
1.701e-03
6.803e-03
3.401e-03
3.401e-03
1.701e-03
0.000e+00
1.701e-03
1.701e-03
6.803e-03
5.102e-03
1.701e-03
5.102e-03
1.701e-03
1.701e-03
1.020e-02
1.701e-03
3.401e-03
8.503e-03
3.401e-03
1.020e-02
6.803e-03
5.102e-03
8.503e-03
6.803e-03
6.803e-03
6.803e-03
1.701e-03
6.803e-03
3.401e-03
8.503e-03
3.401e-03
1.020e-02
3.401e-03
1.020e-02
6.803e-03
1.020e-02
1.531e-02
1.190e-02
2.041e-02
5.102e-02
5.272e-02
