8.271e-04
0.000e+00
8.271e-04
8.271e-04
0.000e+00
0.000e+00
0.000e+00
0.000e+00
0.000e+00
0.000e+00
0.000e+00
8.271e-04
8.271e-04
0.000e+00
2.481e-03
8.271e-04
8.271e-04
0.000e+00
0.000e+00
0.000e+00
0.000e+00
8.271e-04
8.271e-04
0.000e+00
8.271e-04
1.654e-03
1.654e-03
0.000e+00
1.654e-03
3.309e-03
1.654e-03
3.309e-03
3.309e-03
4.136e-03
4.136e-03
6.617e-03
8.271e-03
4.136e-03
4.136e-03
4.963e-03
7.444e-03
1.406e-02
1.075e-02
1.654e-02
2.399e-02
2.068e-02
1.985e-02
2.399e-02
2.151e-02
2.481e-02
1.985e-02
2.647e-02
2.564e-02
1.985e-02
2.481e-02
2.233e-02
2.481e-02
2.647e-02
1.323e-02
1.406e-02
9.926e-03
9.926e-03
7.444e-03
6.617e-03
8.271e-04
5.790e-03
5.790e-03
4.136e-03
3.309e-03
4.963e-03
1.654e-03
2.481e-03
1.654e-03
5.790e-03
0.000e+00
0.000e+00
0.000e+00
0.000e+00
0.000e+00
0.000e+00
0.000e+00
0.000e+00
0.000e+00
0.000e+00
0.000e+00
0.000e+00
0.000e+00
0.000e+00
0.000e+00
0.000e+00
0.000e+00
0.000e+00
0.000e+00
0.000e+00
0.000e+00
0.000e+00
0.000e+00
0.000e+00
0.000e+00
0.000e+00
0.000e+00
0.000e+00
0.000e+00
0.000e+00
0.000e+00
0.000e+00
0.000e+00
0.000e+00
0.000e+00
0.000e+00
0.000e+00
0.000e+00
0.000e+00
0.000e+00
0.000e+00
0.000e+00
0.000e+00
0.000e+00
0.000e+00
0.000e+00
0.000e+00
0.000e+00
0.000e+00
0.000e+00
0.000e+00
0.000e+00
0.000e+00
0.000e+00
0.000e+00
0.000e+00
0.000e+00
0.000e+00
0.000e+00
0.000e+00
0.000e+00
0.000e+00
0.000e+00
0.000e+00
0.000e+00
0.000e+00
0.000e+00
0.000e+00
0.000e+00
0.000e+00
0.000e+00
0.000e+00
0.000e+00
0.000e+00
0.000e+00
0.000e+00
0.000e+00
0.000e+00
0.000e+00
0.000e+00
0.000e+00
0.000e+00
0.000e+00
0.000e+00
0.000e+00
0.000e+00
0.000e+00
0.000e+00
0.000e+00
0.000e+00
0.000e+00
0.000e+00
0.000e+00
0.000e+00
0.000e+00
0.000e+00
0.000e+00
0.000e+00
0.000e+00
0.000e+00
0.000e+00
0.000e+00
0.000e+00
0.000e+00
0.000e+00
0.000e+00
0.000e+00
0.000e+00
0.000e+00
0.000e+00
0.000e+00
0.000e+00
0.000e+00
0.000e+00
0.000e+00
0.000e+00
0.000e+00
0.000e+00
0.000e+00
0.000e+00
0.000e+00
0.000e+00
0.000e+00
0.000e+00
0.000e+00
0.000e+00
0.000e+00
0.000e+00
0.000e+00
0.000e+00
0.000e+00
0.000e+00
0.000e+00
0.000e+00
0.000e+00
0.000e+00
0.000e+00
0.000e+00
0.000e+00
0.000e+00
0.000e+00
0.000e+00
0.000e+00
0.000e+00
0.000e+00
0.000e+00
0.000e+00
0.000e+00
0.000e+00
0.000e+00
0.000e+00
0.000e+00
0.000e+00
0.000e+00
0.000e+00
0.000e+00
0.000e+00
0.000e+00
0.000e+00
0.000e+00
0.000e+00
0.000e+00
0.000e+00
0.000e+00
0.000e+00
0.000e+00
0.000e+00
0.000e+00
0.000e+00
0.000e+00
0.000e+00
0.000e+00
0.000e+00
0.000e+00
0.000e+00
0.000e+00
0.000e+00
0.000e+00
0.000e+00
0.000e+00
0.000e+00
0.000e+00
0.000e+00
0.000e+00
0.000e+00
0.000e+00
0.000e+00
0.000e+00
0.000e+00
0.000e+00
0.000e+00
0.000e+00
0.000e+00
0.000e+00
0.000e+00
0.000e+00
0.000e+00
0.000e+00
0.000e+00
0.000e+00
0.000e+00
0.000e+00
0.000e+00
0.000e+00
0.000e+00
0.000e+00
0.000e+00
0.000e+00
0.000e+00
0.000e+00
0.000e+00
1.654e-03
1.654e-03
8.271e-04
0.000e+00
2.481e-03
4.136e-03
3.309e-03
3.309e-03
1.654e-03
4.963e-03
0.000e+00
1.654e-03
3.309e-03
5.790e-03
1.075e-02
1.737e-02
1.737e-02
1.820e-02
2.151e-02
1.241e-02
2.151e-02
1.654e-02
2.151e-02
1.737e-02
1.323e-02
1.737e-02
2.233e-02
1.985e-02
2.481e-02
2.233e-02
1.902e-02
2.068e-02
1.241e-02
2.233e-02
9.926e-03
8.271e-03
5.790e-03
2.481e-03
4.963e-03
3.309e-03
4.136e-03
8.271e-04
0.000e+00
2.481e-03
2.481e-03
1.654e-03
1.654e-03
8.271e-04
8.271e-04
8.271e-04
0.000e+00
8.271e-04
1.654e-03
0.000e+00
8.271e-04
8.271e-04
8.271e-04
0.000e+00
0.000e+00
0.000e+00
0.000e+00
0.000e+00
1.654e-03
0.000e+00
0.000e+00
1.654e-03
8.271e-04
0.000e+00
0.000e+00
0.000e+00
0.000e+00
8.271e-04
8.271e-04
0.000e+00
0.000e+00
