1.502e-02
1.285e-02
1.004e-02
8.114e-03
6.791e-03
6.057e-03
5.339e-03
5.284e-03
4.828e-03
4.656e-03
4.429e-03
4.160e-03
4.035e-03
4.156e-03
3.907e-03
3.871e-03
4.129e-03
3.719e-03
3.739e-03
3.715e-03
3.583e-03
3.458e-03
3.454e-03
3.294e-03
3.220e-03
3.126e-03
3.169e-03
3.067e-03
3.235e-03
3.134e-03
3.313e-03
3.177e-03
3.270e-03
3.505e-03
3.661e-03
3.508e-03
3.430e-03
3.247e-03
3.192e-03
3.079e-03
3.118e-03
3.028e-03
2.845e-03
2.900e-03
3.114e-03
3.009e-03
3.458e-03
3.571e-03
3.641e-03
4.309e-03
4.558e-03
5.187e-03
5.854e-03
6.599e-03
8.320e-03
1.006e-02
1.089e-02
9.858e-03
9.120e-03
9.210e-03
8.992e-03
6.108e-03
4.398e-03
3.466e-03
2.989e-03
2.849e-03
2.529e-03
2.205e-03
2.287e-03
2.525e-03
2.412e-03
2.236e-03
1.920e-03
1.842e-03
1.612e-03
1.729e-03
1.401e-03
1.268e-03
1.319e-03
1.225e-03
1.233e-03
1.218e-03
1.167e-03
1.026e-03
1.019e-03
1.042e-03
1.124e-03
1.054e-03
1.112e-03
1.081e-03
1.065e-03
8.742e-04
9.366e-04
8.430e-04
8.391e-04
8.547e-04
8.430e-04
8.625e-04
8.235e-04
8.078e-04
8.235e-04
8.742e-04
7.298e-04
8.196e-04
7.766e-04
7.961e-04
8.117e-04
8.157e-04
9.366e-04
8.586e-04
9.679e-04
8.937e-04
9.405e-04
9.991e-04
1.046e-03
1.327e-03
1.085e-03
1.222e-03
1.428e-03
1.300e-03
1.362e-03
1.370e-03
1.440e-03
1.393e-03
1.264e-03
1.300e-03
1.171e-03
1.163e-03
1.136e-03
1.225e-03
1.186e-03
8.976e-04
9.561e-04
1.054e-03
9.288e-04
8.586e-04
9.015e-04
8.859e-04
9.405e-04
8.937e-04
9.171e-04
9.288e-04
1.140e-03
1.073e-03
1.143e-03
1.159e-03
1.163e-03
1.175e-03
1.261e-03
1.288e-03
1.319e-03
1.385e-03
1.323e-03
1.385e-03
1.378e-03
1.397e-03
1.491e-03
1.530e-03
1.647e-03
1.748e-03
1.893e-03
1.908e-03
1.959e-03
2.057e-03
2.139e-03
2.400e-03
2.521e-03
2.595e-03
2.646e-03
2.705e-03
3.071e-03
2.716e-03
2.954e-03
3.321e-03
3.395e-03
3.903e-03
4.316e-03
5.070e-03
5.897e-03
6.521e-03
7.341e-03
6.420e-03
5.827e-03
5.097e-03
4.453e-03
4.008e-03
3.544e-03
3.423e-03
3.083e-03
3.071e-03
2.892e-03
2.763e-03
2.427e-03
2.166e-03
2.287e-03
2.303e-03
2.096e-03
2.162e-03
1.963e-03
1.990e-03
1.877e-03
1.760e-03
1.780e-03
1.635e-03
1.612e-03
1.651e-03
1.417e-03
1.456e-03
1.307e-03
1.354e-03
1.389e-03
1.358e-03
1.268e-03
1.159e-03
1.065e-03
1.104e-03
9.132e-04
9.327e-04
1.069e-03
9.991e-04
8.703e-04
8.781e-04
9.093e-04
9.835e-04
9.952e-04
9.483e-04
1.042e-03
9.015e-04
1.046e-03
9.679e-04
9.952e-04
1.062e-03
1.108e-03
1.155e-03
1.292e-03
1.354e-03
1.237e-03
1.229e-03
1.440e-03
1.405e-03
1.319e-03
1.378e-03
1.421e-03
1.058e-03
1.202e-03
1.140e-03
1.007e-03
9.640e-04
1.030e-03
9.835e-04
8.664e-04
8.547e-04
9.913e-04
8.235e-04
7.220e-04
7.883e-04
9.015e-04
7.220e-04
7.961e-04
8.313e-04
7.922e-04
7.844e-04
8.039e-04
8.078e-04
7.610e-04
8.430e-04
9.210e-04
9.835e-04
9.132e-04
1.003e-03
1.026e-03
9.913e-04
1.128e-03
1.022e-03
1.136e-03
1.116e-03
1.124e-03
1.116e-03
1.175e-03
1.003e-03
1.116e-03
1.264e-03
1.171e-03
1.385e-03
1.311e-03
1.549e-03
1.787e-03
1.865e-03
2.264e-03
2.088e-03
2.283e-03
2.482e-03
2.447e-03
2.377e-03
2.400e-03
2.681e-03
3.075e-03
3.579e-03
4.461e-03
6.190e-03
9.007e-03
9.105e-03
8.968e-03
9.640e-03
1.062e-02
9.870e-03
8.668e-03
7.286e-03
6.030e-03
5.249e-03
4.515e-03
3.891e-03
3.559e-03
3.267e-03
3.224e-03
3.021e-03
3.095e-03
2.982e-03
3.231e-03
3.067e-03
3.048e-03
3.372e-03
3.345e-03
3.458e-03
3.528e-03
3.723e-03
3.696e-03
3.653e-03
3.306e-03
3.204e-03
3.181e-03
3.075e-03
3.083e-03
3.345e-03
3.126e-03
3.087e-03
3.110e-03
3.352e-03
3.337e-03
3.387e-03
3.313e-03
3.540e-03
3.583e-03
3.399e-03
3.895e-03
4.043e-03
3.789e-03
4.074e-03
4.106e-03
4.000e-03
4.449e-03
4.359e-03
4.710e-03
5.015e-03
5.323e-03
6.053e-03
6.553e-03
8.598e-03
1.046e-02
1.240e-02
