3.023e-02
1.047e-02
9.302e-03
1.163e-02
1.279e-02
5.814e-03
6.977e-03
4.651e-03
8.140e-03
1.163e-03
1.279e-02
1.163e-02
8.140e-03
5.814e-03
1.628e-02
1.279e-02
5.814e-03
5.814e-03
1.628e-02
1.163e-02
1.279e-02
8.140e-03
1.395e-02
1.047e-02
1.860e-02
1.279e-02
8.140e-03
5.814e-03
2.326e-03
4.651e-03
3.488e-03
5.814e-03
3.488e-03
6.977e-03
6.977e-03
8.140e-03
3.488e-03
6.977e-03
3.488e-03
1.163e-03
3.488e-03
2.326e-03
3.488e-03
0.000e+00
2.326e-03
0.000e+00
1.163e-03
1.163e-03
1.163e-03
0.000e+00
1.163e-03
3.488e-03
2.326e-03
0.000e+00
0.000e+00
0.000e+00
3.488e-03
1.163e-03
1.163e-03
0.000e+00
1.163e-03
0.000e+00
0.000e+00
0.000e+00
0.000e+00
1.163e-03
0.000e+00
0.000e+00
0.000e+00
0.000e+00
0.000e+00
0.000e+00
0.000e+00
0.000e+00
2.326e-03
1.163e-03
0.000e+00
0.000e+00
0.000e+00
0.000e+00
0.000e+00
0.000e+00
0.000e+00
1.163e-03
0.000e+00
0.000e+00
0.000e+00
0.000e+00
0.000e+00
2.326e-03
3.488e-03
0.000e+00
2.326e-03
0.000e+00
2.326e-03
1.163e-03
0.000e+00
1.163e-03
5.814e-03
3.488e-03
1.163e-03
0.000e+00
2.326e-03
0.000e+00
0.000e+00
0.000e+00
1.163e-03
0.000e+00
0.000e+00
0.000e+00
1.163e-03
2.326e-03
1.163e-03
1.163e-03
0.000e+00
4.651e-03
3.488e-03
3.488e-03
1.163e-03
6.977e-03
1.163e-03
1.163e-03
1.163e-03
0.000e+00
1.163e-03
3.488e-03
0.000e+00
0.000e+00
2.326e-03
2.326e-03
3.488e-03
0.000e+00
0.000e+00
3.488e-03
2.326e-03
4.651e-03
1.163e-03
4.651e-03
0.000e+00
2.326e-03
2.326e-03
0.000e+00
0.000e+00
4.651e-03
1.163e-03
3.488e-03
1.163e-03
2.326e-03
0.000e+00
2.326e-03
0.000e+00
1.163e-03
0.000e+00
0.000e+00
0.000e+00
1.163e-03
0.000e+00
0.000e+00
1.163e-03
1.163e-03
0.000e+00
0.000e+00
0.000e+00
2.326e-03
0.000e+00
0.000e+00
0.000e+00
2.326e-03
0.000e+00
0.000e+00
0.000e+00
0.000e+00
0.000e+00
0.000e+00
0.000e+00
0.000e+00
0.000e+00
0.000e+00
0.000e+00
0.000e+00
0.000e+00
0.000e+00
0.000e+00
0.000e+00
0.000e+00
0.000e+00
0.000e+00
0.000e+00
0.000e+00
0.000e+00
0.000e+00
0.000e+00
0.000e+00
0.000e+00
0.000e+00
0.000e+00
0.000e+00
0.000e+00
0.000e+00
0.000e+00
1.163e-03
2.326e-03
2.326e-03
1.163e-03
0.000e+00
0.000e+00
1.163e-03
0.000e+00
1.163e-03
1.163e-03
1.163e-03
2.326e-03
1.163e-03
0.000e+00
2.326e-03
2.326e-03
0.000e+00
5.814e-03
1.163e-03
2.326e-03
0.000e+00
0.000e+00
2.326e-03
2.326e-03
1.163e-03
0.000e+00
0.000e+00
1.163e-03
0.000e+00
1.163e-03
1.163e-03
1.163e-03
2.326e-03
1.163e-03
4.651e-03
2.326e-03
1.163e-03
1.163e-03
1.163e-03
2.326e-03
2.326e-03
2.326e-03
2.326e-03
1.163e-03
2.326e-03
2.326e-03
1.163e-03
1.163e-03
1.163e-03
3.488e-03
2.326e-03
1.163e-03
0.000e+00
3.488e-03
0.000e+00
1.163e-03
2.326e-03
2.326e-03
1.163e-03
0.000e+00
1.163e-03
4.651e-03
1.163e-03
3.488e-03
1.163e-03
1.163e-03
0.000e+00
0.000e+00
1.163e-03
4.651e-03
0.000e+00
2.326e-03
0.000e+00
0.000e+00
1.163e-03
1.163e-03
0.000e+00
0.000e+00
0.000e+00
0.000e+00
0.000e+00
1.163e-03
1.163e-03
0.000e+00
0.000e+00
0.000e+00
0.000e+00
0.000e+00
0.000e+00
0.000e+00
0.000e+00
0.000e+00
0.000e+00
0.000e+00
0.000e+00
0.000e+00
0.000e+00
0.000e+00
0.000e+00
0.000e+00
0.000e+00
2.326e-03
0.000e+00
1.163e-03
1.163e-03
1.163e-03
3.488e-03
4.651e-03
1.163e-03
3.488e-03
2.326e-03
2.326e-03
3.488e-03
1.163e-03
0.000e+00
2.326e-03
0.000e+00
1.163e-03
2.326e-03
1.163e-03
4.651e-03
5.814e-03
3.488e-03
8.140e-03
2.326e-03
8.140e-03
4.651e-03
9.302e-03
6.977e-03
9.302e-03
3.488e-03
5.814e-03
6.977e-03
8.140e-03
8.140e-03
1.047e-02
1.744e-02
1.395e-02
1.860e-02
1.163e-02
6.977e-03
9.302e-03
1.047e-02
1.047e-02
9.302e-03
1.279e-02
5.814e-03
4.651e-03
1.163e-02
9.302e-03
8.140e-03
6.977e-03
6.977e-03
6.977e-03
9.302e-03
8.140e-03
8.140e-03
1.047e-02
8.140e-03
1.395e-02
