3.840e-02
2.820e-02
2.151e-02
1.695e-02
1.294e-02
1.188e-02
9.693e-03
9.068e-03
1.013e-02
8.442e-03
9.068e-03
8.755e-03
9.193e-03
1.038e-02
8.630e-03
9.380e-03
9.130e-03
8.567e-03
7.692e-03
6.754e-03
6.379e-03
5.315e-03
5.753e-03
4.440e-03
4.690e-03
4.002e-03
4.065e-03
3.565e-03
3.502e-03
3.377e-03
3.252e-03
3.627e-03
4.440e-03
5.378e-03
4.628e-03
3.502e-03
2.189e-03
2.064e-03
6.879e-04
5.003e-04
8.130e-04
1.438e-03
1.313e-03
1.001e-03
1.313e-03
1.251e-03
8.755e-04
6.879e-04
6.254e-04
8.130e-04
1.001e-03
6.254e-04
1.001e-03
1.126e-03
1.438e-03
2.564e-03
2.376e-03
3.690e-03
3.252e-03
3.502e-03
1.313e-03
1.063e-03
7.504e-04
9.380e-04
6.879e-04
5.628e-04
5.003e-04
6.254e-04
1.501e-03
2.126e-03
3.064e-03
3.314e-03
2.251e-03
2.001e-03
1.501e-03
8.130e-04
6.254e-04
8.755e-04
6.879e-04
3.127e-04
5.628e-04
3.752e-04
1.001e-03
3.752e-04
5.003e-04
5.628e-04
3.752e-04
1.126e-03
6.254e-04
6.254e-04
7.504e-04
6.879e-04
6.254e-04
8.130e-04
6.254e-04
3.127e-04
3.127e-04
6.254e-04
3.127e-04
6.254e-04
6.879e-04
8.755e-04
3.752e-04
6.879e-04
8.130e-04
8.130e-04
1.001e-03
1.063e-03
1.251e-03
7.504e-04
1.063e-03
1.251e-03
1.563e-03
1.251e-03
1.376e-03
2.126e-03
2.064e-03
1.376e-03
2.564e-03
2.251e-03
2.376e-03
2.189e-03
2.564e-03
2.064e-03
2.251e-03
2.564e-03
1.814e-03
2.626e-03
2.439e-03
2.689e-03
3.064e-03
1.939e-03
2.126e-03
3.252e-03
2.189e-03
1.688e-03
2.314e-03
1.939e-03
1.251e-03
2.126e-03
1.688e-03
1.376e-03
2.126e-03
1.251e-03
1.626e-03
1.501e-03
1.376e-03
1.001e-03
1.188e-03
1.313e-03
7.504e-04
1.188e-03
1.063e-03
1.063e-03
5.628e-04
9.380e-04
6.879e-04
1.126e-03
9.380e-04
1.001e-03
1.063e-03
9.380e-04
1.188e-03
5.003e-04
7.504e-04
6.254e-04
4.377e-04
1.063e-03
6.254e-04
9.380e-04
6.879e-04
7.504e-04
1.188e-03
6.879e-04
9.380e-04
1.438e-03
1.501e-03
1.126e-03
1.814e-03
1.751e-03
2.752e-03
1.313e-03
1.751e-03
1.751e-03
1.001e-03
1.313e-03
1.313e-03
8.755e-04
6.879e-04
1.001e-03
1.063e-03
8.755e-04
5.628e-04
5.003e-04
6.254e-04
1.063e-03
1.001e-03
1.001e-03
9.380e-04
1.438e-03
1.188e-03
8.755e-04
1.063e-03
1.251e-03
6.879e-04
1.251e-03
6.254e-04
8.130e-04
1.001e-03
1.626e-03
8.755e-04
1.188e-03
8.755e-04
1.126e-03
1.751e-03
1.688e-03
9.380e-04
1.188e-03
2.439e-03
2.001e-03
2.126e-03
1.563e-03
1.814e-03
2.064e-03
1.814e-03
2.501e-03
2.126e-03
1.876e-03
2.064e-03
2.126e-03
2.689e-03
1.751e-03
2.439e-03
2.564e-03
2.501e-03
2.626e-03
1.438e-03
2.501e-03
2.314e-03
2.189e-03
2.376e-03
2.501e-03
3.127e-03
2.001e-03
1.939e-03
1.313e-03
9.380e-04
1.876e-03
2.001e-03
1.751e-03
9.380e-04
1.376e-03
1.751e-03
1.438e-03
1.001e-03
7.504e-04
1.063e-03
8.755e-04
1.063e-03
7.504e-04
3.127e-04
6.879e-04
3.752e-04
3.752e-04
3.752e-04
8.130e-04
1.001e-03
9.380e-04
6.254e-04
3.752e-04
8.130e-04
8.130e-04
7.504e-04
7.504e-04
4.377e-04
8.130e-04
3.127e-04
5.628e-04
3.127e-04
3.752e-04
2.501e-04
8.130e-04
3.127e-04
5.628e-04
6.254e-04
1.063e-03
1.001e-03
1.939e-03
2.251e-03
3.127e-03
2.877e-03
2.064e-03
1.188e-03
6.254e-04
8.755e-04
9.380e-04
6.254e-04
3.127e-04
7.504e-04
6.879e-04
2.251e-03
2.814e-03
3.377e-03
3.189e-03
2.752e-03
2.814e-03
1.563e-03
9.380e-04
1.188e-03
7.504e-04
8.130e-04
1.001e-03
6.254e-04
1.188e-03
6.879e-04
6.879e-04
7.504e-04
6.879e-04
5.628e-04
1.126e-03
9.380e-04
1.126e-03
1.188e-03
1.751e-03
2.189e-03
3.252e-03
5.065e-03
6.066e-03
5.190e-03
4.565e-03
2.939e-03
3.377e-03
2.752e-03
4.190e-03
4.440e-03
3.627e-03
5.503e-03
5.065e-03
6.316e-03
6.316e-03
6.254e-03
6.816e-03
8.380e-03
7.317e-03
8.067e-03
9.443e-03
8.380e-03
9.505e-03
9.193e-03
8.192e-03
9.255e-03
9.068e-03
1.007e-02
1.019e-02
9.881e-03
1.244e-02
1.326e-02
1.839e-02
2.195e-02
2.983e-02
