6.983e-02
3.441e-02
2.266e-02
1.570e-02
1.468e-02
1.111e-02
1.015e-02
1.034e-02
9.447e-03
8.490e-03
8.745e-03
6.830e-03
6.958e-03
6.702e-03
7.532e-03
6.766e-03
6.383e-03
5.681e-03
6.256e-03
5.490e-03
5.170e-03
3.702e-03
4.021e-03
2.872e-03
3.255e-03
2.809e-03
2.362e-03
2.681e-03
2.362e-03
1.851e-03
1.021e-03
2.936e-03
2.553e-03
5.362e-03
5.107e-03
2.362e-03
1.787e-03
7.022e-04
5.107e-04
7.022e-04
3.192e-04
5.107e-04
8.298e-04
5.107e-04
3.830e-04
6.383e-04
5.745e-04
2.553e-04
1.915e-04
5.745e-04
8.298e-04
5.745e-04
5.107e-04
7.660e-04
8.298e-04
5.745e-04
5.107e-04
7.022e-04
8.298e-04
5.745e-04
1.277e-04
1.915e-04
1.277e-04
3.192e-04
3.192e-04
1.277e-04
3.830e-04
8.937e-04
9.575e-04
1.340e-03
3.830e-03
4.979e-03
3.447e-03
7.022e-04
2.553e-03
1.532e-03
6.383e-04
3.192e-04
1.915e-04
4.468e-04
0.000e+00
4.468e-04
2.553e-04
1.277e-04
5.745e-04
6.383e-04
1.085e-03
5.107e-04
8.937e-04
7.660e-04
8.937e-04
8.937e-04
1.277e-03
5.107e-04
1.085e-03
7.022e-04
1.021e-03
7.660e-04
7.660e-04
1.213e-03
1.660e-03
8.937e-04
1.404e-03
1.404e-03
1.213e-03
1.979e-03
2.170e-03
2.170e-03
2.170e-03
1.660e-03
2.234e-03
3.319e-03
2.936e-03
2.617e-03
2.681e-03
2.936e-03
3.511e-03
4.532e-03
3.766e-03
3.830e-03
3.575e-03
4.149e-03
5.107e-03
3.575e-03
3.000e-03
2.617e-03
3.894e-03
3.702e-03
2.745e-03
2.553e-03
2.553e-03
2.809e-03
3.575e-03
1.532e-03
2.234e-03
1.404e-03
1.277e-03
1.149e-03
1.149e-03
1.468e-03
1.723e-03
1.468e-03
1.660e-03
1.340e-03
2.170e-03
1.404e-03
1.915e-03
8.298e-04
1.277e-03
1.340e-03
1.596e-03
1.723e-03
1.404e-03
1.468e-03
7.660e-04
5.107e-04
9.575e-04
1.021e-03
1.277e-03
1.149e-03
8.298e-04
7.022e-04
8.298e-04
4.468e-04
9.575e-04
1.149e-03
8.937e-04
6.383e-04
9.575e-04
5.107e-04
1.277e-03
9.575e-04
1.277e-03
6.383e-04
1.340e-03
1.021e-03
1.596e-03
1.723e-03
2.170e-03
2.809e-03
5.107e-03
2.234e-03
2.043e-03
2.489e-03
1.532e-03
1.468e-03
1.404e-03
8.937e-04
1.213e-03
1.085e-03
8.298e-04
6.383e-04
8.298e-04
7.022e-04
1.149e-03
9.575e-04
5.745e-04
1.213e-03
5.745e-04
8.937e-04
1.213e-03
1.021e-03
1.149e-03
1.149e-03
1.085e-03
6.383e-04
1.149e-03
1.021e-03
1.149e-03
1.532e-03
1.468e-03
1.787e-03
1.787e-03
1.532e-03
1.787e-03
1.851e-03
2.298e-03
1.532e-03
2.043e-03
1.404e-03
1.277e-03
1.340e-03
1.213e-03
1.468e-03
2.106e-03
1.723e-03
2.298e-03
1.532e-03
2.043e-03
2.936e-03
2.489e-03
2.553e-03
1.851e-03
3.383e-03
3.192e-03
2.489e-03
3.447e-03
3.766e-03
3.766e-03
3.702e-03
3.447e-03
4.532e-03
4.724e-03
3.830e-03
4.085e-03
3.958e-03
2.936e-03
4.021e-03
2.809e-03
3.894e-03
3.128e-03
1.851e-03
1.660e-03
1.851e-03
1.660e-03
1.787e-03
9.575e-04
1.085e-03
1.340e-03
9.575e-04
7.660e-04
1.468e-03
1.340e-03
1.021e-03
1.213e-03
1.085e-03
5.745e-04
1.085e-03
8.937e-04
7.660e-04
9.575e-04
8.298e-04
1.213e-03
8.937e-04
8.937e-04
3.830e-04
3.830e-04
1.277e-04
6.383e-05
2.553e-04
3.192e-04
1.277e-04
2.553e-04
1.915e-04
8.298e-04
1.596e-03
1.723e-03
1.149e-03
1.596e-03
3.830e-03
2.809e-03
1.085e-03
8.937e-04
8.937e-04
5.107e-04
1.915e-04
2.553e-04
1.277e-04
1.915e-04
1.277e-04
2.553e-04
5.107e-04
8.937e-04
6.383e-04
3.830e-04
4.468e-04
1.340e-03
5.745e-04
6.383e-04
7.660e-04
6.383e-04
4.468e-04
6.383e-05
9.575e-04
5.745e-04
3.192e-04
3.830e-04
5.745e-04
6.383e-04
4.468e-04
4.468e-04
7.022e-04
5.107e-04
1.021e-03
1.787e-03
2.553e-03
7.788e-03
5.490e-03
3.000e-03
2.872e-03
2.298e-03
1.851e-03
3.064e-03
2.362e-03
2.872e-03
2.553e-03
3.575e-03
3.958e-03
3.958e-03
4.277e-03
4.021e-03
5.298e-03
6.639e-03
5.490e-03
6.702e-03
7.532e-03
7.979e-03
7.724e-03
7.788e-03
7.851e-03
6.639e-03
9.256e-03
8.745e-03
9.192e-03
1.034e-02
1.066e-02
1.238e-02
1.679e-02
2.330e-02
3.230e-02
