1.386e-02
2.079e-02
6.928e-03
1.848e-02
9.238e-03
6.928e-03
4.619e-03
1.155e-02
1.155e-02
1.155e-02
1.155e-02
4.619e-03
2.309e-03
2.309e-03
4.619e-03
9.238e-03
4.619e-03
6.928e-03
4.619e-03
2.309e-03
4.619e-03
4.619e-03
0.000e+00
4.619e-03
9.238e-03
2.309e-03
2.309e-03
0.000e+00
0.000e+00
2.309e-03
2.309e-03
4.619e-03
2.309e-03
4.619e-03
4.619e-03
4.619e-03
0.000e+00
0.000e+00
0.000e+00
6.928e-03
4.619e-03
0.000e+00
0.000e+00
4.619e-03
0.000e+00
0.000e+00
2.309e-03
0.000e+00
2.309e-03
2.309e-03
6.928e-03
9.238e-03
4.619e-03
0.000e+00
0.000e+00
0.000e+00
4.619e-03
4.619e-03
2.309e-03
4.619e-03
6.928e-03
4.619e-03
0.000e+00
2.309e-03
0.000e+00
2.309e-03
6.928e-03
4.619e-03
0.000e+00
0.000e+00
2.309e-03
2.309e-03
0.000e+00
0.000e+00
0.000e+00
0.000e+00
2.309e-03
2.309e-03
2.309e-03
0.000e+00
2.309e-03
0.000e+00
0.000e+00
0.000e+00
0.000e+00
0.000e+00
2.309e-03
0.000e+00
0.000e+00
0.000e+00
0.000e+00
0.000e+00
0.000e+00
0.000e+00
2.309e-03
2.309e-03
0.000e+00
0.000e+00
0.000e+00
4.619e-03
2.309e-03
2.309e-03
2.309e-03
4.619e-03
0.000e+00
0.000e+00
2.309e-03
2.309e-03
2.309e-03
2.309e-03
0.000e+00
2.309e-03
4.619e-03
2.309e-03
2.309e-03
2.309e-03
2.309e-03
2.309e-03
4.619e-03
0.000e+00
6.928e-03
4.619e-03
0.000e+00
0.000e+00
2.309e-03
0.000e+00
0.000e+00
2.309e-03
0.000e+00
2.309e-03
4.619e-03
2.309e-03
4.619e-03
0.000e+00
0.000e+00
0.000e+00
0.000e+00
2.309e-03
6.928e-03
0.000e+00
2.309e-03
6.928e-03
2.309e-03
0.000e+00
2.309e-03
2.309e-03
0.000e+00
0.000e+00
0.000e+00
0.000e+00
0.000e+00
0.000e+00
4.619e-03
2.309e-03
2.309e-03
4.619e-03
0.000e+00
0.000e+00
0.000e+00
0.000e+00
0.000e+00
0.000e+00
2.309e-03
2.309e-03
4.619e-03
2.309e-03
4.619e-03
2.309e-03
0.000e+00
2.309e-03
2.309e-03
0.000e+00
0.000e+00
0.000e+00
0.000e+00
6.928e-03
4.619e-03
0.000e+00
0.000e+00
0.000e+00
0.000e+00
0.000e+00
2.309e-03
2.309e-03
4.619e-03
4.619e-03
0.000e+00
0.000e+00
4.619e-03
0.000e+00
2.309e-03
2.309e-03
4.619e-03
2.309e-03
4.619e-03
0.000e+00
4.619e-03
2.309e-03
0.000e+00
0.000e+00
0.000e+00
0.000e+00
0.000e+00
0.000e+00
0.000e+00
2.309e-03
0.000e+00
0.000e+00
0.000e+00
2.309e-03
0.000e+00
4.619e-03
0.000e+00
0.000e+00
2.309e-03
2.309e-03
2.309e-03
0.000e+00
4.619e-03
0.000e+00
2.309e-03
0.000e+00
0.000e+00
4.619e-03
0.000e+00
0.000e+00
4.619e-03
0.000e+00
4.619e-03
4.619e-03
0.000e+00
0.000e+00
4.619e-03
2.309e-03
4.619e-03
0.000e+00
0.000e+00
2.309e-03
2.309e-03
0.000e+00
4.619e-03
2.309e-03
6.928e-03
0.000e+00
2.309e-03
4.619e-03
2.309e-03
4.619e-03
0.000e+00
0.000e+00
2.309e-03
4.619e-03
2.309e-03
0.000e+00
4.619e-03
2.309e-03
0.000e+00
2.309e-03
2.309e-03
0.000e+00
0.000e+00
2.309e-03
0.000e+00
4.619e-03
0.000e+00
0.000e+00
2.309e-03
0.000e+00
0.000e+00
0.000e+00
0.000e+00
0.000e+00
2.309e-03
0.000e+00
2.309e-03
0.000e+00
0.000e+00
0.000e+00
0.000e+00
0.000e+00
0.000e+00
4.619e-03
2.309e-03
0.000e+00
0.000e+00
0.000e+00
0.000e+00
2.309e-03
2.309e-03
0.000e+00
2.309e-03
0.000e+00
2.309e-03
2.309e-03
2.309e-03
0.000e+00
4.619e-03
4.619e-03
4.619e-03
4.619e-03
0.000e+00
2.309e-03
0.000e+00
2.309e-03
6.928e-03
0.000e+00
4.619e-03
2.309e-03
2.309e-03
9.238e-03
4.619e-03
6.928e-03
2.309e-03
2.309e-03
0.000e+00
0.000e+00
0.000e+00
0.000e+00
0.000e+00
0.000e+00
4.619e-03
4.619e-03
2.309e-03
0.000e+00
6.928e-03
2.309e-03
2.309e-03
2.309e-03
4.619e-03
4.619e-03
0.000e+00
4.619e-03
2.309e-03
1.155e-02
0.000e+00
9.238e-03
6.928e-03
2.309e-03
6.928e-03
4.619e-03
2.309e-03
1.155e-02
4.619e-03
1.155e-02
6.928e-03
6.928e-03
1.848e-02
9.238e-03
4.619e-03
1.155e-02
2.079e-02
6.928e-03
1.386e-02
2.309e-03
6.928e-03
9.238e-03
4.619e-03
9.238e-03
1.617e-02
9.238e-03
