2.632e-03
2.660e-03
2.915e-03
2.377e-03
2.264e-03
2.179e-03
2.490e-03
2.490e-03
2.179e-03
2.434e-03
2.179e-03
2.151e-03
2.264e-03
2.122e-03
2.264e-03
1.698e-03
2.604e-03
2.009e-03
2.660e-03
2.547e-03
2.547e-03
3.254e-03
3.085e-03
2.886e-03
3.056e-03
3.113e-03
2.943e-03
3.566e-03
3.651e-03
3.509e-03
3.905e-03
3.622e-03
3.368e-03
3.707e-03
3.820e-03
3.735e-03
3.990e-03
3.679e-03
4.443e-03
4.301e-03
4.188e-03
4.924e-03
5.631e-03
5.660e-03
7.018e-03
6.141e-03
7.386e-03
7.839e-03
8.405e-03
9.990e-03
1.007e-02
1.115e-02
1.030e-02
9.820e-03
1.092e-02
1.106e-02
1.075e-02
8.801e-03
7.726e-03
6.452e-03
4.924e-03
4.924e-03
4.245e-03
3.396e-03
2.802e-03
3.849e-03
3.820e-03
3.537e-03
3.056e-03
3.198e-03
3.339e-03
2.745e-03
2.717e-03
2.717e-03
2.094e-03
3.028e-03
2.377e-03
1.953e-03
1.981e-03
2.122e-03
1.953e-03
2.207e-03
2.094e-03
1.953e-03
2.066e-03
2.038e-03
1.585e-03
1.330e-03
1.755e-03
1.896e-03
1.443e-03
9.056e-04
1.500e-03
1.330e-03
1.047e-03
1.387e-03
1.160e-03
1.217e-03
1.132e-03
1.132e-03
1.302e-03
1.189e-03
7.358e-04
1.160e-03
8.490e-04
7.075e-04
6.792e-04
7.924e-04
9.339e-04
8.490e-04
1.019e-03
8.490e-04
7.924e-04
9.339e-04
1.189e-03
1.160e-03
8.773e-04
1.472e-03
1.472e-03
1.302e-03
1.104e-03
1.132e-03
1.387e-03
1.358e-03
1.047e-03
9.905e-04
1.075e-03
8.490e-04
9.056e-04
1.132e-03
8.490e-04
6.509e-04
7.924e-04
4.811e-04
8.490e-04
5.660e-04
8.207e-04
7.075e-04
6.509e-04
7.924e-04
5.377e-04
9.056e-04
1.075e-03
1.104e-03
9.905e-04
1.245e-03
9.905e-04
1.245e-03
1.528e-03
1.387e-03
1.811e-03
1.811e-03
1.556e-03
1.868e-03
1.585e-03
1.641e-03
1.528e-03
1.302e-03
1.472e-03
1.868e-03
1.698e-03
1.811e-03
1.528e-03
2.122e-03
2.207e-03
2.434e-03
2.066e-03
2.434e-03
2.547e-03
2.660e-03
3.651e-03
3.311e-03
2.943e-03
3.226e-03
3.254e-03
4.160e-03
3.707e-03
3.679e-03
4.273e-03
4.330e-03
6.254e-03
4.217e-03
4.301e-03
3.424e-03
3.537e-03
3.707e-03
3.254e-03
3.566e-03
3.792e-03
2.886e-03
2.745e-03
2.434e-03
2.434e-03
1.924e-03
2.179e-03
2.236e-03
2.292e-03
2.122e-03
2.292e-03
1.924e-03
2.292e-03
1.528e-03
1.868e-03
1.670e-03
1.556e-03
1.953e-03
1.302e-03
1.698e-03
1.613e-03
1.302e-03
1.585e-03
1.500e-03
1.358e-03
1.189e-03
9.622e-04
1.245e-03
7.358e-04
8.490e-04
9.339e-04
7.641e-04
7.641e-04
7.641e-04
8.490e-04
8.490e-04
9.056e-04
5.094e-04
9.905e-04
6.792e-04
1.132e-03
7.641e-04
8.207e-04
9.339e-04
6.226e-04
7.924e-04
8.490e-04
1.075e-03
1.358e-03
1.104e-03
1.585e-03
1.500e-03
1.132e-03
1.358e-03
1.273e-03
8.773e-04
1.443e-03
1.415e-03
1.189e-03
1.019e-03
1.047e-03
8.773e-04
7.075e-04
9.622e-04
6.792e-04
7.358e-04
7.358e-04
9.056e-04
1.273e-03
7.641e-04
7.641e-04
9.622e-04
1.189e-03
1.273e-03
1.047e-03
9.905e-04
1.245e-03
9.056e-04
1.245e-03
1.528e-03
1.387e-03
1.500e-03
1.613e-03
1.330e-03
1.755e-03
1.953e-03
1.981e-03
2.122e-03
2.179e-03
2.122e-03
2.038e-03
1.896e-03
2.009e-03
1.896e-03
1.924e-03
2.773e-03
2.038e-03
2.434e-03
2.915e-03
2.858e-03
3.962e-03
3.000e-03
3.368e-03
3.566e-03
3.622e-03
3.254e-03
3.339e-03
3.226e-03
3.226e-03
3.283e-03
4.188e-03
4.698e-03
5.830e-03
7.018e-03
7.471e-03
1.013e-02
9.622e-03
1.084e-02
9.707e-03
1.047e-02
9.622e-03
1.053e-02
9.933e-03
8.603e-03
8.773e-03
7.131e-03
6.792e-03
6.537e-03
6.679e-03
5.094e-03
5.603e-03
4.952e-03
3.934e-03
4.358e-03
3.764e-03
3.820e-03
3.283e-03
4.132e-03
3.311e-03
3.651e-03
3.679e-03
3.000e-03
3.934e-03
3.169e-03
3.849e-03
3.594e-03
3.509e-03
2.688e-03
3.368e-03
3.849e-03
2.858e-03
3.169e-03
2.717e-03
1.953e-03
1.783e-03
2.066e-03
3.113e-03
2.377e-03
1.868e-03
1.783e-03
1.811e-03
2.236e-03
1.698e-03
2.349e-03
2.377e-03
2.802e-03
2.094e-03
2.604e-03
2.971e-03
2.434e-03
2.745e-03
3.311e-03
