6.540e-03
6.948e-03
7.402e-03
5.450e-03
5.813e-03
5.041e-03
4.859e-03
5.586e-03
5.086e-03
5.268e-03
4.905e-03
5.495e-03
5.086e-03
5.086e-03
5.223e-03
5.132e-03
5.904e-03
4.632e-03
5.177e-03
5.223e-03
5.722e-03
4.223e-03
5.041e-03
4.496e-03
3.860e-03
4.042e-03
3.724e-03
4.042e-03
3.270e-03
3.860e-03
3.633e-03
3.633e-03
3.361e-03
2.861e-03
3.088e-03
3.815e-03
3.315e-03
3.451e-03
3.542e-03
4.360e-03
4.496e-03
4.314e-03
4.087e-03
4.632e-03
4.133e-03
4.087e-03
4.269e-03
4.450e-03
3.906e-03
4.905e-03
3.996e-03
4.723e-03
5.904e-03
5.495e-03
7.448e-03
6.040e-03
8.265e-03
1.090e-02
1.167e-02
9.946e-03
7.402e-03
6.040e-03
5.722e-03
4.587e-03
3.769e-03
3.451e-03
3.043e-03
2.225e-03
2.634e-03
2.816e-03
2.861e-03
2.089e-03
1.499e-03
1.408e-03
2.134e-03
2.089e-03
2.407e-03
2.044e-03
1.771e-03
1.589e-03
1.635e-03
1.817e-03
1.953e-03
1.362e-03
1.680e-03
1.408e-03
1.499e-03
1.589e-03
1.408e-03
1.272e-03
1.181e-03
1.181e-03
1.817e-03
1.045e-03
1.362e-03
1.226e-03
1.726e-03
1.226e-03
1.045e-03
1.362e-03
9.991e-04
9.083e-04
1.135e-03
1.226e-03
1.090e-03
1.090e-03
8.629e-04
1.272e-03
1.408e-03
1.045e-03
1.135e-03
9.083e-04
1.226e-03
1.317e-03
1.090e-03
1.362e-03
1.362e-03
1.362e-03
1.135e-03
1.317e-03
1.726e-03
1.181e-03
1.726e-03
1.045e-03
9.537e-04
9.991e-04
1.317e-03
1.045e-03
7.720e-04
1.362e-03
9.537e-04
1.408e-03
8.629e-04
1.408e-03
1.045e-03
1.272e-03
1.045e-03
9.537e-04
1.499e-03
1.317e-03
1.181e-03
1.135e-03
1.317e-03
1.226e-03
1.272e-03
9.083e-04
1.453e-03
1.817e-03
1.544e-03
1.226e-03
1.817e-03
1.635e-03
1.272e-03
1.135e-03
1.680e-03
1.453e-03
1.680e-03
1.771e-03
1.726e-03
1.817e-03
1.771e-03
2.044e-03
1.817e-03
1.771e-03
1.226e-03
1.817e-03
1.680e-03
1.635e-03
2.134e-03
2.180e-03
1.680e-03
1.680e-03
1.544e-03
2.044e-03
1.771e-03
1.862e-03
1.771e-03
1.862e-03
1.998e-03
2.089e-03
2.271e-03
1.499e-03
2.271e-03
2.089e-03
1.589e-03
1.589e-03
1.544e-03
1.998e-03
1.907e-03
2.089e-03
2.225e-03
2.134e-03
1.680e-03
2.271e-03
1.635e-03
1.499e-03
2.044e-03
1.589e-03
1.726e-03
1.589e-03
1.771e-03
1.453e-03
1.771e-03
1.907e-03
1.362e-03
1.726e-03
1.181e-03
1.408e-03
9.991e-04
1.771e-03
1.453e-03
1.453e-03
1.771e-03
1.045e-03
7.720e-04
8.629e-04
1.362e-03
8.629e-04
1.226e-03
1.272e-03
9.083e-04
1.181e-03
9.991e-04
9.537e-04
7.266e-04
1.181e-03
1.090e-03
9.537e-04
9.991e-04
9.083e-04
9.083e-04
6.812e-04
1.090e-03
1.181e-03
9.991e-04
1.453e-03
9.537e-04
1.090e-03
1.135e-03
1.544e-03
1.362e-03
1.272e-03
1.181e-03
9.991e-04
1.635e-03
1.862e-03
1.090e-03
1.272e-03
1.226e-03
9.537e-04
1.226e-03
1.181e-03
2.180e-03
9.991e-04
8.629e-04
1.453e-03
1.408e-03
1.045e-03
1.135e-03
1.272e-03
8.629e-04
8.629e-04
1.272e-03
1.862e-03
1.135e-03
1.317e-03
1.408e-03
1.181e-03
1.817e-03
1.453e-03
9.537e-04
1.408e-03
1.408e-03
1.635e-03
1.907e-03
1.135e-03
1.589e-03
1.272e-03
1.817e-03
1.362e-03
1.408e-03
2.044e-03
1.635e-03
1.680e-03
1.453e-03
2.044e-03
2.089e-03
1.998e-03
2.225e-03
1.544e-03
2.134e-03
3.134e-03
2.044e-03
2.861e-03
3.088e-03
3.179e-03
3.134e-03
4.587e-03
5.767e-03
5.858e-03
8.901e-03
1.063e-02
1.194e-02
9.173e-03
9.355e-03
6.312e-03
7.402e-03
5.767e-03
5.223e-03
5.313e-03
5.086e-03
4.087e-03
3.678e-03
3.906e-03
3.769e-03
4.178e-03
4.541e-03
4.814e-03
4.133e-03
3.860e-03
3.860e-03
3.633e-03
4.087e-03
4.133e-03
3.633e-03
3.451e-03
3.179e-03
3.633e-03
2.997e-03
3.497e-03
4.133e-03
3.043e-03
3.724e-03
4.087e-03
3.678e-03
4.450e-03
3.451e-03
4.087e-03
3.996e-03
3.361e-03
4.405e-03
5.268e-03
4.450e-03
4.723e-03
4.723e-03
5.949e-03
5.086e-03
4.768e-03
5.086e-03
4.723e-03
5.086e-03
4.768e-03
5.359e-03
4.859e-03
5.041e-03
4.995e-03
4.496e-03
6.767e-03
6.040e-03
6.630e-03
