5.213e-03
1.303e-03
8.688e-04
2.172e-03
8.688e-04
3.475e-03
8.688e-04
8.688e-04
0.000e+00
4.344e-04
1.303e-03
1.303e-03
0.000e+00
8.688e-04
0.000e+00
8.688e-04
1.738e-03
8.688e-04
2.172e-03
0.000e+00
8.688e-04
4.344e-04
0.000e+00
4.344e-04
2.606e-03
8.688e-04
8.688e-04
8.688e-04
1.303e-03
4.344e-04
1.303e-03
1.303e-03
4.344e-04
2.606e-03
2.172e-03
2.606e-03
4.344e-03
4.778e-03
4.344e-03
4.778e-03
3.041e-03
2.172e-03
2.172e-03
1.303e-03
4.778e-03
1.738e-03
2.172e-03
2.606e-03
4.344e-04
3.475e-03
2.606e-03
1.303e-03
3.910e-03
2.172e-03
1.303e-03
4.344e-03
5.213e-03
4.344e-03
1.390e-02
1.477e-02
7.428e-02
2.606e-02
6.516e-03
4.344e-03
6.950e-03
6.082e-03
5.213e-03
5.213e-03
3.475e-03
4.778e-03
8.688e-04
1.303e-03
1.738e-03
2.172e-03
3.910e-03
8.688e-04
4.344e-03
1.738e-03
1.738e-03
3.041e-03
2.606e-03
2.172e-03
3.475e-03
3.910e-03
3.041e-03
1.303e-03
3.475e-03
8.688e-04
1.303e-03
1.303e-03
2.172e-03
3.910e-03
1.303e-03
1.303e-03
2.606e-03
1.303e-03
1.303e-03
5.213e-03
2.606e-03
1.738e-03
1.303e-03
8.688e-04
1.303e-03
2.606e-03
3.475e-03
4.344e-04
1.303e-03
8.688e-04
3.475e-03
4.344e-03
4.344e-04
2.172e-03
5.213e-03
3.910e-03
1.738e-03
3.041e-03
3.041e-03
1.303e-03
1.303e-03
1.738e-03
2.606e-03
1.303e-03
8.688e-04
8.688e-04
0.000e+00
3.910e-03
2.172e-03
4.344e-04
1.303e-03
1.303e-03
1.738e-03
1.738e-03
8.688e-04
2.606e-03
1.303e-03
3.475e-03
1.738e-03
3.475e-03
1.303e-03
3.041e-03
5.647e-03
5.647e-03
2.172e-03
4.344e-04
3.910e-03
3.041e-03
1.303e-03
2.172e-03
4.344e-03
5.647e-03
3.041e-03
1.738e-03
2.606e-03
3.475e-03
1.303e-03
8.688e-04
8.688e-04
1.303e-03
4.344e-04
8.688e-04
1.303e-03
8.688e-04
4.344e-04
0.000e+00
0.000e+00
0.000e+00
0.000e+00
0.000e+00
4.344e-04
0.000e+00
0.000e+00
0.000e+00
0.000e+00
0.000e+00
0.000e+00
0.000e+00
0.000e+00
0.000e+00
0.000e+00
0.000e+00
0.000e+00
0.000e+00
0.000e+00
0.000e+00
0.000e+00
0.000e+00
0.000e+00
0.000e+00
0.000e+00
0.000e+00
0.000e+00
0.000e+00
0.000e+00
0.000e+00
0.000e+00
0.000e+00
0.000e+00
4.344e-04
0.000e+00
0.000e+00
0.000e+00
4.344e-04
1.738e-03
0.000e+00
8.688e-04
2.606e-03
2.606e-03
2.606e-03
2.172e-03
1.303e-03
3.475e-03
3.475e-03
4.344e-03
3.041e-03
1.738e-03
3.041e-03
6.516e-03
2.606e-03
3.041e-03
1.303e-03
3.910e-03
1.303e-03
2.606e-03
1.303e-03
2.172e-03
2.606e-03
3.041e-03
3.475e-03
2.172e-03
1.303e-03
1.738e-03
2.172e-03
8.688e-04
2.172e-03
4.344e-04
1.738e-03
1.738e-03
1.303e-03
3.475e-03
4.344e-04
2.172e-03
3.910e-03
8.688e-04
3.041e-03
2.172e-03
2.606e-03
3.475e-03
8.688e-04
8.254e-03
2.606e-03
6.950e-03
4.778e-03
2.606e-03
3.475e-03
3.041e-03
2.606e-03
2.172e-03
2.606e-03
1.303e-03
8.688e-04
4.344e-03
1.303e-03
2.606e-03
8.688e-04
1.738e-03
3.041e-03
3.041e-03
3.910e-03
2.606e-03
1.738e-03
5.213e-03
3.475e-03
4.344e-03
3.475e-03
3.475e-03
5.647e-03
2.172e-03
5.647e-03
7.819e-03
3.475e-03
3.041e-03
5.647e-03
8.688e-04
3.041e-03
3.475e-03
2.172e-03
1.303e-03
1.738e-03
8.688e-04
2.606e-03
2.606e-03
4.778e-03
2.606e-03
4.344e-03
5.647e-03
6.516e-03
8.254e-03
8.688e-03
7.819e-03
2.085e-02
8.036e-02
1.520e-02
1.086e-02
7.385e-03
5.647e-03
3.475e-03
1.303e-03
5.213e-03
6.950e-03
2.606e-03
1.738e-03
0.000e+00
8.688e-04
8.688e-04
1.738e-03
2.172e-03
8.688e-04
1.738e-03
1.303e-03
2.172e-03
8.688e-04
3.910e-03
2.172e-03
1.738e-03
3.910e-03
2.606e-03
2.606e-03
8.688e-04
1.303e-03
1.738e-03
1.303e-03
0.000e+00
4.344e-04
8.688e-04
4.344e-04
8.688e-04
8.688e-04
2.606e-03
1.738e-03
4.344e-04
1.303e-03
8.688e-04
4.344e-04
4.344e-04
8.688e-04
0.000e+00
8.688e-04
8.688e-04
0.000e+00
8.688e-04
0.000e+00
4.344e-04
4.344e-04
8.688e-04
2.172e-03
0.000e+00
8.688e-04
2.172e-03
8.688e-04
1.738e-03
