2.217e-03
0.000e+00
6.652e-03
0.000e+00
0.000e+00
2.217e-03
1.109e-02
2.217e-03
2.217e-03
0.000e+00
2.217e-03
8.869e-03
0.000e+00
4.435e-03
4.435e-03
2.217e-03
0.000e+00
4.435e-03
2.217e-03
0.000e+00
0.000e+00
0.000e+00
2.217e-03
8.869e-03
2.217e-03
2.217e-03
2.217e-03
0.000e+00
0.000e+00
4.435e-03
0.000e+00
0.000e+00
2.217e-03
2.217e-03
0.000e+00
8.869e-03
2.217e-03
4.435e-03
8.869e-03
1.109e-02
0.000e+00
6.652e-03
1.774e-02
8.869e-03
6.652e-03
1.109e-02
1.330e-02
1.774e-02
6.652e-03
6.652e-03
1.552e-02
2.217e-03
1.109e-02
3.104e-02
1.109e-02
6.652e-03
0.000e+00
8.869e-03
4.435e-03
8.869e-03
6.652e-03
6.652e-03
2.217e-03
0.000e+00
0.000e+00
4.435e-03
2.217e-03
4.435e-03
6.652e-03
0.000e+00
0.000e+00
0.000e+00
2.217e-03
4.435e-03
2.217e-03
0.000e+00
2.217e-03
2.217e-03
0.000e+00
0.000e+00
0.000e+00
2.217e-03
4.435e-03
0.000e+00
0.000e+00
4.435e-03
0.000e+00
2.217e-03
2.217e-03
2.217e-03
0.000e+00
4.435e-03
0.000e+00
6.652e-03
0.000e+00
0.000e+00
6.652e-03
2.217e-03
0.000e+00
2.217e-03
4.435e-03
0.000e+00
0.000e+00
2.217e-03
0.000e+00
0.000e+00
4.435e-03
4.435e-03
2.217e-03
0.000e+00
4.435e-03
8.869e-03
0.000e+00
0.000e+00
2.217e-03
0.000e+00
2.217e-03
0.000e+00
2.217e-03
0.000e+00
0.000e+00
0.000e+00
0.000e+00
0.000e+00
0.000e+00
0.000e+00
0.000e+00
0.000e+00
0.000e+00
0.000e+00
4.435e-03
0.000e+00
4.435e-03
2.217e-03
2.217e-03
0.000e+00
2.217e-03
0.000e+00
2.217e-03
2.217e-03
0.000e+00
0.000e+00
0.000e+00
0.000e+00
0.000e+00
0.000e+00
2.217e-03
0.000e+00
0.000e+00
2.217e-03
0.000e+00
0.000e+00
0.000e+00
0.000e+00
0.000e+00
0.000e+00
0.000e+00
0.000e+00
0.000e+00
4.435e-03
2.217e-03
0.000e+00
2.217e-03
0.000e+00
2.217e-03
4.435e-03
0.000e+00
6.652e-03
2.217e-03
4.435e-03
0.000e+00
2.217e-03
2.217e-03
0.000e+00
0.000e+00
0.000e+00
2.217e-03
0.000e+00
0.000e+00
0.000e+00
0.000e+00
2.217e-03
0.000e+00
0.000e+00
0.000e+00
2.217e-03
0.000e+00
0.000e+00
2.217e-03
2.217e-03
2.217e-03
4.435e-03
2.217e-03
0.000e+00
2.217e-03
4.435e-03
2.217e-03
0.000e+00
2.217e-03
2.217e-03
2.217e-03
0.000e+00
2.217e-03
0.000e+00
2.217e-03
0.000e+00
0.000e+00
0.000e+00
0.000e+00
0.000e+00
0.000e+00
0.000e+00
0.000e+00
0.000e+00
2.217e-03
0.000e+00
0.000e+00
0.000e+00
2.217e-03
4.435e-03
0.000e+00
0.000e+00
2.217e-03
0.000e+00
2.217e-03
0.000e+00
0.000e+00
0.000e+00
0.000e+00
0.000e+00
4.435e-03
0.000e+00
0.000e+00
2.217e-03
2.217e-03
0.000e+00
0.000e+00
2.217e-03
2.217e-03
0.000e+00
0.000e+00
2.217e-03
4.435e-03
0.000e+00
2.217e-03
2.217e-03
0.000e+00
0.000e+00
2.217e-03
4.435e-03
4.435e-03
0.000e+00
0.000e+00
0.000e+00
0.000e+00
0.000e+00
0.000e+00
0.000e+00
6.652e-03
0.000e+00
0.000e+00
2.217e-03
4.435e-03
4.435e-03
0.000e+00
4.435e-03
0.000e+00
2.217e-03
6.652e-03
2.217e-03
2.217e-03
4.435e-03
4.435e-03
0.000e+00
0.000e+00
0.000e+00
0.000e+00
0.000e+00
0.000e+00
2.217e-03
2.217e-03
0.000e+00
0.000e+00
2.217e-03
0.000e+00
0.000e+00
4.435e-03
2.217e-03
0.000e+00
2.217e-03
2.217e-03
2.217e-03
4.435e-03
2.217e-03
0.000e+00
4.435e-03
2.217e-03
8.869e-03
1.109e-02
6.652e-03
4.435e-03
6.652e-03
8.869e-03
8.869e-03
1.109e-02
2.217e-03
1.552e-02
3.104e-02
2.217e-03
2.217e-03
4.435e-03
1.109e-02
6.652e-03
6.652e-03
1.330e-02
1.109e-02
1.552e-02
1.774e-02
1.330e-02
1.109e-02
0.000e+00
2.217e-03
2.217e-03
8.869e-03
2.217e-03
0.000e+00
2.217e-03
4.435e-03
0.000e+00
0.000e+00
0.000e+00
0.000e+00
6.652e-03
2.217e-03
2.217e-03
0.000e+00
4.435e-03
4.435e-03
0.000e+00
4.435e-03
2.217e-03
4.435e-03
2.217e-03
0.000e+00
0.000e+00
2.217e-03
0.000e+00
2.217e-03
8.869e-03
4.435e-03
6.652e-03
6.652e-03
0.000e+00
8.869e-03
2.217e-03
2.217e-03
0.000e+00
0.000e+00
0.000e+00
8.869e-03
