7.960e-03
7.710e-03
7.459e-03
5.789e-03
5.539e-03
4.954e-03
5.428e-03
5.288e-03
4.648e-03
4.982e-03
4.982e-03
4.314e-03
4.509e-03
4.286e-03
4.593e-03
3.869e-03
5.511e-03
4.899e-03
5.539e-03
6.068e-03
5.622e-03
6.624e-03
6.875e-03
7.348e-03
7.042e-03
6.652e-03
8.016e-03
7.877e-03
8.406e-03
8.155e-03
8.851e-03
9.185e-03
9.157e-03
1.013e-02
1.066e-02
1.033e-02
1.035e-02
9.463e-03
9.463e-03
7.543e-03
7.905e-03
6.040e-03
5.511e-03
4.175e-03
4.453e-03
3.925e-03
3.479e-03
2.950e-03
2.366e-03
2.282e-03
2.422e-03
2.756e-03
2.978e-03
2.422e-03
2.505e-03
3.257e-03
3.646e-03
3.312e-03
2.394e-03
1.893e-03
1.141e-03
5.010e-04
5.845e-04
7.515e-04
6.402e-04
1.086e-03
1.837e-03
1.781e-03
1.948e-03
2.867e-03
3.618e-03
2.561e-03
2.505e-03
2.338e-03
1.976e-03
2.449e-03
1.475e-03
1.503e-03
1.587e-03
1.392e-03
1.447e-03
1.503e-03
1.447e-03
1.280e-03
1.225e-03
1.420e-03
1.948e-03
1.809e-03
2.004e-03
1.781e-03
1.531e-03
1.113e-03
1.559e-03
1.420e-03
1.475e-03
1.698e-03
1.420e-03
1.475e-03
1.225e-03
1.364e-03
1.280e-03
1.086e-03
1.086e-03
1.336e-03
1.253e-03
1.113e-03
9.185e-04
9.185e-04
1.253e-03
1.225e-03
1.113e-03
1.141e-03
1.280e-03
1.364e-03
1.197e-03
1.503e-03
1.280e-03
1.531e-03
1.726e-03
1.781e-03
1.420e-03
1.336e-03
1.670e-03
1.559e-03
1.141e-03
1.280e-03
1.447e-03
1.002e-03
1.225e-03
1.141e-03
9.185e-04
8.072e-04
1.030e-03
8.907e-04
1.086e-03
8.072e-04
8.350e-04
8.628e-04
1.197e-03
1.197e-03
8.907e-04
1.475e-03
1.559e-03
1.503e-03
1.308e-03
1.308e-03
1.253e-03
1.642e-03
1.447e-03
1.587e-03
1.475e-03
1.559e-03
1.587e-03
1.141e-03
1.197e-03
1.475e-03
1.225e-03
8.907e-04
8.350e-04
1.086e-03
8.350e-04
9.742e-04
8.907e-04
7.237e-04
5.010e-04
8.628e-04
7.515e-04
7.515e-04
3.897e-04
5.567e-04
7.237e-04
9.185e-04
8.628e-04
6.958e-04
7.793e-04
5.288e-04
5.288e-04
8.628e-04
7.237e-04
5.567e-04
7.515e-04
6.958e-04
5.567e-04
5.845e-04
3.340e-04
7.793e-04
3.897e-04
6.123e-04
5.567e-04
7.515e-04
7.793e-04
5.288e-04
6.123e-04
3.897e-04
7.793e-04
6.958e-04
6.680e-04
8.628e-04
8.628e-04
7.515e-04
1.002e-03
9.463e-04
1.169e-03
1.058e-03
1.447e-03
1.475e-03
1.141e-03
2.032e-03
1.364e-03
1.336e-03
1.475e-03
1.921e-03
1.447e-03
1.364e-03
1.225e-03
1.392e-03
1.030e-03
1.253e-03
1.642e-03
1.113e-03
1.336e-03
1.253e-03
1.141e-03
1.280e-03
1.308e-03
1.113e-03
1.141e-03
1.336e-03
1.447e-03
1.113e-03
1.030e-03
1.364e-03
8.907e-04
1.169e-03
1.113e-03
1.447e-03
1.837e-03
1.503e-03
1.642e-03
1.587e-03
1.420e-03
1.698e-03
1.781e-03
1.141e-03
1.809e-03
1.197e-03
1.420e-03
1.308e-03
1.559e-03
1.253e-03
1.308e-03
9.185e-04
1.030e-03
1.002e-03
8.907e-04
1.086e-03
1.392e-03
1.058e-03
1.141e-03
1.113e-03
1.336e-03
1.030e-03
7.793e-04
1.280e-03
1.392e-03
1.253e-03
1.169e-03
1.559e-03
1.587e-03
1.503e-03
2.004e-03
1.475e-03
1.698e-03
1.559e-03
1.893e-03
1.809e-03
1.392e-03
1.781e-03
1.754e-03
1.698e-03
1.698e-03
1.642e-03
1.587e-03
1.531e-03
1.781e-03
2.004e-03
2.310e-03
2.394e-03
3.340e-03
3.006e-03
2.644e-03
3.062e-03
3.062e-03
1.726e-03
1.809e-03
1.280e-03
9.185e-04
6.123e-04
8.350e-04
5.288e-04
1.336e-03
1.837e-03
2.338e-03
3.090e-03
2.950e-03
3.062e-03
3.424e-03
3.758e-03
2.533e-03
2.115e-03
2.310e-03
1.921e-03
1.670e-03
1.336e-03
2.811e-03
2.950e-03
2.978e-03
4.704e-03
6.290e-03
6.235e-03
7.459e-03
9.408e-03
1.038e-02
1.074e-02
1.063e-02
1.119e-02
1.108e-02
1.116e-02
9.853e-03
8.378e-03
9.018e-03
8.907e-03
8.768e-03
8.656e-03
7.849e-03
7.153e-03
7.014e-03
7.515e-03
6.290e-03
6.346e-03
6.235e-03
5.094e-03
4.815e-03
4.732e-03
5.316e-03
5.483e-03
4.481e-03
4.537e-03
3.841e-03
4.370e-03
4.342e-03
4.398e-03
4.620e-03
5.038e-03
4.314e-03
5.094e-03
5.789e-03
6.235e-03
6.430e-03
7.793e-03
