9.808e-03
8.065e-03
5.721e-03
5.558e-03
4.959e-03
5.612e-03
5.558e-03
5.286e-03
5.177e-03
5.013e-03
3.814e-03
4.577e-03
4.795e-03
4.959e-03
5.068e-03
4.468e-03
4.686e-03
5.503e-03
6.539e-03
6.266e-03
6.648e-03
6.593e-03
7.084e-03
7.193e-03
6.157e-03
6.757e-03
5.395e-03
5.286e-03
5.286e-03
5.177e-03
5.177e-03
4.850e-03
4.850e-03
4.795e-03
6.593e-03
5.830e-03
5.776e-03
4.741e-03
5.122e-03
4.577e-03
4.468e-03
4.523e-03
3.814e-03
3.923e-03
3.705e-03
3.051e-03
3.869e-03
3.814e-03
4.523e-03
5.122e-03
4.850e-03
4.795e-03
4.250e-03
3.760e-03
3.869e-03
5.449e-03
7.465e-03
8.228e-03
1.117e-02
1.068e-02
1.166e-02
1.008e-02
8.991e-03
5.994e-03
4.468e-03
4.795e-03
3.651e-03
3.215e-03
2.343e-03
2.398e-03
1.308e-03
1.853e-03
1.308e-03
1.580e-03
1.144e-03
1.798e-03
1.253e-03
1.362e-03
1.580e-03
1.580e-03
1.853e-03
1.253e-03
7.629e-04
5.994e-04
7.084e-04
5.994e-04
9.808e-04
7.629e-04
1.308e-03
1.199e-03
1.689e-03
1.471e-03
9.808e-04
1.199e-03
1.253e-03
1.199e-03
1.580e-03
9.808e-04
1.090e-03
1.035e-03
1.417e-03
1.526e-03
9.808e-04
1.090e-03
1.035e-03
1.308e-03
1.308e-03
9.808e-04
1.144e-03
9.808e-04
9.808e-04
9.263e-04
9.263e-04
9.808e-04
8.173e-04
1.526e-03
1.035e-03
1.362e-03
1.526e-03
1.090e-03
7.629e-04
1.090e-03
1.199e-03
9.263e-04
1.090e-03
7.629e-04
1.035e-03
7.084e-04
1.035e-03
8.718e-04
1.635e-03
7.084e-04
1.253e-03
1.090e-03
1.090e-03
1.090e-03
1.090e-03
9.808e-04
1.253e-03
9.808e-04
1.199e-03
7.084e-04
1.199e-03
9.808e-04
1.035e-03
1.144e-03
1.308e-03
9.808e-04
1.144e-03
9.808e-04
9.808e-04
9.263e-04
1.308e-03
1.253e-03
8.173e-04
9.808e-04
9.263e-04
7.629e-04
1.090e-03
1.144e-03
5.994e-04
1.199e-03
8.718e-04
8.173e-04
1.308e-03
4.904e-04
9.263e-04
8.173e-04
7.084e-04
9.263e-04
1.090e-03
1.144e-03
6.539e-04
9.808e-04
8.173e-04
1.090e-03
9.808e-04
1.744e-03
1.417e-03
1.362e-03
1.744e-03
2.398e-03
1.689e-03
1.253e-03
1.744e-03
1.199e-03
1.471e-03
1.199e-03
8.718e-04
1.090e-03
8.173e-04
7.084e-04
9.808e-04
7.629e-04
7.084e-04
7.629e-04
1.090e-03
8.173e-04
9.263e-04
1.144e-03
8.718e-04
8.173e-04
1.090e-03
8.173e-04
5.994e-04
7.084e-04
9.808e-04
8.718e-04
1.035e-03
9.263e-04
1.362e-03
1.199e-03
8.718e-04
1.090e-03
9.808e-04
1.144e-03
1.144e-03
8.173e-04
4.904e-04
1.144e-03
5.994e-04
1.199e-03
9.263e-04
1.090e-03
8.718e-04
1.090e-03
9.263e-04
7.629e-04
1.471e-03
9.263e-04
5.449e-04
1.362e-03
1.090e-03
8.173e-04
1.471e-03
9.808e-04
1.199e-03
8.718e-04
1.199e-03
1.253e-03
1.580e-03
1.362e-03
1.253e-03
5.994e-04
8.718e-04
8.718e-04
7.629e-04
4.359e-04
1.144e-03
7.084e-04
1.090e-03
8.718e-04
8.173e-04
1.035e-03
1.090e-03
9.263e-04
1.526e-03
8.718e-04
1.035e-03
1.253e-03
1.090e-03
1.635e-03
1.090e-03
1.362e-03
1.471e-03
1.253e-03
1.635e-03
1.853e-03
1.471e-03
1.417e-03
1.526e-03
1.199e-03
1.144e-03
5.994e-04
7.084e-04
7.629e-04
5.994e-04
6.539e-04
1.253e-03
5.994e-04
9.263e-04
1.526e-03
9.263e-04
1.144e-03
1.471e-03
1.635e-03
2.234e-03
2.452e-03
2.125e-03
2.071e-03
2.016e-03
2.724e-03
2.561e-03
2.398e-03
2.670e-03
3.760e-03
4.577e-03
6.321e-03
8.119e-03
1.150e-02
1.095e-02
1.150e-02
1.073e-02
7.847e-03
7.520e-03
5.939e-03
4.468e-03
4.141e-03
3.869e-03
4.959e-03
4.795e-03
3.814e-03
3.269e-03
3.378e-03
3.760e-03
3.596e-03
3.324e-03
4.250e-03
5.177e-03
4.959e-03
5.122e-03
4.741e-03
4.141e-03
5.122e-03
4.904e-03
5.449e-03
5.177e-03
4.686e-03
4.305e-03
4.359e-03
4.087e-03
4.577e-03
5.122e-03
4.087e-03
5.231e-03
5.286e-03
4.904e-03
6.321e-03
5.776e-03
6.266e-03
4.904e-03
5.667e-03
5.830e-03
4.632e-03
5.558e-03
4.305e-03
5.612e-03
4.141e-03
5.939e-03
3.760e-03
4.795e-03
4.741e-03
5.395e-03
4.632e-03
4.632e-03
5.830e-03
6.157e-03
7.683e-03
6.866e-03
7.520e-03
