5.868e-02
1.711e-02
1.100e-02
8.557e-03
6.112e-03
7.335e-03
1.222e-03
2.445e-03
2.445e-03
3.667e-03
4.890e-03
4.890e-03
1.222e-03
8.557e-03
2.445e-03
4.890e-03
4.890e-03
4.890e-03
7.335e-03
7.335e-03
3.667e-03
2.445e-03
2.445e-03
7.335e-03
6.112e-03
1.222e-03
2.445e-03
3.667e-03
6.112e-03
1.467e-02
2.445e-03
7.335e-03
4.890e-03
8.557e-03
0.000e+00
1.222e-03
4.890e-03
3.667e-03
3.667e-03
1.100e-02
7.335e-03
4.890e-03
2.445e-03
0.000e+00
1.222e-03
0.000e+00
0.000e+00
0.000e+00
0.000e+00
0.000e+00
0.000e+00
0.000e+00
0.000e+00
0.000e+00
0.000e+00
0.000e+00
0.000e+00
0.000e+00
0.000e+00
0.000e+00
0.000e+00
0.000e+00
0.000e+00
1.222e-03
0.000e+00
0.000e+00
0.000e+00
0.000e+00
0.000e+00
0.000e+00
0.000e+00
0.000e+00
0.000e+00
0.000e+00
0.000e+00
0.000e+00
0.000e+00
0.000e+00
0.000e+00
0.000e+00
0.000e+00
0.000e+00
0.000e+00
0.000e+00
0.000e+00
0.000e+00
0.000e+00
0.000e+00
0.000e+00
0.000e+00
0.000e+00
0.000e+00
0.000e+00
0.000e+00
0.000e+00
0.000e+00
0.000e+00
0.000e+00
0.000e+00
0.000e+00
0.000e+00
0.000e+00
0.000e+00
0.000e+00
0.000e+00
0.000e+00
0.000e+00
0.000e+00
0.000e+00
0.000e+00
0.000e+00
0.000e+00
0.000e+00
0.000e+00
0.000e+00
0.000e+00
0.000e+00
0.000e+00
0.000e+00
0.000e+00
0.000e+00
0.000e+00
0.000e+00
0.000e+00
0.000e+00
0.000e+00
0.000e+00
0.000e+00
1.222e-03
0.000e+00
0.000e+00
0.000e+00
1.222e-03
1.222e-03
0.000e+00
0.000e+00
0.000e+00
0.000e+00
0.000e+00
1.222e-03
0.000e+00
1.222e-03
1.222e-02
4.890e-03
9.780e-03
4.890e-03
4.890e-03
6.112e-03
1.222e-03
8.557e-03
1.222e-03
1.222e-03
1.222e-03
6.112e-03
4.890e-03
6.112e-03
3.667e-03
2.445e-03
0.000e+00
3.667e-03
3.667e-03
4.890e-03
3.667e-03
3.667e-03
7.335e-03
9.780e-03
7.335e-03
2.445e-03
2.445e-03
7.335e-03
0.000e+00
4.890e-03
4.890e-03
3.667e-03
6.112e-03
1.100e-02
1.222e-03
1.834e-02
1.345e-02
1.834e-02
5.746e-02
1.834e-02
1.222e-02
4.890e-03
4.890e-03
3.667e-03
3.667e-03
4.890e-03
2.445e-03
6.112e-03
1.222e-03
3.667e-03
2.445e-03
4.890e-03
6.112e-03
7.335e-03
3.667e-03
7.335e-03
3.667e-03
2.445e-03
8.557e-03
1.222e-03
4.890e-03
2.445e-03
4.890e-03
9.780e-03
1.222e-02
2.445e-03
2.445e-03
6.112e-03
1.222e-03
6.112e-03
1.222e-03
6.112e-03
3.667e-03
8.557e-03
2.445e-03
7.335e-03
1.222e-02
0.000e+00
6.112e-03
2.445e-03
0.000e+00
1.222e-03
0.000e+00
0.000e+00
0.000e+00
0.000e+00
0.000e+00
0.000e+00
0.000e+00
0.000e+00
1.222e-03
0.000e+00
0.000e+00
0.000e+00
0.000e+00
0.000e+00
0.000e+00
0.000e+00
0.000e+00
0.000e+00
0.000e+00
0.000e+00
0.000e+00
0.000e+00
0.000e+00
0.000e+00
0.000e+00
0.000e+00
0.000e+00
0.000e+00
0.000e+00
0.000e+00
0.000e+00
0.000e+00
0.000e+00
0.000e+00
0.000e+00
0.000e+00
0.000e+00
0.000e+00
0.000e+00
0.000e+00
0.000e+00
0.000e+00
0.000e+00
0.000e+00
0.000e+00
0.000e+00
0.000e+00
0.000e+00
0.000e+00
0.000e+00
0.000e+00
0.000e+00
0.000e+00
0.000e+00
0.000e+00
0.000e+00
0.000e+00
0.000e+00
0.000e+00
0.000e+00
0.000e+00
0.000e+00
0.000e+00
0.000e+00
0.000e+00
0.000e+00
0.000e+00
0.000e+00
0.000e+00
0.000e+00
0.000e+00
0.000e+00
0.000e+00
0.000e+00
0.000e+00
0.000e+00
0.000e+00
0.000e+00
0.000e+00
0.000e+00
0.000e+00
0.000e+00
0.000e+00
0.000e+00
0.000e+00
0.000e+00
0.000e+00
0.000e+00
0.000e+00
0.000e+00
1.222e-03
1.222e-03
0.000e+00
2.445e-03
1.222e-03
3.667e-03
2.445e-03
8.557e-03
2.445e-03
6.112e-03
4.890e-03
4.890e-03
4.890e-03
6.112e-03
4.890e-03
1.222e-03
4.890e-03
1.100e-02
1.222e-03
2.445e-03
3.667e-03
1.222e-03
2.445e-03
3.667e-03
2.445e-03
2.445e-03
1.222e-03
9.780e-03
3.667e-03
3.667e-03
2.445e-03
9.780e-03
9.780e-03
8.557e-03
4.890e-03
0.000e+00
3.667e-03
6.112e-03
3.667e-03
3.667e-03
3.667e-03
6.112e-03
4.890e-03
1.589e-02
6.112e-03
1.589e-02
