1.040e-01
4.404e-02
4.404e-02
3.914e-02
1.529e-02
2.324e-02
1.468e-02
8.563e-03
1.407e-02
4.281e-03
1.284e-02
1.468e-02
1.223e-02
7.951e-03
6.728e-03
3.058e-03
1.223e-03
3.670e-03
6.116e-03
7.339e-03
6.116e-03
3.670e-03
6.116e-03
6.728e-03
4.281e-03
1.835e-03
3.670e-03
4.893e-03
6.116e-03
5.505e-03
6.116e-03
4.893e-03
4.281e-03
7.951e-03
3.058e-03
6.116e-04
4.281e-03
6.116e-03
1.835e-03
5.505e-03
3.058e-03
2.446e-03
2.446e-03
2.446e-03
3.058e-03
6.116e-04
6.116e-04
6.116e-04
0.000e+00
6.116e-04
1.223e-03
7.951e-03
1.101e-02
1.101e-02
6.116e-03
4.281e-03
5.505e-03
4.281e-03
4.281e-03
3.670e-03
2.446e-03
6.116e-04
0.000e+00
0.000e+00
6.116e-04
0.000e+00
0.000e+00
0.000e+00
0.000e+00
6.116e-04
6.116e-04
0.000e+00
0.000e+00
0.000e+00
0.000e+00
0.000e+00
0.000e+00
0.000e+00
0.000e+00
0.000e+00
0.000e+00
0.000e+00
0.000e+00
0.000e+00
0.000e+00
0.000e+00
0.000e+00
0.000e+00
0.000e+00
0.000e+00
0.000e+00
0.000e+00
0.000e+00
0.000e+00
0.000e+00
0.000e+00
0.000e+00
0.000e+00
0.000e+00
0.000e+00
0.000e+00
0.000e+00
0.000e+00
0.000e+00
0.000e+00
0.000e+00
0.000e+00
0.000e+00
0.000e+00
0.000e+00
0.000e+00
0.000e+00
0.000e+00
0.000e+00
0.000e+00
0.000e+00
0.000e+00
0.000e+00
0.000e+00
0.000e+00
0.000e+00
0.000e+00
0.000e+00
0.000e+00
0.000e+00
0.000e+00
0.000e+00
0.000e+00
0.000e+00
0.000e+00
0.000e+00
0.000e+00
0.000e+00
0.000e+00
0.000e+00
0.000e+00
0.000e+00
0.000e+00
0.000e+00
0.000e+00
0.000e+00
0.000e+00
0.000e+00
0.000e+00
0.000e+00
0.000e+00
0.000e+00
0.000e+00
0.000e+00
0.000e+00
0.000e+00
0.000e+00
0.000e+00
0.000e+00
0.000e+00
0.000e+00
0.000e+00
0.000e+00
0.000e+00
0.000e+00
0.000e+00
0.000e+00
0.000e+00
0.000e+00
0.000e+00
0.000e+00
0.000e+00
0.000e+00
0.000e+00
0.000e+00
0.000e+00
0.000e+00
0.000e+00
0.000e+00
0.000e+00
0.000e+00
0.000e+00
0.000e+00
0.000e+00
0.000e+00
0.000e+00
0.000e+00
0.000e+00
0.000e+00
0.000e+00
0.000e+00
0.000e+00
0.000e+00
0.000e+00
0.000e+00
0.000e+00
0.000e+00
0.000e+00
0.000e+00
0.000e+00
0.000e+00
0.000e+00
0.000e+00
0.000e+00
0.000e+00
0.000e+00
0.000e+00
0.000e+00
0.000e+00
0.000e+00
0.000e+00
0.000e+00
0.000e+00
0.000e+00
0.000e+00
0.000e+00
0.000e+00
0.000e+00
0.000e+00
0.000e+00
0.000e+00
0.000e+00
0.000e+00
0.000e+00
0.000e+00
0.000e+00
0.000e+00
0.000e+00
0.000e+00
0.000e+00
0.000e+00
0.000e+00
0.000e+00
0.000e+00
0.000e+00
0.000e+00
0.000e+00
0.000e+00
0.000e+00
0.000e+00
0.000e+00
0.000e+00
0.000e+00
0.000e+00
0.000e+00
0.000e+00
0.000e+00
0.000e+00
0.000e+00
0.000e+00
0.000e+00
0.000e+00
0.000e+00
0.000e+00
0.000e+00
0.000e+00
0.000e+00
0.000e+00
0.000e+00
0.000e+00
0.000e+00
0.000e+00
0.000e+00
0.000e+00
0.000e+00
0.000e+00
0.000e+00
0.000e+00
0.000e+00
0.000e+00
0.000e+00
0.000e+00
0.000e+00
0.000e+00
0.000e+00
0.000e+00
0.000e+00
0.000e+00
0.000e+00
0.000e+00
0.000e+00
0.000e+00
0.000e+00
0.000e+00
0.000e+00
0.000e+00
0.000e+00
0.000e+00
0.000e+00
0.000e+00
0.000e+00
0.000e+00
0.000e+00
0.000e+00
0.000e+00
0.000e+00
0.000e+00
0.000e+00
0.000e+00
6.116e-04
0.000e+00
0.000e+00
6.116e-04
0.000e+00
1.835e-03
3.058e-03
5.505e-03
9.174e-03
3.670e-03
4.281e-03
7.951e-03
6.728e-03
1.223e-02
7.951e-03
4.893e-03
1.223e-03
6.116e-04
0.000e+00
1.223e-03
6.116e-04
4.281e-03
2.446e-03
4.893e-03
2.446e-03
3.058e-03
4.893e-03
3.670e-03
4.893e-03
8.563e-03
6.728e-03
6.728e-03
6.116e-03
5.505e-03
4.893e-03
6.728e-03
1.835e-03
4.281e-03
6.116e-03
7.339e-03
6.728e-03
6.728e-03
3.670e-03
8.563e-03
4.893e-03
1.835e-03
6.116e-03
6.728e-03
4.893e-03
6.728e-03
6.728e-03
4.893e-03
4.893e-03
4.281e-03
9.174e-03
7.339e-03
9.174e-03
7.951e-03
7.951e-03
9.174e-03
9.786e-03
2.141e-02
2.018e-02
2.508e-02
3.058e-02
3.609e-02
