1.185e-01
4.606e-02
2.826e-02
2.129e-02
2.090e-02
1.639e-02
1.355e-02
9.935e-03
1.200e-02
1.032e-02
8.645e-03
8.774e-03
7.097e-03
6.323e-03
7.484e-03
8.129e-03
6.710e-03
5.032e-03
3.484e-03
2.839e-03
3.355e-03
2.065e-03
2.581e-03
2.065e-03
2.452e-03
1.548e-03
1.548e-03
1.806e-03
1.161e-03
1.032e-03
7.742e-04
1.032e-03
0.000e+00
2.581e-04
3.871e-04
5.161e-04
6.452e-04
7.742e-04
3.871e-04
5.161e-04
2.581e-04
3.871e-04
1.290e-04
1.290e-04
3.871e-04
1.290e-04
0.000e+00
0.000e+00
2.581e-04
2.581e-04
6.452e-04
0.000e+00
1.290e-04
2.581e-04
5.161e-04
1.290e-04
1.290e-04
0.000e+00
3.871e-04
1.290e-04
1.290e-04
2.581e-04
3.871e-04
2.581e-04
1.290e-04
1.290e-04
3.871e-04
1.290e-04
0.000e+00
1.290e-04
2.581e-04
5.161e-04
7.742e-04
6.452e-04
3.871e-04
2.581e-04
1.290e-04
2.581e-04
2.581e-04
5.161e-04
1.290e-04
3.871e-04
1.290e-04
0.000e+00
1.290e-04
1.290e-04
0.000e+00
3.871e-04
0.000e+00
0.000e+00
0.000e+00
0.000e+00
1.290e-04
2.581e-04
0.000e+00
0.000e+00
2.581e-04
2.581e-04
0.000e+00
1.290e-04
2.581e-04
2.581e-04
5.161e-04
1.290e-04
3.871e-04
2.581e-04
2.581e-04
1.290e-04
2.581e-04
3.871e-04
1.290e-04
6.452e-04
3.871e-04
1.290e-04
2.581e-04
2.581e-04
0.000e+00
2.581e-04
0.000e+00
2.581e-04
0.000e+00
0.000e+00
1.290e-04
1.290e-04
2.581e-04
1.290e-04
0.000e+00
1.290e-04
3.871e-04
1.290e-04
0.000e+00
2.581e-04
0.000e+00
3.871e-04
3.871e-04
2.581e-04
5.161e-04
2.581e-04
9.032e-04
0.000e+00
1.290e-04
0.000e+00
3.871e-04
2.581e-04
3.871e-04
3.871e-04
7.742e-04
0.000e+00
2.581e-04
5.161e-04
1.290e-04
9.032e-04
5.161e-04
1.419e-03
9.032e-04
2.323e-03
2.194e-03
1.548e-03
2.065e-03
2.839e-03
2.323e-03
2.710e-03
1.935e-03
4.258e-03
7.226e-03
5.161e-03
4.387e-03
3.355e-03
3.355e-03
4.258e-03
3.871e-03
5.419e-03
3.742e-03
4.645e-03
4.774e-03
3.871e-03
5.419e-03
6.194e-03
6.452e-03
1.768e-02
5.484e-02
1.548e-02
6.194e-03
6.194e-03
4.645e-03
3.742e-03
4.645e-03
5.290e-03
4.903e-03
5.032e-03
3.484e-03
5.161e-03
4.129e-03
2.710e-03
4.516e-03
3.742e-03
5.935e-03
3.097e-03
3.097e-03
1.161e-03
1.677e-03
1.548e-03
2.194e-03
1.677e-03
2.194e-03
1.419e-03
6.452e-04
6.452e-04
7.742e-04
7.742e-04
3.871e-04
3.871e-04
3.871e-04
2.581e-04
6.452e-04
5.161e-04
1.290e-04
2.581e-04
3.871e-04
2.581e-04
3.871e-04
1.290e-04
1.290e-04
0.000e+00
0.000e+00
2.581e-04
1.290e-04
5.161e-04
5.161e-04
2.581e-04
1.290e-04
2.581e-04
3.871e-04
1.290e-04
1.290e-04
2.581e-04
1.290e-04
1.290e-04
2.581e-04
2.581e-04
3.871e-04
2.581e-04
2.581e-04
3.871e-04
0.000e+00
2.581e-04
3.871e-04
1.290e-04
5.161e-04
1.290e-04
1.290e-04
6.452e-04
3.871e-04
5.161e-04
0.000e+00
0.000e+00
3.871e-04
6.452e-04
1.290e-04
1.290e-04
1.290e-04
1.290e-04
1.290e-04
2.581e-04
1.290e-04
0.000e+00
1.290e-04
0.000e+00
0.000e+00
0.000e+00
1.290e-04
0.000e+00
0.000e+00
2.581e-04
1.290e-04
1.290e-04
2.581e-04
6.452e-04
1.290e-04
1.290e-04
7.742e-04
5.161e-04
1.290e-04
1.290e-04
0.000e+00
3.871e-04
2.581e-04
7.742e-04
3.871e-04
1.290e-04
5.161e-04
0.000e+00
2.581e-04
2.581e-04
2.581e-04
0.000e+00
1.290e-04
0.000e+00
1.290e-04
1.290e-04
0.000e+00
1.290e-04
2.581e-04
2.581e-04
2.581e-04
2.581e-04
0.000e+00
5.161e-04
1.290e-04
0.000e+00
0.000e+00
2.581e-04
3.871e-04
2.581e-04
2.581e-04
6.452e-04
1.290e-04
5.161e-04
5.161e-04
2.581e-04
3.871e-04
0.000e+00
1.290e-04
3.871e-04
2.581e-04
9.032e-04
2.581e-04
1.290e-04
1.290e-04
2.581e-04
7.742e-04
1.161e-03
2.065e-03
1.935e-03
2.452e-03
2.065e-03
2.581e-03
2.581e-03
2.968e-03
3.355e-03
2.194e-03
3.613e-03
5.290e-03
5.419e-03
8.000e-03
7.097e-03
6.323e-03
5.032e-03
7.484e-03
7.742e-03
9.935e-03
9.677e-03
1.071e-02
1.277e-02
1.316e-02
1.858e-02
1.948e-02
2.568e-02
3.342e-02
4.800e-02
