4.811e-02
2.712e-02
2.712e-02
2.508e-02
8.700e-03
1.177e-02
6.653e-03
5.629e-03
6.653e-03
4.094e-03
6.141e-03
9.724e-03
5.118e-03
5.629e-03
4.606e-03
1.024e-03
1.535e-03
5.118e-04
1.535e-03
1.535e-03
5.118e-04
1.024e-03
0.000e+00
1.024e-03
3.582e-03
0.000e+00
3.071e-03
2.559e-03
1.535e-03
3.071e-03
4.094e-03
1.535e-03
1.024e-03
1.024e-03
2.559e-03
3.071e-03
1.535e-03
3.582e-03
2.559e-03
2.559e-03
4.606e-03
3.071e-03
1.024e-02
7.677e-03
4.094e-03
7.165e-03
6.653e-03
1.331e-02
1.331e-02
8.188e-03
8.188e-03
1.177e-02
1.126e-02
1.126e-02
9.724e-03
1.791e-02
3.429e-02
4.913e-02
1.791e-02
1.433e-02
1.331e-02
8.188e-03
4.094e-03
4.606e-03
2.047e-03
2.559e-03
5.118e-04
0.000e+00
5.118e-04
5.118e-04
5.118e-04
2.559e-03
0.000e+00
0.000e+00
0.000e+00
0.000e+00
0.000e+00
0.000e+00
0.000e+00
0.000e+00
0.000e+00
0.000e+00
0.000e+00
0.000e+00
0.000e+00
0.000e+00
0.000e+00
0.000e+00
0.000e+00
0.000e+00
0.000e+00
0.000e+00
0.000e+00
0.000e+00
0.000e+00
0.000e+00
0.000e+00
0.000e+00
0.000e+00
0.000e+00
0.000e+00
0.000e+00
0.000e+00
0.000e+00
0.000e+00
0.000e+00
0.000e+00
0.000e+00
0.000e+00
0.000e+00
0.000e+00
0.000e+00
0.000e+00
0.000e+00
0.000e+00
0.000e+00
0.000e+00
0.000e+00
0.000e+00
0.000e+00
0.000e+00
0.000e+00
0.000e+00
0.000e+00
0.000e+00
0.000e+00
0.000e+00
0.000e+00
0.000e+00
0.000e+00
0.000e+00
0.000e+00
0.000e+00
0.000e+00
0.000e+00
0.000e+00
0.000e+00
0.000e+00
0.000e+00
0.000e+00
0.000e+00
0.000e+00
0.000e+00
0.000e+00
0.000e+00
0.000e+00
0.000e+00
0.000e+00
0.000e+00
0.000e+00
0.000e+00
0.000e+00
0.000e+00
0.000e+00
0.000e+00
0.000e+00
0.000e+00
0.000e+00
0.000e+00
0.000e+00
0.000e+00
0.000e+00
0.000e+00
0.000e+00
0.000e+00
0.000e+00
0.000e+00
0.000e+00
0.000e+00
0.000e+00
0.000e+00
0.000e+00
0.000e+00
0.000e+00
0.000e+00
0.000e+00
0.000e+00
0.000e+00
0.000e+00
0.000e+00
0.000e+00
0.000e+00
0.000e+00
0.000e+00
0.000e+00
0.000e+00
0.000e+00
0.000e+00
0.000e+00
0.000e+00
0.000e+00
0.000e+00
0.000e+00
0.000e+00
0.000e+00
0.000e+00
0.000e+00
0.000e+00
0.000e+00
0.000e+00
0.000e+00
0.000e+00
0.000e+00
0.000e+00
0.000e+00
0.000e+00
0.000e+00
0.000e+00
0.000e+00
0.000e+00
0.000e+00
0.000e+00
0.000e+00
0.000e+00
0.000e+00
0.000e+00
0.000e+00
0.000e+00
0.000e+00
0.000e+00
0.000e+00
0.000e+00
0.000e+00
0.000e+00
0.000e+00
0.000e+00
0.000e+00
0.000e+00
0.000e+00
0.000e+00
0.000e+00
0.000e+00
0.000e+00
0.000e+00
0.000e+00
0.000e+00
0.000e+00
0.000e+00
0.000e+00
0.000e+00
0.000e+00
0.000e+00
0.000e+00
0.000e+00
0.000e+00
0.000e+00
0.000e+00
0.000e+00
0.000e+00
0.000e+00
0.000e+00
0.000e+00
0.000e+00
0.000e+00
0.000e+00
0.000e+00
0.000e+00
0.000e+00
0.000e+00
0.000e+00
0.000e+00
0.000e+00
0.000e+00
0.000e+00
0.000e+00
0.000e+00
0.000e+00
0.000e+00
0.000e+00
0.000e+00
0.000e+00
0.000e+00
0.000e+00
0.000e+00
0.000e+00
0.000e+00
0.000e+00
0.000e+00
0.000e+00
0.000e+00
0.000e+00
0.000e+00
0.000e+00
0.000e+00
0.000e+00
0.000e+00
0.000e+00
0.000e+00
0.000e+00
0.000e+00
1.024e-03
5.118e-04
5.118e-04
0.000e+00
0.000e+00
1.024e-03
1.535e-03
4.606e-03
7.165e-03
1.075e-02
1.433e-02
1.075e-02
1.638e-02
3.736e-02
2.354e-02
2.866e-02
2.201e-02
1.535e-02
1.279e-02
5.629e-03
1.075e-02
6.141e-03
4.606e-03
7.677e-03
8.188e-03
5.118e-03
8.188e-03
6.141e-03
6.141e-03
6.141e-03
8.188e-03
2.047e-03
6.653e-03
3.071e-03
4.094e-03
2.559e-03
2.047e-03
2.047e-03
1.535e-03
3.071e-03
1.024e-03
2.559e-03
4.094e-03
3.582e-03
2.047e-03
3.071e-03
2.047e-03
3.071e-03
3.071e-03
1.024e-03
2.559e-03
1.024e-03
2.047e-03
1.535e-03
2.047e-03
2.047e-03
1.535e-03
2.047e-03
5.629e-03
1.535e-03
4.606e-03
1.535e-03
3.582e-03
0.000e+00
4.094e-03
1.177e-02
8.188e-03
1.228e-02
1.791e-02
1.842e-02
