1.148e-01
6.442e-02
5.106e-02
3.635e-02
2.570e-02
2.593e-02
2.197e-02
1.823e-02
1.517e-02
1.495e-02
1.121e-02
9.851e-03
9.964e-03
8.265e-03
6.341e-03
6.454e-03
6.001e-03
3.850e-03
3.963e-03
3.284e-03
1.925e-03
1.245e-03
2.264e-03
2.604e-03
1.812e-03
7.926e-04
9.058e-04
6.793e-04
1.472e-03
5.661e-04
6.793e-04
1.245e-03
7.926e-04
6.793e-04
6.793e-04
3.397e-04
7.926e-04
3.397e-04
5.661e-04
1.132e-04
1.132e-04
4.529e-04
3.397e-04
1.132e-04
2.264e-04
2.264e-04
1.132e-04
0.000e+00
1.132e-04
1.132e-04
1.132e-04
1.132e-04
1.132e-04
2.264e-04
1.132e-04
0.000e+00
1.132e-04
1.132e-04
1.132e-04
4.529e-04
1.132e-03
2.264e-04
2.264e-04
1.132e-04
2.264e-04
0.000e+00
0.000e+00
0.000e+00
0.000e+00
0.000e+00
3.397e-04
1.132e-04
0.000e+00
0.000e+00
0.000e+00
0.000e+00
0.000e+00
0.000e+00
0.000e+00
0.000e+00
1.132e-04
0.000e+00
0.000e+00
0.000e+00
0.000e+00
0.000e+00
0.000e+00
0.000e+00
1.132e-04
1.132e-04
0.000e+00
0.000e+00
0.000e+00
0.000e+00
0.000e+00
0.000e+00
0.000e+00
0.000e+00
1.132e-04
0.000e+00
0.000e+00
0.000e+00
1.132e-04
0.000e+00
1.132e-04
0.000e+00
0.000e+00
0.000e+00
0.000e+00
0.000e+00
0.000e+00
0.000e+00
2.264e-04
0.000e+00
1.132e-04
0.000e+00
0.000e+00
1.132e-04
1.132e-04
2.264e-04
0.000e+00
0.000e+00
1.132e-04
1.132e-04
0.000e+00
0.000e+00
2.264e-04
0.000e+00
0.000e+00
1.132e-04
0.000e+00
1.132e-04
1.132e-04
0.000e+00
2.264e-04
1.132e-04
0.000e+00
2.264e-04
1.132e-04
0.000e+00
4.529e-04
2.264e-04
4.529e-04
3.397e-04
4.529e-04
2.264e-04
4.529e-04
6.793e-04
3.397e-04
7.926e-04
1.585e-03
1.245e-03
1.698e-03
1.698e-03
1.698e-03
4.529e-04
1.019e-03
1.019e-03
1.245e-03
1.585e-03
2.378e-03
1.132e-03
1.585e-03
1.472e-03
1.925e-03
1.698e-03
2.151e-03
2.604e-03
2.604e-03
2.264e-03
3.850e-03
3.510e-03
2.831e-03
1.925e-03
2.717e-03
2.038e-03
2.038e-03
2.604e-03
3.623e-03
4.303e-03
3.963e-03
5.095e-03
3.736e-03
3.510e-03
2.944e-03
3.850e-03
3.284e-03
2.264e-03
2.944e-03
3.397e-03
3.510e-03
3.510e-03
2.491e-03
2.038e-03
2.378e-03
2.831e-03
2.038e-03
9.058e-04
6.793e-04
1.019e-03
1.245e-03
6.793e-04
1.585e-03
1.019e-03
1.585e-03
1.132e-03
1.698e-03
1.245e-03
1.245e-03
7.926e-04
7.926e-04
1.359e-03
4.529e-04
6.793e-04
3.397e-04
3.397e-04
3.397e-04
3.397e-04
2.264e-04
1.132e-04
6.793e-04
3.397e-04
1.132e-04
0.000e+00
2.264e-04
2.264e-04
4.529e-04
0.000e+00
2.264e-04
0.000e+00
1.132e-04
0.000e+00
1.132e-04
1.132e-04
0.000e+00
0.000e+00
0.000e+00
0.000e+00
0.000e+00
1.132e-04
0.000e+00
1.132e-04
0.000e+00
0.000e+00
1.132e-04
1.132e-04
0.000e+00
1.132e-04
0.000e+00
0.000e+00
0.000e+00
1.132e-04
0.000e+00
0.000e+00
0.000e+00
0.000e+00
0.000e+00
0.000e+00
0.000e+00
1.132e-04
0.000e+00
0.000e+00
0.000e+00
0.000e+00
1.132e-04
0.000e+00
0.000e+00
0.000e+00
0.000e+00
1.132e-04
0.000e+00
0.000e+00
0.000e+00
0.000e+00
0.000e+00
0.000e+00
0.000e+00
0.000e+00
0.000e+00
0.000e+00
0.000e+00
1.132e-04
0.000e+00
0.000e+00
0.000e+00
0.000e+00
0.000e+00
0.000e+00
0.000e+00
0.000e+00
1.132e-04
0.000e+00
2.264e-04
3.397e-04
0.000e+00
0.000e+00
0.000e+00
1.132e-04
1.132e-04
2.264e-04
1.132e-03
2.264e-04
1.132e-04
1.132e-04
2.264e-04
1.132e-04
1.132e-04
2.264e-04
0.000e+00
1.132e-04
1.132e-04
3.397e-04
1.132e-04
2.264e-04
2.264e-04
1.132e-04
5.661e-04
4.529e-04
3.397e-04
5.661e-04
5.661e-04
1.132e-04
2.264e-04
4.529e-04
4.529e-04
6.793e-04
2.264e-04
5.661e-04
5.661e-04
4.529e-04
1.132e-03
1.245e-03
1.359e-03
7.926e-04
1.698e-03
2.264e-03
1.245e-03
2.604e-03
1.812e-03
2.717e-03
1.925e-03
1.812e-03
2.831e-03
3.623e-03
5.774e-03
5.435e-03
6.680e-03
9.171e-03
1.019e-02
1.064e-02
1.257e-02
1.540e-02
1.619e-02
1.891e-02
1.970e-02
2.231e-02
3.057e-02
3.419e-02
5.038e-02
6.284e-02
