5.833e-02
3.278e-02
2.074e-02
9.074e-03
6.852e-03
5.185e-03
5.185e-03
4.444e-03
5.556e-03
5.370e-03
3.519e-03
3.704e-03
5.370e-03
6.296e-03
5.741e-03
5.926e-03
3.148e-03
4.259e-03
5.000e-03
4.630e-03
3.519e-03
3.519e-03
4.259e-03
3.889e-03
2.407e-03
1.667e-03
2.037e-03
2.963e-03
2.963e-03
5.741e-03
3.148e-03
4.630e-03
2.037e-03
1.852e-03
9.259e-04
1.111e-03
1.296e-03
2.037e-03
7.407e-04
5.556e-04
1.111e-03
3.704e-04
7.407e-04
1.111e-03
7.407e-04
7.407e-04
5.556e-04
7.407e-04
3.704e-04
5.556e-04
5.556e-04
3.704e-04
1.852e-04
1.852e-04
0.000e+00
0.000e+00
0.000e+00
7.407e-04
3.704e-04
1.852e-04
1.852e-04
1.852e-04
3.704e-04
1.852e-04
1.852e-04
1.852e-04
1.852e-04
0.000e+00
3.704e-04
1.852e-04
0.000e+00
1.852e-04
9.259e-04
3.704e-04
1.111e-03
5.556e-04
1.852e-04
3.704e-04
0.000e+00
0.000e+00
0.000e+00
3.704e-04
1.852e-04
0.000e+00
3.704e-04
1.481e-03
5.556e-04
3.704e-04
0.000e+00
1.852e-04
0.000e+00
0.000e+00
0.000e+00
0.000e+00
7.407e-04
4.259e-03
1.296e-03
0.000e+00
1.852e-04
1.852e-04
0.000e+00
0.000e+00
3.704e-04
0.000e+00
1.852e-04
3.704e-04
3.704e-04
5.556e-04
1.852e-04
3.704e-04
5.556e-04
3.704e-04
1.852e-04
0.000e+00
1.852e-04
1.852e-04
1.852e-04
1.852e-04
1.852e-04
1.852e-04
3.704e-04
1.852e-04
3.704e-04
1.852e-04
5.556e-04
5.556e-04
0.000e+00
3.704e-04
3.704e-04
5.556e-04
7.407e-04
1.296e-03
7.407e-04
1.481e-03
7.407e-04
1.852e-04
5.556e-04
9.259e-04
1.296e-03
7.407e-04
2.037e-03
1.667e-03
9.259e-04
2.037e-03
1.111e-03
1.481e-03
1.111e-03
2.222e-03
1.667e-03
2.037e-03
2.407e-03
2.037e-03
2.407e-03
3.148e-03
5.556e-03
4.630e-03
3.148e-03
2.222e-03
3.148e-03
1.852e-03
2.963e-03
4.630e-03
4.630e-03
4.630e-03
6.296e-03
5.370e-03
3.889e-03
4.815e-03
5.000e-03
5.185e-03
5.370e-03
5.000e-03
6.296e-03
4.815e-03
9.444e-03
8.889e-03
1.093e-02
1.611e-02
1.926e-02
2.759e-02
5.259e-02
2.630e-02
1.889e-02
1.148e-02
1.185e-02
7.778e-03
9.074e-03
4.815e-03
5.556e-03
6.111e-03
5.926e-03
4.444e-03
4.630e-03
4.259e-03
5.000e-03
4.259e-03
3.889e-03
7.037e-03
2.778e-03
3.889e-03
3.519e-03
4.074e-03
2.593e-03
2.963e-03
2.963e-03
2.593e-03
5.000e-03
3.333e-03
4.630e-03
3.519e-03
1.111e-03
2.963e-03
1.481e-03
1.296e-03
1.111e-03
1.296e-03
9.259e-04
1.667e-03
7.407e-04
1.111e-03
5.556e-04
5.556e-04
1.481e-03
3.704e-04
3.704e-04
9.259e-04
9.259e-04
1.111e-03
3.704e-04
5.556e-04
3.704e-04
3.704e-04
1.852e-04
1.852e-04
1.852e-04
0.000e+00
1.852e-04
7.407e-04
0.000e+00
0.000e+00
1.111e-03
0.000e+00
1.852e-04
1.852e-04
0.000e+00
3.704e-04
1.852e-04
0.000e+00
1.852e-04
3.704e-04
0.000e+00
9.259e-04
1.111e-03
7.407e-04
0.000e+00
0.000e+00
1.852e-04
1.852e-04
5.556e-04
1.852e-04
0.000e+00
1.852e-04
0.000e+00
0.000e+00
3.704e-04
1.296e-03
9.259e-04
0.000e+00
1.852e-04
0.000e+00
0.000e+00
3.704e-04
0.000e+00
0.000e+00
1.852e-04
2.963e-03
2.963e-03
1.852e-04
0.000e+00
0.000e+00
0.000e+00
0.000e+00
3.704e-04
3.704e-04
0.000e+00
3.704e-04
5.556e-04
7.407e-04
3.704e-04
0.000e+00
5.556e-04
1.852e-04
1.852e-04
1.852e-04
1.852e-04
1.852e-04
1.852e-04
0.000e+00
0.000e+00
3.704e-04
3.704e-04
1.852e-04
5.556e-04
1.852e-04
1.852e-04
1.852e-04
5.556e-04
1.852e-04
5.556e-04
1.852e-04
7.407e-04
9.259e-04
9.259e-04
9.259e-04
7.407e-04
1.111e-03
7.407e-04
7.407e-04
1.111e-03
1.481e-03
2.222e-03
1.111e-03
7.407e-04
1.852e-03
2.407e-03
1.111e-03
7.407e-04
1.852e-03
2.778e-03
2.963e-03
2.037e-03
4.444e-03
4.259e-03
3.704e-03
2.222e-03
3.148e-03
3.148e-03
4.259e-03
3.704e-03
2.963e-03
3.704e-03
4.074e-03
4.259e-03
3.333e-03
3.704e-03
4.815e-03
6.481e-03
3.333e-03
6.296e-03
5.370e-03
3.519e-03
6.111e-03
7.222e-03
5.185e-03
5.556e-03
5.185e-03
8.333e-03
1.056e-02
2.093e-02
3.519e-02
