6.223e-03
3.496e-03
2.870e-03
2.530e-03
1.976e-03
2.298e-03
1.905e-03
1.913e-03
1.922e-03
2.173e-03
1.779e-03
2.298e-03
1.806e-03
1.931e-03
1.797e-03
1.869e-03
1.878e-03
2.074e-03
2.289e-03
2.432e-03
2.593e-03
2.280e-03
2.530e-03
2.539e-03
3.040e-03
2.709e-03
3.049e-03
2.674e-03
2.933e-03
3.425e-03
3.523e-03
3.693e-03
3.451e-03
3.898e-03
3.791e-03
4.033e-03
4.086e-03
3.943e-03
3.729e-03
3.961e-03
3.425e-03
3.317e-03
3.192e-03
3.004e-03
3.353e-03
3.299e-03
3.898e-03
4.632e-03
4.748e-03
4.891e-03
6.393e-03
6.411e-03
7.010e-03
8.298e-03
1.010e-02
1.227e-02
1.500e-02
1.968e-02
2.249e-02
1.657e-02
2.149e-02
1.045e-02
7.046e-03
5.508e-03
4.641e-03
4.399e-03
3.863e-03
3.934e-03
3.505e-03
3.568e-03
3.290e-03
3.031e-03
2.369e-03
2.513e-03
2.155e-03
2.074e-03
1.896e-03
1.753e-03
1.413e-03
1.663e-03
1.583e-03
1.574e-03
1.627e-03
1.350e-03
1.502e-03
1.136e-03
1.341e-03
1.136e-03
1.377e-03
1.234e-03
1.198e-03
1.127e-03
1.046e-03
8.763e-04
7.779e-04
7.869e-04
8.226e-04
9.478e-04
9.299e-04
9.389e-04
8.852e-04
8.405e-04
6.885e-04
7.153e-04
8.316e-04
7.332e-04
7.869e-04
6.617e-04
6.527e-04
7.421e-04
5.901e-04
6.706e-04
8.673e-04
7.690e-04
8.942e-04
7.779e-04
8.494e-04
1.028e-03
9.746e-04
1.037e-03
9.567e-04
1.091e-03
9.031e-04
8.137e-04
6.438e-04
8.942e-04
8.316e-04
6.438e-04
5.097e-04
5.991e-04
7.064e-04
6.080e-04
4.918e-04
6.259e-04
5.186e-04
6.706e-04
5.454e-04
6.348e-04
5.812e-04
6.080e-04
6.885e-04
8.942e-04
8.316e-04
8.494e-04
8.584e-04
9.389e-04
9.299e-04
1.189e-03
1.145e-03
1.037e-03
1.028e-03
9.925e-04
8.763e-04
1.207e-03
1.171e-03
1.198e-03
1.118e-03
1.046e-03
1.162e-03
1.422e-03
1.466e-03
1.574e-03
1.502e-03
1.627e-03
1.770e-03
2.226e-03
2.665e-03
2.718e-03
3.085e-03
3.067e-03
3.031e-03
2.915e-03
3.478e-03
3.013e-03
3.192e-03
3.943e-03
3.720e-03
5.293e-03
5.070e-03
5.088e-03
5.642e-03
4.811e-03
5.240e-03
5.410e-03
4.632e-03
4.158e-03
3.800e-03
2.942e-03
2.986e-03
2.745e-03
2.629e-03
2.530e-03
2.316e-03
2.146e-03
1.842e-03
2.110e-03
2.468e-03
1.913e-03
1.708e-03
1.699e-03
1.538e-03
1.511e-03
1.645e-03
1.350e-03
1.520e-03
1.699e-03
1.592e-03
1.171e-03
1.127e-03
9.925e-04
9.746e-04
9.478e-04
8.316e-04
1.082e-03
7.153e-04
7.690e-04
9.031e-04
7.511e-04
7.332e-04
6.348e-04
7.332e-04
7.064e-04
7.421e-04
7.243e-04
6.259e-04
5.723e-04
6.259e-04
7.511e-04
8.405e-04
6.170e-04
6.259e-04
5.901e-04
5.901e-04
7.600e-04
7.869e-04
7.779e-04
8.316e-04
9.478e-04
9.567e-04
8.584e-04
1.189e-03
1.046e-03
9.389e-04
9.836e-04
8.584e-04
8.405e-04
8.405e-04
7.064e-04
9.478e-04
6.348e-04
7.243e-04
8.763e-04
7.600e-04
8.047e-04
8.137e-04
6.706e-04
5.007e-04
7.064e-04
5.901e-04
7.243e-04
8.673e-04
8.226e-04
8.942e-04
1.064e-03
9.210e-04
8.942e-04
8.852e-04
1.082e-03
1.001e-03
1.252e-03
1.493e-03
1.323e-03
1.100e-03
1.359e-03
1.484e-03
1.297e-03
1.279e-03
1.413e-03
1.323e-03
1.413e-03
1.601e-03
1.663e-03
1.350e-03
1.744e-03
1.931e-03
1.940e-03
2.173e-03
2.826e-03
2.745e-03
2.897e-03
2.897e-03
3.058e-03
3.532e-03
3.720e-03
4.131e-03
4.372e-03
4.998e-03
5.633e-03
6.956e-03
1.023e-02
2.116e-02
1.697e-02
2.242e-02
1.880e-02
1.502e-02
1.319e-02
1.007e-02
8.933e-03
7.484e-03
6.483e-03
5.606e-03
4.515e-03
4.113e-03
3.657e-03
3.988e-03
3.657e-03
3.022e-03
3.013e-03
3.273e-03
3.586e-03
3.979e-03
4.238e-03
4.748e-03
4.471e-03
4.453e-03
4.176e-03
4.176e-03
3.729e-03
3.344e-03
3.273e-03
3.863e-03
3.130e-03
2.772e-03
2.647e-03
3.335e-03
2.960e-03
2.378e-03
2.674e-03
2.513e-03
1.896e-03
2.226e-03
2.468e-03
2.065e-03
1.958e-03
1.931e-03
1.922e-03
1.931e-03
1.833e-03
1.681e-03
1.690e-03
1.574e-03
1.967e-03
1.636e-03
2.021e-03
1.949e-03
2.361e-03
2.217e-03
2.369e-03
2.566e-03
3.219e-03
