7.888e-02
9.102e-02
6.432e-02
4.369e-02
3.155e-02
1.456e-02
1.335e-02
6.068e-03
4.854e-03
3.641e-03
1.214e-03
2.427e-03
2.427e-03
2.427e-03
1.214e-03
2.427e-03
3.641e-03
0.000e+00
1.214e-03
0.000e+00
1.214e-03
0.000e+00
1.214e-03
1.214e-03
1.214e-03
0.000e+00
0.000e+00
0.000e+00
0.000e+00
2.427e-03
1.214e-03
1.214e-03
2.427e-03
2.427e-03
1.214e-03
2.427e-03
2.427e-03
3.641e-03
0.000e+00
3.641e-03
2.427e-03
3.641e-03
2.427e-03
3.641e-03
4.854e-03
3.641e-03
8.495e-03
3.641e-03
2.427e-03
2.427e-03
2.427e-03
4.854e-03
3.641e-03
2.427e-03
2.427e-03
2.427e-03
1.214e-03
2.427e-03
0.000e+00
1.092e-02
2.427e-03
2.427e-03
4.854e-03
4.854e-03
8.495e-03
1.214e-02
1.092e-02
9.709e-03
8.495e-03
1.456e-02
1.092e-02
1.335e-02
7.282e-03
1.578e-02
2.427e-03
3.641e-03
3.641e-03
7.282e-03
1.214e-03
4.854e-03
0.000e+00
2.427e-03
1.214e-03
0.000e+00
0.000e+00
1.214e-03
1.214e-03
2.427e-03
1.214e-03
1.214e-03
1.214e-03
0.000e+00
0.000e+00
0.000e+00
0.000e+00
0.000e+00
0.000e+00
0.000e+00
0.000e+00
0.000e+00
0.000e+00
0.000e+00
0.000e+00
0.000e+00
0.000e+00
0.000e+00
0.000e+00
0.000e+00
0.000e+00
0.000e+00
0.000e+00
0.000e+00
0.000e+00
0.000e+00
0.000e+00
0.000e+00
0.000e+00
0.000e+00
0.000e+00
0.000e+00
0.000e+00
0.000e+00
0.000e+00
0.000e+00
0.000e+00
0.000e+00
0.000e+00
0.000e+00
0.000e+00
0.000e+00
0.000e+00
0.000e+00
0.000e+00
0.000e+00
0.000e+00
0.000e+00
0.000e+00
0.000e+00
0.000e+00
0.000e+00
0.000e+00
0.000e+00
0.000e+00
0.000e+00
0.000e+00
0.000e+00
0.000e+00
0.000e+00
0.000e+00
0.000e+00
0.000e+00
0.000e+00
0.000e+00
0.000e+00
0.000e+00
0.000e+00
0.000e+00
0.000e+00
0.000e+00
0.000e+00
0.000e+00
0.000e+00
0.000e+00
0.000e+00
0.000e+00
0.000e+00
0.000e+00
0.000e+00
0.000e+00
0.000e+00
0.000e+00
0.000e+00
0.000e+00
0.000e+00
0.000e+00
0.000e+00
0.000e+00
0.000e+00
0.000e+00
0.000e+00
0.000e+00
0.000e+00
0.000e+00
0.000e+00
0.000e+00
0.000e+00
0.000e+00
0.000e+00
0.000e+00
0.000e+00
0.000e+00
0.000e+00
0.000e+00
0.000e+00
0.000e+00
0.000e+00
0.000e+00
0.000e+00
0.000e+00
0.000e+00
0.000e+00
0.000e+00
0.000e+00
0.000e+00
0.000e+00
0.000e+00
0.000e+00
0.000e+00
0.000e+00
0.000e+00
0.000e+00
0.000e+00
0.000e+00
0.000e+00
0.000e+00
0.000e+00
0.000e+00
0.000e+00
0.000e+00
0.000e+00
0.000e+00
0.000e+00
0.000e+00
0.000e+00
0.000e+00
0.000e+00
0.000e+00
0.000e+00
0.000e+00
0.000e+00
0.000e+00
0.000e+00
0.000e+00
0.000e+00
0.000e+00
0.000e+00
0.000e+00
0.000e+00
0.000e+00
0.000e+00
0.000e+00
0.000e+00
0.000e+00
0.000e+00
0.000e+00
0.000e+00
0.000e+00
0.000e+00
0.000e+00
0.000e+00
0.000e+00
0.000e+00
0.000e+00
0.000e+00
0.000e+00
0.000e+00
0.000e+00
0.000e+00
0.000e+00
0.000e+00
0.000e+00
0.000e+00
0.000e+00
0.000e+00
0.000e+00
0.000e+00
0.000e+00
0.000e+00
0.000e+00
0.000e+00
0.000e+00
0.000e+00
0.000e+00
0.000e+00
0.000e+00
0.000e+00
0.000e+00
0.000e+00
0.000e+00
0.000e+00
1.214e-03
3.641e-03
2.427e-03
1.214e-03
1.214e-03
6.068e-03
1.092e-02
8.495e-03
6.068e-03
1.092e-02
1.092e-02
1.456e-02
6.068e-03
1.214e-03
7.282e-03
1.214e-03
4.854e-03
4.854e-03
2.427e-03
2.427e-03
7.282e-03
4.854e-03
1.214e-03
6.068e-03
4.854e-03
2.427e-03
2.427e-03
1.214e-03
0.000e+00
1.214e-03
0.000e+00
1.214e-03
2.427e-03
2.427e-03
1.214e-03
3.641e-03
1.214e-03
1.214e-03
0.000e+00
2.427e-03
4.854e-03
0.000e+00
1.214e-03
0.000e+00
4.854e-03
2.427e-03
2.427e-03
0.000e+00
3.641e-03
1.214e-03
0.000e+00
1.214e-03
0.000e+00
0.000e+00
0.000e+00
0.000e+00
0.000e+00
2.427e-03
0.000e+00
0.000e+00
1.214e-03
1.214e-03
1.214e-03
0.000e+00
8.495e-03
0.000e+00
1.214e-03
2.427e-03
0.000e+00
3.641e-03
4.854e-03
0.000e+00
6.068e-03
8.495e-03
1.092e-02
9.709e-03
2.063e-02
2.913e-02
2.670e-02
5.583e-02
