3.571e-02
2.721e-02
2.721e-02
1.871e-02
1.361e-02
1.361e-02
1.361e-02
2.211e-02
6.803e-03
2.041e-02
8.503e-03
8.503e-03
8.503e-03
5.102e-03
1.020e-02
1.531e-02
1.020e-02
5.102e-03
3.401e-03
1.020e-02
3.401e-03
8.503e-03
3.401e-03
3.401e-03
5.102e-03
5.102e-03
5.102e-03
6.803e-03
3.401e-03
3.401e-03
3.401e-03
3.401e-03
3.401e-03
3.401e-03
5.102e-03
1.701e-03
3.401e-03
3.401e-03
3.401e-03
1.701e-03
3.401e-03
1.190e-02
3.401e-03
1.190e-02
0.000e+00
1.701e-03
1.701e-03
0.000e+00
0.000e+00
3.401e-03
5.102e-03
3.401e-03
0.000e+00
0.000e+00
3.401e-03
1.701e-03
3.401e-03
1.701e-03
1.701e-03
6.803e-03
0.000e+00
0.000e+00
0.000e+00
1.701e-03
0.000e+00
3.401e-03
1.701e-03
0.000e+00
0.000e+00
0.000e+00
1.701e-03
1.701e-03
1.701e-03
0.000e+00
0.000e+00
1.701e-03
0.000e+00
0.000e+00
0.000e+00
0.000e+00
0.000e+00
1.701e-03
0.000e+00
0.000e+00
1.701e-03
0.000e+00
3.401e-03
0.000e+00
0.000e+00
3.401e-03
0.000e+00
0.000e+00
0.000e+00
1.701e-03
5.102e-03
0.000e+00
0.000e+00
1.701e-03
0.000e+00
0.000e+00
0.000e+00
3.401e-03
0.000e+00
3.401e-03
0.000e+00
0.000e+00
0.000e+00
0.000e+00
0.000e+00
0.000e+00
0.000e+00
0.000e+00
0.000e+00
0.000e+00
0.000e+00
0.000e+00
0.000e+00
0.000e+00
0.000e+00
0.000e+00
0.000e+00
0.000e+00
0.000e+00
0.000e+00
0.000e+00
0.000e+00
0.000e+00
0.000e+00
0.000e+00
0.000e+00
0.000e+00
0.000e+00
0.000e+00
0.000e+00
0.000e+00
0.000e+00
0.000e+00
1.701e-03
0.000e+00
0.000e+00
1.701e-03
0.000e+00
1.701e-03
0.000e+00
1.701e-03
1.701e-03
0.000e+00
0.000e+00
0.000e+00
0.000e+00
0.000e+00
1.701e-03
1.701e-03
0.000e+00
0.000e+00
0.000e+00
1.701e-03
0.000e+00
0.000e+00
1.701e-03
0.000e+00
0.000e+00
3.401e-03
0.000e+00
0.000e+00
0.000e+00
3.401e-03
0.000e+00
0.000e+00
3.401e-03
1.701e-03
0.000e+00
0.000e+00
0.000e+00
0.000e+00
0.000e+00
0.000e+00
0.000e+00
0.000e+00
0.000e+00
0.000e+00
1.701e-03
1.701e-03
1.701e-03
0.000e+00
1.701e-03
0.000e+00
1.701e-03
1.701e-03
0.000e+00
1.701e-03
0.000e+00
1.701e-03
0.000e+00
3.401e-03
0.000e+00
0.000e+00
1.701e-03
0.000e+00
0.000e+00
0.000e+00
1.701e-03
0.000e+00
3.401e-03
0.000e+00
1.701e-03
3.401e-03
1.701e-03
1.701e-03
3.401e-03
1.701e-03
3.401e-03
1.701e-03
1.701e-03
1.701e-03
0.000e+00
0.000e+00
3.401e-03
1.701e-03
1.701e-03
0.000e+00
0.000e+00
0.000e+00
3.401e-03
1.701e-03
0.000e+00
0.000e+00
1.701e-03
0.000e+00
0.000e+00
0.000e+00
1.701e-03
0.000e+00
0.000e+00
0.000e+00
0.000e+00
0.000e+00
0.000e+00
0.000e+00
0.000e+00
1.701e-03
0.000e+00
0.000e+00
0.000e+00
0.000e+00
0.000e+00
0.000e+00
1.701e-03
0.000e+00
0.000e+00
0.000e+00
0.000e+00
1.701e-03
0.000e+00
0.000e+00
5.102e-03
0.000e+00
0.000e+00
1.701e-03
3.401e-03
0.000e+00
1.701e-03
1.701e-03
1.701e-03
0.000e+00
1.701e-03
1.701e-03
1.701e-03
1.701e-03
0.000e+00
1.701e-03
0.000e+00
0.000e+00
1.701e-03
0.000e+00
1.701e-03
0.000e+00
0.000e+00
0.000e+00
3.401e-03
1.701e-03
0.000e+00
0.000e+00
0.000e+00
0.000e+00
1.701e-03
1.701e-03
0.000e+00
0.000e+00
3.401e-03
0.000e+00
1.701e-03
0.000e+00
0.000e+00
0.000e+00
1.701e-03
3.401e-03
0.000e+00
1.701e-03
0.000e+00
1.701e-03
1.701e-03
3.401e-03
1.701e-03
1.701e-03
1.701e-03
1.701e-03
0.000e+00
1.701e-03
5.102e-03
5.102e-03
0.000e+00
0.000e+00
0.000e+00
1.701e-03
0.000e+00
1.701e-03
6.803e-03
0.000e+00
3.401e-03
8.503e-03
0.000e+00
1.701e-03
0.000e+00
5.102e-03
3.401e-03
3.401e-03
6.803e-03
1.701e-03
1.701e-02
3.401e-03
5.102e-03
1.190e-02
1.701e-03
6.803e-03
8.503e-03
1.701e-03
5.102e-03
6.803e-03
6.803e-03
1.701e-03
1.020e-02
5.102e-03
5.102e-03
6.803e-03
8.503e-03
1.020e-02
1.020e-02
6.803e-03
8.503e-03
6.803e-03
1.190e-02
1.020e-02
6.803e-03
1.190e-02
1.701e-02
1.531e-02
2.211e-02
2.551e-02
4.592e-02
