5.213e-03
2.172e-03
8.688e-04
8.688e-04
1.738e-03
8.688e-04
8.688e-04
3.041e-03
8.688e-04
8.688e-04
0.000e+00
0.000e+00
4.344e-04
0.000e+00
4.344e-04
4.344e-04
0.000e+00
2.172e-03
0.000e+00
8.688e-04
1.738e-03
8.688e-04
4.344e-04
8.688e-04
8.688e-04
8.688e-04
0.000e+00
4.344e-04
2.172e-03
8.688e-04
4.344e-04
1.738e-03
1.303e-03
2.606e-03
3.041e-03
3.910e-03
3.475e-03
1.738e-03
4.344e-03
4.344e-03
3.041e-03
2.172e-03
5.213e-03
3.041e-03
5.647e-03
2.172e-03
8.688e-04
2.172e-03
3.475e-03
1.303e-03
8.688e-04
2.606e-03
4.344e-03
5.213e-03
2.606e-03
4.778e-03
5.647e-03
6.082e-03
1.173e-02
2.693e-02
5.474e-02
2.302e-02
1.390e-02
8.254e-03
4.344e-03
5.647e-03
9.123e-03
5.213e-03
4.344e-03
3.041e-03
3.041e-03
2.172e-03
1.303e-03
3.910e-03
2.172e-03
4.344e-03
4.344e-03
3.041e-03
2.606e-03
3.475e-03
2.172e-03
4.344e-03
3.475e-03
8.688e-04
3.910e-03
3.475e-03
8.688e-04
1.738e-03
3.041e-03
3.041e-03
2.606e-03
3.475e-03
1.303e-03
1.738e-03
3.910e-03
8.688e-04
2.172e-03
2.606e-03
2.172e-03
1.303e-03
8.688e-04
8.688e-04
4.344e-04
4.344e-04
1.738e-03
1.303e-03
8.688e-04
1.303e-03
1.738e-03
8.688e-04
8.688e-04
1.303e-03
3.475e-03
6.082e-03
1.738e-03
4.344e-04
2.172e-03
1.738e-03
2.172e-03
3.041e-03
2.606e-03
2.172e-03
2.606e-03
1.738e-03
4.344e-04
3.041e-03
8.688e-04
1.738e-03
1.738e-03
4.344e-04
1.303e-03
3.041e-03
3.041e-03
2.172e-03
1.738e-03
8.688e-04
1.303e-03
8.688e-04
1.738e-03
1.738e-03
3.910e-03
3.910e-03
3.910e-03
1.303e-03
4.778e-03
1.738e-03
3.041e-03
3.475e-03
3.475e-03
2.606e-03
1.303e-03
4.344e-03
2.606e-03
3.475e-03
2.606e-03
1.738e-03
0.000e+00
0.000e+00
4.344e-04
8.688e-04
4.344e-04
0.000e+00
4.344e-04
0.000e+00
0.000e+00
0.000e+00
0.000e+00
0.000e+00
0.000e+00
0.000e+00
0.000e+00
0.000e+00
0.000e+00
0.000e+00
0.000e+00
0.000e+00
0.000e+00
0.000e+00
0.000e+00
0.000e+00
0.000e+00
0.000e+00
0.000e+00
0.000e+00
0.000e+00
0.000e+00
0.000e+00
0.000e+00
0.000e+00
0.000e+00
0.000e+00
0.000e+00
0.000e+00
0.000e+00
0.000e+00
0.000e+00
0.000e+00
0.000e+00
0.000e+00
0.000e+00
0.000e+00
0.000e+00
1.738e-03
4.344e-04
3.041e-03
2.172e-03
2.606e-03
4.344e-03
3.910e-03
2.606e-03
2.172e-03
4.344e-03
3.910e-03
1.303e-03
2.172e-03
3.041e-03
1.738e-03
5.647e-03
4.778e-03
2.606e-03
3.910e-03
1.738e-03
2.172e-03
1.738e-03
3.041e-03
2.172e-03
3.910e-03
3.041e-03
1.738e-03
1.303e-03
8.688e-04
1.738e-03
4.344e-04
8.688e-04
1.303e-03
2.172e-03
1.303e-03
1.303e-03
1.303e-03
1.303e-03
8.688e-04
8.688e-04
4.344e-03
1.303e-03
1.738e-03
2.172e-03
2.172e-03
3.041e-03
3.910e-03
3.475e-03
2.172e-03
1.303e-03
1.738e-03
2.172e-03
3.475e-03
2.606e-03
4.344e-04
8.688e-04
1.303e-03
2.172e-03
2.172e-03
1.738e-03
4.344e-04
3.041e-03
2.172e-03
8.688e-04
3.041e-03
2.172e-03
3.475e-03
1.303e-03
2.606e-03
3.475e-03
3.041e-03
3.475e-03
3.910e-03
5.647e-03
4.778e-03
4.344e-03
5.213e-03
4.778e-03
5.213e-03
5.647e-03
4.344e-03
7.385e-03
5.213e-03
3.041e-03
2.172e-03
4.344e-03
1.738e-03
3.041e-03
4.344e-03
4.778e-03
3.910e-03
5.213e-03
3.475e-03
6.082e-03
8.254e-03
5.647e-03
9.557e-03
3.171e-02
5.039e-02
2.215e-02
1.781e-02
9.557e-03
3.910e-03
4.344e-03
3.910e-03
3.910e-03
4.778e-03
5.213e-03
2.606e-03
4.344e-04
3.475e-03
0.000e+00
0.000e+00
2.606e-03
1.303e-03
2.606e-03
3.475e-03
1.738e-03
1.738e-03
3.041e-03
3.041e-03
1.303e-03
1.303e-03
1.738e-03
4.344e-03
3.910e-03
8.688e-04
0.000e+00
8.688e-04
2.172e-03
8.688e-04
0.000e+00
2.172e-03
4.344e-04
1.738e-03
1.738e-03
1.303e-03
8.688e-04
8.688e-04
0.000e+00
0.000e+00
0.000e+00
8.688e-04
8.688e-04
8.688e-04
2.172e-03
0.000e+00
0.000e+00
8.688e-04
0.000e+00
1.303e-03
8.688e-04
1.303e-03
4.344e-04
4.344e-04
1.738e-03
8.688e-04
2.172e-03
