1.899e-02
8.439e-03
2.110e-03
8.439e-03
6.329e-03
4.219e-03
4.219e-03
8.439e-03
8.439e-03
1.688e-02
1.266e-02
1.055e-02
2.110e-03
4.219e-03
4.219e-03
0.000e+00
4.219e-03
6.329e-03
1.266e-02
6.329e-03
8.439e-03
6.329e-03
0.000e+00
0.000e+00
4.219e-03
8.439e-03
6.329e-03
2.110e-03
4.219e-03
2.110e-03
2.110e-03
4.219e-03
0.000e+00
6.329e-03
0.000e+00
0.000e+00
4.219e-03
4.219e-03
1.266e-02
4.219e-03
2.110e-03
2.110e-03
2.110e-03
4.219e-03
0.000e+00
2.110e-03
6.329e-03
6.329e-03
2.110e-02
1.688e-02
2.321e-02
1.055e-02
4.219e-03
0.000e+00
2.110e-03
8.439e-03
0.000e+00
0.000e+00
2.110e-03
0.000e+00
0.000e+00
0.000e+00
2.110e-03
0.000e+00
2.110e-03
2.110e-03
8.439e-03
1.477e-02
4.219e-03
2.110e-03
6.329e-03
4.219e-03
2.110e-03
2.110e-03
2.110e-03
1.055e-02
4.219e-03
4.219e-03
1.266e-02
2.110e-03
0.000e+00
4.219e-03
0.000e+00
2.110e-03
0.000e+00
0.000e+00
2.110e-03
0.000e+00
0.000e+00
0.000e+00
0.000e+00
2.110e-03
0.000e+00
0.000e+00
0.000e+00
0.000e+00
0.000e+00
0.000e+00
0.000e+00
2.110e-03
0.000e+00
2.110e-03
0.000e+00
0.000e+00
2.110e-03
0.000e+00
0.000e+00
0.000e+00
0.000e+00
0.000e+00
0.000e+00
0.000e+00
0.000e+00
0.000e+00
2.110e-03
0.000e+00
0.000e+00
0.000e+00
0.000e+00
0.000e+00
0.000e+00
0.000e+00
2.110e-03
0.000e+00
0.000e+00
0.000e+00
0.000e+00
0.000e+00
0.000e+00
0.000e+00
0.000e+00
0.000e+00
0.000e+00
0.000e+00
0.000e+00
0.000e+00
0.000e+00
0.000e+00
0.000e+00
0.000e+00
0.000e+00
0.000e+00
0.000e+00
0.000e+00
2.110e-03
2.110e-03
0.000e+00
0.000e+00
0.000e+00
0.000e+00
0.000e+00
0.000e+00
0.000e+00
0.000e+00
0.000e+00
0.000e+00
2.110e-03
0.000e+00
0.000e+00
0.000e+00
0.000e+00
0.000e+00
0.000e+00
0.000e+00
0.000e+00
0.000e+00
2.110e-03
0.000e+00
0.000e+00
2.110e-03
0.000e+00
0.000e+00
0.000e+00
6.329e-03
0.000e+00
0.000e+00
0.000e+00
2.110e-03
0.000e+00
0.000e+00
0.000e+00
0.000e+00
0.000e+00
0.000e+00
0.000e+00
0.000e+00
0.000e+00
0.000e+00
0.000e+00
2.110e-03
0.000e+00
0.000e+00
2.110e-03
0.000e+00
0.000e+00
0.000e+00
0.000e+00
2.110e-03
0.000e+00
0.000e+00
0.000e+00
0.000e+00
2.110e-03
0.000e+00
2.110e-03
2.110e-03
0.000e+00
0.000e+00
0.000e+00
0.000e+00
0.000e+00
0.000e+00
0.000e+00
0.000e+00
0.000e+00
0.000e+00
0.000e+00
0.000e+00
0.000e+00
0.000e+00
0.000e+00
0.000e+00
0.000e+00
0.000e+00
0.000e+00
0.000e+00
0.000e+00
0.000e+00
2.110e-03
0.000e+00
0.000e+00
2.110e-03
0.000e+00
0.000e+00
0.000e+00
0.000e+00
0.000e+00
0.000e+00
0.000e+00
0.000e+00
0.000e+00
0.000e+00
2.110e-03
0.000e+00
0.000e+00
0.000e+00
0.000e+00
2.110e-03
2.110e-03
0.000e+00
2.110e-03
0.000e+00
0.000e+00
0.000e+00
0.000e+00
0.000e+00
0.000e+00
0.000e+00
0.000e+00
0.000e+00
2.110e-03
0.000e+00
0.000e+00
0.000e+00
0.000e+00
0.000e+00
2.110e-03
2.110e-03
0.000e+00
0.000e+00
0.000e+00
0.000e+00
0.000e+00
0.000e+00
0.000e+00
0.000e+00
2.110e-03
0.000e+00
2.110e-03
0.000e+00
0.000e+00
6.329e-03
8.439e-03
2.110e-03
1.055e-02
4.219e-03
6.329e-03
2.110e-03
2.110e-03
0.000e+00
2.110e-03
8.439e-03
3.376e-02
2.110e-02
8.439e-03
4.219e-03
2.110e-03
2.110e-03
0.000e+00
0.000e+00
4.219e-03
2.110e-03
4.219e-03
2.110e-03
4.219e-03
2.110e-03
4.219e-03
6.329e-03
2.110e-03
8.439e-03
1.266e-02
2.532e-02
2.110e-03
6.329e-03
4.219e-03
0.000e+00
6.329e-03
2.110e-03
0.000e+00
4.219e-03
0.000e+00
1.266e-02
1.055e-02
1.055e-02
6.329e-03
6.329e-03
6.329e-03
0.000e+00
4.219e-03
4.219e-03
4.219e-03
2.110e-03
2.110e-03
2.110e-03
0.000e+00
2.110e-03
2.110e-03
6.329e-03
4.219e-03
6.329e-03
4.219e-03
4.219e-03
1.266e-02
8.439e-03
1.266e-02
8.439e-03
8.439e-03
1.477e-02
4.219e-03
4.219e-03
2.110e-03
1.688e-02
1.266e-02
2.110e-03
6.329e-03
8.439e-03
1.055e-02
6.329e-03
1.266e-02
1.266e-02
