1.503e-02
1.206e-02
8.744e-03
7.980e-03
7.301e-03
8.150e-03
8.405e-03
7.811e-03
7.641e-03
7.641e-03
5.773e-03
6.962e-03
7.046e-03
7.556e-03
7.726e-03
6.792e-03
6.877e-03
8.065e-03
9.254e-03
9.169e-03
9.848e-03
9.678e-03
1.061e-02
1.053e-02
8.999e-03
9.678e-03
7.556e-03
6.962e-03
7.216e-03
7.301e-03
7.046e-03
5.943e-03
5.603e-03
6.197e-03
8.914e-03
7.811e-03
7.046e-03
5.858e-03
6.113e-03
4.839e-03
4.584e-03
4.584e-03
3.311e-03
3.311e-03
2.377e-03
1.528e-03
1.613e-03
1.104e-03
1.528e-03
2.038e-03
2.632e-03
2.547e-03
2.122e-03
9.339e-04
1.273e-03
1.273e-03
2.462e-03
2.292e-03
1.868e-03
1.783e-03
2.122e-03
1.783e-03
7.641e-04
8.490e-04
5.094e-04
4.245e-04
2.547e-04
2.547e-04
5.094e-04
2.547e-04
2.547e-04
6.792e-04
6.792e-04
1.358e-03
1.189e-03
2.038e-03
1.273e-03
1.528e-03
2.038e-03
1.613e-03
2.207e-03
1.358e-03
9.339e-04
9.339e-04
5.094e-04
6.792e-04
1.273e-03
5.943e-04
1.868e-03
1.528e-03
2.292e-03
1.953e-03
1.443e-03
1.613e-03
1.868e-03
1.783e-03
2.207e-03
1.358e-03
1.698e-03
1.443e-03
2.122e-03
2.292e-03
1.443e-03
1.613e-03
1.528e-03
1.868e-03
1.953e-03
1.528e-03
1.443e-03
1.528e-03
1.358e-03
1.443e-03
1.358e-03
1.443e-03
1.273e-03
2.377e-03
1.613e-03
2.038e-03
2.207e-03
1.698e-03
1.104e-03
1.698e-03
1.868e-03
1.358e-03
1.698e-03
1.189e-03
1.528e-03
9.339e-04
1.613e-03
1.358e-03
2.462e-03
1.019e-03
1.698e-03
1.698e-03
1.528e-03
1.528e-03
1.528e-03
1.443e-03
1.953e-03
1.528e-03
1.868e-03
1.019e-03
1.528e-03
1.358e-03
1.528e-03
1.698e-03
1.868e-03
1.358e-03
1.613e-03
1.528e-03
1.273e-03
1.358e-03
1.783e-03
1.783e-03
9.339e-04
1.358e-03
1.019e-03
9.339e-04
9.339e-04
1.189e-03
5.943e-04
9.339e-04
8.490e-04
8.490e-04
1.189e-03
4.245e-04
4.245e-04
3.396e-04
5.094e-04
4.245e-04
8.490e-05
5.094e-04
5.094e-04
4.245e-04
3.396e-04
2.547e-04
8.490e-05
2.547e-04
2.547e-04
0.000e+00
4.245e-04
3.396e-04
3.396e-04
2.547e-04
2.547e-04
1.698e-04
5.943e-04
5.943e-04
2.547e-04
4.245e-04
2.547e-04
8.490e-05
4.245e-04
3.396e-04
2.547e-04
1.698e-04
8.490e-04
6.792e-04
7.641e-04
1.443e-03
9.339e-04
1.104e-03
1.273e-03
1.019e-03
7.641e-04
1.019e-03
1.443e-03
1.189e-03
1.613e-03
1.273e-03
2.038e-03
1.698e-03
1.358e-03
1.528e-03
1.358e-03
1.698e-03
1.698e-03
1.273e-03
7.641e-04
1.613e-03
8.490e-04
1.783e-03
1.358e-03
1.528e-03
1.358e-03
1.698e-03
1.273e-03
1.189e-03
2.292e-03
1.443e-03
6.792e-04
2.122e-03
1.698e-03
1.273e-03
2.292e-03
1.528e-03
1.868e-03
1.273e-03
1.783e-03
1.953e-03
2.377e-03
1.953e-03
1.868e-03
9.339e-04
1.273e-03
1.358e-03
1.189e-03
5.943e-04
1.783e-03
1.104e-03
1.613e-03
1.358e-03
1.104e-03
1.443e-03
1.358e-03
1.273e-03
2.207e-03
1.189e-03
1.443e-03
1.783e-03
1.613e-03
2.462e-03
1.613e-03
1.953e-03
2.038e-03
1.783e-03
1.953e-03
2.038e-03
2.122e-03
1.443e-03
1.953e-03
1.443e-03
1.358e-03
6.792e-04
6.792e-04
5.094e-04
7.641e-04
6.792e-04
1.019e-03
4.245e-04
1.358e-03
1.783e-03
1.104e-03
1.189e-03
1.868e-03
1.783e-03
2.802e-03
2.632e-03
1.443e-03
1.104e-03
1.019e-03
5.094e-04
8.490e-04
3.396e-04
2.547e-04
0.000e+00
8.490e-05
8.490e-04
1.019e-03
2.038e-03
2.038e-03
1.953e-03
1.783e-03
1.783e-03
2.377e-03
1.528e-03
8.490e-04
1.528e-03
1.698e-03
3.141e-03
2.717e-03
1.613e-03
7.641e-04
1.019e-03
8.490e-04
1.528e-03
2.122e-03
2.971e-03
5.264e-03
4.669e-03
4.839e-03
5.943e-03
5.094e-03
5.858e-03
6.113e-03
7.046e-03
6.792e-03
5.858e-03
5.688e-03
5.433e-03
5.603e-03
6.197e-03
7.556e-03
5.094e-03
7.216e-03
7.471e-03
6.877e-03
9.508e-03
8.659e-03
9.254e-03
7.556e-03
8.320e-03
8.659e-03
6.962e-03
8.405e-03
6.452e-03
8.490e-03
5.688e-03
8.405e-03
5.518e-03
7.046e-03
7.131e-03
8.065e-03
6.877e-03
6.877e-03
8.490e-03
9.169e-03
1.112e-02
1.019e-02
1.087e-02
