1.180e-01
2.592e-02
1.026e-02
9.238e-03
8.211e-03
8.468e-03
7.698e-03
4.362e-03
7.698e-03
8.211e-03
5.389e-03
7.955e-03
5.902e-03
5.389e-03
8.211e-03
1.052e-02
6.928e-03
4.619e-03
2.823e-03
3.336e-03
3.336e-03
2.566e-03
3.336e-03
3.336e-03
4.106e-03
2.309e-03
2.053e-03
2.823e-03
7.698e-04
1.540e-03
5.132e-04
1.283e-03
0.000e+00
0.000e+00
5.132e-04
2.566e-04
5.132e-04
7.698e-04
2.566e-04
5.132e-04
2.566e-04
0.000e+00
0.000e+00
0.000e+00
2.566e-04
2.566e-04
0.000e+00
0.000e+00
5.132e-04
2.566e-04
2.566e-04
0.000e+00
0.000e+00
0.000e+00
0.000e+00
0.000e+00
0.000e+00
0.000e+00
0.000e+00
0.000e+00
0.000e+00
0.000e+00
0.000e+00
0.000e+00
0.000e+00
0.000e+00
0.000e+00
0.000e+00
0.000e+00
0.000e+00
0.000e+00
0.000e+00
0.000e+00
0.000e+00
0.000e+00
0.000e+00
0.000e+00
0.000e+00
0.000e+00
0.000e+00
0.000e+00
0.000e+00
0.000e+00
0.000e+00
0.000e+00
0.000e+00
0.000e+00
0.000e+00
0.000e+00
0.000e+00
0.000e+00
0.000e+00
0.000e+00
0.000e+00
0.000e+00
0.000e+00
0.000e+00
0.000e+00
0.000e+00
0.000e+00
0.000e+00
0.000e+00
0.000e+00
0.000e+00
0.000e+00
0.000e+00
0.000e+00
0.000e+00
0.000e+00
0.000e+00
0.000e+00
0.000e+00
0.000e+00
0.000e+00
0.000e+00
0.000e+00
0.000e+00
0.000e+00
0.000e+00
0.000e+00
0.000e+00
0.000e+00
0.000e+00
0.000e+00
0.000e+00
0.000e+00
0.000e+00
0.000e+00
0.000e+00
0.000e+00
0.000e+00
0.000e+00
0.000e+00
5.132e-04
5.132e-04
2.566e-04
2.566e-04
0.000e+00
5.132e-04
0.000e+00
2.566e-04
0.000e+00
2.566e-04
2.566e-04
2.566e-04
7.698e-04
7.698e-04
0.000e+00
2.566e-04
7.698e-04
0.000e+00
1.540e-03
2.566e-04
2.309e-03
1.540e-03
4.362e-03
4.362e-03
2.823e-03
3.593e-03
5.132e-03
4.619e-03
5.389e-03
3.849e-03
8.211e-03
1.334e-02
1.001e-02
8.211e-03
5.389e-03
5.389e-03
7.698e-03
5.645e-03
7.442e-03
5.902e-03
7.698e-03
7.698e-03
6.415e-03
8.981e-03
1.001e-02
1.001e-02
3.259e-02
1.062e-01
2.900e-02
1.078e-02
1.078e-02
8.211e-03
6.159e-03
7.698e-03
9.751e-03
7.698e-03
6.415e-03
5.132e-03
8.981e-03
7.185e-03
4.619e-03
8.211e-03
6.159e-03
9.751e-03
5.389e-03
5.645e-03
1.796e-03
3.079e-03
3.079e-03
3.849e-03
3.079e-03
4.106e-03
2.053e-03
5.132e-04
7.698e-04
7.698e-04
1.026e-03
5.132e-04
2.566e-04
7.698e-04
5.132e-04
2.566e-04
7.698e-04
2.566e-04
2.566e-04
5.132e-04
0.000e+00
0.000e+00
2.566e-04
0.000e+00
0.000e+00
0.000e+00
2.566e-04
2.566e-04
5.132e-04
0.000e+00
2.566e-04
0.000e+00
0.000e+00
0.000e+00
0.000e+00
0.000e+00
0.000e+00
2.566e-04
0.000e+00
0.000e+00
0.000e+00
0.000e+00
0.000e+00
0.000e+00
0.000e+00
0.000e+00
0.000e+00
0.000e+00
0.000e+00
0.000e+00
0.000e+00
0.000e+00
0.000e+00
0.000e+00
0.000e+00
0.000e+00
0.000e+00
0.000e+00
0.000e+00
0.000e+00
0.000e+00
0.000e+00
0.000e+00
0.000e+00
0.000e+00
0.000e+00
0.000e+00
0.000e+00
0.000e+00
0.000e+00
0.000e+00
0.000e+00
0.000e+00
0.000e+00
0.000e+00
0.000e+00
0.000e+00
0.000e+00
0.000e+00
0.000e+00
0.000e+00
0.000e+00
0.000e+00
0.000e+00
0.000e+00
0.000e+00
0.000e+00
0.000e+00
0.000e+00
0.000e+00
0.000e+00
0.000e+00
0.000e+00
0.000e+00
0.000e+00
0.000e+00
0.000e+00
0.000e+00
0.000e+00
0.000e+00
0.000e+00
0.000e+00
0.000e+00
0.000e+00
0.000e+00
0.000e+00
0.000e+00
0.000e+00
0.000e+00
0.000e+00
0.000e+00
0.000e+00
0.000e+00
5.132e-04
5.132e-04
0.000e+00
5.132e-04
0.000e+00
0.000e+00
7.698e-04
0.000e+00
0.000e+00
0.000e+00
0.000e+00
5.132e-04
0.000e+00
1.283e-03
5.132e-04
2.566e-04
2.566e-04
2.566e-04
1.283e-03
2.053e-03
2.823e-03
2.566e-03
4.106e-03
3.593e-03
4.106e-03
4.619e-03
4.106e-03
4.362e-03
3.336e-03
3.079e-03
6.415e-03
6.415e-03
1.180e-02
1.001e-02
7.955e-03
4.362e-03
6.159e-03
5.645e-03
7.698e-03
5.389e-03
4.876e-03
7.698e-03
6.672e-03
1.206e-02
7.698e-03
7.185e-03
9.238e-03
2.566e-02
