1.787e-02
1.981e-02
2.271e-02
1.643e-02
9.662e-03
1.304e-02
1.546e-02
1.256e-02
1.449e-02
1.014e-02
7.246e-03
5.314e-03
5.797e-03
6.280e-03
7.246e-03
6.280e-03
1.014e-02
6.763e-03
7.729e-03
1.546e-02
5.797e-03
5.314e-03
7.729e-03
8.696e-03
7.729e-03
4.831e-03
6.280e-03
5.314e-03
4.831e-03
7.729e-03
6.763e-03
3.865e-03
1.063e-02
8.213e-03
1.111e-02
6.280e-03
9.179e-03
1.014e-02
1.111e-02
7.729e-03
8.213e-03
1.014e-02
1.014e-02
1.014e-02
1.498e-02
2.126e-02
2.174e-02
2.077e-02
1.836e-02
4.348e-03
1.932e-03
4.831e-04
0.000e+00
0.000e+00
0.000e+00
0.000e+00
0.000e+00
0.000e+00
0.000e+00
0.000e+00
0.000e+00
0.000e+00
0.000e+00
0.000e+00
0.000e+00
0.000e+00
0.000e+00
0.000e+00
0.000e+00
0.000e+00
0.000e+00
0.000e+00
0.000e+00
0.000e+00
0.000e+00
0.000e+00
0.000e+00
0.000e+00
0.000e+00
0.000e+00
0.000e+00
0.000e+00
0.000e+00
0.000e+00
0.000e+00
0.000e+00
0.000e+00
0.000e+00
0.000e+00
0.000e+00
0.000e+00
0.000e+00
0.000e+00
0.000e+00
0.000e+00
0.000e+00
0.000e+00
0.000e+00
0.000e+00
0.000e+00
0.000e+00
0.000e+00
0.000e+00
0.000e+00
0.000e+00
0.000e+00
0.000e+00
0.000e+00
0.000e+00
0.000e+00
0.000e+00
0.000e+00
0.000e+00
0.000e+00
0.000e+00
0.000e+00
0.000e+00
0.000e+00
0.000e+00
0.000e+00
0.000e+00
0.000e+00
0.000e+00
0.000e+00
0.000e+00
0.000e+00
0.000e+00
0.000e+00
0.000e+00
0.000e+00
0.000e+00
0.000e+00
0.000e+00
0.000e+00
0.000e+00
0.000e+00
0.000e+00
0.000e+00
0.000e+00
0.000e+00
0.000e+00
0.000e+00
0.000e+00
0.000e+00
0.000e+00
0.000e+00
0.000e+00
0.000e+00
0.000e+00
0.000e+00
0.000e+00
0.000e+00
0.000e+00
0.000e+00
0.000e+00
0.000e+00
0.000e+00
0.000e+00
0.000e+00
0.000e+00
0.000e+00
0.000e+00
0.000e+00
0.000e+00
0.000e+00
0.000e+00
0.000e+00
0.000e+00
0.000e+00
0.000e+00
0.000e+00
0.000e+00
0.000e+00
0.000e+00
0.000e+00
0.000e+00
0.000e+00
0.000e+00
0.000e+00
0.000e+00
0.000e+00
0.000e+00
0.000e+00
0.000e+00
0.000e+00
0.000e+00
0.000e+00
0.000e+00
0.000e+00
0.000e+00
0.000e+00
0.000e+00
0.000e+00
0.000e+00
0.000e+00
0.000e+00
0.000e+00
0.000e+00
0.000e+00
0.000e+00
0.000e+00
0.000e+00
0.000e+00
0.000e+00
0.000e+00
0.000e+00
0.000e+00
0.000e+00
0.000e+00
0.000e+00
0.000e+00
0.000e+00
0.000e+00
0.000e+00
0.000e+00
0.000e+00
0.000e+00
0.000e+00
0.000e+00
0.000e+00
0.000e+00
0.000e+00
0.000e+00
0.000e+00
0.000e+00
0.000e+00
0.000e+00
0.000e+00
0.000e+00
0.000e+00
0.000e+00
0.000e+00
0.000e+00
0.000e+00
0.000e+00
0.000e+00
0.000e+00
0.000e+00
0.000e+00
0.000e+00
0.000e+00
0.000e+00
0.000e+00
0.000e+00
0.000e+00
0.000e+00
0.000e+00
0.000e+00
0.000e+00
0.000e+00
0.000e+00
0.000e+00
0.000e+00
0.000e+00
0.000e+00
0.000e+00
0.000e+00
0.000e+00
0.000e+00
0.000e+00
0.000e+00
0.000e+00
0.000e+00
0.000e+00
0.000e+00
0.000e+00
0.000e+00
0.000e+00
0.000e+00
0.000e+00
0.000e+00
0.000e+00
0.000e+00
0.000e+00
0.000e+00
0.000e+00
0.000e+00
0.000e+00
0.000e+00
0.000e+00
0.000e+00
0.000e+00
0.000e+00
0.000e+00
0.000e+00
0.000e+00
0.000e+00
0.000e+00
0.000e+00
0.000e+00
0.000e+00
0.000e+00
0.000e+00
0.000e+00
0.000e+00
0.000e+00
0.000e+00
0.000e+00
0.000e+00
0.000e+00
0.000e+00
4.831e-04
0.000e+00
0.000e+00
0.000e+00
0.000e+00
0.000e+00
4.831e-04
0.000e+00
4.831e-04
4.831e-04
3.382e-03
1.449e-03
4.348e-03
5.797e-03
6.280e-03
7.729e-03
5.314e-03
9.179e-03
4.831e-03
7.246e-03
9.179e-03
1.256e-02
7.246e-03
8.696e-03
9.662e-03
7.729e-03
8.213e-03
9.662e-03
7.729e-03
8.213e-03
6.763e-03
8.213e-03
1.111e-02
8.213e-03
1.063e-02
1.014e-02
9.662e-03
7.246e-03
9.179e-03
9.662e-03
9.179e-03
7.729e-03
1.256e-02
1.063e-02
1.208e-02
8.213e-03
9.662e-03
1.063e-02
1.208e-02
1.449e-02
1.208e-02
1.401e-02
1.256e-02
1.401e-02
1.159e-02
1.401e-02
1.787e-02
1.691e-02
2.029e-02
