6.191e-02
2.852e-02
1.832e-02
1.476e-02
1.207e-02
8.817e-03
8.943e-03
8.317e-03
7.192e-03
7.254e-03
7.066e-03
7.504e-03
7.254e-03
8.255e-03
8.880e-03
9.318e-03
8.943e-03
8.317e-03
7.254e-03
7.629e-03
5.315e-03
6.316e-03
6.441e-03
4.753e-03
5.128e-03
5.441e-03
5.065e-03
4.503e-03
3.815e-03
3.690e-03
3.064e-03
4.252e-03
4.628e-03
6.879e-03
5.816e-03
3.002e-03
2.251e-03
8.755e-04
1.188e-03
1.376e-03
1.126e-03
8.130e-04
5.003e-04
1.001e-03
1.063e-03
1.126e-03
1.001e-03
1.063e-03
1.251e-03
1.626e-03
1.188e-03
1.188e-03
1.001e-03
1.126e-03
2.314e-03
1.626e-03
2.376e-03
3.439e-03
4.440e-03
2.501e-03
1.126e-03
1.376e-03
1.001e-03
3.752e-04
5.628e-04
3.752e-04
6.879e-04
8.130e-04
1.001e-03
1.939e-03
4.315e-03
4.252e-03
1.313e-03
1.063e-03
2.189e-03
1.688e-03
6.254e-04
6.254e-04
1.001e-03
5.003e-04
6.879e-04
5.003e-04
3.752e-04
4.377e-04
4.377e-04
6.879e-04
7.504e-04
5.003e-04
6.879e-04
1.063e-03
9.380e-04
6.254e-04
1.001e-03
7.504e-04
5.003e-04
6.879e-04
8.130e-04
6.879e-04
5.003e-04
7.504e-04
8.130e-04
8.130e-04
5.628e-04
5.003e-04
8.755e-04
1.251e-03
6.879e-04
1.063e-03
1.376e-03
7.504e-04
1.563e-03
1.188e-03
1.251e-03
1.251e-03
1.876e-03
1.688e-03
2.501e-03
2.064e-03
1.939e-03
2.064e-03
1.563e-03
2.439e-03
2.064e-03
1.939e-03
1.814e-03
1.563e-03
2.376e-03
3.002e-03
1.814e-03
2.439e-03
2.939e-03
2.064e-03
3.252e-03
2.752e-03
2.126e-03
1.188e-03
1.563e-03
8.130e-04
1.126e-03
1.438e-03
1.376e-03
1.563e-03
1.501e-03
1.814e-03
1.876e-03
1.688e-03
1.626e-03
6.879e-04
1.563e-03
1.126e-03
1.001e-03
1.376e-03
9.380e-04
1.188e-03
1.001e-03
7.504e-04
1.251e-03
1.251e-03
1.251e-03
1.251e-03
8.755e-04
8.755e-04
6.254e-04
5.003e-04
9.380e-04
8.130e-04
6.254e-04
6.254e-04
8.130e-04
6.879e-04
8.755e-04
7.504e-04
6.879e-04
1.563e-03
8.755e-04
8.130e-04
1.876e-03
1.001e-03
1.376e-03
1.814e-03
3.565e-03
1.376e-03
1.501e-03
2.126e-03
1.063e-03
1.063e-03
1.001e-03
1.001e-03
8.130e-04
6.879e-04
8.755e-04
7.504e-04
8.755e-04
6.254e-04
1.126e-03
6.254e-04
1.188e-03
1.438e-03
1.126e-03
1.063e-03
8.755e-04
1.188e-03
1.001e-03
1.188e-03
1.188e-03
1.376e-03
9.380e-04
9.380e-04
5.628e-04
1.063e-03
1.376e-03
1.063e-03
1.814e-03
1.876e-03
1.313e-03
1.876e-03
1.563e-03
1.063e-03
1.501e-03
1.251e-03
1.501e-03
1.313e-03
1.939e-03
1.313e-03
2.001e-03
2.376e-03
2.752e-03
1.501e-03
1.939e-03
2.126e-03
1.751e-03
2.001e-03
3.002e-03
2.064e-03
2.314e-03
1.626e-03
1.751e-03
2.626e-03
1.751e-03
2.251e-03
2.001e-03
2.314e-03
3.127e-03
2.126e-03
1.688e-03
2.189e-03
2.376e-03
1.876e-03
1.626e-03
1.563e-03
1.501e-03
9.380e-04
9.380e-04
6.254e-04
1.626e-03
1.063e-03
1.001e-03
6.879e-04
6.879e-04
4.377e-04
8.130e-04
1.063e-03
8.755e-04
1.063e-03
5.003e-04
5.003e-04
5.003e-04
9.380e-04
7.504e-04
1.188e-03
6.879e-04
8.130e-04
9.380e-04
7.504e-04
4.377e-04
8.130e-04
5.003e-04
2.501e-04
3.752e-04
5.628e-04
6.879e-04
6.254e-04
5.628e-04
8.755e-04
1.063e-03
1.438e-03
1.751e-03
1.313e-03
2.126e-03
4.127e-03
3.064e-03
1.188e-03
1.001e-03
8.755e-04
5.003e-04
4.377e-04
1.876e-04
5.628e-04
1.063e-03
6.879e-04
2.001e-03
3.127e-03
3.565e-03
3.815e-03
2.439e-03
2.064e-03
2.877e-03
6.254e-04
1.438e-03
1.251e-03
1.001e-03
9.380e-04
1.001e-03
1.001e-03
1.001e-03
8.755e-04
6.879e-04
6.254e-04
5.003e-04
1.188e-03
1.563e-03
1.501e-03
1.438e-03
1.939e-03
2.564e-03
4.127e-03
5.128e-03
7.129e-03
5.128e-03
4.565e-03
3.627e-03
4.127e-03
3.877e-03
3.877e-03
4.565e-03
4.753e-03
6.254e-03
6.066e-03
6.566e-03
5.441e-03
5.878e-03
7.004e-03
8.192e-03
7.942e-03
1.082e-02
1.032e-02
8.380e-03
7.817e-03
7.317e-03
6.504e-03
7.504e-03
7.567e-03
7.504e-03
1.001e-02
1.013e-02
9.505e-03
1.082e-02
1.319e-02
1.901e-02
2.695e-02
