1.448e-01
4.525e-02
2.036e-02
1.923e-02
1.244e-02
2.262e-02
1.244e-02
1.357e-02
1.584e-02
1.018e-02
3.394e-03
1.131e-03
1.131e-03
4.525e-03
5.656e-03
4.525e-03
5.656e-03
2.262e-03
4.525e-03
3.394e-03
3.394e-03
6.787e-03
1.131e-03
1.018e-02
4.525e-03
1.131e-03
2.262e-03
1.131e-03
3.394e-03
5.656e-03
4.525e-03
3.394e-03
2.262e-03
0.000e+00
3.394e-03
6.787e-03
1.131e-03
0.000e+00
2.262e-03
0.000e+00
0.000e+00
2.262e-03
0.000e+00
1.131e-03
1.131e-03
2.262e-03
0.000e+00
0.000e+00
1.131e-03
0.000e+00
1.131e-03
1.131e-03
0.000e+00
1.131e-03
1.131e-03
0.000e+00
4.525e-03
5.656e-03
0.000e+00
1.131e-03
4.525e-03
2.262e-03
0.000e+00
0.000e+00
0.000e+00
1.131e-03
0.000e+00
0.000e+00
0.000e+00
1.131e-03
1.131e-03
2.262e-03
0.000e+00
2.262e-03
1.131e-03
1.131e-03
1.131e-03
1.131e-03
0.000e+00
0.000e+00
1.131e-03
3.394e-03
1.131e-03
0.000e+00
0.000e+00
0.000e+00
0.000e+00
0.000e+00
0.000e+00
1.131e-03
0.000e+00
0.000e+00
2.262e-03
0.000e+00
0.000e+00
2.262e-03
0.000e+00
1.131e-03
0.000e+00
1.131e-03
0.000e+00
1.131e-03
0.000e+00
0.000e+00
2.262e-03
0.000e+00
0.000e+00
0.000e+00
1.131e-03
2.262e-03
3.394e-03
1.131e-03
4.525e-03
0.000e+00
7.919e-03
3.394e-03
2.262e-03
0.000e+00
4.525e-03
2.262e-03
9.050e-03
4.525e-03
2.262e-03
0.000e+00
1.131e-03
1.131e-03
3.394e-03
3.394e-03
4.525e-03
5.656e-03
4.525e-03
0.000e+00
1.131e-03
0.000e+00
0.000e+00
0.000e+00
0.000e+00
0.000e+00
0.000e+00
0.000e+00
1.131e-03
2.262e-03
0.000e+00
0.000e+00
1.131e-03
0.000e+00
0.000e+00
0.000e+00
0.000e+00
2.262e-03
0.000e+00
1.131e-03
0.000e+00
6.787e-03
2.262e-03
0.000e+00
1.131e-03
0.000e+00
1.131e-03
0.000e+00
0.000e+00
0.000e+00
0.000e+00
0.000e+00
1.131e-03
0.000e+00
0.000e+00
0.000e+00
0.000e+00
1.131e-03
1.131e-03
0.000e+00
0.000e+00
0.000e+00
0.000e+00
0.000e+00
0.000e+00
0.000e+00
0.000e+00
3.394e-03
1.131e-03
1.131e-03
0.000e+00
0.000e+00
1.131e-03
1.131e-03
0.000e+00
0.000e+00
0.000e+00
0.000e+00
0.000e+00
1.131e-03
0.000e+00
0.000e+00
0.000e+00
0.000e+00
0.000e+00
0.000e+00
1.131e-03
0.000e+00
0.000e+00
0.000e+00
0.000e+00
0.000e+00
0.000e+00
0.000e+00
4.525e-03
0.000e+00
0.000e+00
0.000e+00
1.131e-03
1.131e-03
0.000e+00
1.131e-03
1.131e-03
0.000e+00
0.000e+00
0.000e+00
1.131e-03
0.000e+00
1.131e-03
0.000e+00
0.000e+00
0.000e+00
0.000e+00
3.394e-03
2.262e-03
2.262e-03
2.262e-03
1.131e-03
1.131e-03
2.262e-03
1.131e-03
2.262e-03
4.525e-03
0.000e+00
1.131e-03
2.262e-03
1.131e-03
3.394e-03
3.394e-03
6.787e-03
9.050e-03
3.394e-03
1.131e-03
7.919e-03
3.394e-03
1.131e-03
4.525e-03
5.656e-03
3.394e-03
0.000e+00
2.262e-03
0.000e+00
0.000e+00
1.131e-03
0.000e+00
1.131e-03
0.000e+00
1.131e-03
2.262e-03
0.000e+00
0.000e+00
1.131e-03
1.131e-03
0.000e+00
1.131e-03
1.131e-03
2.262e-03
0.000e+00
0.000e+00
1.131e-03
0.000e+00
0.000e+00
1.131e-03
0.000e+00
0.000e+00
0.000e+00
0.000e+00
0.000e+00
0.000e+00
0.000e+00
0.000e+00
0.000e+00
1.131e-03
0.000e+00
3.394e-03
2.262e-03
2.262e-03
0.000e+00
1.131e-03
1.131e-03
0.000e+00
0.000e+00
1.131e-03
1.131e-03
0.000e+00
0.000e+00
0.000e+00
2.262e-03
4.525e-03
2.262e-03
2.262e-03
0.000e+00
1.131e-03
0.000e+00
2.262e-03
0.000e+00
2.262e-03
0.000e+00
0.000e+00
1.131e-03
0.000e+00
1.131e-03
2.262e-03
0.000e+00
4.525e-03
2.262e-03
0.000e+00
1.131e-03
1.131e-03
0.000e+00
2.262e-03
0.000e+00
3.394e-03
2.262e-03
2.262e-03
2.262e-03
0.000e+00
3.394e-03
1.131e-03
3.394e-03
2.262e-03
2.262e-03
5.656e-03
2.262e-03
4.525e-03
4.525e-03
2.262e-03
2.262e-03
5.656e-03
2.262e-03
4.525e-03
2.262e-03
2.262e-03
3.394e-03
2.262e-03
5.656e-03
3.394e-03
7.919e-03
5.656e-03
1.244e-02
1.357e-02
9.050e-03
1.697e-02
1.697e-02
1.357e-02
1.923e-02
2.376e-02
4.751e-02
