1.528e-02
9.018e-03
7.599e-03
6.819e-03
4.954e-03
5.817e-03
4.899e-03
4.899e-03
5.121e-03
5.483e-03
4.927e-03
5.762e-03
4.704e-03
4.954e-03
4.481e-03
4.954e-03
4.871e-03
5.706e-03
6.235e-03
6.736e-03
7.098e-03
6.235e-03
6.791e-03
6.986e-03
8.072e-03
7.320e-03
7.793e-03
6.624e-03
7.654e-03
8.628e-03
8.935e-03
9.018e-03
8.712e-03
9.074e-03
9.714e-03
9.964e-03
9.714e-03
9.575e-03
8.740e-03
8.489e-03
6.597e-03
5.400e-03
4.760e-03
3.368e-03
3.674e-03
2.672e-03
2.616e-03
2.895e-03
3.062e-03
1.837e-03
4.370e-03
1.865e-03
2.199e-03
2.589e-03
2.672e-03
3.563e-03
3.702e-03
3.535e-03
2.533e-03
1.587e-03
7.793e-04
3.897e-04
2.505e-04
4.453e-04
6.123e-04
1.086e-03
9.185e-04
2.032e-03
2.060e-03
3.257e-03
2.895e-03
3.173e-03
2.366e-03
2.533e-03
2.227e-03
2.282e-03
1.726e-03
1.197e-03
1.364e-03
1.280e-03
1.336e-03
1.225e-03
1.364e-03
9.742e-04
1.503e-03
1.253e-03
1.420e-03
1.225e-03
1.837e-03
1.447e-03
1.336e-03
1.503e-03
1.503e-03
1.253e-03
1.253e-03
1.141e-03
1.392e-03
1.754e-03
1.280e-03
1.559e-03
1.308e-03
1.225e-03
1.030e-03
1.002e-03
1.169e-03
1.169e-03
1.280e-03
1.113e-03
1.086e-03
1.503e-03
1.113e-03
1.197e-03
1.642e-03
1.559e-03
1.698e-03
1.475e-03
1.809e-03
2.088e-03
1.670e-03
2.115e-03
1.670e-03
2.032e-03
1.475e-03
1.447e-03
1.392e-03
1.670e-03
1.503e-03
1.364e-03
8.072e-04
1.141e-03
1.253e-03
1.141e-03
8.628e-04
1.308e-03
8.907e-04
1.141e-03
1.002e-03
1.308e-03
1.002e-03
9.742e-04
1.169e-03
1.614e-03
1.420e-03
1.253e-03
1.336e-03
1.364e-03
1.420e-03
1.893e-03
1.837e-03
1.587e-03
1.531e-03
1.113e-03
9.185e-04
1.253e-03
1.002e-03
9.742e-04
8.350e-04
1.002e-03
1.002e-03
8.350e-04
1.002e-03
6.680e-04
7.793e-04
6.958e-04
6.680e-04
1.086e-03
5.010e-04
7.793e-04
8.628e-04
6.123e-04
5.010e-04
2.783e-04
7.237e-04
7.515e-04
9.185e-04
5.567e-04
6.958e-04
3.897e-04
7.793e-04
7.515e-04
6.402e-04
7.237e-04
7.515e-04
3.340e-04
4.175e-04
5.845e-04
8.350e-04
2.783e-04
5.288e-04
4.453e-04
3.897e-04
3.618e-04
6.123e-04
8.072e-04
5.288e-04
8.907e-04
9.463e-04
6.123e-04
6.958e-04
8.907e-04
1.113e-03
8.072e-04
1.336e-03
8.350e-04
8.350e-04
1.420e-03
1.225e-03
1.169e-03
1.253e-03
1.086e-03
1.475e-03
1.559e-03
1.392e-03
1.670e-03
1.086e-03
1.113e-03
1.503e-03
1.559e-03
1.197e-03
1.058e-03
1.392e-03
1.169e-03
1.420e-03
1.113e-03
1.197e-03
1.002e-03
1.169e-03
1.503e-03
1.392e-03
1.086e-03
1.113e-03
1.030e-03
9.742e-04
1.280e-03
1.308e-03
1.503e-03
1.893e-03
1.893e-03
1.726e-03
1.559e-03
2.366e-03
2.060e-03
1.809e-03
1.447e-03
1.781e-03
1.948e-03
1.698e-03
1.308e-03
2.115e-03
1.420e-03
1.475e-03
1.781e-03
1.364e-03
1.614e-03
1.559e-03
1.141e-03
8.350e-04
1.225e-03
8.350e-04
1.280e-03
1.392e-03
1.141e-03
1.308e-03
1.642e-03
1.447e-03
1.336e-03
1.197e-03
1.420e-03
1.336e-03
1.614e-03
1.781e-03
1.893e-03
1.447e-03
1.447e-03
1.698e-03
1.141e-03
1.336e-03
1.336e-03
1.253e-03
1.392e-03
1.447e-03
1.253e-03
1.113e-03
1.475e-03
1.865e-03
2.032e-03
2.561e-03
2.505e-03
2.839e-03
3.396e-03
2.811e-03
2.227e-03
3.201e-03
2.672e-03
9.463e-04
9.463e-04
9.742e-04
5.010e-04
3.897e-04
5.288e-04
7.237e-04
1.420e-03
2.561e-03
2.310e-03
3.841e-03
4.843e-03
2.032e-03
3.813e-03
2.422e-03
2.282e-03
2.783e-03
1.253e-03
1.392e-03
1.225e-03
1.837e-03
2.505e-03
2.728e-03
3.368e-03
4.899e-03
5.845e-03
7.933e-03
9.491e-03
1.144e-02
1.105e-02
1.094e-02
1.063e-02
1.033e-02
9.408e-03
8.350e-03
8.183e-03
9.630e-03
8.127e-03
7.265e-03
7.125e-03
9.074e-03
8.072e-03
6.290e-03
6.986e-03
6.847e-03
4.899e-03
5.929e-03
6.513e-03
5.595e-03
5.344e-03
5.121e-03
5.010e-03
4.899e-03
4.843e-03
4.314e-03
4.398e-03
3.758e-03
5.233e-03
4.147e-03
5.038e-03
4.815e-03
6.012e-03
6.040e-03
6.263e-03
6.290e-03
8.044e-03
