1.976e-02
1.745e-02
1.360e-02
1.309e-02
1.078e-02
1.180e-02
9.494e-03
9.751e-03
9.494e-03
8.981e-03
9.494e-03
9.751e-03
8.981e-03
9.238e-03
6.928e-03
7.442e-03
7.185e-03
6.928e-03
5.902e-03
3.593e-03
5.132e-03
3.079e-03
3.336e-03
3.849e-03
2.823e-03
5.132e-03
3.849e-03
2.309e-03
3.849e-03
1.540e-03
2.309e-03
2.053e-03
1.540e-03
2.823e-03
7.698e-04
5.132e-04
1.283e-03
1.283e-03
7.698e-04
5.132e-04
5.132e-04
0.000e+00
0.000e+00
5.132e-04
0.000e+00
2.566e-04
2.566e-04
2.566e-04
2.566e-04
2.566e-04
0.000e+00
2.566e-04
0.000e+00
0.000e+00
0.000e+00
0.000e+00
0.000e+00
0.000e+00
0.000e+00
0.000e+00
0.000e+00
0.000e+00
0.000e+00
0.000e+00
0.000e+00
0.000e+00
0.000e+00
0.000e+00
0.000e+00
0.000e+00
0.000e+00
0.000e+00
0.000e+00
0.000e+00
0.000e+00
0.000e+00
0.000e+00
0.000e+00
0.000e+00
0.000e+00
0.000e+00
0.000e+00
0.000e+00
0.000e+00
0.000e+00
0.000e+00
0.000e+00
0.000e+00
0.000e+00
0.000e+00
0.000e+00
0.000e+00
0.000e+00
0.000e+00
0.000e+00
0.000e+00
0.000e+00
0.000e+00
0.000e+00
0.000e+00
0.000e+00
0.000e+00
0.000e+00
0.000e+00
0.000e+00
0.000e+00
0.000e+00
0.000e+00
0.000e+00
0.000e+00
0.000e+00
0.000e+00
0.000e+00
0.000e+00
0.000e+00
0.000e+00
0.000e+00
0.000e+00
0.000e+00
0.000e+00
0.000e+00
0.000e+00
0.000e+00
0.000e+00
0.000e+00
0.000e+00
0.000e+00
0.000e+00
0.000e+00
0.000e+00
0.000e+00
0.000e+00
0.000e+00
0.000e+00
0.000e+00
2.566e-04
0.000e+00
2.566e-04
5.132e-04
2.566e-04
7.698e-04
0.000e+00
1.026e-03
2.566e-04
0.000e+00
2.053e-03
7.698e-04
1.796e-03
1.540e-03
1.796e-03
2.566e-03
4.619e-03
2.566e-03
3.336e-03
3.079e-03
2.823e-03
4.362e-03
4.619e-03
4.619e-03
4.362e-03
5.132e-03
5.389e-03
7.955e-03
7.185e-03
7.185e-03
6.928e-03
6.159e-03
6.415e-03
8.468e-03
9.238e-03
1.078e-02
8.725e-03
9.494e-03
1.078e-02
1.103e-02
1.591e-02
1.463e-02
1.386e-02
1.540e-02
2.027e-02
2.104e-02
1.565e-02
1.386e-02
1.591e-02
1.257e-02
1.437e-02
9.238e-03
1.155e-02
1.026e-02
1.232e-02
8.725e-03
1.026e-02
6.159e-03
6.415e-03
8.725e-03
8.981e-03
5.389e-03
5.645e-03
3.849e-03
4.106e-03
3.849e-03
3.336e-03
5.132e-03
4.362e-03
3.593e-03
3.336e-03
3.849e-03
3.079e-03
1.540e-03
2.309e-03
1.540e-03
1.796e-03
5.132e-04
7.698e-04
1.283e-03
2.053e-03
0.000e+00
7.698e-04
2.566e-04
2.566e-04
0.000e+00
0.000e+00
2.566e-04
5.132e-04
0.000e+00
5.132e-04
5.132e-04
0.000e+00
0.000e+00
0.000e+00
0.000e+00
0.000e+00
0.000e+00
0.000e+00
0.000e+00
0.000e+00
0.000e+00
0.000e+00
2.566e-04
0.000e+00
0.000e+00
0.000e+00
0.000e+00
0.000e+00
0.000e+00
0.000e+00
0.000e+00
0.000e+00
0.000e+00
0.000e+00
0.000e+00
0.000e+00
0.000e+00
0.000e+00
0.000e+00
0.000e+00
0.000e+00
0.000e+00
0.000e+00
0.000e+00
0.000e+00
0.000e+00
0.000e+00
0.000e+00
0.000e+00
0.000e+00
0.000e+00
0.000e+00
0.000e+00
0.000e+00
0.000e+00
0.000e+00
0.000e+00
0.000e+00
0.000e+00
0.000e+00
0.000e+00
0.000e+00
0.000e+00
0.000e+00
0.000e+00
0.000e+00
0.000e+00
0.000e+00
0.000e+00
0.000e+00
0.000e+00
0.000e+00
0.000e+00
0.000e+00
0.000e+00
0.000e+00
0.000e+00
0.000e+00
0.000e+00
0.000e+00
0.000e+00
0.000e+00
0.000e+00
0.000e+00
0.000e+00
0.000e+00
0.000e+00
0.000e+00
0.000e+00
0.000e+00
0.000e+00
0.000e+00
0.000e+00
0.000e+00
0.000e+00
0.000e+00
2.566e-04
0.000e+00
2.566e-04
5.132e-04
5.132e-04
0.000e+00
2.566e-04
5.132e-04
2.566e-04
5.132e-04
1.026e-03
1.026e-03
1.540e-03
1.283e-03
2.566e-03
2.566e-03
2.309e-03
4.619e-03
4.362e-03
3.079e-03
2.566e-03
3.079e-03
3.079e-03
4.619e-03
3.593e-03
3.079e-03
3.336e-03
4.619e-03
3.336e-03
6.415e-03
7.185e-03
6.672e-03
7.698e-03
6.672e-03
8.981e-03
6.415e-03
8.981e-03
9.238e-03
9.494e-03
1.001e-02
9.494e-03
1.001e-02
1.257e-02
1.309e-02
1.206e-02
1.437e-02
1.463e-02
1.642e-02
