2.388e-02
2.022e-02
1.476e-02
1.045e-02
8.324e-03
6.435e-03
5.697e-03
5.697e-03
4.871e-03
4.251e-03
4.664e-03
5.077e-03
4.871e-03
4.900e-03
4.871e-03
4.989e-03
4.989e-03
4.044e-03
3.749e-03
3.690e-03
3.483e-03
3.218e-03
2.686e-03
2.391e-03
2.450e-03
1.683e-03
1.801e-03
1.476e-03
1.624e-03
1.564e-03
1.889e-03
1.594e-03
2.096e-03
2.037e-03
2.539e-03
1.771e-03
1.948e-03
9.741e-04
7.675e-04
1.328e-03
1.181e-03
1.210e-03
9.151e-04
1.092e-03
1.151e-03
1.063e-03
1.181e-03
1.417e-03
8.560e-04
1.151e-03
1.063e-03
1.564e-03
1.860e-03
2.391e-03
3.306e-03
4.398e-03
4.605e-03
3.631e-03
3.365e-03
3.040e-03
2.421e-03
2.125e-03
2.066e-03
2.125e-03
1.948e-03
1.771e-03
1.210e-03
1.564e-03
1.299e-03
1.742e-03
1.092e-03
1.328e-03
1.476e-03
1.092e-03
1.269e-03
9.741e-04
8.560e-04
9.446e-04
8.856e-04
8.265e-04
5.904e-04
8.560e-04
5.018e-04
4.133e-04
4.428e-04
5.313e-04
6.494e-04
6.494e-04
8.265e-04
6.789e-04
5.904e-04
5.609e-04
5.609e-04
5.018e-04
2.952e-04
4.723e-04
2.952e-04
6.789e-04
5.609e-04
7.380e-04
4.723e-04
6.789e-04
8.856e-04
5.609e-04
9.446e-04
6.494e-04
1.122e-03
1.476e-03
1.181e-03
1.151e-03
1.240e-03
1.358e-03
1.358e-03
1.417e-03
1.683e-03
2.214e-03
1.771e-03
1.742e-03
2.804e-03
2.539e-03
2.804e-03
3.129e-03
3.011e-03
2.834e-03
3.395e-03
2.775e-03
2.539e-03
2.716e-03
2.332e-03
2.243e-03
2.155e-03
1.063e-03
1.358e-03
1.712e-03
1.299e-03
1.299e-03
1.151e-03
1.092e-03
1.210e-03
7.970e-04
1.004e-03
1.092e-03
1.210e-03
1.387e-03
1.771e-03
1.653e-03
1.830e-03
1.801e-03
1.742e-03
1.830e-03
2.037e-03
1.919e-03
1.919e-03
1.771e-03
2.273e-03
1.978e-03
2.066e-03
2.716e-03
2.421e-03
2.775e-03
3.719e-03
3.513e-03
3.070e-03
3.513e-03
3.985e-03
4.398e-03
4.989e-03
4.133e-03
4.693e-03
4.015e-03
4.398e-03
4.162e-03
5.343e-03
5.697e-03
6.494e-03
6.553e-03
8.767e-03
1.145e-02
1.544e-02
1.880e-02
2.040e-02
1.857e-02
1.494e-02
1.125e-02
9.564e-03
7.557e-03
6.642e-03
5.845e-03
5.579e-03
5.638e-03
5.107e-03
4.310e-03
4.251e-03
3.837e-03
4.634e-03
3.985e-03
4.044e-03
3.749e-03
2.863e-03
3.483e-03
3.513e-03
2.804e-03
2.627e-03
2.391e-03
2.421e-03
2.243e-03
2.066e-03
2.007e-03
1.594e-03
1.683e-03
2.391e-03
2.037e-03
1.860e-03
1.801e-03
1.683e-03
1.210e-03
1.328e-03
1.387e-03
1.535e-03
1.210e-03
9.446e-04
1.004e-03
1.181e-03
1.151e-03
1.092e-03
9.151e-04
1.417e-03
1.417e-03
1.151e-03
1.801e-03
1.742e-03
1.919e-03
2.332e-03
2.657e-03
3.513e-03
2.834e-03
2.893e-03
2.627e-03
3.040e-03
2.804e-03
2.804e-03
2.627e-03
2.627e-03
2.243e-03
1.860e-03
1.653e-03
1.830e-03
1.299e-03
1.417e-03
1.328e-03
1.063e-03
1.358e-03
1.358e-03
1.063e-03
8.560e-04
7.970e-04
8.856e-04
9.741e-04
6.494e-04
7.380e-04
7.084e-04
9.741e-04
8.856e-04
3.837e-04
4.133e-04
6.789e-04
5.313e-04
4.723e-04
5.018e-04
3.542e-04
5.609e-04
6.789e-04
5.609e-04
5.904e-04
6.494e-04
5.904e-04
5.609e-04
6.494e-04
4.723e-04
5.609e-04
5.904e-04
7.380e-04
5.904e-04
7.970e-04
6.494e-04
8.560e-04
1.004e-03
1.328e-03
1.151e-03
1.358e-03
1.505e-03
1.417e-03
1.594e-03
1.683e-03
1.358e-03
1.889e-03
1.889e-03
1.860e-03
2.066e-03
2.243e-03
3.040e-03
3.158e-03
3.424e-03
4.162e-03
4.221e-03
4.044e-03
3.483e-03
2.302e-03
1.771e-03
1.387e-03
1.328e-03
1.063e-03
1.240e-03
1.210e-03
1.092e-03
1.151e-03
1.004e-03
1.092e-03
1.181e-03
1.122e-03
1.004e-03
1.328e-03
1.358e-03
1.328e-03
1.860e-03
2.332e-03
2.155e-03
1.830e-03
2.332e-03
1.919e-03
1.889e-03
1.328e-03
1.624e-03
1.948e-03
1.801e-03
2.007e-03
2.273e-03
2.598e-03
2.863e-03
3.158e-03
3.483e-03
4.192e-03
3.985e-03
3.660e-03
4.310e-03
5.166e-03
4.221e-03
5.195e-03
4.930e-03
4.310e-03
4.310e-03
3.365e-03
4.782e-03
5.048e-03
5.609e-03
6.435e-03
7.262e-03
9.830e-03
1.511e-02
1.807e-02
