6.017e-02
4.585e-02
4.585e-02
2.865e-02
2.292e-02
2.292e-02
2.006e-02
3.438e-02
1.146e-02
3.152e-02
1.146e-02
5.731e-03
1.146e-02
5.731e-03
1.433e-02
1.719e-02
1.433e-02
5.731e-03
2.865e-03
5.731e-03
2.865e-03
8.596e-03
2.865e-03
2.865e-03
8.596e-03
2.865e-03
2.865e-03
2.865e-03
2.865e-03
0.000e+00
0.000e+00
2.865e-03
2.865e-03
2.865e-03
0.000e+00
0.000e+00
0.000e+00
2.865e-03
0.000e+00
2.865e-03
5.731e-03
8.596e-03
2.865e-03
8.596e-03
0.000e+00
0.000e+00
0.000e+00
0.000e+00
0.000e+00
2.865e-03
2.865e-03
0.000e+00
0.000e+00
0.000e+00
0.000e+00
0.000e+00
0.000e+00
0.000e+00
0.000e+00
0.000e+00
0.000e+00
0.000e+00
0.000e+00
0.000e+00
0.000e+00
0.000e+00
0.000e+00
0.000e+00
0.000e+00
0.000e+00
0.000e+00
0.000e+00
0.000e+00
0.000e+00
0.000e+00
0.000e+00
0.000e+00
0.000e+00
0.000e+00
0.000e+00
0.000e+00
0.000e+00
0.000e+00
0.000e+00
0.000e+00
0.000e+00
0.000e+00
0.000e+00
0.000e+00
0.000e+00
0.000e+00
0.000e+00
0.000e+00
0.000e+00
0.000e+00
0.000e+00
0.000e+00
0.000e+00
0.000e+00
0.000e+00
0.000e+00
0.000e+00
0.000e+00
2.865e-03
0.000e+00
0.000e+00
0.000e+00
0.000e+00
0.000e+00
0.000e+00
0.000e+00
0.000e+00
0.000e+00
0.000e+00
0.000e+00
0.000e+00
0.000e+00
0.000e+00
0.000e+00
0.000e+00
0.000e+00
0.000e+00
0.000e+00
0.000e+00
0.000e+00
0.000e+00
0.000e+00
0.000e+00
0.000e+00
0.000e+00
0.000e+00
0.000e+00
0.000e+00
0.000e+00
0.000e+00
0.000e+00
0.000e+00
2.865e-03
0.000e+00
0.000e+00
0.000e+00
0.000e+00
0.000e+00
0.000e+00
0.000e+00
0.000e+00
0.000e+00
0.000e+00
0.000e+00
0.000e+00
0.000e+00
0.000e+00
0.000e+00
0.000e+00
0.000e+00
0.000e+00
0.000e+00
0.000e+00
0.000e+00
0.000e+00
0.000e+00
0.000e+00
0.000e+00
0.000e+00
0.000e+00
0.000e+00
0.000e+00
0.000e+00
0.000e+00
5.731e-03
0.000e+00
0.000e+00
0.000e+00
0.000e+00
0.000e+00
0.000e+00
0.000e+00
0.000e+00
0.000e+00
0.000e+00
0.000e+00
0.000e+00
0.000e+00
0.000e+00
0.000e+00
0.000e+00
0.000e+00
0.000e+00
0.000e+00
0.000e+00
0.000e+00
0.000e+00
0.000e+00
0.000e+00
0.000e+00
0.000e+00
0.000e+00
0.000e+00
0.000e+00
0.000e+00
0.000e+00
0.000e+00
0.000e+00
0.000e+00
0.000e+00
2.865e-03
0.000e+00
2.865e-03
2.865e-03
0.000e+00
0.000e+00
2.865e-03
0.000e+00
0.000e+00
0.000e+00
0.000e+00
0.000e+00
0.000e+00
0.000e+00
0.000e+00
0.000e+00
0.000e+00
0.000e+00
2.865e-03
0.000e+00
0.000e+00
0.000e+00
0.000e+00
0.000e+00
0.000e+00
0.000e+00
0.000e+00
0.000e+00
0.000e+00
0.000e+00
0.000e+00
0.000e+00
0.000e+00
0.000e+00
0.000e+00
0.000e+00
0.000e+00
0.000e+00
0.000e+00
0.000e+00
0.000e+00
0.000e+00
0.000e+00
0.000e+00
0.000e+00
0.000e+00
0.000e+00
0.000e+00
0.000e+00
0.000e+00
0.000e+00
0.000e+00
0.000e+00
0.000e+00
0.000e+00
0.000e+00
0.000e+00
0.000e+00
0.000e+00
0.000e+00
0.000e+00
0.000e+00
0.000e+00
0.000e+00
0.000e+00
0.000e+00
0.000e+00
0.000e+00
0.000e+00
0.000e+00
0.000e+00
0.000e+00
0.000e+00
0.000e+00
0.000e+00
0.000e+00
0.000e+00
0.000e+00
0.000e+00
0.000e+00
0.000e+00
0.000e+00
0.000e+00
0.000e+00
2.865e-03
0.000e+00
2.865e-03
0.000e+00
0.000e+00
0.000e+00
0.000e+00
0.000e+00
0.000e+00
0.000e+00
0.000e+00
2.865e-03
0.000e+00
0.000e+00
0.000e+00
0.000e+00
0.000e+00
0.000e+00
0.000e+00
0.000e+00
2.865e-03
2.865e-03
0.000e+00
0.000e+00
0.000e+00
0.000e+00
0.000e+00
2.865e-03
5.731e-03
0.000e+00
0.000e+00
1.146e-02
0.000e+00
2.865e-03
0.000e+00
5.731e-03
0.000e+00
5.731e-03
1.146e-02
0.000e+00
1.719e-02
0.000e+00
5.731e-03
2.865e-03
0.000e+00
5.731e-03
5.731e-03
0.000e+00
2.865e-03
8.596e-03
8.596e-03
0.000e+00
8.596e-03
8.596e-03
2.865e-03
8.596e-03
5.731e-03
1.719e-02
1.433e-02
8.596e-03
1.146e-02
1.146e-02
1.433e-02
1.719e-02
1.146e-02
2.006e-02
2.579e-02
2.292e-02
3.438e-02
4.011e-02
7.163e-02
