4.495e-02
2.100e-02
1.409e-02
1.132e-02
1.021e-02
7.852e-03
7.491e-03
7.075e-03
7.019e-03
6.242e-03
6.770e-03
6.104e-03
5.632e-03
6.104e-03
7.408e-03
7.241e-03
6.770e-03
6.242e-03
6.048e-03
6.131e-03
4.605e-03
4.966e-03
5.160e-03
4.605e-03
4.467e-03
4.078e-03
4.162e-03
3.967e-03
3.634e-03
3.745e-03
3.967e-03
3.801e-03
4.106e-03
5.466e-03
5.355e-03
3.884e-03
3.468e-03
2.497e-03
2.552e-03
2.913e-03
2.192e-03
2.164e-03
1.637e-03
2.053e-03
2.136e-03
2.636e-03
1.748e-03
2.220e-03
2.386e-03
2.719e-03
2.580e-03
2.691e-03
3.024e-03
3.385e-03
3.634e-03
2.552e-03
3.579e-03
3.967e-03
4.938e-03
3.274e-03
2.580e-03
2.330e-03
1.831e-03
1.054e-03
1.054e-03
8.601e-04
1.165e-03
1.276e-03
1.110e-03
1.637e-03
2.802e-03
3.135e-03
2.220e-03
1.193e-03
1.887e-03
1.665e-03
9.155e-04
8.878e-04
1.054e-03
9.155e-04
7.768e-04
6.381e-04
6.381e-04
5.549e-04
6.104e-04
8.323e-04
9.988e-04
6.936e-04
8.601e-04
1.332e-03
9.988e-04
9.433e-04
1.110e-03
9.155e-04
7.768e-04
8.046e-04
1.027e-03
9.155e-04
7.213e-04
9.433e-04
1.137e-03
7.491e-04
9.155e-04
8.046e-04
8.878e-04
1.304e-03
1.221e-03
1.276e-03
1.332e-03
1.332e-03
1.637e-03
1.970e-03
1.887e-03
1.498e-03
1.914e-03
1.831e-03
2.414e-03
2.608e-03
2.164e-03
2.220e-03
1.998e-03
2.663e-03
2.608e-03
2.330e-03
1.887e-03
1.692e-03
2.247e-03
2.358e-03
1.720e-03
1.887e-03
2.136e-03
1.887e-03
2.608e-03
1.720e-03
1.637e-03
1.137e-03
1.082e-03
9.988e-04
1.110e-03
1.248e-03
1.332e-03
1.304e-03
1.470e-03
1.276e-03
1.581e-03
1.359e-03
1.554e-03
9.710e-04
1.720e-03
1.498e-03
1.415e-03
1.831e-03
1.526e-03
1.581e-03
1.248e-03
1.276e-03
2.247e-03
1.970e-03
1.526e-03
1.665e-03
1.332e-03
1.581e-03
1.221e-03
1.054e-03
1.692e-03
1.831e-03
2.192e-03
1.359e-03
1.221e-03
1.276e-03
1.581e-03
1.665e-03
1.637e-03
1.859e-03
1.692e-03
1.776e-03
2.192e-03
2.386e-03
3.107e-03
3.218e-03
4.495e-03
2.885e-03
2.858e-03
2.858e-03
2.469e-03
1.803e-03
1.720e-03
1.470e-03
1.609e-03
1.387e-03
1.332e-03
1.415e-03
1.387e-03
1.443e-03
2.247e-03
1.470e-03
1.609e-03
1.415e-03
1.137e-03
1.443e-03
1.776e-03
1.193e-03
1.359e-03
1.692e-03
1.859e-03
1.609e-03
1.415e-03
1.332e-03
1.165e-03
1.443e-03
1.498e-03
1.443e-03
1.581e-03
1.526e-03
1.498e-03
1.665e-03
1.609e-03
1.359e-03
1.443e-03
1.248e-03
1.027e-03
9.433e-04
1.248e-03
1.193e-03
1.637e-03
1.776e-03
1.831e-03
1.193e-03
1.637e-03
1.887e-03
1.665e-03
1.803e-03
1.942e-03
1.998e-03
2.136e-03
1.526e-03
2.081e-03
2.525e-03
2.192e-03
2.247e-03
2.053e-03
2.525e-03
2.774e-03
2.164e-03
2.247e-03
2.414e-03
2.164e-03
2.414e-03
1.859e-03
2.081e-03
1.720e-03
1.054e-03
1.193e-03
1.054e-03
1.276e-03
1.137e-03
9.155e-04
8.601e-04
9.155e-04
6.381e-04
6.104e-04
1.165e-03
1.276e-03
1.110e-03
8.323e-04
9.710e-04
8.601e-04
9.988e-04
9.433e-04
1.193e-03
9.433e-04
8.046e-04
1.054e-03
8.601e-04
8.323e-04
8.878e-04
6.659e-04
5.271e-04
4.439e-04
6.381e-04
7.491e-04
6.659e-04
8.601e-04
1.027e-03
1.137e-03
1.276e-03
1.526e-03
1.332e-03
1.665e-03
2.386e-03
2.220e-03
1.276e-03
1.554e-03
1.332e-03
1.054e-03
1.027e-03
9.988e-04
1.137e-03
2.192e-03
2.081e-03
2.136e-03
3.191e-03
4.162e-03
4.023e-03
3.274e-03
3.468e-03
4.106e-03
2.941e-03
3.024e-03
2.552e-03
2.497e-03
2.275e-03
2.747e-03
2.275e-03
2.220e-03
1.887e-03
2.136e-03
2.081e-03
1.581e-03
2.303e-03
2.247e-03
2.830e-03
2.608e-03
2.858e-03
2.996e-03
4.245e-03
6.020e-03
5.410e-03
4.467e-03
3.967e-03
4.078e-03
3.690e-03
4.023e-03
3.551e-03
3.912e-03
3.912e-03
4.689e-03
5.327e-03
5.327e-03
4.966e-03
4.522e-03
5.771e-03
6.492e-03
6.048e-03
7.685e-03
7.796e-03
6.991e-03
6.353e-03
6.270e-03
5.965e-03
6.020e-03
6.714e-03
6.492e-03
7.852e-03
7.935e-03
7.852e-03
8.712e-03
1.093e-02
1.468e-02
2.014e-02
