5.099e-02
2.881e-02
1.829e-02
7.931e-03
5.827e-03
4.532e-03
4.694e-03
4.047e-03
5.018e-03
4.694e-03
3.237e-03
3.399e-03
4.694e-03
5.989e-03
5.018e-03
5.180e-03
3.075e-03
3.723e-03
4.370e-03
4.047e-03
3.075e-03
3.237e-03
3.723e-03
3.399e-03
2.104e-03
1.942e-03
1.457e-03
2.266e-03
2.752e-03
5.180e-03
2.752e-03
4.532e-03
1.781e-03
2.104e-03
1.781e-03
1.457e-03
2.104e-03
2.752e-03
1.619e-03
1.295e-03
1.619e-03
1.457e-03
1.781e-03
2.590e-03
1.295e-03
1.942e-03
1.619e-03
1.619e-03
1.781e-03
1.295e-03
8.093e-04
6.475e-04
1.133e-03
6.475e-04
4.856e-04
6.475e-04
8.093e-04
8.093e-04
1.133e-03
3.237e-04
4.856e-04
3.237e-04
4.856e-04
8.093e-04
6.475e-04
4.856e-04
9.712e-04
8.093e-04
6.475e-04
8.093e-04
0.000e+00
4.856e-04
1.295e-03
8.093e-04
1.133e-03
4.856e-04
3.237e-04
4.856e-04
1.619e-04
1.619e-04
0.000e+00
8.093e-04
3.237e-04
1.619e-04
4.856e-04
1.457e-03
8.093e-04
4.856e-04
0.000e+00
3.237e-04
1.619e-04
0.000e+00
0.000e+00
1.619e-04
6.475e-04
3.723e-03
1.133e-03
0.000e+00
1.619e-04
8.093e-04
8.093e-04
3.237e-04
4.856e-04
3.237e-04
1.619e-04
4.856e-04
4.856e-04
6.475e-04
4.856e-04
6.475e-04
6.475e-04
8.093e-04
3.237e-04
4.856e-04
4.856e-04
3.237e-04
3.237e-04
3.237e-04
3.237e-04
4.856e-04
6.475e-04
9.712e-04
8.093e-04
6.475e-04
6.475e-04
1.133e-03
4.856e-04
9.712e-04
6.475e-04
2.104e-03
1.295e-03
2.104e-03
1.133e-03
1.457e-03
9.712e-04
8.093e-04
2.104e-03
2.266e-03
1.942e-03
1.781e-03
2.266e-03
2.428e-03
1.781e-03
2.914e-03
1.457e-03
1.619e-03
1.295e-03
2.590e-03
1.781e-03
2.914e-03
2.590e-03
2.428e-03
2.590e-03
3.399e-03
5.018e-03
4.370e-03
2.914e-03
1.942e-03
2.752e-03
1.942e-03
2.590e-03
4.370e-03
4.208e-03
4.370e-03
5.342e-03
3.723e-03
2.590e-03
3.885e-03
4.532e-03
4.532e-03
4.694e-03
4.370e-03
5.665e-03
4.208e-03
8.579e-03
7.931e-03
9.550e-03
1.408e-02
1.700e-02
2.428e-02
4.613e-02
2.298e-02
1.651e-02
1.020e-02
1.036e-02
6.960e-03
7.770e-03
4.532e-03
5.018e-03
5.665e-03
5.180e-03
3.885e-03
4.047e-03
3.723e-03
4.370e-03
3.561e-03
3.237e-03
6.151e-03
2.428e-03
3.399e-03
3.399e-03
3.561e-03
2.266e-03
2.590e-03
3.075e-03
2.590e-03
5.018e-03
3.237e-03
4.370e-03
3.723e-03
1.942e-03
3.075e-03
1.942e-03
1.942e-03
1.457e-03
1.942e-03
1.295e-03
3.075e-03
1.781e-03
1.295e-03
1.133e-03
1.295e-03
2.590e-03
2.104e-03
9.712e-04
1.619e-03
1.295e-03
1.295e-03
4.856e-04
1.133e-03
4.856e-04
9.712e-04
8.093e-04
1.133e-03
6.475e-04
8.093e-04
4.856e-04
1.619e-03
1.619e-04
3.237e-04
1.457e-03
3.237e-04
8.093e-04
3.237e-04
4.856e-04
1.295e-03
6.475e-04
0.000e+00
4.856e-04
4.856e-04
4.856e-04
9.712e-04
1.133e-03
6.475e-04
4.856e-04
1.619e-04
1.619e-04
3.237e-04
6.475e-04
3.237e-04
4.856e-04
4.856e-04
0.000e+00
1.619e-04
4.856e-04
1.295e-03
1.133e-03
3.237e-04
1.619e-04
0.000e+00
0.000e+00
4.856e-04
0.000e+00
0.000e+00
1.619e-04
2.590e-03
2.752e-03
1.619e-04
1.619e-04
1.619e-04
8.093e-04
6.475e-04
3.237e-04
4.856e-04
1.619e-04
4.856e-04
4.856e-04
1.295e-03
8.093e-04
1.619e-04
8.093e-04
4.856e-04
4.856e-04
8.093e-04
3.237e-04
6.475e-04
3.237e-04
1.619e-04
4.856e-04
1.295e-03
8.093e-04
4.856e-04
8.093e-04
4.856e-04
3.237e-04
4.856e-04
1.619e-03
1.133e-03
1.457e-03
9.712e-04
1.457e-03
9.712e-04
1.619e-03
2.752e-03
1.781e-03
2.104e-03
1.295e-03
9.712e-04
2.752e-03
1.942e-03
2.428e-03
1.619e-03
1.781e-03
2.752e-03
2.590e-03
1.619e-03
1.295e-03
2.266e-03
2.914e-03
2.752e-03
1.781e-03
3.399e-03
3.723e-03
2.914e-03
1.457e-03
2.590e-03
2.914e-03
4.047e-03
3.237e-03
2.914e-03
3.237e-03
3.561e-03
3.885e-03
2.914e-03
3.237e-03
4.208e-03
5.827e-03
2.914e-03
5.503e-03
4.694e-03
3.075e-03
5.665e-03
6.475e-03
4.532e-03
4.856e-03
4.532e-03
7.446e-03
9.226e-03
1.829e-02
3.092e-02
