7.853e-03
1.005e-02
7.696e-03
5.811e-03
5.340e-03
6.125e-03
7.068e-03
6.754e-03
5.968e-03
8.324e-03
5.811e-03
7.382e-03
5.654e-03
6.597e-03
6.282e-03
7.382e-03
6.439e-03
6.125e-03
7.382e-03
6.282e-03
7.382e-03
5.811e-03
6.439e-03
5.340e-03
5.340e-03
5.340e-03
3.769e-03
4.555e-03
4.241e-03
3.612e-03
3.141e-03
3.141e-03
3.455e-03
1.885e-03
2.827e-03
2.670e-03
2.042e-03
2.670e-03
1.885e-03
2.356e-03
2.984e-03
2.827e-03
1.885e-03
2.513e-03
2.042e-03
3.612e-03
4.555e-03
4.869e-03
4.398e-03
4.712e-03
5.497e-03
7.382e-03
8.952e-03
8.481e-03
1.068e-02
8.481e-03
1.272e-02
1.445e-02
9.424e-03
1.037e-02
6.597e-03
4.398e-03
4.712e-03
4.555e-03
3.141e-03
2.670e-03
1.571e-03
1.728e-03
1.571e-03
1.414e-03
2.356e-03
1.256e-03
1.414e-03
1.099e-03
3.141e-04
7.853e-04
7.853e-04
7.853e-04
6.282e-04
6.282e-04
4.712e-04
7.853e-04
4.712e-04
4.712e-04
7.853e-04
3.141e-04
7.853e-04
9.424e-04
4.712e-04
0.000e+00
6.282e-04
6.282e-04
3.141e-04
1.571e-04
4.712e-04
3.141e-04
9.424e-04
1.256e-03
1.571e-04
4.712e-04
4.712e-04
6.282e-04
7.853e-04
3.141e-04
1.099e-03
7.853e-04
4.712e-04
1.414e-03
1.885e-03
4.712e-04
3.141e-04
1.099e-03
9.424e-04
7.853e-04
1.099e-03
7.853e-04
1.256e-03
1.414e-03
1.256e-03
7.853e-04
4.712e-04
1.571e-04
6.282e-04
7.853e-04
1.571e-04
1.099e-03
7.853e-04
9.424e-04
4.712e-04
1.728e-03
1.099e-03
1.728e-03
7.853e-04
1.414e-03
4.712e-04
1.099e-03
6.282e-04
9.424e-04
1.256e-03
1.099e-03
1.885e-03
1.728e-03
1.256e-03
1.256e-03
2.670e-03
1.099e-03
2.042e-03
2.199e-03
1.885e-03
1.256e-03
2.984e-03
2.827e-03
1.256e-03
1.571e-03
1.099e-03
1.414e-03
1.885e-03
1.571e-03
1.256e-03
2.827e-03
1.571e-03
1.885e-03
1.885e-03
2.042e-03
1.571e-03
1.885e-03
2.042e-03
3.298e-03
2.984e-03
2.199e-03
6.282e-04
2.356e-03
1.414e-03
1.256e-03
1.414e-03
2.670e-03
2.199e-03
2.670e-03
1.728e-03
1.885e-03
1.885e-03
1.728e-03
3.141e-03
2.199e-03
1.885e-03
1.885e-03
1.256e-03
2.670e-03
1.571e-03
2.356e-03
2.042e-03
1.414e-03
3.298e-03
2.670e-03
2.513e-03
1.885e-03
1.571e-03
1.414e-03
1.099e-03
1.885e-03
1.414e-03
1.256e-03
1.728e-03
1.885e-03
1.414e-03
1.885e-03
1.728e-03
1.256e-03
1.728e-03
2.042e-03
2.042e-03
1.571e-03
2.199e-03
1.571e-03
9.424e-04
9.424e-04
1.256e-03
9.424e-04
1.414e-03
1.571e-03
1.099e-03
1.099e-03
4.712e-04
6.282e-04
6.282e-04
1.414e-03
1.256e-03
6.282e-04
7.853e-04
7.853e-04
6.282e-04
0.000e+00
7.853e-04
7.853e-04
6.282e-04
1.099e-03
4.712e-04
7.853e-04
6.282e-04
4.712e-04
6.282e-04
1.099e-03
7.853e-04
1.099e-03
4.712e-04
1.414e-03
4.712e-04
1.099e-03
7.853e-04
1.414e-03
1.414e-03
3.141e-04
1.256e-03
7.853e-04
4.712e-04
9.424e-04
1.099e-03
4.712e-04
6.282e-04
1.099e-03
6.282e-04
6.282e-04
7.853e-04
1.414e-03
1.099e-03
4.712e-04
4.712e-04
1.414e-03
7.853e-04
1.256e-03
3.141e-04
6.282e-04
4.712e-04
6.282e-04
1.414e-03
4.712e-04
3.141e-04
4.712e-04
1.256e-03
6.282e-04
7.853e-04
3.141e-04
7.853e-04
4.712e-04
7.853e-04
6.282e-04
4.712e-04
1.728e-03
2.042e-03
1.099e-03
1.571e-03
1.414e-03
1.885e-03
1.414e-03
1.571e-03
1.571e-03
1.885e-03
3.926e-03
3.926e-03
3.769e-03
8.952e-03
1.005e-02
1.147e-02
1.178e-02
1.084e-02
1.099e-02
1.225e-02
8.952e-03
7.696e-03
7.696e-03
7.696e-03
4.869e-03
3.769e-03
4.241e-03
3.926e-03
2.827e-03
1.885e-03
3.298e-03
3.141e-03
2.042e-03
2.984e-03
2.199e-03
3.612e-03
3.141e-03
2.827e-03
3.612e-03
3.612e-03
3.455e-03
1.571e-03
2.199e-03
3.612e-03
1.885e-03
3.141e-03
3.455e-03
3.926e-03
3.926e-03
3.612e-03
3.141e-03
5.340e-03
4.084e-03
5.811e-03
4.241e-03
5.497e-03
5.340e-03
7.068e-03
8.638e-03
6.911e-03
6.911e-03
6.597e-03
7.225e-03
6.439e-03
6.754e-03
8.481e-03
6.754e-03
5.968e-03
7.068e-03
5.497e-03
8.638e-03
7.696e-03
7.539e-03
