6.239e-02
6.177e-02
4.404e-02
3.425e-02
2.385e-02
1.713e-02
1.529e-02
9.786e-03
7.339e-03
9.786e-03
8.563e-03
9.174e-03
9.786e-03
6.728e-03
9.174e-03
5.505e-03
4.893e-03
4.281e-03
4.893e-03
4.281e-03
4.893e-03
3.058e-03
8.563e-03
4.893e-03
6.728e-03
4.893e-03
7.951e-03
4.893e-03
2.446e-03
3.670e-03
5.505e-03
7.951e-03
5.505e-03
5.505e-03
4.893e-03
2.446e-03
7.339e-03
4.893e-03
3.670e-03
3.670e-03
3.670e-03
4.281e-03
4.281e-03
2.446e-03
1.835e-03
3.058e-03
1.223e-03
1.223e-03
6.116e-04
1.223e-03
3.058e-03
1.040e-02
1.529e-02
9.786e-03
6.728e-03
5.505e-03
4.893e-03
4.281e-03
6.728e-03
6.728e-03
4.281e-03
1.223e-03
0.000e+00
0.000e+00
6.116e-04
0.000e+00
6.116e-04
0.000e+00
0.000e+00
0.000e+00
6.116e-04
6.116e-04
0.000e+00
0.000e+00
0.000e+00
0.000e+00
0.000e+00
0.000e+00
0.000e+00
0.000e+00
0.000e+00
0.000e+00
0.000e+00
0.000e+00
0.000e+00
0.000e+00
0.000e+00
0.000e+00
0.000e+00
0.000e+00
0.000e+00
0.000e+00
0.000e+00
0.000e+00
0.000e+00
0.000e+00
0.000e+00
0.000e+00
0.000e+00
0.000e+00
0.000e+00
0.000e+00
0.000e+00
0.000e+00
0.000e+00
0.000e+00
0.000e+00
0.000e+00
0.000e+00
0.000e+00
0.000e+00
0.000e+00
0.000e+00
0.000e+00
0.000e+00
0.000e+00
0.000e+00
0.000e+00
0.000e+00
0.000e+00
0.000e+00
0.000e+00
0.000e+00
0.000e+00
0.000e+00
0.000e+00
0.000e+00
0.000e+00
0.000e+00
0.000e+00
0.000e+00
0.000e+00
0.000e+00
0.000e+00
0.000e+00
0.000e+00
0.000e+00
0.000e+00
0.000e+00
0.000e+00
0.000e+00
0.000e+00
0.000e+00
0.000e+00
0.000e+00
0.000e+00
0.000e+00
0.000e+00
0.000e+00
0.000e+00
0.000e+00
0.000e+00
0.000e+00
0.000e+00
0.000e+00
0.000e+00
0.000e+00
0.000e+00
0.000e+00
0.000e+00
0.000e+00
0.000e+00
0.000e+00
0.000e+00
0.000e+00
0.000e+00
0.000e+00
0.000e+00
0.000e+00
0.000e+00
0.000e+00
0.000e+00
0.000e+00
0.000e+00
0.000e+00
0.000e+00
0.000e+00
0.000e+00
0.000e+00
0.000e+00
0.000e+00
0.000e+00
0.000e+00
0.000e+00
0.000e+00
0.000e+00
0.000e+00
0.000e+00
0.000e+00
0.000e+00
0.000e+00
0.000e+00
0.000e+00
0.000e+00
0.000e+00
0.000e+00
0.000e+00
0.000e+00
0.000e+00
0.000e+00
0.000e+00
0.000e+00
0.000e+00
0.000e+00
0.000e+00
0.000e+00
0.000e+00
0.000e+00
0.000e+00
0.000e+00
0.000e+00
0.000e+00
0.000e+00
0.000e+00
0.000e+00
0.000e+00
0.000e+00
0.000e+00
0.000e+00
0.000e+00
0.000e+00
0.000e+00
0.000e+00
0.000e+00
0.000e+00
0.000e+00
0.000e+00
0.000e+00
0.000e+00
0.000e+00
0.000e+00
0.000e+00
0.000e+00
0.000e+00
0.000e+00
0.000e+00
0.000e+00
0.000e+00
0.000e+00
0.000e+00
0.000e+00
0.000e+00
0.000e+00
0.000e+00
0.000e+00
0.000e+00
0.000e+00
0.000e+00
0.000e+00
0.000e+00
0.000e+00
0.000e+00
0.000e+00
0.000e+00
0.000e+00
0.000e+00
0.000e+00
0.000e+00
0.000e+00
0.000e+00
0.000e+00
0.000e+00
0.000e+00
0.000e+00
0.000e+00
0.000e+00
0.000e+00
0.000e+00
0.000e+00
0.000e+00
0.000e+00
0.000e+00
0.000e+00
0.000e+00
0.000e+00
0.000e+00
0.000e+00
0.000e+00
0.000e+00
0.000e+00
0.000e+00
0.000e+00
0.000e+00
0.000e+00
0.000e+00
0.000e+00
0.000e+00
0.000e+00
0.000e+00
0.000e+00
0.000e+00
0.000e+00
0.000e+00
0.000e+00
0.000e+00
0.000e+00
0.000e+00
0.000e+00
6.116e-04
2.446e-03
2.446e-03
6.116e-03
5.505e-03
6.116e-03
4.281e-03
3.670e-03
5.505e-03
7.951e-03
9.786e-03
5.505e-03
4.281e-03
0.000e+00
1.835e-03
2.446e-03
1.835e-03
4.893e-03
3.670e-03
3.670e-03
3.670e-03
1.223e-03
4.281e-03
1.835e-03
6.728e-03
4.893e-03
4.281e-03
9.174e-03
8.563e-03
5.505e-03
5.505e-03
6.728e-03
8.563e-03
6.728e-03
5.505e-03
4.893e-03
4.281e-03
4.893e-03
7.951e-03
5.505e-03
5.505e-03
9.174e-03
6.728e-03
3.058e-03
6.116e-03
1.835e-03
5.505e-03
3.058e-03
4.893e-03
9.174e-03
5.505e-03
8.563e-03
7.339e-03
4.281e-03
8.563e-03
1.284e-02
8.563e-03
1.774e-02
1.957e-02
3.058e-02
2.691e-02
3.976e-02
