1.698e-02
8.650e-03
9.297e-03
1.011e-02
6.952e-03
8.488e-03
8.165e-03
6.144e-03
8.731e-03
9.054e-03
7.842e-03
8.327e-03
7.437e-03
8.327e-03
7.033e-03
7.680e-03
8.327e-03
8.892e-03
7.195e-03
6.952e-03
7.195e-03
6.710e-03
7.033e-03
6.871e-03
5.093e-03
4.850e-03
5.174e-03
4.446e-03
4.608e-03
4.608e-03
4.608e-03
3.800e-03
5.578e-03
5.982e-03
4.204e-03
4.931e-03
3.880e-03
6.306e-03
4.123e-03
3.719e-03
5.497e-03
4.608e-03
4.365e-03
4.285e-03
3.395e-03
3.638e-03
1.132e-03
1.455e-03
1.213e-03
9.701e-04
1.374e-03
8.084e-04
5.659e-04
1.051e-03
1.132e-03
9.701e-04
1.859e-03
1.132e-03
1.213e-03
8.084e-04
8.084e-05
3.234e-04
3.234e-04
4.042e-04
1.051e-03
7.276e-04
6.467e-04
9.701e-04
5.659e-04
7.276e-04
8.084e-04
4.850e-04
6.467e-04
3.234e-04
4.850e-04
9.701e-04
1.213e-03
1.051e-03
1.455e-03
1.213e-03
1.778e-03
2.668e-03
2.183e-03
1.536e-03
8.084e-04
1.132e-03
1.293e-03
2.102e-03
1.536e-03
1.132e-03
1.536e-03
1.698e-03
1.132e-03
1.051e-03
1.455e-03
1.617e-03
1.617e-03
1.213e-03
1.213e-03
1.536e-03
1.293e-03
1.455e-03
2.344e-03
1.698e-03
9.701e-04
2.344e-03
1.778e-03
1.455e-03
1.455e-03
1.778e-03
2.587e-03
1.617e-03
2.264e-03
1.617e-03
2.910e-03
9.701e-04
2.749e-03
3.314e-03
3.719e-03
2.425e-03
2.344e-03
1.617e-03
2.264e-03
1.698e-03
1.293e-03
1.132e-03
1.778e-03
1.940e-03
9.701e-04
1.536e-03
1.859e-03
1.859e-03
1.859e-03
1.132e-03
1.859e-03
2.183e-03
1.859e-03
1.536e-03
1.940e-03
2.264e-03
1.617e-03
2.264e-03
2.102e-03
1.859e-03
1.455e-03
2.910e-03
1.859e-03
1.455e-03
1.536e-03
2.102e-03
2.425e-03
1.940e-03
2.749e-03
1.859e-03
1.213e-03
2.344e-03
2.668e-03
2.991e-03
2.264e-03
2.264e-03
2.183e-03
1.859e-03
2.829e-03
2.587e-03
1.940e-03
2.506e-03
1.536e-03
3.153e-03
2.102e-03
2.102e-03
1.213e-03
1.617e-03
1.051e-03
1.293e-03
1.374e-03
1.213e-03
1.213e-03
7.276e-04
9.701e-04
1.617e-03
1.051e-03
9.701e-04
1.213e-03
1.374e-03
1.374e-03
1.859e-03
1.374e-03
1.940e-03
1.536e-03
1.293e-03
1.617e-03
1.293e-03
2.021e-03
2.264e-03
2.991e-03
2.102e-03
2.344e-03
2.102e-03
2.668e-03
1.698e-03
2.021e-03
1.617e-03
1.617e-03
2.264e-03
2.425e-03
1.617e-03
1.617e-03
2.506e-03
2.587e-03
2.102e-03
1.940e-03
2.425e-03
1.455e-03
1.778e-03
2.344e-03
1.940e-03
2.021e-03
1.617e-03
1.536e-03
2.264e-03
1.617e-03
2.102e-03
1.455e-03
1.374e-03
1.536e-03
8.084e-04
9.701e-04
1.213e-03
2.425e-03
1.293e-03
1.293e-03
1.536e-03
1.455e-03
1.132e-03
1.698e-03
1.617e-03
1.778e-03
1.778e-03
1.213e-03
2.021e-03
1.778e-03
2.264e-03
2.183e-03
2.910e-03
1.698e-03
1.940e-03
1.698e-03
8.892e-04
2.021e-03
1.455e-03
2.021e-03
1.940e-03
1.778e-03
2.102e-03
2.344e-03
1.859e-03
1.940e-03
2.749e-03
1.859e-03
1.617e-03
1.536e-03
1.940e-03
1.051e-03
1.940e-03
1.778e-03
1.778e-03
1.536e-03
7.276e-04
1.617e-03
1.374e-03
1.293e-03
1.536e-03
1.778e-03
2.021e-03
2.668e-03
1.536e-03
1.132e-03
8.084e-04
1.859e-03
4.042e-04
9.701e-04
1.536e-03
1.617e-03
1.213e-03
9.701e-04
9.701e-04
8.084e-04
1.617e-03
4.850e-04
2.425e-04
5.659e-04
8.892e-04
6.467e-04
3.234e-04
8.892e-04
3.234e-04
7.276e-04
1.132e-03
3.234e-04
4.850e-04
2.425e-04
1.051e-03
5.659e-04
1.132e-03
1.455e-03
2.021e-03
1.536e-03
1.051e-03
9.701e-04
8.892e-04
8.892e-04
1.374e-03
1.374e-03
1.132e-03
2.102e-03
2.749e-03
2.749e-03
4.527e-03
5.012e-03
3.638e-03
5.174e-03
5.255e-03
3.961e-03
6.063e-03
6.386e-03
4.850e-03
4.365e-03
4.365e-03
3.880e-03
4.446e-03
3.961e-03
3.072e-03
5.093e-03
6.386e-03
4.850e-03
5.416e-03
6.063e-03
5.497e-03
6.791e-03
6.791e-03
6.144e-03
6.629e-03
7.276e-03
7.357e-03
8.246e-03
5.982e-03
8.003e-03
7.276e-03
7.761e-03
7.276e-03
9.297e-03
7.276e-03
8.165e-03
6.791e-03
9.135e-03
6.710e-03
7.357e-03
8.892e-03
1.011e-02
1.091e-02
