2.320e-02
7.732e-03
2.577e-03
5.155e-03
7.732e-03
5.155e-03
2.577e-03
1.031e-02
1.031e-02
2.062e-02
1.546e-02
1.289e-02
2.577e-03
5.155e-03
5.155e-03
0.000e+00
5.155e-03
7.732e-03
1.289e-02
7.732e-03
7.732e-03
2.577e-03
0.000e+00
0.000e+00
5.155e-03
7.732e-03
7.732e-03
2.577e-03
5.155e-03
2.577e-03
2.577e-03
5.155e-03
0.000e+00
7.732e-03
0.000e+00
0.000e+00
5.155e-03
2.577e-03
1.289e-02
5.155e-03
0.000e+00
2.577e-03
2.577e-03
5.155e-03
0.000e+00
2.577e-03
7.732e-03
7.732e-03
2.577e-02
2.062e-02
2.835e-02
1.031e-02
5.155e-03
0.000e+00
2.577e-03
5.155e-03
0.000e+00
0.000e+00
0.000e+00
0.000e+00
0.000e+00
0.000e+00
0.000e+00
0.000e+00
0.000e+00
2.577e-03
1.031e-02
1.804e-02
2.577e-03
2.577e-03
0.000e+00
2.577e-03
0.000e+00
0.000e+00
0.000e+00
5.155e-03
2.577e-03
5.155e-03
1.031e-02
0.000e+00
0.000e+00
2.577e-03
0.000e+00
2.577e-03
0.000e+00
0.000e+00
2.577e-03
0.000e+00
0.000e+00
0.000e+00
0.000e+00
2.577e-03
0.000e+00
0.000e+00
0.000e+00
0.000e+00
0.000e+00
0.000e+00
0.000e+00
2.577e-03
0.000e+00
2.577e-03
0.000e+00
0.000e+00
2.577e-03
0.000e+00
0.000e+00
0.000e+00
0.000e+00
0.000e+00
0.000e+00
0.000e+00
0.000e+00
0.000e+00
2.577e-03
0.000e+00
0.000e+00
0.000e+00
0.000e+00
0.000e+00
0.000e+00
0.000e+00
2.577e-03
0.000e+00
0.000e+00
0.000e+00
0.000e+00
0.000e+00
0.000e+00
0.000e+00
0.000e+00
0.000e+00
0.000e+00
0.000e+00
0.000e+00
0.000e+00
0.000e+00
0.000e+00
0.000e+00
0.000e+00
0.000e+00
0.000e+00
0.000e+00
0.000e+00
0.000e+00
0.000e+00
0.000e+00
0.000e+00
0.000e+00
0.000e+00
0.000e+00
0.000e+00
0.000e+00
0.000e+00
0.000e+00
0.000e+00
2.577e-03
0.000e+00
0.000e+00
0.000e+00
0.000e+00
0.000e+00
0.000e+00
0.000e+00
0.000e+00
0.000e+00
0.000e+00
0.000e+00
0.000e+00
2.577e-03
0.000e+00
0.000e+00
0.000e+00
0.000e+00
0.000e+00
0.000e+00
0.000e+00
2.577e-03
0.000e+00
0.000e+00
0.000e+00
0.000e+00
0.000e+00
0.000e+00
0.000e+00
0.000e+00
0.000e+00
0.000e+00
0.000e+00
0.000e+00
0.000e+00
0.000e+00
0.000e+00
0.000e+00
0.000e+00
0.000e+00
0.000e+00
2.577e-03
0.000e+00
0.000e+00
0.000e+00
0.000e+00
2.577e-03
0.000e+00
2.577e-03
2.577e-03
0.000e+00
0.000e+00
0.000e+00
0.000e+00
0.000e+00
0.000e+00
0.000e+00
0.000e+00
0.000e+00
0.000e+00
0.000e+00
0.000e+00
0.000e+00
0.000e+00
0.000e+00
0.000e+00
0.000e+00
0.000e+00
0.000e+00
0.000e+00
0.000e+00
0.000e+00
2.577e-03
0.000e+00
0.000e+00
2.577e-03
0.000e+00
0.000e+00
0.000e+00
0.000e+00
0.000e+00
0.000e+00
0.000e+00
0.000e+00
0.000e+00
0.000e+00
2.577e-03
0.000e+00
0.000e+00
0.000e+00
0.000e+00
2.577e-03
2.577e-03
0.000e+00
2.577e-03
0.000e+00
0.000e+00
0.000e+00
0.000e+00
0.000e+00
0.000e+00
0.000e+00
0.000e+00
0.000e+00
2.577e-03
0.000e+00
0.000e+00
0.000e+00
0.000e+00
0.000e+00
2.577e-03
2.577e-03
0.000e+00
0.000e+00
0.000e+00
0.000e+00
0.000e+00
0.000e+00
0.000e+00
0.000e+00
0.000e+00
0.000e+00
0.000e+00
0.000e+00
0.000e+00
0.000e+00
0.000e+00
0.000e+00
2.577e-03
0.000e+00
0.000e+00
2.577e-03
0.000e+00
0.000e+00
2.577e-03
1.031e-02
4.124e-02
2.577e-02
1.031e-02
0.000e+00
0.000e+00
0.000e+00
0.000e+00
0.000e+00
0.000e+00
0.000e+00
0.000e+00
0.000e+00
5.155e-03
2.577e-03
5.155e-03
7.732e-03
2.577e-03
1.031e-02
1.546e-02
3.093e-02
2.577e-03
7.732e-03
2.577e-03
0.000e+00
5.155e-03
2.577e-03
0.000e+00
5.155e-03
0.000e+00
1.546e-02
1.289e-02
1.289e-02
7.732e-03
7.732e-03
5.155e-03
0.000e+00
5.155e-03
5.155e-03
5.155e-03
0.000e+00
2.577e-03
2.577e-03
0.000e+00
2.577e-03
2.577e-03
7.732e-03
2.577e-03
7.732e-03
5.155e-03
5.155e-03
1.289e-02
7.732e-03
1.546e-02
1.031e-02
1.031e-02
1.804e-02
2.577e-03
5.155e-03
0.000e+00
1.804e-02
1.546e-02
2.577e-03
5.155e-03
7.732e-03
1.289e-02
7.732e-03
1.289e-02
1.289e-02
