8.786e-03
1.126e-02
9.462e-03
6.984e-03
5.407e-03
6.758e-03
6.308e-03
6.758e-03
4.280e-03
9.912e-03
6.984e-03
7.434e-03
4.731e-03
7.659e-03
6.533e-03
6.984e-03
6.082e-03
6.533e-03
7.209e-03
7.885e-03
7.659e-03
7.434e-03
6.984e-03
4.055e-03
4.956e-03
6.082e-03
4.055e-03
5.181e-03
5.181e-03
4.506e-03
3.604e-03
2.478e-03
4.055e-03
1.802e-03
3.604e-03
2.478e-03
2.253e-03
2.253e-03
2.027e-03
2.703e-03
3.604e-03
2.253e-03
2.253e-03
2.478e-03
2.027e-03
3.604e-03
4.956e-03
3.830e-03
4.731e-03
4.055e-03
5.632e-03
7.209e-03
7.434e-03
6.082e-03
8.786e-03
6.984e-03
1.216e-02
1.059e-02
4.280e-03
6.533e-03
4.055e-03
2.027e-03
3.830e-03
4.280e-03
2.703e-03
2.027e-03
1.802e-03
1.577e-03
1.802e-03
1.577e-03
1.352e-03
6.758e-04
1.577e-03
9.011e-04
1.352e-03
1.802e-03
2.253e-03
2.929e-03
2.929e-03
2.253e-04
1.352e-03
1.126e-03
1.352e-03
9.011e-04
1.126e-03
9.011e-04
2.253e-04
9.011e-04
2.253e-04
0.000e+00
9.011e-04
1.352e-03
2.253e-04
0.000e+00
6.758e-04
2.253e-04
1.126e-03
1.126e-03
2.253e-04
2.253e-04
2.253e-04
2.253e-04
4.506e-04
9.011e-04
9.011e-04
9.011e-04
4.506e-04
1.802e-03
2.478e-03
2.253e-04
4.506e-04
9.011e-04
1.352e-03
4.506e-04
9.011e-04
9.011e-04
1.126e-03
1.577e-03
1.352e-03
4.506e-04
6.758e-04
2.253e-04
6.758e-04
4.506e-04
2.253e-04
9.011e-04
1.126e-03
1.126e-03
4.506e-04
2.027e-03
1.126e-03
1.352e-03
4.506e-04
1.126e-03
4.506e-04
1.126e-03
4.506e-04
1.126e-03
1.352e-03
1.126e-03
1.802e-03
2.253e-03
1.577e-03
1.126e-03
2.478e-03
1.577e-03
2.253e-03
1.577e-03
2.703e-03
1.352e-03
3.604e-03
3.830e-03
1.802e-03
2.027e-03
1.126e-03
1.802e-03
1.577e-03
1.126e-03
9.011e-04
2.703e-03
1.352e-03
1.126e-03
2.478e-03
2.027e-03
1.577e-03
2.253e-03
1.577e-03
3.830e-03
3.379e-03
3.379e-03
6.758e-04
2.027e-03
1.126e-03
9.011e-04
1.802e-03
2.703e-03
3.154e-03
3.154e-03
2.478e-03
2.703e-03
2.027e-03
2.253e-03
3.379e-03
2.929e-03
2.478e-03
1.802e-03
1.802e-03
3.154e-03
1.577e-03
2.478e-03
2.478e-03
9.011e-04
3.604e-03
3.604e-03
2.703e-03
2.703e-03
1.577e-03
1.126e-03
2.253e-03
4.506e-04
1.126e-03
1.126e-03
9.011e-04
2.027e-03
9.011e-04
1.577e-03
2.027e-03
1.352e-03
2.027e-03
1.802e-03
2.478e-03
1.802e-03
2.703e-03
1.802e-03
9.011e-04
9.011e-04
1.577e-03
4.506e-04
1.802e-03
1.802e-03
1.577e-03
1.352e-03
6.758e-04
9.011e-04
4.506e-04
1.126e-03
1.577e-03
1.352e-03
4.506e-04
6.758e-04
6.758e-04
0.000e+00
9.011e-04
4.506e-04
4.506e-04
2.253e-04
6.758e-04
4.506e-04
1.126e-03
2.253e-04
2.253e-04
0.000e+00
6.758e-04
1.577e-03
6.758e-04
2.253e-03
2.253e-04
1.802e-03
9.011e-04
1.577e-03
1.352e-03
4.506e-04
1.126e-03
9.011e-04
4.506e-04
1.352e-03
1.126e-03
6.758e-04
6.758e-04
1.126e-03
6.758e-04
4.506e-04
9.011e-04
1.577e-03
1.352e-03
4.506e-04
6.758e-04
6.758e-04
6.758e-04
1.577e-03
6.758e-04
1.352e-03
1.126e-03
4.506e-04
1.577e-03
6.758e-04
2.253e-04
1.126e-03
9.011e-04
4.506e-04
1.577e-03
1.577e-03
2.929e-03
2.253e-03
2.027e-03
2.027e-03
1.352e-03
1.577e-03
2.478e-03
1.352e-03
1.802e-03
1.126e-03
1.577e-03
9.011e-04
2.929e-03
1.126e-03
1.352e-03
2.027e-03
2.478e-03
3.154e-03
6.308e-03
5.632e-03
8.560e-03
7.885e-03
8.560e-03
1.059e-02
1.239e-02
7.434e-03
6.082e-03
7.885e-03
7.209e-03
4.055e-03
3.379e-03
4.055e-03
3.604e-03
2.703e-03
2.253e-03
3.154e-03
4.280e-03
2.253e-03
2.478e-03
1.802e-03
2.929e-03
3.379e-03
2.478e-03
4.055e-03
3.154e-03
3.604e-03
2.027e-03
2.703e-03
2.929e-03
2.253e-03
3.604e-03
3.154e-03
4.055e-03
3.830e-03
3.154e-03
3.154e-03
5.632e-03
3.830e-03
5.407e-03
4.956e-03
7.209e-03
5.407e-03
6.308e-03
7.659e-03
7.209e-03
7.209e-03
6.533e-03
7.209e-03
6.308e-03
6.984e-03
8.335e-03
7.209e-03
6.308e-03
7.209e-03
6.984e-03
9.912e-03
7.885e-03
8.110e-03
