2.955e-02
1.318e-02
9.444e-03
7.329e-03
6.006e-03
5.456e-03
5.148e-03
4.671e-03
4.453e-03
4.367e-03
4.016e-03
4.121e-03
3.704e-03
3.930e-03
4.082e-03
4.211e-03
4.090e-03
3.754e-03
3.645e-03
3.661e-03
3.536e-03
3.216e-03
3.391e-03
3.278e-03
3.294e-03
2.982e-03
3.025e-03
2.907e-03
3.028e-03
3.290e-03
3.212e-03
3.559e-03
3.411e-03
3.735e-03
3.547e-03
3.415e-03
3.505e-03
3.360e-03
2.966e-03
3.134e-03
2.837e-03
2.705e-03
2.626e-03
2.666e-03
2.736e-03
2.915e-03
2.798e-03
3.274e-03
3.263e-03
3.501e-03
4.281e-03
4.086e-03
4.445e-03
5.233e-03
6.295e-03
7.493e-03
8.859e-03
1.104e-02
1.276e-02
1.008e-02
1.218e-02
6.697e-03
4.812e-03
3.860e-03
3.313e-03
2.911e-03
2.638e-03
2.689e-03
2.466e-03
2.443e-03
2.478e-03
2.271e-03
1.951e-03
1.737e-03
1.709e-03
1.616e-03
1.424e-03
1.350e-03
1.245e-03
1.237e-03
1.179e-03
1.182e-03
1.171e-03
9.913e-04
1.159e-03
9.600e-04
1.116e-03
1.034e-03
1.124e-03
1.171e-03
1.058e-03
9.718e-04
9.796e-04
8.313e-04
7.922e-04
9.054e-04
8.352e-04
7.961e-04
7.961e-04
9.405e-04
9.210e-04
7.532e-04
8.235e-04
7.688e-04
8.508e-04
8.742e-04
9.327e-04
8.469e-04
8.430e-04
9.991e-04
1.007e-03
1.101e-03
1.132e-03
1.050e-03
1.147e-03
1.077e-03
1.261e-03
1.495e-03
1.393e-03
1.444e-03
1.366e-03
1.522e-03
1.569e-03
1.339e-03
1.303e-03
1.483e-03
1.389e-03
1.120e-03
9.444e-04
9.991e-04
1.097e-03
1.050e-03
1.034e-03
9.718e-04
1.019e-03
8.469e-04
8.703e-04
9.249e-04
9.054e-04
8.820e-04
9.600e-04
1.026e-03
1.116e-03
1.093e-03
1.116e-03
1.140e-03
1.112e-03
1.225e-03
1.280e-03
1.327e-03
1.237e-03
1.323e-03
1.206e-03
1.413e-03
1.378e-03
1.487e-03
1.510e-03
1.495e-03
1.448e-03
1.686e-03
1.764e-03
1.784e-03
1.881e-03
1.947e-03
2.287e-03
2.478e-03
2.763e-03
2.568e-03
2.630e-03
2.556e-03
2.669e-03
2.658e-03
2.931e-03
2.712e-03
3.130e-03
3.376e-03
3.661e-03
4.707e-03
5.046e-03
6.845e-03
1.263e-02
6.697e-03
5.171e-03
4.874e-03
4.113e-03
3.629e-03
3.368e-03
2.853e-03
2.806e-03
2.630e-03
2.455e-03
2.529e-03
2.377e-03
2.264e-03
2.416e-03
2.338e-03
2.455e-03
2.006e-03
1.865e-03
1.772e-03
1.791e-03
1.596e-03
1.698e-03
1.569e-03
1.694e-03
1.569e-03
1.639e-03
1.393e-03
1.335e-03
1.261e-03
1.218e-03
1.237e-03
1.097e-03
1.311e-03
1.128e-03
1.143e-03
1.136e-03
1.011e-03
1.054e-03
8.625e-04
8.820e-04
8.664e-04
9.288e-04
9.093e-04
1.022e-03
9.054e-04
9.913e-04
8.976e-04
1.073e-03
9.405e-04
9.093e-04
1.011e-03
1.097e-03
1.120e-03
1.393e-03
1.303e-03
1.362e-03
1.471e-03
1.479e-03
1.421e-03
1.436e-03
1.444e-03
1.456e-03
1.393e-03
1.151e-03
1.272e-03
1.069e-03
1.058e-03
1.214e-03
1.042e-03
1.062e-03
9.991e-04
9.366e-04
9.366e-04
9.288e-04
8.274e-04
7.298e-04
8.664e-04
7.181e-04
7.415e-04
8.508e-04
9.444e-04
8.508e-04
9.718e-04
8.469e-04
8.937e-04
8.820e-04
9.054e-04
9.679e-04
1.065e-03
1.202e-03
1.069e-03
1.058e-03
1.163e-03
1.218e-03
1.097e-03
1.007e-03
9.679e-04
9.483e-04
9.835e-04
1.143e-03
1.198e-03
1.128e-03
1.300e-03
1.358e-03
1.514e-03
1.678e-03
2.061e-03
2.150e-03
2.143e-03
2.139e-03
2.158e-03
2.623e-03
2.498e-03
2.876e-03
2.900e-03
3.446e-03
4.047e-03
4.870e-03
6.592e-03
1.186e-02
1.036e-02
1.280e-02
1.061e-02
8.800e-03
8.075e-03
6.389e-03
5.452e-03
4.687e-03
4.113e-03
3.786e-03
3.243e-03
2.978e-03
2.868e-03
3.025e-03
2.861e-03
2.595e-03
2.615e-03
2.712e-03
2.966e-03
3.071e-03
3.270e-03
3.536e-03
3.563e-03
3.551e-03
3.587e-03
3.813e-03
3.524e-03
3.356e-03
3.130e-03
3.317e-03
3.165e-03
3.040e-03
3.032e-03
3.216e-03
3.146e-03
3.040e-03
3.364e-03
3.415e-03
3.220e-03
3.169e-03
3.544e-03
3.493e-03
3.692e-03
4.191e-03
4.094e-03
4.035e-03
3.750e-03
3.922e-03
3.555e-03
4.008e-03
4.246e-03
4.258e-03
4.874e-03
5.128e-03
5.374e-03
5.955e-03
7.165e-03
9.495e-03
1.311e-02
