1.615e-02
8.339e-03
8.794e-03
9.400e-03
6.671e-03
8.263e-03
7.884e-03
6.065e-03
8.263e-03
8.566e-03
7.505e-03
7.808e-03
6.974e-03
7.960e-03
6.747e-03
7.505e-03
8.112e-03
8.491e-03
6.747e-03
7.050e-03
7.202e-03
6.671e-03
6.747e-03
6.671e-03
5.155e-03
4.776e-03
5.307e-03
4.397e-03
4.700e-03
4.776e-03
4.700e-03
4.245e-03
5.534e-03
6.141e-03
4.624e-03
5.231e-03
4.018e-03
6.671e-03
4.018e-03
4.170e-03
5.762e-03
5.686e-03
4.700e-03
6.065e-03
4.094e-03
5.079e-03
2.047e-03
2.350e-03
3.032e-03
2.502e-03
3.108e-03
2.426e-03
1.744e-03
2.502e-03
2.426e-03
2.274e-03
3.184e-03
1.819e-03
1.971e-03
2.274e-03
7.581e-04
6.823e-04
6.823e-04
1.061e-03
1.061e-03
8.339e-04
9.855e-04
1.061e-03
8.339e-04
1.137e-03
1.137e-03
6.065e-04
1.061e-03
3.790e-04
9.097e-04
1.213e-03
5.307e-04
1.516e-03
1.516e-03
1.289e-03
1.668e-03
2.350e-03
2.047e-03
1.440e-03
9.855e-04
1.061e-03
1.213e-03
1.516e-03
1.137e-03
9.855e-04
1.516e-03
1.365e-03
8.339e-04
9.097e-04
1.137e-03
1.592e-03
1.061e-03
1.137e-03
9.097e-04
1.440e-03
6.065e-04
1.289e-03
1.895e-03
1.137e-03
9.855e-04
1.971e-03
1.365e-03
1.137e-03
1.213e-03
1.592e-03
2.123e-03
1.516e-03
1.819e-03
1.289e-03
2.047e-03
6.065e-04
2.047e-03
2.426e-03
2.653e-03
2.123e-03
1.592e-03
1.289e-03
1.744e-03
1.668e-03
1.061e-03
6.823e-04
1.516e-03
1.213e-03
6.823e-04
1.213e-03
1.289e-03
1.365e-03
1.440e-03
1.061e-03
1.440e-03
1.516e-03
1.440e-03
1.213e-03
1.440e-03
1.744e-03
1.061e-03
1.744e-03
1.744e-03
1.744e-03
1.137e-03
2.198e-03
1.289e-03
1.213e-03
1.365e-03
1.744e-03
2.047e-03
1.592e-03
2.729e-03
1.516e-03
1.061e-03
2.274e-03
2.123e-03
2.274e-03
2.047e-03
2.123e-03
1.819e-03
1.516e-03
2.729e-03
2.805e-03
1.516e-03
2.578e-03
1.668e-03
2.881e-03
1.668e-03
1.592e-03
1.289e-03
1.971e-03
1.061e-03
1.440e-03
1.668e-03
1.744e-03
1.516e-03
1.137e-03
1.440e-03
1.895e-03
1.592e-03
1.289e-03
1.895e-03
1.819e-03
1.516e-03
2.502e-03
1.744e-03
2.350e-03
1.819e-03
1.440e-03
1.516e-03
1.516e-03
1.895e-03
2.653e-03
3.184e-03
2.426e-03
2.350e-03
2.047e-03
2.653e-03
1.516e-03
1.744e-03
1.440e-03
1.365e-03
1.819e-03
1.895e-03
1.213e-03
1.516e-03
2.123e-03
2.653e-03
2.047e-03
1.819e-03
2.047e-03
1.440e-03
1.516e-03
2.198e-03
1.744e-03
1.668e-03
1.061e-03
1.365e-03
1.668e-03
1.744e-03
1.819e-03
1.213e-03
1.213e-03
1.365e-03
7.581e-04
6.065e-04
1.061e-03
1.592e-03
9.097e-04
1.061e-03
1.365e-03
1.213e-03
9.097e-04
1.592e-03
1.213e-03
1.440e-03
1.365e-03
9.855e-04
1.668e-03
1.440e-03
1.668e-03
1.516e-03
2.350e-03
1.213e-03
1.365e-03
1.365e-03
7.581e-04
1.592e-03
1.213e-03
1.516e-03
1.516e-03
1.137e-03
1.516e-03
1.895e-03
1.516e-03
1.592e-03
2.274e-03
1.365e-03
1.213e-03
1.213e-03
1.592e-03
7.581e-04
1.516e-03
1.289e-03
1.440e-03
1.213e-03
7.581e-04
1.516e-03
9.097e-04
1.061e-03
1.440e-03
1.365e-03
1.819e-03
2.123e-03
1.592e-03
1.440e-03
8.339e-04
1.516e-03
3.032e-04
6.823e-04
1.592e-03
1.668e-03
1.365e-03
8.339e-04
1.061e-03
7.581e-04
1.213e-03
6.823e-04
6.065e-04
1.061e-03
1.365e-03
9.097e-04
6.823e-04
9.855e-04
9.855e-04
1.516e-03
1.213e-03
6.823e-04
1.440e-03
9.855e-04
1.971e-03
1.744e-03
2.047e-03
2.805e-03
3.108e-03
2.805e-03
1.971e-03
1.895e-03
2.426e-03
2.957e-03
3.184e-03
2.198e-03
2.502e-03
3.715e-03
3.866e-03
3.487e-03
5.610e-03
5.913e-03
4.094e-03
5.458e-03
5.686e-03
4.321e-03
6.141e-03
6.444e-03
5.003e-03
4.852e-03
4.170e-03
4.321e-03
4.397e-03
4.245e-03
3.411e-03
4.928e-03
6.292e-03
4.852e-03
5.382e-03
6.292e-03
5.458e-03
6.899e-03
6.747e-03
6.216e-03
6.292e-03
7.050e-03
7.050e-03
7.884e-03
5.989e-03
7.581e-03
6.974e-03
7.429e-03
7.126e-03
8.870e-03
6.899e-03
7.733e-03
6.444e-03
8.718e-03
6.368e-03
7.202e-03
8.339e-03
9.628e-03
1.039e-02
