5.988e-03
5.988e-03
4.277e-03
3.422e-03
8.554e-04
3.422e-03
6.843e-03
4.277e-03
5.988e-03
5.988e-03
5.988e-03
5.988e-03
1.711e-03
5.988e-03
4.277e-03
3.422e-03
6.843e-03
5.133e-03
6.843e-03
3.422e-03
5.988e-03
4.277e-03
4.277e-03
1.027e-02
2.566e-03
1.027e-02
5.133e-03
5.133e-03
4.277e-03
4.277e-03
9.410e-03
9.410e-03
5.133e-03
5.133e-03
5.988e-03
3.422e-03
8.554e-03
1.198e-02
8.554e-03
6.843e-03
5.988e-03
7.699e-03
3.422e-03
5.988e-03
2.566e-03
1.711e-03
3.422e-03
4.277e-03
2.566e-03
3.422e-03
2.566e-03
5.133e-03
2.566e-03
8.554e-04
1.711e-03
5.133e-03
3.422e-03
4.277e-03
5.133e-03
2.566e-03
5.988e-03
2.566e-03
4.277e-03
2.566e-03
1.711e-03
8.554e-04
2.566e-03
2.566e-03
3.422e-03
2.566e-03
2.566e-03
1.711e-03
1.711e-03
0.000e+00
8.554e-04
0.000e+00
3.422e-03
0.000e+00
8.554e-04
1.711e-03
3.422e-03
3.422e-03
3.422e-03
8.554e-04
8.554e-04
1.711e-03
1.711e-03
0.000e+00
8.554e-04
0.000e+00
8.554e-04
8.554e-04
8.554e-04
1.711e-03
8.554e-04
0.000e+00
8.554e-04
1.711e-03
0.000e+00
1.711e-03
0.000e+00
1.711e-03
1.711e-03
8.554e-04
8.554e-04
1.711e-03
8.554e-04
8.554e-04
8.554e-04
1.711e-03
0.000e+00
8.554e-04
0.000e+00
0.000e+00
1.711e-03
8.554e-04
2.566e-03
2.566e-03
0.000e+00
8.554e-04
8.554e-04
8.554e-04
8.554e-04
8.554e-04
0.000e+00
8.554e-04
0.000e+00
8.554e-04
1.711e-03
1.711e-03
1.711e-03
1.711e-03
2.566e-03
2.566e-03
0.000e+00
2.566e-03
1.711e-03
8.554e-04
1.711e-03
2.566e-03
8.554e-04
4.277e-03
8.554e-04
2.566e-03
4.277e-03
8.554e-04
0.000e+00
4.277e-03
1.711e-03
0.000e+00
5.988e-03
8.554e-04
3.422e-03
3.422e-03
3.422e-03
2.566e-03
0.000e+00
5.133e-03
3.422e-03
3.422e-03
3.422e-03
1.711e-03
3.422e-03
2.566e-03
2.566e-03
5.133e-03
8.554e-04
1.711e-03
1.711e-03
2.566e-03
8.554e-04
2.566e-03
1.711e-03
1.711e-03
0.000e+00
8.554e-04
2.566e-03
8.554e-04
1.711e-03
8.554e-04
4.277e-03
3.422e-03
8.554e-04
1.711e-03
2.566e-03
0.000e+00
2.566e-03
1.711e-03
8.554e-04
8.554e-04
1.711e-03
2.566e-03
3.422e-03
2.566e-03
1.711e-03
8.554e-04
1.711e-03
0.000e+00
1.711e-03
2.566e-03
1.711e-03
0.000e+00
3.422e-03
5.133e-03
0.000e+00
0.000e+00
8.554e-04
1.711e-03
8.554e-04
0.000e+00
8.554e-04
1.711e-03
1.711e-03
8.554e-04
0.000e+00
2.566e-03
1.711e-03
2.566e-03
0.000e+00
2.566e-03
8.554e-04
8.554e-04
8.554e-04
8.554e-04
1.711e-03
8.554e-04
0.000e+00
0.000e+00
3.422e-03
1.711e-03
8.554e-04
0.000e+00
8.554e-04
1.711e-03
8.554e-04
0.000e+00
0.000e+00
0.000e+00
1.711e-03
1.711e-03
8.554e-04
1.711e-03
1.711e-03
0.000e+00
2.566e-03
8.554e-04
8.554e-04
8.554e-04
0.000e+00
8.554e-04
8.554e-04
8.554e-04
8.554e-04
1.711e-03
0.000e+00
1.711e-03
2.566e-03
2.566e-03
8.554e-04
0.000e+00
1.711e-03
1.711e-03
1.711e-03
8.554e-04
3.422e-03
8.554e-04
8.554e-04
1.711e-03
4.277e-03
2.566e-03
2.566e-03
8.554e-04
3.422e-03
3.422e-03
2.566e-03
0.000e+00
8.554e-04
8.554e-04
3.422e-03
4.277e-03
8.554e-04
0.000e+00
8.554e-04
8.554e-04
2.566e-03
1.711e-03
4.277e-03
1.711e-03
3.422e-03
2.566e-03
5.133e-03
1.711e-03
1.711e-03
8.554e-04
4.277e-03
1.711e-03
4.277e-03
2.566e-03
3.422e-03
2.566e-03
5.988e-03
0.000e+00
5.988e-03
3.422e-03
5.133e-03
3.422e-03
3.422e-03
4.277e-03
5.133e-03
4.277e-03
1.711e-03
1.711e-03
2.566e-03
2.566e-03
1.711e-03
1.711e-03
4.277e-03
8.554e-03
3.422e-03
3.422e-03
1.027e-02
5.133e-03
1.027e-02
4.277e-03
4.277e-03
7.699e-03
5.133e-03
5.988e-03
4.277e-03
5.133e-03
7.699e-03
5.133e-03
6.843e-03
5.133e-03
5.133e-03
9.410e-03
5.988e-03
6.843e-03
8.554e-03
3.422e-03
5.988e-03
2.566e-03
4.277e-03
5.988e-03
2.566e-03
7.699e-03
3.422e-03
4.277e-03
4.277e-03
6.843e-03
5.988e-03
5.988e-03
2.566e-03
5.988e-03
1.711e-03
2.566e-03
5.133e-03
5.133e-03
7.699e-03
6.843e-03
