8.176e-03
3.974e-03
4.248e-03
2.649e-03
1.873e-03
2.284e-03
2.832e-03
2.101e-03
1.599e-03
2.192e-03
2.238e-03
2.010e-03
2.101e-03
2.238e-03
2.329e-03
2.055e-03
1.736e-03
2.010e-03
2.147e-03
2.878e-03
2.284e-03
2.192e-03
2.603e-03
2.375e-03
3.060e-03
2.192e-03
2.649e-03
2.969e-03
2.512e-03
2.558e-03
2.512e-03
1.827e-03
1.690e-03
1.827e-03
1.279e-03
1.553e-03
2.603e-03
1.005e-03
1.964e-03
1.553e-03
2.558e-03
3.563e-03
4.111e-03
3.471e-03
4.613e-03
5.344e-03
6.349e-03
9.592e-03
8.998e-03
8.358e-03
8.450e-03
8.176e-03
1.000e-02
8.633e-03
8.130e-03
9.911e-03
1.334e-02
1.206e-02
1.009e-02
7.354e-03
7.080e-03
4.887e-03
4.339e-03
3.745e-03
3.563e-03
3.152e-03
2.649e-03
4.385e-03
4.842e-03
3.471e-03
3.928e-03
3.197e-03
2.558e-03
3.197e-03
1.553e-03
1.736e-03
1.964e-03
2.101e-03
2.466e-03
2.512e-03
1.873e-03
2.421e-03
2.969e-03
2.010e-03
3.106e-03
2.101e-03
2.010e-03
1.599e-03
2.192e-03
1.416e-03
1.507e-03
1.827e-03
2.512e-03
1.142e-03
1.142e-03
1.233e-03
1.188e-03
1.873e-03
5.481e-04
1.827e-03
1.599e-03
1.096e-03
1.325e-03
1.553e-03
1.416e-03
6.851e-04
1.553e-03
1.233e-03
1.736e-03
1.462e-03
1.188e-03
7.765e-04
2.101e-03
1.462e-03
2.375e-03
1.918e-03
2.055e-03
2.695e-03
1.964e-03
1.690e-03
1.827e-03
1.096e-03
1.507e-03
1.690e-03
8.678e-04
1.188e-03
1.005e-03
1.462e-03
9.592e-04
6.851e-04
1.051e-03
7.765e-04
1.279e-03
1.325e-03
5.938e-04
1.233e-03
5.938e-04
1.096e-03
8.221e-04
1.096e-03
6.851e-04
1.507e-03
1.736e-03
1.690e-03
1.325e-03
1.690e-03
1.416e-03
2.284e-03
1.325e-03
1.507e-03
2.192e-03
2.192e-03
1.553e-03
1.827e-03
1.325e-03
1.644e-03
9.592e-04
1.644e-03
1.918e-03
2.147e-03
1.325e-03
1.096e-03
1.736e-03
2.101e-03
2.284e-03
2.238e-03
2.329e-03
2.558e-03
2.649e-03
2.512e-03
2.878e-03
4.339e-03
3.791e-03
3.426e-03
3.289e-03
4.248e-03
3.380e-03
3.426e-03
4.385e-03
5.709e-03
4.933e-03
4.522e-03
3.974e-03
3.471e-03
4.476e-03
4.202e-03
3.334e-03
3.334e-03
3.106e-03
3.015e-03
2.375e-03
2.740e-03
3.837e-03
2.375e-03
1.918e-03
2.284e-03
2.740e-03
2.284e-03
1.781e-03
2.512e-03
1.827e-03
2.238e-03
2.421e-03
1.462e-03
1.325e-03
2.055e-03
1.416e-03
1.051e-03
1.827e-03
1.507e-03
1.279e-03
1.416e-03
1.416e-03
2.969e-03
1.279e-03
1.599e-03
1.370e-03
1.462e-03
5.938e-04
1.325e-03
1.142e-03
8.678e-04
1.553e-03
1.005e-03
1.416e-03
8.678e-04
7.765e-04
9.592e-04
6.851e-04
7.765e-04
1.142e-03
7.308e-04
1.051e-03
1.644e-03
1.462e-03
1.462e-03
1.233e-03
1.553e-03
1.781e-03
1.736e-03
2.512e-03
1.827e-03
1.279e-03
1.781e-03
1.781e-03
2.192e-03
1.599e-03
1.188e-03
2.010e-03
1.462e-03
1.005e-03
2.329e-03
1.599e-03
1.279e-03
9.592e-04
1.416e-03
5.481e-04
9.135e-04
1.233e-03
1.005e-03
1.142e-03
1.553e-03
1.553e-03
1.553e-03
1.599e-03
1.279e-03
1.370e-03
2.466e-03
1.188e-03
1.553e-03
1.873e-03
1.873e-03
2.329e-03
2.284e-03
2.329e-03
2.375e-03
2.695e-03
2.603e-03
2.558e-03
1.781e-03
2.192e-03
1.599e-03
1.964e-03
2.147e-03
2.649e-03
1.553e-03
1.599e-03
2.101e-03
3.426e-03
2.695e-03
3.015e-03
2.878e-03
2.558e-03
2.147e-03
3.380e-03
4.156e-03
3.791e-03
3.197e-03
4.339e-03
5.938e-03
6.623e-03
8.084e-03
1.146e-02
1.229e-02
1.183e-02
8.450e-03
9.363e-03
8.084e-03
1.009e-02
9.455e-03
8.907e-03
8.358e-03
7.125e-03
7.993e-03
9.272e-03
6.029e-03
3.791e-03
3.837e-03
3.517e-03
3.654e-03
2.786e-03
2.375e-03
2.923e-03
1.918e-03
2.421e-03
2.329e-03
1.736e-03
1.781e-03
1.644e-03
1.644e-03
2.329e-03
1.964e-03
1.873e-03
2.558e-03
3.426e-03
3.197e-03
3.060e-03
3.197e-03
1.964e-03
1.918e-03
2.603e-03
2.512e-03
2.055e-03
2.238e-03
2.147e-03
2.238e-03
2.558e-03
2.603e-03
1.736e-03
1.873e-03
1.873e-03
2.238e-03
2.147e-03
2.649e-03
2.421e-03
3.015e-03
2.740e-03
3.471e-03
3.015e-03
4.430e-03
