1.279e-01
5.859e-02
3.616e-02
2.135e-02
1.982e-02
1.133e-02
1.133e-02
1.198e-02
8.277e-03
9.148e-03
8.059e-03
8.277e-03
9.148e-03
8.495e-03
5.881e-03
5.445e-03
5.663e-03
5.445e-03
4.139e-03
5.010e-03
3.485e-03
1.743e-03
2.178e-03
1.743e-03
2.614e-03
1.960e-03
1.307e-03
1.525e-03
8.713e-04
8.713e-04
2.178e-04
5.663e-03
6.317e-03
1.416e-02
1.198e-02
4.139e-03
1.307e-03
2.178e-04
2.178e-04
2.178e-04
2.178e-04
2.178e-04
0.000e+00
0.000e+00
0.000e+00
0.000e+00
2.178e-04
0.000e+00
0.000e+00
0.000e+00
2.178e-04
0.000e+00
0.000e+00
0.000e+00
0.000e+00
0.000e+00
2.178e-04
0.000e+00
0.000e+00
0.000e+00
0.000e+00
0.000e+00
0.000e+00
2.178e-04
2.178e-04
0.000e+00
4.356e-04
1.307e-03
1.307e-03
3.485e-03
1.067e-02
1.067e-02
3.049e-03
1.089e-03
6.099e-03
3.049e-03
8.713e-04
2.178e-04
0.000e+00
4.356e-04
0.000e+00
0.000e+00
0.000e+00
0.000e+00
0.000e+00
0.000e+00
2.178e-04
2.178e-04
4.356e-04
4.356e-04
2.178e-04
0.000e+00
2.178e-04
2.178e-04
4.356e-04
0.000e+00
0.000e+00
4.356e-04
0.000e+00
0.000e+00
2.178e-04
2.178e-04
2.178e-04
2.178e-04
2.178e-04
8.713e-04
4.356e-04
1.743e-03
1.960e-03
2.178e-04
8.713e-04
4.356e-04
1.089e-03
8.713e-04
1.525e-03
6.535e-04
8.713e-04
1.743e-03
1.525e-03
1.525e-03
1.960e-03
1.960e-03
2.614e-03
1.960e-03
1.307e-03
1.307e-03
2.832e-03
4.356e-03
1.960e-03
1.960e-03
1.307e-03
1.525e-03
1.307e-03
1.307e-03
1.525e-03
6.535e-04
1.089e-03
2.178e-04
4.356e-04
1.089e-03
6.535e-04
1.307e-03
6.535e-04
4.356e-04
1.307e-03
1.089e-03
1.307e-03
6.535e-04
6.535e-04
4.356e-04
2.178e-04
6.535e-04
0.000e+00
2.178e-04
0.000e+00
0.000e+00
2.178e-04
2.178e-04
4.356e-04
2.178e-04
4.356e-04
0.000e+00
4.356e-04
4.356e-04
8.713e-04
1.743e-03
0.000e+00
0.000e+00
2.178e-04
2.178e-04
4.356e-04
2.178e-04
2.178e-04
6.535e-04
4.356e-04
2.178e-04
4.356e-04
2.178e-04
8.713e-04
1.307e-03
5.881e-03
4.356e-04
1.525e-03
1.525e-03
2.178e-04
2.178e-04
6.535e-04
0.000e+00
4.356e-04
6.535e-04
4.356e-04
6.535e-04
0.000e+00
4.356e-04
6.535e-04
8.713e-04
6.535e-04
6.535e-04
6.535e-04
2.178e-04
6.535e-04
2.178e-04
6.535e-04
6.535e-04
2.178e-04
0.000e+00
6.535e-04
0.000e+00
0.000e+00
6.535e-04
4.356e-04
2.178e-04
6.535e-04
6.535e-04
4.356e-04
6.535e-04
6.535e-04
2.178e-04
6.535e-04
0.000e+00
1.089e-03
6.535e-04
6.535e-04
6.535e-04
1.307e-03
1.307e-03
2.178e-03
6.535e-04
1.089e-03
2.178e-03
1.743e-03
1.089e-03
8.713e-04
2.832e-03
1.743e-03
1.089e-03
1.525e-03
1.960e-03
1.307e-03
1.743e-03
1.743e-03
2.614e-03
2.178e-03
1.960e-03
1.960e-03
1.525e-03
8.713e-04
1.743e-03
1.960e-03
1.960e-03
2.614e-03
8.713e-04
4.356e-04
8.713e-04
8.713e-04
1.307e-03
2.178e-04
6.535e-04
2.178e-04
2.178e-04
6.535e-04
4.356e-04
0.000e+00
2.178e-04
4.356e-04
0.000e+00
0.000e+00
2.178e-04
0.000e+00
0.000e+00
4.356e-04
0.000e+00
8.713e-04
2.178e-04
0.000e+00
2.178e-04
0.000e+00
0.000e+00
0.000e+00
2.178e-04
0.000e+00
0.000e+00
0.000e+00
0.000e+00
1.089e-03
3.485e-03
4.792e-03
2.614e-03
3.049e-03
1.198e-02
8.277e-03
3.049e-03
8.713e-04
1.960e-03
2.178e-04
4.356e-04
0.000e+00
0.000e+00
0.000e+00
0.000e+00
0.000e+00
0.000e+00
0.000e+00
4.356e-04
0.000e+00
0.000e+00
2.178e-04
0.000e+00
2.178e-04
2.178e-04
0.000e+00
0.000e+00
0.000e+00
4.356e-04
0.000e+00
0.000e+00
0.000e+00
0.000e+00
0.000e+00
0.000e+00
0.000e+00
2.178e-04
0.000e+00
2.178e-04
1.307e-03
5.010e-03
1.046e-02
1.481e-02
6.535e-03
5.228e-03
1.743e-03
6.535e-04
6.535e-04
8.713e-04
1.743e-03
6.535e-04
2.614e-03
2.178e-03
1.307e-03
2.614e-03
3.485e-03
3.703e-03
5.010e-03
3.703e-03
4.574e-03
5.881e-03
6.317e-03
9.148e-03
9.366e-03
7.624e-03
8.059e-03
9.148e-03
8.931e-03
1.154e-02
1.285e-02
1.263e-02
1.699e-02
2.352e-02
3.703e-02
5.358e-02
