1.908e-01
7.101e-02
3.551e-02
2.736e-02
2.192e-02
1.341e-02
1.304e-02
1.214e-02
9.601e-03
7.790e-03
9.964e-03
8.514e-03
5.978e-03
6.703e-03
7.065e-03
3.986e-03
5.978e-03
3.804e-03
3.080e-03
4.348e-03
2.899e-03
3.804e-03
3.080e-03
2.899e-03
1.630e-03
1.268e-03
1.993e-03
2.174e-03
1.449e-03
2.174e-03
1.993e-03
1.268e-03
1.812e-03
1.268e-03
9.058e-04
1.630e-03
5.435e-04
3.623e-04
7.246e-04
1.812e-04
0.000e+00
5.435e-04
0.000e+00
5.435e-04
5.435e-04
7.246e-04
1.812e-04
0.000e+00
0.000e+00
5.435e-04
3.623e-04
7.246e-04
9.058e-04
5.435e-04
3.623e-04
3.623e-04
5.435e-04
7.246e-04
1.087e-03
1.812e-04
5.435e-04
1.812e-04
1.812e-04
5.435e-04
1.812e-04
5.435e-04
1.812e-04
0.000e+00
0.000e+00
0.000e+00
1.812e-04
3.623e-04
0.000e+00
0.000e+00
0.000e+00
0.000e+00
0.000e+00
1.812e-04
0.000e+00
0.000e+00
0.000e+00
0.000e+00
0.000e+00
0.000e+00
0.000e+00
0.000e+00
0.000e+00
0.000e+00
0.000e+00
0.000e+00
0.000e+00
0.000e+00
1.812e-04
0.000e+00
0.000e+00
0.000e+00
1.812e-04
0.000e+00
0.000e+00
0.000e+00
0.000e+00
1.812e-04
0.000e+00
0.000e+00
0.000e+00
0.000e+00
0.000e+00
0.000e+00
0.000e+00
0.000e+00
3.623e-04
1.812e-04
0.000e+00
0.000e+00
0.000e+00
0.000e+00
1.812e-04
0.000e+00
0.000e+00
0.000e+00
0.000e+00
0.000e+00
1.812e-04
0.000e+00
1.812e-04
0.000e+00
1.812e-04
0.000e+00
0.000e+00
0.000e+00
0.000e+00
3.623e-04
1.812e-04
3.623e-04
1.812e-04
1.812e-04
0.000e+00
0.000e+00
1.812e-04
1.812e-04
1.812e-04
0.000e+00
3.623e-04
3.623e-04
1.812e-04
7.246e-04
0.000e+00
0.000e+00
5.435e-04
5.435e-04
0.000e+00
1.812e-04
5.435e-04
9.058e-04
1.812e-04
3.623e-04
1.812e-04
9.058e-04
1.449e-03
9.058e-04
1.268e-03
9.058e-04
1.087e-03
0.000e+00
3.623e-04
3.623e-04
5.435e-04
1.449e-03
1.449e-03
1.812e-03
2.174e-03
1.630e-03
3.261e-03
4.710e-03
3.261e-03
4.891e-03
6.884e-03
8.152e-03
1.159e-02
9.601e-03
1.757e-02
8.877e-03
1.014e-02
9.058e-03
6.703e-03
3.986e-03
4.167e-03
2.536e-03
3.261e-03
1.268e-03
2.355e-03
1.087e-03
1.087e-03
3.623e-04
1.449e-03
3.623e-04
1.449e-03
5.435e-04
7.246e-04
1.268e-03
3.623e-04
7.246e-04
5.435e-04
9.058e-04
3.623e-04
1.449e-03
1.812e-04
1.812e-04
1.812e-04
1.812e-04
3.623e-04
5.435e-04
5.435e-04
1.812e-04
5.435e-04
1.812e-04
0.000e+00
0.000e+00
1.812e-04
5.435e-04
0.000e+00
0.000e+00
1.812e-04
0.000e+00
1.812e-04
3.623e-04
3.623e-04
0.000e+00
0.000e+00
1.812e-04
3.623e-04
1.812e-04
1.812e-04
3.623e-04
3.623e-04
0.000e+00
0.000e+00
3.623e-04
0.000e+00
1.812e-04
0.000e+00
0.000e+00
0.000e+00
0.000e+00
0.000e+00
1.812e-04
0.000e+00
0.000e+00
0.000e+00
0.000e+00
1.812e-04
0.000e+00
0.000e+00
0.000e+00
0.000e+00
0.000e+00
0.000e+00
0.000e+00
0.000e+00
0.000e+00
0.000e+00
0.000e+00
0.000e+00
0.000e+00
0.000e+00
0.000e+00
1.812e-04
0.000e+00
0.000e+00
0.000e+00
0.000e+00
0.000e+00
0.000e+00
0.000e+00
0.000e+00
0.000e+00
0.000e+00
0.000e+00
0.000e+00
1.812e-04
0.000e+00
0.000e+00
1.812e-04
3.623e-04
3.623e-04
0.000e+00
1.812e-04
1.812e-04
0.000e+00
0.000e+00
1.812e-04
0.000e+00
5.435e-04
0.000e+00
3.623e-04
3.623e-04
0.000e+00
0.000e+00
3.623e-04
0.000e+00
0.000e+00
1.812e-04
3.623e-04
5.435e-04
9.058e-04
9.058e-04
0.000e+00
1.812e-04
7.246e-04
1.812e-04
9.058e-04
9.058e-04
1.812e-04
1.812e-04
3.623e-04
3.623e-04
3.623e-04
3.623e-04
1.812e-04
7.246e-04
9.058e-04
7.246e-04
7.246e-04
1.087e-03
1.087e-03
1.812e-03
9.058e-04
1.268e-03
1.993e-03
1.268e-03
2.536e-03
1.993e-03
3.080e-03
1.812e-03
1.812e-03
5.435e-04
1.812e-03
2.899e-03
3.261e-03
2.355e-03
3.442e-03
3.261e-03
2.717e-03
4.710e-03
5.978e-03
7.065e-03
5.254e-03
7.971e-03
6.159e-03
6.884e-03
1.014e-02
1.051e-02
9.964e-03
1.594e-02
1.214e-02
1.359e-02
2.029e-02
2.355e-02
3.822e-02
7.101e-02
