7.337e-02
6.341e-02
4.518e-02
3.997e-02
3.170e-02
2.819e-02
2.287e-02
1.981e-02
1.812e-02
1.619e-02
1.483e-02
1.019e-02
8.492e-03
8.152e-03
7.360e-03
7.020e-03
5.661e-03
4.869e-03
4.642e-03
3.736e-03
2.264e-03
2.264e-03
2.264e-03
1.925e-03
1.245e-03
1.132e-03
1.245e-03
5.661e-04
6.793e-04
1.359e-03
7.926e-04
1.019e-03
7.926e-04
7.926e-04
4.529e-04
4.529e-04
7.926e-04
7.926e-04
3.397e-04
5.661e-04
7.926e-04
5.661e-04
1.132e-04
4.529e-04
4.529e-04
1.132e-04
0.000e+00
1.132e-04
0.000e+00
1.132e-04
1.132e-04
1.132e-04
2.264e-04
1.132e-04
2.264e-04
1.132e-04
4.529e-04
2.264e-04
4.529e-04
3.397e-04
6.793e-04
1.132e-04
0.000e+00
2.264e-04
0.000e+00
0.000e+00
0.000e+00
0.000e+00
0.000e+00
0.000e+00
3.397e-04
0.000e+00
0.000e+00
0.000e+00
1.132e-04
1.132e-04
0.000e+00
0.000e+00
0.000e+00
0.000e+00
0.000e+00
0.000e+00
0.000e+00
0.000e+00
0.000e+00
0.000e+00
0.000e+00
1.132e-04
0.000e+00
0.000e+00
1.132e-04
1.132e-04
0.000e+00
0.000e+00
0.000e+00
0.000e+00
0.000e+00
0.000e+00
0.000e+00
0.000e+00
0.000e+00
1.132e-04
0.000e+00
0.000e+00
2.264e-04
0.000e+00
1.132e-04
0.000e+00
0.000e+00
0.000e+00
0.000e+00
0.000e+00
2.264e-04
0.000e+00
0.000e+00
1.132e-04
1.132e-04
0.000e+00
2.264e-04
0.000e+00
1.132e-04
0.000e+00
0.000e+00
0.000e+00
0.000e+00
3.397e-04
0.000e+00
1.132e-04
1.132e-04
1.132e-04
1.132e-04
0.000e+00
1.132e-04
1.132e-04
2.264e-04
2.264e-04
2.264e-04
2.264e-04
1.132e-04
0.000e+00
9.058e-04
3.397e-04
2.264e-04
4.529e-04
5.661e-04
1.245e-03
5.661e-04
2.264e-04
9.058e-04
5.661e-04
1.132e-03
1.472e-03
1.472e-03
6.793e-04
1.245e-03
1.019e-03
1.019e-03
1.132e-03
1.359e-03
2.491e-03
9.058e-04
1.585e-03
1.132e-03
1.925e-03
2.038e-03
1.812e-03
2.264e-03
2.491e-03
3.057e-03
2.151e-03
2.151e-03
2.038e-03
1.585e-03
2.944e-03
2.604e-03
2.944e-03
2.038e-03
3.397e-03
3.510e-03
3.170e-03
4.982e-03
4.303e-03
3.850e-03
3.284e-03
3.623e-03
2.491e-03
3.057e-03
4.303e-03
3.170e-03
3.057e-03
3.736e-03
2.491e-03
3.284e-03
2.038e-03
1.585e-03
1.812e-03
1.132e-03
1.698e-03
1.925e-03
1.019e-03
3.397e-04
1.472e-03
1.359e-03
1.019e-03
1.472e-03
2.378e-03
1.359e-03
1.472e-03
9.058e-04
1.132e-03
1.132e-03
4.529e-04
4.529e-04
4.529e-04
3.397e-04
5.661e-04
3.397e-04
0.000e+00
7.926e-04
2.264e-04
4.529e-04
5.661e-04
2.264e-04
1.132e-04
2.264e-04
1.132e-04
1.132e-04
0.000e+00
0.000e+00
3.397e-04
1.132e-04
1.132e-04
0.000e+00
1.132e-04
0.000e+00
1.132e-04
1.132e-04
1.132e-04
0.000e+00
0.000e+00
0.000e+00
1.132e-04
2.264e-04
3.397e-04
0.000e+00
0.000e+00
0.000e+00
0.000e+00
0.000e+00
0.000e+00
0.000e+00
2.264e-04
0.000e+00
0.000e+00
0.000e+00
0.000e+00
0.000e+00
1.132e-04
0.000e+00
0.000e+00
0.000e+00
0.000e+00
0.000e+00
0.000e+00
0.000e+00
0.000e+00
0.000e+00
0.000e+00
0.000e+00
1.132e-04
1.132e-04
0.000e+00
0.000e+00
0.000e+00
0.000e+00
0.000e+00
0.000e+00
0.000e+00
0.000e+00
0.000e+00
1.132e-04
0.000e+00
0.000e+00
0.000e+00
1.132e-04
0.000e+00
0.000e+00
1.132e-04
0.000e+00
0.000e+00
0.000e+00
1.132e-04
1.132e-04
2.264e-04
0.000e+00
1.132e-04
0.000e+00
1.132e-04
1.132e-04
3.397e-04
0.000e+00
6.793e-04
4.529e-04
6.793e-04
1.132e-04
3.397e-04
2.264e-04
0.000e+00
1.132e-04
2.264e-04
2.264e-04
1.132e-04
0.000e+00
5.661e-04
6.793e-04
1.132e-04
5.661e-04
5.661e-04
4.529e-04
4.529e-04
6.793e-04
2.264e-04
7.926e-04
3.397e-04
1.019e-03
5.661e-04
7.926e-04
4.529e-04
4.529e-04
6.793e-04
1.245e-03
1.019e-03
1.019e-03
2.264e-03
1.698e-03
1.359e-03
1.585e-03
2.151e-03
1.585e-03
2.378e-03
1.245e-03
3.397e-03
3.736e-03
4.076e-03
7.246e-03
6.001e-03
6.001e-03
9.284e-03
1.087e-02
1.166e-02
1.461e-02
1.325e-02
1.687e-02
1.868e-02
2.423e-02
2.480e-02
2.921e-02
4.303e-02
5.322e-02
5.910e-02
