8.636e-04
2.591e-03
2.591e-03
3.454e-03
1.727e-03
4.318e-03
1.727e-03
8.636e-04
4.318e-03
0.000e+00
8.636e-04
1.727e-03
8.636e-04
3.454e-03
3.454e-03
3.454e-03
8.636e-04
6.045e-03
4.318e-03
1.727e-03
2.591e-03
3.454e-03
6.908e-03
5.181e-03
1.727e-03
8.636e-04
3.454e-03
6.045e-03
5.181e-03
0.000e+00
3.454e-03
3.454e-03
5.181e-03
6.908e-03
2.591e-03
8.636e-04
9.499e-03
2.591e-03
1.295e-02
1.641e-02
4.318e-03
8.636e-04
4.318e-03
4.318e-03
1.382e-02
4.318e-03
3.454e-03
4.318e-03
0.000e+00
8.636e-04
3.454e-03
6.045e-03
1.554e-02
1.641e-02
1.986e-02
4.404e-02
3.195e-02
2.763e-02
2.677e-02
1.036e-02
5.181e-03
1.727e-03
0.000e+00
0.000e+00
0.000e+00
0.000e+00
1.727e-03
8.636e-04
0.000e+00
0.000e+00
0.000e+00
0.000e+00
0.000e+00
0.000e+00
0.000e+00
0.000e+00
0.000e+00
0.000e+00
0.000e+00
0.000e+00
0.000e+00
0.000e+00
0.000e+00
0.000e+00
0.000e+00
0.000e+00
0.000e+00
0.000e+00
0.000e+00
0.000e+00
0.000e+00
0.000e+00
0.000e+00
0.000e+00
0.000e+00
0.000e+00
0.000e+00
0.000e+00
0.000e+00
0.000e+00
0.000e+00
0.000e+00
0.000e+00
0.000e+00
0.000e+00
0.000e+00
0.000e+00
0.000e+00
0.000e+00
0.000e+00
0.000e+00
0.000e+00
0.000e+00
0.000e+00
0.000e+00
0.000e+00
0.000e+00
0.000e+00
0.000e+00
0.000e+00
0.000e+00
0.000e+00
0.000e+00
0.000e+00
0.000e+00
0.000e+00
0.000e+00
0.000e+00
0.000e+00
0.000e+00
0.000e+00
0.000e+00
0.000e+00
0.000e+00
0.000e+00
0.000e+00
0.000e+00
0.000e+00
0.000e+00
0.000e+00
0.000e+00
0.000e+00
0.000e+00
0.000e+00
0.000e+00
0.000e+00
0.000e+00
0.000e+00
0.000e+00
0.000e+00
0.000e+00
0.000e+00
0.000e+00
0.000e+00
0.000e+00
0.000e+00
0.000e+00
0.000e+00
0.000e+00
0.000e+00
0.000e+00
0.000e+00
0.000e+00
0.000e+00
0.000e+00
0.000e+00
0.000e+00
0.000e+00
0.000e+00
0.000e+00
0.000e+00
0.000e+00
0.000e+00
0.000e+00
0.000e+00
0.000e+00
0.000e+00
0.000e+00
0.000e+00
0.000e+00
0.000e+00
0.000e+00
0.000e+00
0.000e+00
0.000e+00
0.000e+00
0.000e+00
0.000e+00
0.000e+00
0.000e+00
0.000e+00
0.000e+00
0.000e+00
0.000e+00
0.000e+00
0.000e+00
0.000e+00
0.000e+00
0.000e+00
0.000e+00
0.000e+00
0.000e+00
0.000e+00
0.000e+00
0.000e+00
0.000e+00
0.000e+00
0.000e+00
0.000e+00
0.000e+00
0.000e+00
0.000e+00
0.000e+00
0.000e+00
0.000e+00
0.000e+00
0.000e+00
0.000e+00
0.000e+00
0.000e+00
0.000e+00
0.000e+00
0.000e+00
0.000e+00
0.000e+00
0.000e+00
0.000e+00
0.000e+00
0.000e+00
0.000e+00
0.000e+00
0.000e+00
0.000e+00
0.000e+00
0.000e+00
0.000e+00
0.000e+00
0.000e+00
0.000e+00
0.000e+00
0.000e+00
0.000e+00
0.000e+00
0.000e+00
0.000e+00
0.000e+00
0.000e+00
0.000e+00
0.000e+00
0.000e+00
0.000e+00
0.000e+00
0.000e+00
0.000e+00
0.000e+00
0.000e+00
0.000e+00
0.000e+00
0.000e+00
0.000e+00
0.000e+00
0.000e+00
0.000e+00
0.000e+00
0.000e+00
0.000e+00
0.000e+00
0.000e+00
0.000e+00
0.000e+00
0.000e+00
0.000e+00
0.000e+00
0.000e+00
0.000e+00
0.000e+00
0.000e+00
0.000e+00
0.000e+00
0.000e+00
0.000e+00
0.000e+00
0.000e+00
0.000e+00
0.000e+00
0.000e+00
0.000e+00
0.000e+00
0.000e+00
0.000e+00
0.000e+00
0.000e+00
0.000e+00
8.636e-04
0.000e+00
1.727e-03
0.000e+00
0.000e+00
0.000e+00
2.591e-03
4.318e-03
1.727e-02
2.936e-02
2.159e-02
4.145e-02
9.067e-02
2.591e-02
7.081e-02
2.073e-02
1.123e-02
0.000e+00
1.727e-03
3.454e-03
5.181e-03
7.772e-03
2.073e-02
1.123e-02
2.591e-03
9.499e-03
8.636e-03
6.908e-03
1.123e-02
7.772e-03
1.295e-02
1.209e-02
8.636e-03
5.181e-03
4.318e-03
2.591e-03
3.454e-03
2.591e-03
3.454e-03
3.454e-03
6.045e-03
5.181e-03
6.908e-03
2.591e-03
5.181e-03
2.591e-03
8.636e-04
6.045e-03
6.045e-03
1.727e-03
6.045e-03
4.318e-03
5.181e-03
5.181e-03
3.454e-03
8.636e-04
5.181e-03
3.454e-03
6.045e-03
1.727e-03
1.727e-03
8.636e-04
5.181e-03
4.318e-03
1.727e-03
4.318e-03
2.591e-03
