5.089e-03
5.239e-03
3.592e-03
4.490e-03
3.443e-03
3.293e-03
4.191e-03
2.245e-03
4.191e-03
2.245e-03
3.143e-03
3.592e-03
4.790e-03
2.245e-03
4.041e-03
3.443e-03
4.790e-03
4.490e-03
2.994e-03
4.341e-03
5.388e-03
5.239e-03
5.987e-03
3.443e-03
3.293e-03
2.395e-03
3.592e-03
4.041e-03
4.640e-03
3.892e-03
3.143e-03
3.592e-03
4.341e-03
4.790e-03
7.634e-03
5.837e-03
2.395e-03
3.443e-03
4.041e-03
4.341e-03
2.245e-03
2.545e-03
3.443e-03
3.592e-03
4.191e-03
4.341e-03
4.341e-03
6.286e-03
6.137e-03
3.592e-03
3.892e-03
4.490e-03
3.592e-03
4.640e-03
3.892e-03
4.640e-03
4.041e-03
3.443e-03
4.939e-03
5.388e-03
3.592e-03
4.341e-03
2.844e-03
4.490e-03
2.545e-03
2.844e-03
3.892e-03
2.694e-03
2.245e-03
2.245e-03
2.844e-03
3.143e-03
4.341e-03
2.844e-03
3.592e-03
2.245e-03
2.994e-03
2.844e-03
2.694e-03
2.095e-03
2.395e-03
2.994e-03
2.095e-03
3.443e-03
3.592e-03
2.245e-03
3.293e-03
2.994e-03
1.946e-03
1.197e-03
1.347e-03
2.395e-03
1.497e-03
1.796e-03
1.646e-03
1.946e-03
1.347e-03
2.095e-03
1.946e-03
1.796e-03
1.946e-03
1.497e-03
2.095e-03
2.395e-03
1.796e-03
1.796e-03
1.048e-03
1.497e-03
1.646e-03
5.987e-04
1.946e-03
7.484e-04
1.497e-03
7.484e-04
1.048e-03
7.484e-04
1.197e-03
1.197e-03
1.946e-03
1.347e-03
1.796e-03
2.395e-03
8.981e-04
1.946e-03
2.545e-03
2.545e-03
1.497e-03
2.095e-03
2.545e-03
2.245e-03
1.646e-03
2.994e-03
2.395e-03
3.742e-03
1.946e-03
1.796e-03
2.095e-03
2.095e-03
1.646e-03
1.646e-03
1.197e-03
2.545e-03
1.646e-03
2.994e-03
2.694e-03
1.646e-03
2.395e-03
2.844e-03
2.545e-03
1.946e-03
2.095e-03
1.796e-03
1.497e-03
4.640e-03
1.946e-03
1.946e-03
1.197e-03
1.796e-03
1.347e-03
2.545e-03
1.347e-03
2.545e-03
1.796e-03
2.245e-03
2.095e-03
2.694e-03
2.694e-03
1.497e-03
1.197e-03
1.946e-03
1.646e-03
1.646e-03
1.347e-03
1.646e-03
1.197e-03
8.981e-04
1.946e-03
2.095e-03
1.497e-03
2.095e-03
2.545e-03
1.646e-03
1.646e-03
2.395e-03
1.796e-03
5.987e-04
2.095e-03
1.946e-03
2.545e-03
2.245e-03
1.946e-03
2.395e-03
1.796e-03
2.395e-03
1.946e-03
1.946e-03
1.946e-03
2.545e-03
1.796e-03
2.844e-03
1.048e-03
2.245e-03
2.095e-03
1.946e-03
2.545e-03
1.946e-03
2.395e-03
2.245e-03
1.646e-03
1.197e-03
1.946e-03
2.095e-03
1.946e-03
2.095e-03
2.395e-03
1.946e-03
2.694e-03
2.545e-03
2.694e-03
1.646e-03
3.293e-03
1.796e-03
2.994e-03
7.484e-04
2.694e-03
2.545e-03
2.545e-03
3.143e-03
3.293e-03
2.245e-03
2.095e-03
1.197e-03
2.994e-03
1.946e-03
1.796e-03
2.245e-03
1.646e-03
2.245e-03
8.981e-04
8.981e-04
1.497e-03
1.946e-03
1.946e-03
1.497e-03
2.245e-03
1.048e-03
8.981e-04
1.497e-03
1.197e-03
1.646e-03
8.981e-04
1.497e-03
8.981e-04
1.497e-03
7.484e-04
1.646e-03
1.048e-03
1.796e-03
1.946e-03
1.796e-03
2.545e-03
1.796e-03
1.347e-03
1.946e-03
2.395e-03
2.545e-03
1.946e-03
2.395e-03
2.545e-03
2.095e-03
2.245e-03
1.197e-03
2.545e-03
3.443e-03
2.545e-03
3.443e-03
1.946e-03
2.245e-03
3.592e-03
2.245e-03
2.545e-03
2.994e-03
2.694e-03
2.694e-03
2.694e-03
4.191e-03
2.245e-03
3.443e-03
4.790e-03
3.143e-03
4.490e-03
2.245e-03
2.844e-03
1.646e-03
2.545e-03
2.844e-03
2.545e-03
3.892e-03
3.592e-03
4.939e-03
4.939e-03
3.293e-03
4.341e-03
5.089e-03
3.592e-03
2.844e-03
4.191e-03
4.191e-03
4.191e-03
3.892e-03
4.490e-03
5.239e-03
4.640e-03
6.885e-03
5.388e-03
4.041e-03
4.041e-03
3.892e-03
4.790e-03
3.293e-03
2.844e-03
3.892e-03
2.994e-03
2.994e-03
3.592e-03
3.293e-03
5.837e-03
4.939e-03
5.388e-03
2.844e-03
2.844e-03
3.592e-03
2.994e-03
4.640e-03
2.994e-03
3.592e-03
3.742e-03
3.293e-03
3.443e-03
4.341e-03
4.790e-03
3.592e-03
4.341e-03
4.790e-03
3.293e-03
3.443e-03
4.341e-03
3.742e-03
3.293e-03
4.341e-03
1.646e-03
3.143e-03
3.742e-03
2.694e-03
4.191e-03
2.245e-03
2.694e-03
3.143e-03
5.089e-03
4.341e-03
