1.572e-02
1.677e-02
8.386e-03
7.338e-03
5.241e-03
8.386e-03
2.096e-03
8.386e-03
1.048e-03
1.048e-03
4.193e-03
7.338e-03
4.193e-03
8.386e-03
3.145e-03
2.096e-03
0.000e+00
3.145e-03
4.193e-03
3.145e-03
1.048e-03
1.048e-03
1.048e-03
3.145e-03
4.193e-03
2.096e-03
5.241e-03
4.193e-03
3.145e-03
5.241e-03
4.193e-03
2.096e-03
1.153e-02
2.096e-03
9.434e-03
1.153e-02
9.434e-03
9.434e-03
3.145e-03
4.193e-03
5.241e-03
4.193e-03
0.000e+00
0.000e+00
1.048e-03
3.145e-03
0.000e+00
0.000e+00
1.048e-03
0.000e+00
0.000e+00
0.000e+00
1.048e-03
0.000e+00
0.000e+00
1.048e-03
3.145e-03
0.000e+00
2.096e-03
0.000e+00
2.096e-03
1.048e-03
2.096e-03
2.096e-03
2.096e-03
1.048e-03
2.096e-03
1.048e-03
0.000e+00
0.000e+00
1.048e-03
1.048e-03
1.048e-03
0.000e+00
0.000e+00
0.000e+00
0.000e+00
0.000e+00
0.000e+00
0.000e+00
1.048e-03
0.000e+00
0.000e+00
0.000e+00
0.000e+00
0.000e+00
0.000e+00
1.048e-03
0.000e+00
1.048e-03
0.000e+00
0.000e+00
0.000e+00
0.000e+00
1.048e-03
0.000e+00
0.000e+00
0.000e+00
0.000e+00
1.048e-03
0.000e+00
0.000e+00
0.000e+00
0.000e+00
0.000e+00
0.000e+00
1.048e-03
0.000e+00
0.000e+00
1.048e-03
0.000e+00
1.048e-03
1.048e-03
0.000e+00
2.096e-03
2.096e-03
2.096e-03
0.000e+00
0.000e+00
1.048e-03
3.145e-03
0.000e+00
3.145e-03
3.145e-03
1.048e-03
0.000e+00
1.048e-03
1.048e-03
0.000e+00
2.096e-03
1.048e-03
0.000e+00
0.000e+00
0.000e+00
0.000e+00
0.000e+00
2.096e-03
2.096e-03
2.096e-03
1.048e-03
2.096e-03
2.096e-03
9.434e-03
4.193e-03
5.241e-03
4.193e-03
1.048e-02
6.289e-03
5.241e-03
5.241e-03
5.241e-03
2.096e-03
4.193e-03
3.145e-03
7.338e-03
4.193e-03
4.193e-03
5.241e-03
4.193e-03
4.193e-03
2.096e-03
4.193e-03
5.241e-03
1.048e-03
2.096e-03
5.241e-03
2.096e-03
1.048e-03
1.048e-03
4.193e-03
3.145e-03
7.338e-03
4.193e-03
1.048e-03
7.338e-03
5.241e-03
1.258e-02
9.434e-03
1.468e-02
1.363e-02
1.887e-02
1.992e-02
1.153e-02
9.434e-03
4.193e-03
5.241e-03
4.193e-03
3.145e-03
2.096e-03
5.241e-03
6.289e-03
7.338e-03
4.193e-03
6.289e-03
0.000e+00
3.145e-03
1.048e-03
3.145e-03
2.096e-03
5.241e-03
2.096e-03
2.096e-03
4.193e-03
4.193e-03
7.338e-03
4.193e-03
3.145e-03
2.096e-03
4.193e-03
7.338e-03
6.289e-03
7.338e-03
8.386e-03
5.241e-03
7.338e-03
4.193e-03
7.338e-03
2.096e-03
5.241e-03
4.193e-03
3.145e-03
1.048e-03
1.048e-03
2.096e-03
1.048e-03
0.000e+00
2.096e-03
0.000e+00
0.000e+00
1.048e-03
0.000e+00
0.000e+00
0.000e+00
2.096e-03
0.000e+00
3.145e-03
0.000e+00
0.000e+00
3.145e-03
4.193e-03
0.000e+00
1.048e-03
0.000e+00
0.000e+00
2.096e-03
2.096e-03
1.048e-03
1.048e-03
0.000e+00
0.000e+00
0.000e+00
2.096e-03
0.000e+00
0.000e+00
0.000e+00
0.000e+00
1.048e-03
0.000e+00
0.000e+00
0.000e+00
0.000e+00
1.048e-03
1.048e-03
0.000e+00
0.000e+00
0.000e+00
0.000e+00
0.000e+00
0.000e+00
1.048e-03
0.000e+00
0.000e+00
0.000e+00
0.000e+00
1.048e-03
0.000e+00
0.000e+00
0.000e+00
0.000e+00
0.000e+00
0.000e+00
0.000e+00
0.000e+00
0.000e+00
0.000e+00
2.096e-03
0.000e+00
0.000e+00
0.000e+00
1.048e-03
0.000e+00
2.096e-03
1.048e-03
0.000e+00
3.145e-03
0.000e+00
3.145e-03
2.096e-03
1.048e-03
4.193e-03
1.048e-03
1.048e-03
1.048e-03
0.000e+00
1.048e-03
0.000e+00
1.048e-03
3.145e-03
0.000e+00
0.000e+00
0.000e+00
0.000e+00
1.048e-03
0.000e+00
0.000e+00
0.000e+00
0.000e+00
2.096e-03
2.096e-03
4.193e-03
3.145e-03
4.193e-03
5.241e-03
1.153e-02
1.258e-02
6.289e-03
6.289e-03
4.193e-03
6.289e-03
2.096e-03
5.241e-03
4.193e-03
3.145e-03
5.241e-03
2.096e-03
1.048e-03
6.289e-03
4.193e-03
5.241e-03
2.096e-03
3.145e-03
5.241e-03
0.000e+00
3.145e-03
3.145e-03
3.145e-03
0.000e+00
4.193e-03
0.000e+00
7.338e-03
4.193e-03
3.145e-03
2.096e-03
3.145e-03
5.241e-03
7.338e-03
1.048e-02
1.048e-02
1.572e-02
1.468e-02
