4.634e-02
1.606e-02
1.113e-02
8.354e-03
5.786e-03
4.871e-03
5.874e-03
4.487e-03
4.487e-03
4.516e-03
4.634e-03
4.605e-03
4.605e-03
4.752e-03
5.077e-03
5.549e-03
4.723e-03
4.221e-03
3.690e-03
3.719e-03
3.778e-03
3.336e-03
3.011e-03
2.834e-03
1.801e-03
2.125e-03
1.624e-03
2.125e-03
1.328e-03
1.299e-03
1.830e-03
2.450e-03
1.889e-03
1.564e-03
2.125e-03
1.387e-03
2.037e-03
1.860e-03
1.210e-03
1.387e-03
1.151e-03
1.004e-03
1.240e-03
1.181e-03
1.594e-03
1.328e-03
7.084e-04
1.387e-03
9.741e-04
1.712e-03
1.417e-03
1.417e-03
1.299e-03
2.007e-03
3.660e-03
5.815e-03
3.778e-03
2.981e-03
3.395e-03
3.395e-03
3.188e-03
2.243e-03
1.978e-03
1.801e-03
1.771e-03
1.505e-03
1.564e-03
1.564e-03
1.535e-03
1.505e-03
1.683e-03
1.299e-03
1.092e-03
9.741e-04
1.269e-03
1.092e-03
8.560e-04
8.856e-04
7.380e-04
5.609e-04
5.904e-04
4.133e-04
6.789e-04
4.723e-04
7.084e-04
6.199e-04
6.789e-04
6.199e-04
7.970e-04
6.199e-04
5.609e-04
4.133e-04
6.494e-04
5.904e-04
3.837e-04
6.199e-04
5.018e-04
3.542e-04
6.199e-04
7.970e-04
7.380e-04
3.837e-04
9.741e-04
7.084e-04
9.741e-04
7.970e-04
1.240e-03
1.004e-03
9.151e-04
1.240e-03
1.505e-03
1.505e-03
1.328e-03
1.889e-03
1.240e-03
1.948e-03
1.712e-03
2.125e-03
2.332e-03
2.273e-03
2.391e-03
2.834e-03
3.867e-03
3.099e-03
3.837e-03
4.575e-03
3.513e-03
1.978e-03
1.889e-03
1.653e-03
1.564e-03
1.742e-03
1.210e-03
1.446e-03
1.653e-03
1.004e-03
1.151e-03
1.122e-03
1.240e-03
1.122e-03
1.269e-03
1.004e-03
1.624e-03
1.328e-03
1.742e-03
1.683e-03
1.535e-03
1.978e-03
1.919e-03
1.919e-03
1.712e-03
1.919e-03
1.712e-03
1.771e-03
1.860e-03
2.066e-03
2.184e-03
2.302e-03
2.480e-03
3.011e-03
3.424e-03
3.513e-03
3.985e-03
3.808e-03
4.723e-03
5.018e-03
5.136e-03
4.428e-03
4.339e-03
3.542e-03
4.339e-03
3.749e-03
4.634e-03
4.428e-03
5.579e-03
5.697e-03
6.996e-03
8.000e-03
9.623e-03
1.854e-02
4.381e-02
1.807e-02
1.018e-02
8.708e-03
7.114e-03
6.199e-03
5.461e-03
5.284e-03
4.634e-03
4.693e-03
4.369e-03
4.723e-03
4.782e-03
4.546e-03
4.782e-03
4.457e-03
3.896e-03
3.365e-03
3.867e-03
3.188e-03
3.483e-03
3.099e-03
2.893e-03
2.598e-03
2.214e-03
1.683e-03
1.948e-03
2.184e-03
1.830e-03
1.801e-03
1.830e-03
1.801e-03
1.801e-03
1.948e-03
1.978e-03
1.742e-03
1.742e-03
1.387e-03
1.653e-03
8.560e-04
1.063e-03
1.210e-03
1.210e-03
1.122e-03
1.712e-03
9.741e-04
1.358e-03
1.505e-03
1.387e-03
1.328e-03
1.594e-03
1.624e-03
2.391e-03
2.125e-03
3.483e-03
3.749e-03
3.660e-03
2.952e-03
4.015e-03
3.099e-03
2.125e-03
2.066e-03
2.273e-03
2.273e-03
1.712e-03
1.860e-03
1.122e-03
1.417e-03
1.801e-03
1.594e-03
1.417e-03
1.240e-03
1.122e-03
1.122e-03
1.063e-03
5.609e-04
1.033e-03
8.560e-04
7.084e-04
7.970e-04
8.265e-04
7.084e-04
6.199e-04
5.904e-04
5.313e-04
5.313e-04
5.018e-04
4.723e-04
4.428e-04
4.428e-04
5.313e-04
5.018e-04
6.494e-04
7.380e-04
7.970e-04
6.199e-04
5.609e-04
5.313e-04
3.542e-04
6.494e-04
4.723e-04
7.675e-04
7.084e-04
1.004e-03
6.494e-04
8.265e-04
1.181e-03
1.328e-03
1.417e-03
1.181e-03
1.328e-03
1.299e-03
1.594e-03
1.122e-03
1.624e-03
1.830e-03
1.683e-03
2.361e-03
2.096e-03
2.155e-03
3.011e-03
3.395e-03
3.601e-03
3.188e-03
4.280e-03
5.845e-03
3.218e-03
1.948e-03
1.801e-03
1.476e-03
1.387e-03
1.210e-03
1.210e-03
1.446e-03
1.004e-03
8.265e-04
1.240e-03
1.063e-03
1.092e-03
1.328e-03
1.299e-03
1.624e-03
1.476e-03
1.978e-03
1.476e-03
1.919e-03
2.037e-03
1.919e-03
1.919e-03
1.919e-03
1.299e-03
2.037e-03
1.299e-03
1.860e-03
1.830e-03
2.125e-03
1.948e-03
2.421e-03
2.893e-03
3.513e-03
4.074e-03
3.690e-03
3.424e-03
4.812e-03
5.107e-03
5.284e-03
5.313e-03
4.723e-03
4.605e-03
3.513e-03
4.575e-03
4.044e-03
4.369e-03
4.103e-03
5.136e-03
4.959e-03
6.169e-03
7.350e-03
1.027e-02
1.662e-02
