3.086e-02
7.407e-02
6.173e-03
3.086e-02
3.086e-02
1.852e-02
2.469e-02
2.469e-02
6.173e-03
2.469e-02
1.235e-02
6.173e-03
2.469e-02
3.086e-02
0.000e+00
1.235e-02
1.235e-02
0.000e+00
6.173e-03
6.173e-03
6.173e-03
0.000e+00
6.173e-03
0.000e+00
6.173e-03
0.000e+00
6.173e-03
1.852e-02
1.235e-02
1.235e-02
1.235e-02
0.000e+00
0.000e+00
0.000e+00
6.173e-03
0.000e+00
0.000e+00
0.000e+00
0.000e+00
6.173e-03
0.000e+00
0.000e+00
0.000e+00
0.000e+00
6.173e-03
0.000e+00
0.000e+00
0.000e+00
0.000e+00
0.000e+00
0.000e+00
0.000e+00
0.000e+00
0.000e+00
6.173e-03
0.000e+00
0.000e+00
0.000e+00
0.000e+00
0.000e+00
0.000e+00
0.000e+00
0.000e+00
0.000e+00
0.000e+00
0.000e+00
0.000e+00
0.000e+00
0.000e+00
0.000e+00
0.000e+00
0.000e+00
0.000e+00
0.000e+00
0.000e+00
0.000e+00
0.000e+00
0.000e+00
0.000e+00
0.000e+00
0.000e+00
0.000e+00
0.000e+00
0.000e+00
0.000e+00
0.000e+00
6.173e-03
0.000e+00
0.000e+00
0.000e+00
0.000e+00
6.173e-03
0.000e+00
0.000e+00
0.000e+00
0.000e+00
0.000e+00
0.000e+00
0.000e+00
0.000e+00
0.000e+00
0.000e+00
0.000e+00
6.173e-03
0.000e+00
0.000e+00
0.000e+00
0.000e+00
0.000e+00
0.000e+00
0.000e+00
0.000e+00
0.000e+00
0.000e+00
0.000e+00
0.000e+00
0.000e+00
0.000e+00
0.000e+00
0.000e+00
0.000e+00
0.000e+00
6.173e-03
0.000e+00
0.000e+00
0.000e+00
0.000e+00
0.000e+00
0.000e+00
0.000e+00
0.000e+00
0.000e+00
0.000e+00
0.000e+00
0.000e+00
6.173e-03
0.000e+00
0.000e+00
0.000e+00
0.000e+00
0.000e+00
0.000e+00
6.173e-03
0.000e+00
0.000e+00
0.000e+00
0.000e+00
0.000e+00
0.000e+00
0.000e+00
0.000e+00
0.000e+00
0.000e+00
6.173e-03
0.000e+00
0.000e+00
0.000e+00
0.000e+00
6.173e-03
0.000e+00
0.000e+00
0.000e+00
0.000e+00
0.000e+00
0.000e+00
0.000e+00
0.000e+00
0.000e+00
0.000e+00
0.000e+00
0.000e+00
0.000e+00
0.000e+00
0.000e+00
6.173e-03
0.000e+00
0.000e+00
0.000e+00
0.000e+00
0.000e+00
0.000e+00
0.000e+00
0.000e+00
0.000e+00
0.000e+00
0.000e+00
0.000e+00
0.000e+00
0.000e+00
0.000e+00
0.000e+00
6.173e-03
6.173e-03
0.000e+00
0.000e+00
0.000e+00
0.000e+00
0.000e+00
0.000e+00
0.000e+00
0.000e+00
0.000e+00
0.000e+00
0.000e+00
0.000e+00
0.000e+00
0.000e+00
0.000e+00
0.000e+00
0.000e+00
0.000e+00
0.000e+00
0.000e+00
0.000e+00
6.173e-03
0.000e+00
0.000e+00
0.000e+00
0.000e+00
6.173e-03
6.173e-03
0.000e+00
0.000e+00
0.000e+00
0.000e+00
0.000e+00
6.173e-03
0.000e+00
0.000e+00
0.000e+00
0.000e+00
0.000e+00
0.000e+00
0.000e+00
0.000e+00
0.000e+00
0.000e+00
0.000e+00
0.000e+00
0.000e+00
0.000e+00
0.000e+00
0.000e+00
0.000e+00
0.000e+00
0.000e+00
0.000e+00
0.000e+00
0.000e+00
0.000e+00
0.000e+00
0.000e+00
0.000e+00
0.000e+00
0.000e+00
0.000e+00
0.000e+00
6.173e-03
0.000e+00
0.000e+00
0.000e+00
0.000e+00
0.000e+00
0.000e+00
0.000e+00
0.000e+00
0.000e+00
0.000e+00
6.173e-03
6.173e-03
0.000e+00
0.000e+00
0.000e+00
0.000e+00
0.000e+00
0.000e+00
0.000e+00
0.000e+00
0.000e+00
0.000e+00
0.000e+00
0.000e+00
0.000e+00
0.000e+00
0.000e+00
0.000e+00
0.000e+00
0.000e+00
0.000e+00
0.000e+00
0.000e+00
0.000e+00
0.000e+00
0.000e+00
0.000e+00
0.000e+00
0.000e+00
0.000e+00
0.000e+00
0.000e+00
0.000e+00
0.000e+00
0.000e+00
6.173e-03
0.000e+00
0.000e+00
0.000e+00
0.000e+00
0.000e+00
0.000e+00
0.000e+00
0.000e+00
0.000e+00
0.000e+00
0.000e+00
0.000e+00
0.000e+00
0.000e+00
0.000e+00
6.173e-03
0.000e+00
0.000e+00
1.235e-02
6.173e-03
0.000e+00
1.235e-02
0.000e+00
0.000e+00
0.000e+00
1.235e-02
6.173e-03
0.000e+00
6.173e-03
6.173e-03
0.000e+00
0.000e+00
6.173e-03
0.000e+00
6.173e-03
1.235e-02
0.000e+00
6.173e-03
2.469e-02
0.000e+00
2.469e-02
1.852e-02
0.000e+00
6.173e-03
1.235e-02
2.469e-02
3.086e-02
6.173e-03
1.235e-02
1.235e-02
6.173e-03
1.235e-02
1.235e-02
1.852e-02
3.704e-02
3.704e-02
