5.965e-02
2.807e-02
2.316e-02
1.368e-02
1.123e-02
7.018e-03
3.860e-03
2.105e-03
1.404e-03
3.509e-04
1.404e-03
1.404e-03
3.509e-04
1.404e-03
1.053e-03
1.754e-03
2.105e-03
2.456e-03
1.404e-03
3.509e-04
1.404e-03
1.404e-03
1.053e-03
3.509e-04
3.509e-04
0.000e+00
0.000e+00
0.000e+00
3.509e-04
0.000e+00
3.509e-04
0.000e+00
0.000e+00
0.000e+00
3.509e-04
0.000e+00
0.000e+00
0.000e+00
0.000e+00
0.000e+00
0.000e+00
0.000e+00
0.000e+00
0.000e+00
0.000e+00
0.000e+00
0.000e+00
3.509e-04
3.509e-04
3.509e-04
7.018e-04
0.000e+00
3.509e-04
0.000e+00
0.000e+00
0.000e+00
0.000e+00
0.000e+00
2.105e-03
7.018e-04
0.000e+00
1.053e-03
7.018e-04
0.000e+00
0.000e+00
0.000e+00
0.000e+00
0.000e+00
7.018e-04
0.000e+00
0.000e+00
3.509e-04
0.000e+00
0.000e+00
0.000e+00
0.000e+00
0.000e+00
0.000e+00
1.053e-03
3.509e-04
7.018e-04
3.509e-04
1.404e-03
0.000e+00
0.000e+00
0.000e+00
0.000e+00
0.000e+00
7.018e-04
7.018e-04
2.456e-03
1.053e-03
1.754e-03
1.404e-03
7.719e-03
4.561e-03
6.316e-03
7.368e-03
5.965e-03
3.860e-03
7.018e-03
4.561e-03
5.965e-03
5.965e-03
1.404e-02
1.649e-02
2.316e-02
2.386e-02
2.807e-02
2.702e-02
1.965e-02
2.140e-02
1.509e-02
1.158e-02
7.368e-03
5.614e-03
7.368e-03
3.509e-03
2.807e-03
3.509e-04
2.456e-03
1.754e-03
3.509e-04
1.404e-03
3.509e-04
3.509e-04
0.000e+00
1.053e-03
0.000e+00
1.754e-03
1.754e-03
7.018e-04
1.053e-03
1.754e-03
1.053e-03
0.000e+00
1.053e-03
1.404e-03
1.404e-03
1.754e-03
1.754e-03
1.404e-03
2.456e-03
1.754e-03
1.404e-03
1.053e-03
2.807e-03
1.404e-03
2.456e-03
3.158e-03
2.456e-03
3.509e-03
1.404e-03
2.456e-03
1.053e-03
1.404e-03
2.105e-03
1.404e-03
7.018e-04
3.509e-04
1.754e-03
3.509e-04
1.053e-03
3.509e-04
3.509e-04
3.509e-04
3.509e-04
0.000e+00
0.000e+00
3.509e-04
3.509e-04
7.018e-04
0.000e+00
0.000e+00
7.018e-04
0.000e+00
0.000e+00
0.000e+00
7.018e-04
0.000e+00
0.000e+00
0.000e+00
0.000e+00
3.509e-04
0.000e+00
0.000e+00
0.000e+00
0.000e+00
0.000e+00
0.000e+00
0.000e+00
0.000e+00
0.000e+00
0.000e+00
0.000e+00
0.000e+00
0.000e+00
0.000e+00
0.000e+00
0.000e+00
7.018e-04
7.018e-04
3.509e-04
1.053e-03
2.105e-03
7.018e-04
1.754e-03
3.509e-04
2.105e-03
2.807e-03
2.456e-03
1.404e-03
1.404e-03
1.404e-03
1.053e-03
0.000e+00
1.754e-03
2.105e-03
2.105e-03
1.754e-03
1.754e-03
2.456e-03
3.509e-04
1.053e-03
0.000e+00
3.509e-04
3.509e-04
1.053e-03
7.018e-04
2.456e-03
3.509e-04
2.456e-03
3.509e-04
3.509e-04
3.509e-04
1.053e-03
3.509e-04
1.053e-03
7.018e-04
7.018e-04
7.018e-04
1.053e-03
1.404e-03
2.807e-03
5.263e-03
5.263e-03
7.368e-03
9.123e-03
1.789e-02
2.386e-02
2.140e-02
2.140e-02
1.930e-02
2.632e-02
2.070e-02
1.965e-02
1.123e-02
1.193e-02
7.018e-03
3.509e-03
4.211e-03
7.368e-03
9.825e-03
4.912e-03
8.070e-03
3.509e-03
2.105e-03
2.105e-03
1.754e-03
3.509e-04
1.754e-03
3.509e-04
1.053e-03
0.000e+00
0.000e+00
3.509e-04
0.000e+00
0.000e+00
0.000e+00
0.000e+00
3.509e-04
1.053e-03
7.018e-04
0.000e+00
0.000e+00
0.000e+00
0.000e+00
0.000e+00
3.509e-04
3.509e-04
0.000e+00
3.509e-04
7.018e-04
3.509e-04
3.509e-04
0.000e+00
1.053e-03
3.509e-04
0.000e+00
7.018e-04
3.509e-04
7.018e-04
1.754e-03
0.000e+00
3.509e-04
0.000e+00
0.000e+00
7.018e-04
0.000e+00
0.000e+00
3.509e-04
1.053e-03
0.000e+00
7.018e-04
0.000e+00
0.000e+00
3.509e-04
3.509e-04
0.000e+00
3.509e-04
0.000e+00
0.000e+00
0.000e+00
3.509e-04
7.018e-04
0.000e+00
0.000e+00
0.000e+00
0.000e+00
3.509e-04
0.000e+00
0.000e+00
0.000e+00
0.000e+00
0.000e+00
0.000e+00
0.000e+00
0.000e+00
0.000e+00
1.053e-03
2.105e-03
0.000e+00
2.105e-03
2.105e-03
2.456e-03
2.105e-03
1.053e-03
7.018e-04
3.509e-04
1.404e-03
1.053e-03
1.754e-03
1.754e-03
1.754e-03
4.561e-03
5.614e-03
1.158e-02
1.193e-02
2.596e-02
3.053e-02
