4.400e-02
3.910e-02
3.110e-02
2.542e-02
2.258e-02
1.806e-02
1.445e-02
1.329e-02
1.290e-02
1.252e-02
1.135e-02
8.645e-03
1.045e-02
8.903e-03
8.903e-03
7.871e-03
7.355e-03
6.452e-03
5.806e-03
4.129e-03
5.032e-03
3.871e-03
2.452e-03
3.355e-03
3.484e-03
3.871e-03
2.581e-03
1.935e-03
2.452e-03
1.806e-03
1.290e-03
1.548e-03
9.032e-04
1.806e-03
9.032e-04
3.871e-04
1.032e-03
7.742e-04
6.452e-04
5.161e-04
3.871e-04
5.161e-04
1.290e-04
3.871e-04
1.290e-04
3.871e-04
1.290e-04
2.581e-04
1.290e-04
3.871e-04
2.581e-04
5.161e-04
0.000e+00
2.581e-04
0.000e+00
1.290e-04
2.581e-04
0.000e+00
1.290e-04
2.581e-04
1.290e-04
1.290e-04
1.290e-04
2.581e-04
1.290e-04
2.581e-04
5.161e-04
7.742e-04
1.290e-04
7.742e-04
1.290e-04
6.452e-04
1.290e-04
1.290e-04
6.452e-04
5.161e-04
2.581e-04
2.581e-04
2.581e-04
2.581e-04
3.871e-04
7.742e-04
1.290e-04
2.581e-04
2.581e-04
1.290e-04
2.581e-04
0.000e+00
0.000e+00
2.581e-04
0.000e+00
0.000e+00
0.000e+00
0.000e+00
1.290e-04
0.000e+00
0.000e+00
0.000e+00
3.871e-04
2.581e-04
0.000e+00
2.581e-04
6.452e-04
5.161e-04
5.161e-04
2.581e-04
3.871e-04
3.871e-04
0.000e+00
5.161e-04
5.161e-04
5.161e-04
2.581e-04
1.290e-04
1.290e-04
1.290e-04
1.290e-04
2.581e-04
1.290e-04
2.581e-04
3.871e-04
2.581e-04
2.581e-04
0.000e+00
0.000e+00
2.581e-04
5.161e-04
5.161e-04
2.581e-04
6.452e-04
2.581e-04
0.000e+00
3.871e-04
3.871e-04
0.000e+00
5.161e-04
0.000e+00
1.290e-04
5.161e-04
2.581e-04
5.161e-04
0.000e+00
5.161e-04
1.290e-04
0.000e+00
1.032e-03
3.871e-04
1.161e-03
7.742e-04
1.290e-03
1.290e-03
2.452e-03
1.290e-03
2.065e-03
1.677e-03
1.419e-03
2.323e-03
2.452e-03
2.839e-03
2.452e-03
2.710e-03
2.839e-03
4.129e-03
3.742e-03
4.387e-03
4.000e-03
3.613e-03
3.613e-03
5.677e-03
5.290e-03
6.323e-03
4.645e-03
5.677e-03
6.194e-03
6.323e-03
8.645e-03
8.129e-03
7.484e-03
9.032e-03
1.084e-02
1.161e-02
8.774e-03
7.097e-03
8.516e-03
7.484e-03
7.484e-03
5.419e-03
6.194e-03
6.065e-03
6.968e-03
5.290e-03
6.323e-03
3.871e-03
3.613e-03
4.774e-03
5.161e-03
3.484e-03
3.097e-03
2.581e-03
2.452e-03
2.065e-03
1.935e-03
2.581e-03
2.323e-03
1.935e-03
1.935e-03
2.323e-03
1.935e-03
1.032e-03
1.161e-03
1.032e-03
1.419e-03
5.161e-04
6.452e-04
6.452e-04
1.161e-03
1.290e-04
3.871e-04
3.871e-04
2.581e-04
0.000e+00
0.000e+00
1.290e-04
3.871e-04
2.581e-04
6.452e-04
5.161e-04
2.581e-04
2.581e-04
1.290e-04
1.290e-04
0.000e+00
1.290e-04
1.290e-04
0.000e+00
1.290e-04
0.000e+00
2.581e-04
3.871e-04
1.290e-04
2.581e-04
1.290e-04
3.871e-04
5.161e-04
3.871e-04
3.871e-04
3.871e-04
6.452e-04
5.161e-04
5.161e-04
1.290e-04
1.290e-04
1.290e-04
3.871e-04
1.290e-04
2.581e-04
5.161e-04
5.161e-04
2.581e-04
3.871e-04
3.871e-04
1.290e-04
1.290e-04
1.290e-04
1.290e-04
0.000e+00
0.000e+00
1.290e-04
0.000e+00
0.000e+00
1.290e-04
0.000e+00
0.000e+00
1.290e-04
2.581e-04
0.000e+00
2.581e-04
5.161e-04
6.452e-04
5.161e-04
2.581e-04
3.871e-04
2.581e-04
1.290e-04
5.161e-04
5.161e-04
5.161e-04
6.452e-04
2.581e-04
1.290e-04
2.581e-04
5.161e-04
2.581e-04
0.000e+00
3.871e-04
2.581e-04
1.290e-04
0.000e+00
3.871e-04
1.290e-04
2.581e-04
0.000e+00
5.161e-04
1.290e-04
2.581e-04
3.871e-04
5.161e-04
2.581e-04
5.161e-04
2.581e-04
0.000e+00
3.871e-04
3.871e-04
1.290e-04
5.161e-04
3.871e-04
2.581e-04
1.290e-04
1.290e-04
5.161e-04
2.581e-04
2.581e-04
5.161e-04
7.742e-04
7.742e-04
9.032e-04
1.419e-03
1.419e-03
1.419e-03
2.839e-03
2.710e-03
1.806e-03
2.323e-03
2.065e-03
2.065e-03
3.484e-03
2.452e-03
2.710e-03
3.097e-03
4.129e-03
3.355e-03
5.161e-03
6.323e-03
6.710e-03
8.000e-03
7.355e-03
8.645e-03
8.129e-03
9.935e-03
1.058e-02
1.406e-02
1.290e-02
1.252e-02
1.523e-02
1.755e-02
1.819e-02
1.948e-02
2.426e-02
3.045e-02
3.639e-02
