7.788e-03
6.231e-03
7.009e-03
1.636e-02
1.012e-02
3.894e-03
8.567e-03
2.336e-03
3.894e-03
5.452e-03
3.115e-03
2.336e-03
3.115e-03
4.673e-03
4.673e-03
5.452e-03
3.115e-03
5.452e-03
2.336e-03
3.115e-03
1.558e-03
7.009e-03
3.894e-03
6.231e-03
5.452e-03
6.231e-03
5.452e-03
7.009e-03
5.452e-03
4.673e-03
6.231e-03
7.788e-03
1.246e-02
7.788e-03
7.009e-03
9.346e-03
7.009e-03
4.673e-03
4.673e-03
3.894e-03
4.673e-03
2.336e-03
3.115e-03
6.231e-03
0.000e+00
5.452e-03
0.000e+00
4.673e-03
3.115e-03
1.558e-03
3.115e-03
1.558e-03
1.558e-03
4.673e-03
3.115e-03
6.231e-03
3.115e-03
6.231e-03
3.894e-03
3.115e-03
3.115e-03
3.115e-03
4.673e-03
1.558e-03
1.558e-03
4.673e-03
3.894e-03
1.558e-03
2.336e-03
4.673e-03
2.336e-03
1.558e-03
7.788e-04
7.788e-04
0.000e+00
0.000e+00
0.000e+00
7.788e-04
2.336e-03
7.788e-04
7.788e-04
3.115e-03
2.336e-03
2.336e-03
7.788e-04
1.558e-03
3.894e-03
3.115e-03
0.000e+00
0.000e+00
7.788e-04
2.336e-03
7.788e-04
0.000e+00
0.000e+00
7.788e-04
7.788e-04
0.000e+00
0.000e+00
1.558e-03
1.558e-03
7.788e-04
1.558e-03
0.000e+00
2.336e-03
1.558e-03
7.788e-04
1.558e-03
0.000e+00
7.788e-04
0.000e+00
7.788e-04
7.788e-04
2.336e-03
7.788e-04
1.558e-03
1.558e-03
3.894e-03
3.894e-03
0.000e+00
1.558e-03
2.336e-03
3.894e-03
1.558e-03
1.558e-03
0.000e+00
7.788e-04
1.558e-03
0.000e+00
0.000e+00
1.558e-03
7.788e-04
7.788e-04
2.336e-03
1.558e-03
2.336e-03
3.115e-03
1.558e-03
3.115e-03
3.894e-03
3.115e-03
5.452e-03
2.336e-03
2.336e-03
2.336e-03
1.558e-03
2.336e-03
1.558e-03
1.558e-03
7.788e-04
3.115e-03
3.115e-03
2.336e-03
1.558e-03
7.788e-04
3.115e-03
7.788e-04
3.115e-03
1.558e-03
1.558e-03
3.115e-03
7.788e-04
5.452e-03
1.558e-03
0.000e+00
3.115e-03
7.788e-04
3.115e-03
1.558e-03
2.336e-03
7.788e-04
1.558e-03
0.000e+00
2.336e-03
0.000e+00
1.558e-03
1.558e-03
1.558e-03
0.000e+00
1.558e-03
1.558e-03
3.115e-03
7.788e-04
0.000e+00
2.336e-03
2.336e-03
0.000e+00
1.558e-03
2.336e-03
0.000e+00
0.000e+00
2.336e-03
7.788e-04
0.000e+00
1.558e-03
0.000e+00
4.673e-03
1.558e-03
1.558e-03
1.558e-03
3.894e-03
7.788e-04
7.788e-04
1.558e-03
1.558e-03
2.336e-03
7.788e-04
7.788e-04
0.000e+00
0.000e+00
1.558e-03
1.558e-03
7.788e-04
2.336e-03
7.788e-04
1.558e-03
1.558e-03
1.558e-03
2.336e-03
3.894e-03
2.336e-03
1.558e-03
7.788e-04
7.788e-04
0.000e+00
0.000e+00
0.000e+00
0.000e+00
1.558e-03
1.558e-03
1.558e-03
0.000e+00
7.788e-04
7.788e-04
1.558e-03
0.000e+00
0.000e+00
2.336e-03
3.894e-03
2.336e-03
7.788e-04
7.788e-04
2.336e-03
7.788e-04
2.336e-03
1.558e-03
0.000e+00
0.000e+00
7.788e-04
1.558e-03
4.673e-03
2.336e-03
1.558e-03
2.336e-03
1.558e-03
2.336e-03
7.788e-04
7.788e-04
7.788e-04
1.558e-03
0.000e+00
1.558e-03
2.336e-03
7.788e-04
1.558e-03
1.558e-03
2.336e-03
7.788e-04
1.558e-03
2.336e-03
7.788e-04
3.115e-03
3.115e-03
2.336e-03
3.115e-03
1.558e-03
2.336e-03
2.336e-03
2.336e-03
0.000e+00
1.558e-03
7.788e-04
1.558e-03
7.788e-04
1.558e-03
1.558e-03
7.788e-04
3.115e-03
2.336e-03
3.115e-03
0.000e+00
2.336e-03
0.000e+00
2.336e-03
1.558e-03
3.115e-03
4.673e-03
3.115e-03
3.115e-03
7.009e-03
2.336e-03
6.231e-03
7.788e-04
6.231e-03
4.673e-03
4.673e-03
2.336e-03
3.894e-03
3.115e-03
3.115e-03
2.336e-03
5.452e-03
3.894e-03
7.788e-04
1.558e-03
2.336e-03
2.336e-03
3.115e-03
3.894e-03
3.115e-03
3.894e-03
1.090e-02
4.673e-03
8.567e-03
1.324e-02
8.567e-03
5.452e-03
5.452e-03
4.673e-03
4.673e-03
3.894e-03
3.894e-03
3.894e-03
1.012e-02
5.452e-03
6.231e-03
4.673e-03
7.788e-03
6.231e-03
3.894e-03
5.452e-03
3.894e-03
3.115e-03
3.894e-03
2.336e-03
2.336e-03
3.115e-03
1.558e-03
3.894e-03
5.452e-03
3.115e-03
3.115e-03
4.673e-03
7.009e-03
7.009e-03
7.788e-03
7.788e-03
1.090e-02
1.636e-02
1.090e-02
