5.729e-03
6.493e-03
6.493e-03
5.292e-03
5.238e-03
5.074e-03
4.474e-03
5.947e-03
5.129e-03
5.347e-03
5.020e-03
5.674e-03
4.965e-03
5.238e-03
5.183e-03
5.074e-03
6.002e-03
4.638e-03
5.402e-03
5.511e-03
5.620e-03
4.201e-03
4.692e-03
4.638e-03
3.601e-03
3.874e-03
3.437e-03
3.983e-03
2.946e-03
3.601e-03
3.710e-03
3.546e-03
3.219e-03
2.619e-03
3.001e-03
3.765e-03
3.383e-03
3.274e-03
3.328e-03
3.983e-03
4.692e-03
4.419e-03
3.928e-03
4.474e-03
4.092e-03
4.038e-03
4.201e-03
4.529e-03
3.928e-03
5.238e-03
3.874e-03
5.347e-03
6.220e-03
5.620e-03
7.802e-03
6.493e-03
9.057e-03
1.211e-02
1.277e-02
1.102e-02
8.348e-03
6.547e-03
5.674e-03
4.965e-03
3.983e-03
3.383e-03
2.837e-03
2.292e-03
2.346e-03
2.564e-03
2.510e-03
1.528e-03
1.255e-03
1.091e-03
1.528e-03
1.582e-03
2.128e-03
1.637e-03
1.255e-03
1.091e-03
1.146e-03
1.364e-03
1.309e-03
9.821e-04
1.200e-03
1.037e-03
1.364e-03
1.255e-03
1.146e-03
9.821e-04
1.091e-03
1.146e-03
1.419e-03
9.275e-04
1.309e-03
1.309e-03
1.746e-03
1.309e-03
9.275e-04
1.146e-03
1.037e-03
9.821e-04
1.200e-03
1.037e-03
1.200e-03
1.037e-03
7.639e-04
1.091e-03
1.473e-03
1.037e-03
1.091e-03
8.730e-04
1.309e-03
1.255e-03
1.091e-03
1.255e-03
1.091e-03
1.364e-03
1.037e-03
1.200e-03
1.255e-03
1.037e-03
1.582e-03
1.091e-03
8.184e-04
1.091e-03
1.091e-03
8.184e-04
7.639e-04
1.582e-03
8.730e-04
1.528e-03
9.821e-04
1.691e-03
9.821e-04
1.091e-03
1.091e-03
1.037e-03
1.582e-03
1.473e-03
1.255e-03
1.255e-03
1.419e-03
1.146e-03
1.473e-03
1.091e-03
1.419e-03
1.801e-03
1.637e-03
1.200e-03
2.073e-03
1.910e-03
1.473e-03
1.364e-03
1.910e-03
1.637e-03
1.637e-03
2.073e-03
1.964e-03
2.073e-03
2.073e-03
2.346e-03
1.964e-03
2.128e-03
1.419e-03
2.128e-03
1.964e-03
1.964e-03
2.455e-03
2.510e-03
1.910e-03
1.910e-03
1.691e-03
2.182e-03
2.019e-03
2.182e-03
2.073e-03
2.182e-03
2.292e-03
2.455e-03
2.619e-03
1.691e-03
2.728e-03
2.346e-03
1.801e-03
1.746e-03
1.746e-03
2.346e-03
2.073e-03
2.401e-03
2.564e-03
2.292e-03
2.019e-03
2.455e-03
1.910e-03
1.801e-03
2.346e-03
1.582e-03
1.910e-03
1.801e-03
1.964e-03
1.582e-03
2.019e-03
2.128e-03
1.419e-03
1.910e-03
1.419e-03
1.582e-03
9.821e-04
1.964e-03
1.746e-03
1.637e-03
1.964e-03
1.200e-03
8.184e-04
9.821e-04
1.364e-03
8.730e-04
1.091e-03
1.364e-03
9.275e-04
1.255e-03
8.730e-04
9.275e-04
8.184e-04
1.146e-03
9.821e-04
1.037e-03
1.091e-03
8.730e-04
8.730e-04
6.547e-04
1.200e-03
9.821e-04
1.037e-03
1.255e-03
9.275e-04
9.821e-04
9.275e-04
1.528e-03
1.091e-03
1.255e-03
1.200e-03
1.037e-03
1.419e-03
1.691e-03
9.821e-04
1.309e-03
1.037e-03
7.639e-04
1.309e-03
1.146e-03
2.401e-03
9.821e-04
8.184e-04
1.528e-03
1.364e-03
9.821e-04
1.091e-03
1.364e-03
8.730e-04
8.184e-04
1.091e-03
1.364e-03
8.730e-04
1.091e-03
1.255e-03
1.200e-03
1.801e-03
1.364e-03
5.456e-04
9.821e-04
1.200e-03
1.364e-03
1.801e-03
9.275e-04
1.419e-03
1.146e-03
1.746e-03
1.037e-03
1.200e-03
1.528e-03
1.146e-03
1.364e-03
1.091e-03
1.637e-03
1.582e-03
1.746e-03
2.073e-03
1.255e-03
1.855e-03
2.674e-03
2.073e-03
2.619e-03
2.837e-03
3.383e-03
2.946e-03
4.747e-03
5.784e-03
6.220e-03
9.548e-03
1.179e-02
1.331e-02
9.876e-03
9.439e-03
7.038e-03
7.911e-03
6.111e-03
5.292e-03
5.347e-03
5.292e-03
3.765e-03
3.546e-03
3.819e-03
3.656e-03
3.928e-03
4.256e-03
4.692e-03
4.256e-03
3.710e-03
3.819e-03
3.546e-03
3.983e-03
3.983e-03
3.492e-03
3.656e-03
3.165e-03
3.110e-03
2.674e-03
3.492e-03
4.201e-03
3.001e-03
3.601e-03
4.038e-03
3.601e-03
4.092e-03
3.219e-03
4.092e-03
4.365e-03
3.437e-03
4.419e-03
5.238e-03
4.310e-03
4.638e-03
4.692e-03
5.893e-03
5.183e-03
4.911e-03
5.129e-03
5.020e-03
5.074e-03
4.965e-03
5.784e-03
4.692e-03
4.965e-03
5.020e-03
4.256e-03
6.165e-03
5.292e-03
5.893e-03
