5.055e-02
2.856e-02
1.813e-02
7.863e-03
5.937e-03
4.493e-03
4.653e-03
4.012e-03
4.974e-03
4.653e-03
3.209e-03
3.370e-03
4.653e-03
5.937e-03
4.974e-03
5.135e-03
3.209e-03
3.691e-03
4.332e-03
4.012e-03
3.049e-03
3.209e-03
3.691e-03
3.370e-03
2.086e-03
1.926e-03
1.765e-03
2.567e-03
2.888e-03
5.135e-03
2.728e-03
4.493e-03
1.765e-03
2.086e-03
1.765e-03
1.444e-03
2.086e-03
2.728e-03
1.926e-03
1.284e-03
1.605e-03
1.444e-03
1.765e-03
2.567e-03
1.284e-03
1.926e-03
1.605e-03
1.605e-03
1.765e-03
1.284e-03
8.023e-04
6.418e-04
1.123e-03
6.418e-04
4.814e-04
6.418e-04
8.023e-04
8.023e-04
1.123e-03
3.209e-04
4.814e-04
3.209e-04
4.814e-04
8.023e-04
6.418e-04
4.814e-04
9.628e-04
8.023e-04
6.418e-04
8.023e-04
0.000e+00
4.814e-04
1.284e-03
8.023e-04
1.123e-03
4.814e-04
3.209e-04
4.814e-04
1.605e-04
1.605e-04
0.000e+00
8.023e-04
3.209e-04
1.605e-04
4.814e-04
1.444e-03
8.023e-04
4.814e-04
0.000e+00
3.209e-04
1.605e-04
0.000e+00
0.000e+00
1.605e-04
6.418e-04
3.691e-03
1.123e-03
0.000e+00
1.605e-04
8.023e-04
8.023e-04
3.209e-04
4.814e-04
3.209e-04
1.605e-04
4.814e-04
4.814e-04
6.418e-04
4.814e-04
6.418e-04
6.418e-04
8.023e-04
3.209e-04
4.814e-04
4.814e-04
3.209e-04
3.209e-04
3.209e-04
3.209e-04
4.814e-04
6.418e-04
9.628e-04
8.023e-04
6.418e-04
6.418e-04
1.123e-03
4.814e-04
9.628e-04
6.418e-04
2.086e-03
1.284e-03
2.086e-03
1.123e-03
1.444e-03
9.628e-04
8.023e-04
2.086e-03
2.246e-03
1.926e-03
1.765e-03
2.246e-03
2.407e-03
1.765e-03
2.888e-03
1.444e-03
1.605e-03
1.284e-03
2.567e-03
1.765e-03
3.049e-03
2.728e-03
2.407e-03
2.567e-03
3.370e-03
5.135e-03
4.332e-03
2.888e-03
1.926e-03
2.728e-03
1.926e-03
2.567e-03
4.332e-03
4.172e-03
4.332e-03
5.456e-03
4.814e-03
3.370e-03
4.172e-03
4.493e-03
4.493e-03
4.653e-03
4.332e-03
5.616e-03
4.172e-03
8.504e-03
7.863e-03
9.467e-03
1.396e-02
1.685e-02
2.407e-02
4.573e-02
2.279e-02
1.637e-02
1.011e-02
1.027e-02
6.900e-03
7.863e-03
4.493e-03
4.974e-03
5.616e-03
5.135e-03
3.851e-03
4.172e-03
3.691e-03
4.493e-03
3.851e-03
3.530e-03
6.098e-03
2.407e-03
3.370e-03
3.370e-03
3.530e-03
2.246e-03
2.567e-03
3.049e-03
2.567e-03
4.974e-03
3.209e-03
4.332e-03
3.691e-03
1.926e-03
3.370e-03
1.926e-03
1.926e-03
1.444e-03
1.926e-03
1.284e-03
3.049e-03
1.765e-03
1.284e-03
1.123e-03
1.284e-03
2.567e-03
2.086e-03
9.628e-04
1.605e-03
1.284e-03
1.284e-03
4.814e-04
1.123e-03
4.814e-04
9.628e-04
8.023e-04
1.123e-03
6.418e-04
8.023e-04
4.814e-04
1.605e-03
1.605e-04
3.209e-04
1.444e-03
3.209e-04
8.023e-04
3.209e-04
4.814e-04
1.284e-03
6.418e-04
0.000e+00
4.814e-04
4.814e-04
4.814e-04
9.628e-04
1.123e-03
6.418e-04
4.814e-04
1.605e-04
1.605e-04
3.209e-04
6.418e-04
3.209e-04
4.814e-04
4.814e-04
0.000e+00
1.605e-04
4.814e-04
1.284e-03
1.123e-03
3.209e-04
1.605e-04
0.000e+00
0.000e+00
4.814e-04
0.000e+00
0.000e+00
1.605e-04
2.567e-03
2.728e-03
1.605e-04
1.605e-04
1.605e-04
8.023e-04
6.418e-04
3.209e-04
4.814e-04
1.605e-04
4.814e-04
4.814e-04
1.284e-03
8.023e-04
1.605e-04
8.023e-04
4.814e-04
4.814e-04
8.023e-04
3.209e-04
6.418e-04
3.209e-04
1.605e-04
4.814e-04
1.284e-03
8.023e-04
4.814e-04
8.023e-04
4.814e-04
3.209e-04
4.814e-04
1.605e-03
1.123e-03
1.444e-03
9.628e-04
1.444e-03
9.628e-04
1.605e-03
2.728e-03
1.765e-03
2.086e-03
1.284e-03
9.628e-04
2.728e-03
1.926e-03
2.407e-03
1.605e-03
1.765e-03
2.728e-03
2.567e-03
1.605e-03
1.284e-03
2.246e-03
2.888e-03
2.888e-03
1.926e-03
3.851e-03
4.012e-03
3.530e-03
2.086e-03
2.888e-03
2.888e-03
4.012e-03
3.209e-03
2.888e-03
3.209e-03
3.530e-03
4.012e-03
2.888e-03
3.209e-03
4.172e-03
5.777e-03
2.888e-03
5.456e-03
4.653e-03
3.049e-03
5.616e-03
6.418e-03
4.493e-03
4.814e-03
4.493e-03
7.381e-03
9.146e-03
1.813e-02
3.065e-02
