2.658e-03
2.342e-03
2.387e-03
1.832e-03
1.697e-03
1.532e-03
1.517e-03
1.607e-03
1.411e-03
1.366e-03
1.321e-03
1.186e-03
1.126e-03
1.231e-03
1.351e-03
1.081e-03
1.667e-03
1.351e-03
1.577e-03
1.652e-03
1.517e-03
1.757e-03
1.742e-03
1.862e-03
1.892e-03
1.547e-03
1.847e-03
2.102e-03
2.132e-03
2.252e-03
2.553e-03
2.568e-03
3.018e-03
3.198e-03
4.009e-03
4.039e-03
4.159e-03
3.844e-03
4.024e-03
3.198e-03
3.363e-03
3.138e-03
3.258e-03
3.108e-03
3.604e-03
3.784e-03
4.760e-03
4.760e-03
4.700e-03
5.601e-03
5.946e-03
6.997e-03
7.087e-03
7.508e-03
8.724e-03
9.985e-03
1.144e-02
1.090e-02
1.234e-02
1.661e-02
2.009e-02
1.188e-02
6.937e-03
5.135e-03
4.204e-03
4.249e-03
4.084e-03
3.634e-03
3.544e-03
4.099e-03
4.039e-03
3.514e-03
3.363e-03
3.378e-03
2.688e-03
2.838e-03
2.417e-03
1.802e-03
1.982e-03
1.907e-03
1.742e-03
1.787e-03
1.952e-03
1.682e-03
1.622e-03
1.697e-03
1.772e-03
1.426e-03
1.727e-03
1.547e-03
1.381e-03
9.310e-04
1.156e-03
1.111e-03
1.141e-03
1.051e-03
1.006e-03
1.066e-03
1.036e-03
9.159e-04
1.036e-03
9.760e-04
8.559e-04
9.460e-04
7.508e-04
9.610e-04
7.207e-04
6.306e-04
7.958e-04
7.057e-04
9.610e-04
8.108e-04
8.709e-04
8.859e-04
9.610e-04
9.610e-04
8.859e-04
9.460e-04
1.201e-03
9.009e-04
1.051e-03
9.460e-04
1.126e-03
1.171e-03
7.207e-04
1.036e-03
9.460e-04
7.057e-04
9.610e-04
1.006e-03
6.757e-04
6.156e-04
7.358e-04
5.406e-04
7.508e-04
6.757e-04
7.057e-04
6.457e-04
7.658e-04
8.859e-04
6.306e-04
8.409e-04
1.066e-03
9.460e-04
9.610e-04
9.159e-04
8.709e-04
8.859e-04
1.186e-03
1.111e-03
1.261e-03
1.411e-03
1.426e-03
1.502e-03
1.517e-03
1.366e-03
1.592e-03
1.577e-03
1.787e-03
1.982e-03
2.192e-03
2.177e-03
2.192e-03
2.868e-03
2.988e-03
3.514e-03
3.604e-03
4.234e-03
3.979e-03
4.144e-03
5.105e-03
4.264e-03
4.279e-03
5.180e-03
4.835e-03
5.691e-03
6.652e-03
6.547e-03
7.403e-03
7.463e-03
8.439e-03
7.313e-03
7.703e-03
6.847e-03
6.622e-03
6.051e-03
5.240e-03
5.240e-03
4.670e-03
4.144e-03
4.219e-03
3.949e-03
3.604e-03
2.943e-03
2.688e-03
3.003e-03
2.673e-03
2.793e-03
2.703e-03
2.628e-03
2.523e-03
2.282e-03
2.087e-03
1.982e-03
2.222e-03
1.922e-03
1.577e-03
1.742e-03
1.562e-03
1.351e-03
1.201e-03
1.126e-03
1.201e-03
1.081e-03
9.159e-04
1.111e-03
5.706e-04
8.409e-04
8.859e-04
9.610e-04
8.259e-04
6.757e-04
8.859e-04
8.559e-04
8.559e-04
8.409e-04
9.159e-04
8.409e-04
9.760e-04
8.108e-04
8.409e-04
1.051e-03
7.808e-04
6.907e-04
9.310e-04
1.036e-03
1.021e-03
9.159e-04
1.246e-03
1.066e-03
9.910e-04
1.036e-03
1.006e-03
8.709e-04
1.036e-03
9.610e-04
1.006e-03
8.409e-04
1.051e-03
8.259e-04
7.508e-04
7.508e-04
6.907e-04
6.457e-04
6.457e-04
8.259e-04
9.310e-04
6.907e-04
9.009e-04
9.310e-04
9.610e-04
6.907e-04
7.207e-04
9.460e-04
1.021e-03
8.409e-04
1.126e-03
1.231e-03
1.021e-03
1.246e-03
1.562e-03
1.472e-03
1.817e-03
1.592e-03
1.832e-03
1.817e-03
1.832e-03
1.937e-03
1.802e-03
1.562e-03
1.817e-03
1.982e-03
1.982e-03
2.478e-03
2.207e-03
2.538e-03
3.409e-03
3.048e-03
4.370e-03
3.754e-03
3.739e-03
3.649e-03
3.934e-03
3.859e-03
3.634e-03
3.979e-03
4.910e-03
5.541e-03
7.087e-03
1.171e-02
1.952e-02
1.572e-02
1.138e-02
1.056e-02
9.985e-03
9.430e-03
9.340e-03
8.919e-03
7.853e-03
6.517e-03
5.811e-03
5.015e-03
4.775e-03
3.739e-03
3.919e-03
3.769e-03
3.409e-03
3.198e-03
4.129e-03
3.409e-03
3.514e-03
4.234e-03
3.979e-03
4.234e-03
4.174e-03
4.309e-03
3.934e-03
3.874e-03
2.988e-03
2.448e-03
2.372e-03
2.222e-03
2.252e-03
2.252e-03
2.117e-03
1.862e-03
1.817e-03
1.832e-03
1.426e-03
1.802e-03
1.577e-03
1.396e-03
1.577e-03
1.291e-03
1.562e-03
1.712e-03
1.411e-03
1.487e-03
1.186e-03
1.396e-03
1.321e-03
1.532e-03
1.727e-03
1.502e-03
1.487e-03
1.622e-03
1.772e-03
1.982e-03
2.072e-03
2.748e-03
