1.566e-02
7.762e-03
5.605e-03
4.672e-03
3.983e-03
3.651e-03
3.273e-03
3.171e-03
3.164e-03
3.164e-03
2.995e-03
3.225e-03
2.738e-03
2.948e-03
3.171e-03
3.178e-03
3.070e-03
3.090e-03
3.205e-03
3.334e-03
3.090e-03
2.935e-03
3.178e-03
3.043e-03
3.388e-03
3.043e-03
3.320e-03
2.989e-03
3.104e-03
3.503e-03
3.631e-03
3.719e-03
3.611e-03
4.287e-03
4.172e-03
3.996e-03
3.935e-03
3.590e-03
3.442e-03
3.705e-03
3.124e-03
3.036e-03
2.813e-03
2.772e-03
3.056e-03
3.137e-03
3.381e-03
4.043e-03
4.179e-03
4.361e-03
5.463e-03
5.504e-03
6.038e-03
7.100e-03
8.526e-03
9.899e-03
1.222e-02
1.585e-02
1.821e-02
1.333e-02
1.688e-02
8.472e-03
5.774e-03
4.422e-03
3.766e-03
3.536e-03
3.205e-03
3.286e-03
2.921e-03
3.097e-03
3.171e-03
3.056e-03
2.333e-03
2.191e-03
2.089e-03
1.974e-03
1.657e-03
1.542e-03
1.325e-03
1.481e-03
1.386e-03
1.346e-03
1.386e-03
1.156e-03
1.285e-03
1.062e-03
1.258e-03
1.028e-03
1.251e-03
1.258e-03
1.149e-03
1.082e-03
1.062e-03
8.858e-04
7.776e-04
7.911e-04
8.723e-04
9.399e-04
8.790e-04
9.399e-04
9.466e-04
8.182e-04
7.438e-04
7.370e-04
8.452e-04
8.723e-04
8.925e-04
8.114e-04
8.182e-04
8.858e-04
8.452e-04
9.872e-04
1.116e-03
9.466e-04
1.143e-03
1.035e-03
1.231e-03
1.413e-03
1.264e-03
1.325e-03
1.210e-03
1.474e-03
1.319e-03
1.183e-03
9.466e-04
1.089e-03
1.177e-03
1.062e-03
8.046e-04
9.128e-04
1.055e-03
9.196e-04
1.007e-03
8.925e-04
7.911e-04
7.844e-04
6.762e-04
7.235e-04
7.100e-04
7.641e-04
8.452e-04
9.940e-04
9.872e-04
9.534e-04
1.035e-03
1.041e-03
1.082e-03
1.136e-03
1.285e-03
1.149e-03
1.122e-03
1.197e-03
1.035e-03
1.298e-03
1.190e-03
1.217e-03
1.393e-03
1.271e-03
1.251e-03
1.481e-03
1.433e-03
1.575e-03
1.433e-03
1.488e-03
1.751e-03
2.130e-03
2.549e-03
2.387e-03
2.630e-03
2.630e-03
2.678e-03
2.610e-03
3.029e-03
2.732e-03
2.826e-03
3.415e-03
3.347e-03
4.584e-03
4.591e-03
4.632e-03
5.362e-03
4.341e-03
4.659e-03
4.787e-03
4.104e-03
3.584e-03
3.293e-03
2.583e-03
2.651e-03
2.414e-03
2.312e-03
2.258e-03
2.089e-03
1.974e-03
1.941e-03
1.954e-03
2.258e-03
1.792e-03
1.569e-03
1.636e-03
1.596e-03
1.433e-03
1.575e-03
1.433e-03
1.603e-03
1.677e-03
1.548e-03
1.210e-03
1.136e-03
1.102e-03
1.102e-03
1.068e-03
1.014e-03
1.190e-03
9.061e-04
9.872e-04
1.075e-03
8.993e-04
9.061e-04
7.844e-04
8.046e-04
7.641e-04
8.655e-04
8.384e-04
8.723e-04
8.655e-04
9.196e-04
8.587e-04
1.035e-03
9.264e-04
8.790e-04
8.858e-04
9.196e-04
1.062e-03
1.116e-03
9.602e-04
1.136e-03
1.332e-03
1.258e-03
1.197e-03
1.400e-03
1.406e-03
1.386e-03
1.271e-03
1.197e-03
1.224e-03
1.163e-03
1.122e-03
1.170e-03
9.872e-04
9.669e-04
9.196e-04
8.655e-04
8.655e-04
9.264e-04
7.844e-04
6.018e-04
7.438e-04
6.694e-04
7.032e-04
8.046e-04
9.061e-04
9.872e-04
1.075e-03
8.993e-04
9.128e-04
8.790e-04
1.062e-03
9.872e-04
1.237e-03
1.359e-03
1.197e-03
1.089e-03
1.237e-03
1.325e-03
1.197e-03
1.129e-03
1.197e-03
1.109e-03
1.224e-03
1.393e-03
1.420e-03
1.231e-03
1.569e-03
1.738e-03
1.778e-03
2.022e-03
2.461e-03
2.482e-03
2.772e-03
2.732e-03
2.624e-03
3.050e-03
3.151e-03
3.381e-03
3.557e-03
4.023e-03
4.537e-03
5.795e-03
8.243e-03
1.653e-02
1.361e-02
1.797e-02
1.520e-02
1.216e-02
1.082e-02
8.614e-03
7.472e-03
6.397e-03
5.524e-03
4.848e-03
3.969e-03
3.780e-03
3.320e-03
3.557e-03
3.225e-03
2.806e-03
2.786e-03
2.860e-03
3.273e-03
3.557e-03
3.895e-03
4.226e-03
4.077e-03
4.098e-03
4.192e-03
4.625e-03
4.138e-03
3.618e-03
3.442e-03
3.915e-03
3.266e-03
3.077e-03
2.867e-03
3.476e-03
3.192e-03
2.941e-03
3.320e-03
3.198e-03
2.644e-03
2.786e-03
3.273e-03
3.144e-03
2.955e-03
3.334e-03
3.354e-03
3.164e-03
2.935e-03
2.799e-03
2.732e-03
2.657e-03
3.124e-03
2.820e-03
3.442e-03
3.408e-03
3.699e-03
3.800e-03
4.456e-03
5.518e-03
7.343e-03
