3.518e-02
3.136e-02
2.065e-02
1.453e-02
1.568e-02
1.300e-02
1.491e-02
8.031e-03
1.224e-02
9.943e-03
8.413e-03
8.031e-03
3.824e-03
5.354e-03
6.501e-03
6.883e-03
8.031e-03
9.178e-03
6.501e-03
7.266e-03
6.883e-03
4.971e-03
2.677e-03
6.119e-03
4.971e-03
5.354e-03
4.207e-03
3.824e-03
4.971e-03
4.589e-03
6.883e-03
3.824e-03
2.294e-03
2.294e-03
1.530e-03
3.059e-03
2.677e-03
3.824e-03
1.912e-03
4.589e-03
2.677e-03
1.912e-03
2.677e-03
1.912e-03
2.677e-03
1.912e-03
1.912e-03
2.677e-03
1.530e-03
2.294e-03
2.677e-03
4.207e-03
4.971e-03
5.736e-03
3.824e-03
1.912e-03
4.589e-03
4.971e-03
5.354e-03
5.354e-03
5.736e-03
6.119e-03
2.294e-03
3.059e-03
1.530e-03
2.677e-03
2.677e-03
3.824e-04
1.530e-03
1.912e-03
1.530e-03
3.824e-04
0.000e+00
7.648e-04
7.648e-04
1.530e-03
0.000e+00
7.648e-04
1.147e-03
0.000e+00
1.147e-03
0.000e+00
0.000e+00
3.824e-04
3.824e-04
0.000e+00
3.824e-04
3.824e-04
0.000e+00
7.648e-04
1.147e-03
7.648e-04
1.147e-03
2.677e-03
3.824e-04
1.147e-03
3.824e-04
1.147e-03
1.530e-03
3.824e-04
7.648e-04
0.000e+00
3.824e-04
7.648e-04
0.000e+00
3.824e-04
7.648e-04
7.648e-04
7.648e-04
1.147e-03
0.000e+00
3.824e-04
3.824e-04
1.147e-03
3.824e-04
3.824e-04
3.824e-04
3.824e-04
1.147e-03
3.824e-04
7.648e-04
3.824e-04
0.000e+00
1.147e-03
0.000e+00
3.824e-04
1.147e-03
1.147e-03
0.000e+00
7.648e-04
0.000e+00
0.000e+00
7.648e-04
3.824e-04
3.824e-04
0.000e+00
3.824e-04
2.294e-03
7.648e-04
0.000e+00
7.648e-04
1.530e-03
7.648e-04
3.824e-04
0.000e+00
7.648e-04
0.000e+00
3.824e-04
7.648e-04
2.677e-03
3.824e-04
1.530e-03
0.000e+00
1.147e-03
3.824e-04
3.824e-04
3.824e-04
3.824e-04
1.147e-03
3.824e-04
7.648e-04
1.147e-03
3.824e-04
7.648e-04
1.147e-03
2.294e-03
7.648e-04
1.147e-03
2.294e-03
2.677e-03
7.648e-04
3.824e-04
1.530e-03
3.442e-03
3.059e-03
2.677e-03
1.147e-03
1.912e-03
1.147e-03
5.354e-03
2.677e-03
4.207e-03
3.824e-03
2.294e-03
7.648e-04
2.677e-03
3.442e-03
1.530e-03
3.824e-04
1.912e-03
2.677e-03
7.648e-04
1.147e-03
2.294e-03
1.147e-03
1.530e-03
7.648e-04
1.530e-03
1.530e-03
7.648e-04
3.824e-04
3.824e-04
1.147e-03
0.000e+00
7.648e-04
3.824e-04
0.000e+00
0.000e+00
0.000e+00
1.530e-03
1.912e-03
1.147e-03
1.147e-03
3.824e-04
0.000e+00
1.530e-03
7.648e-04
0.000e+00
3.824e-04
3.824e-04
1.147e-03
3.824e-04
1.147e-03
1.912e-03
7.648e-04
7.648e-04
0.000e+00
7.648e-04
1.530e-03
3.824e-04
3.824e-04
7.648e-04
3.824e-04
7.648e-04
3.824e-04
7.648e-04
0.000e+00
7.648e-04
7.648e-04
7.648e-04
7.648e-04
3.824e-04
1.530e-03
3.824e-04
3.824e-04
3.824e-04
0.000e+00
1.147e-03
0.000e+00
0.000e+00
1.147e-03
0.000e+00
7.648e-04
0.000e+00
0.000e+00
0.000e+00
7.648e-04
3.824e-04
0.000e+00
7.648e-04
1.147e-03
3.824e-04
3.824e-04
1.147e-03
1.147e-03
1.530e-03
3.824e-04
7.648e-04
3.824e-04
7.648e-04
1.147e-03
7.648e-04
3.824e-04
0.000e+00
3.824e-04
0.000e+00
2.294e-03
3.824e-04
0.000e+00
7.648e-04
7.648e-04
7.648e-04
7.648e-04
3.824e-04
3.824e-04
3.824e-04
1.147e-03
3.824e-04
1.147e-03
2.294e-03
1.912e-03
7.648e-04
2.294e-03
7.648e-04
1.147e-03
3.824e-04
1.147e-03
3.442e-03
4.207e-03
3.824e-03
3.824e-03
6.501e-03
6.501e-03
6.119e-03
5.354e-03
4.589e-03
3.442e-03
4.589e-03
5.354e-03
4.207e-03
1.530e-03
3.059e-03
1.912e-03
1.912e-03
3.824e-03
1.912e-03
3.059e-03
2.677e-03
2.294e-03
3.824e-03
2.677e-03
4.207e-03
2.677e-03
1.530e-03
4.207e-03
2.294e-03
3.824e-03
3.059e-03
2.677e-03
4.971e-03
4.589e-03
4.589e-03
4.589e-03
6.119e-03
4.207e-03
4.971e-03
4.207e-03
3.824e-03
5.354e-03
5.736e-03
3.824e-03
3.059e-03
8.413e-03
6.119e-03
8.031e-03
6.119e-03
4.971e-03
4.207e-03
1.147e-02
6.501e-03
8.413e-03
8.795e-03
9.943e-03
1.071e-02
1.262e-02
1.033e-02
1.683e-02
1.912e-02
2.409e-02
3.174e-02
