2.559e-02
1.105e-02
9.429e-03
1.078e-02
7.812e-03
9.968e-03
7.274e-03
7.543e-03
1.024e-02
9.429e-03
8.351e-03
8.351e-03
7.543e-03
7.543e-03
7.274e-03
9.698e-03
9.698e-03
1.024e-02
8.890e-03
6.735e-03
9.429e-03
5.927e-03
5.657e-03
4.580e-03
2.963e-03
3.233e-03
4.310e-03
2.694e-03
2.963e-03
2.155e-03
2.425e-03
8.082e-04
2.963e-03
1.886e-03
2.694e-04
1.886e-03
1.616e-03
3.233e-03
2.155e-03
3.502e-03
2.963e-03
4.310e-03
3.233e-03
3.233e-03
3.502e-03
1.886e-03
2.155e-03
1.347e-03
8.082e-04
8.082e-04
1.616e-03
5.388e-04
8.082e-04
1.347e-03
1.078e-03
1.078e-03
2.425e-03
5.388e-04
8.082e-04
1.078e-03
2.694e-04
8.082e-04
0.000e+00
1.347e-03
8.082e-04
5.388e-04
2.694e-04
5.388e-04
2.694e-04
1.616e-03
1.616e-03
5.388e-04
8.082e-04
8.082e-04
8.082e-04
5.388e-04
0.000e+00
8.082e-04
5.388e-04
1.078e-03
2.694e-04
1.347e-03
1.078e-03
1.347e-03
5.388e-04
5.388e-04
1.347e-03
1.078e-03
1.078e-03
2.694e-03
2.155e-03
2.425e-03
1.347e-03
1.078e-03
3.502e-03
1.616e-03
1.616e-03
1.347e-03
1.347e-03
2.155e-03
1.347e-03
2.694e-03
4.580e-03
3.772e-03
2.155e-03
3.502e-03
2.963e-03
3.502e-03
2.425e-03
2.694e-03
4.580e-03
2.425e-03
3.233e-03
3.772e-03
6.196e-03
1.616e-03
4.041e-03
6.196e-03
6.196e-03
5.657e-03
2.963e-03
1.616e-03
2.963e-03
1.616e-03
2.155e-03
2.425e-03
3.502e-03
2.425e-03
5.388e-04
2.694e-03
1.886e-03
1.347e-03
2.963e-03
1.078e-03
2.155e-03
2.425e-03
1.886e-03
1.078e-03
2.425e-03
3.233e-03
1.616e-03
1.886e-03
1.886e-03
2.155e-03
1.347e-03
2.155e-03
2.155e-03
1.616e-03
2.155e-03
1.616e-03
8.082e-04
5.388e-04
1.616e-03
8.082e-04
8.082e-04
1.616e-03
1.616e-03
1.616e-03
1.616e-03
1.616e-03
5.388e-04
1.616e-03
1.886e-03
1.616e-03
5.388e-04
1.078e-03
1.886e-03
1.616e-03
8.082e-04
8.082e-04
1.616e-03
2.155e-03
1.886e-03
5.388e-04
1.886e-03
1.078e-03
1.347e-03
5.388e-04
1.347e-03
2.155e-03
1.616e-03
8.082e-04
2.155e-03
8.082e-04
1.886e-03
2.694e-03
1.078e-03
2.694e-03
2.694e-03
1.347e-03
1.347e-03
1.347e-03
1.078e-03
1.616e-03
3.233e-03
2.694e-03
2.155e-03
2.155e-03
2.963e-03
1.616e-03
1.886e-03
1.078e-03
1.078e-03
1.616e-03
2.963e-03
1.347e-03
1.886e-03
2.155e-03
2.155e-03
1.616e-03
1.886e-03
2.963e-03
1.616e-03
8.082e-04
2.425e-03
1.078e-03
2.963e-03
2.963e-03
1.078e-03
2.694e-03
1.616e-03
1.886e-03
1.886e-03
1.886e-03
1.347e-03
5.388e-04
1.886e-03
1.616e-03
2.425e-03
1.616e-03
1.886e-03
3.233e-03
1.886e-03
1.616e-03
2.963e-03
2.963e-03
2.425e-03
2.155e-03
2.963e-03
3.502e-03
2.963e-03
5.388e-03
3.502e-03
6.466e-03
2.155e-03
2.155e-03
3.772e-03
1.347e-03
2.155e-03
1.347e-03
2.963e-03
2.694e-03
3.502e-03
2.155e-03
3.233e-03
4.310e-03
3.502e-03
5.657e-03
2.694e-03
2.963e-03
2.963e-03
2.425e-03
1.347e-03
1.616e-03
1.616e-03
1.886e-03
1.078e-03
1.886e-03
2.694e-03
1.347e-03
1.078e-03
2.155e-03
8.082e-04
1.078e-03
8.082e-04
2.694e-04
1.347e-03
0.000e+00
1.347e-03
5.388e-04
2.694e-04
2.694e-04
0.000e+00
5.388e-04
2.694e-04
0.000e+00
8.082e-04
2.694e-04
5.388e-04
2.694e-04
1.347e-03
2.694e-04
2.694e-04
1.347e-03
1.078e-03
8.082e-04
1.078e-03
1.347e-03
8.082e-04
5.388e-04
5.388e-04
1.886e-03
8.082e-04
5.388e-04
1.078e-03
1.886e-03
2.425e-03
1.078e-03
5.388e-04
5.388e-04
2.425e-03
1.347e-03
1.347e-03
1.616e-03
2.963e-03
3.772e-03
2.425e-03
4.310e-03
3.233e-03
3.772e-03
2.425e-03
2.963e-03
3.502e-03
2.963e-03
2.155e-03
1.616e-03
3.502e-03
2.963e-03
2.963e-03
8.082e-04
5.657e-03
2.694e-03
4.041e-03
1.886e-03
3.502e-03
3.502e-03
4.310e-03
5.927e-03
6.196e-03
6.466e-03
7.004e-03
6.735e-03
8.621e-03
7.004e-03
1.078e-02
6.466e-03
4.310e-03
7.543e-03
5.388e-03
6.466e-03
9.968e-03
5.927e-03
6.735e-03
6.466e-03
7.812e-03
8.351e-03
7.274e-03
1.051e-02
9.698e-03
1.185e-02
