5.090e-03
2.823e-03
2.132e-03
2.042e-03
1.562e-03
2.042e-03
1.652e-03
1.441e-03
1.441e-03
1.652e-03
1.231e-03
1.727e-03
1.336e-03
1.592e-03
1.216e-03
1.607e-03
1.472e-03
1.892e-03
1.622e-03
1.637e-03
1.802e-03
1.562e-03
1.487e-03
1.667e-03
2.087e-03
1.652e-03
1.787e-03
1.922e-03
1.967e-03
2.342e-03
2.387e-03
2.598e-03
2.357e-03
3.378e-03
3.874e-03
3.994e-03
3.859e-03
3.709e-03
3.123e-03
3.409e-03
3.123e-03
2.943e-03
3.138e-03
2.883e-03
3.393e-03
3.108e-03
3.799e-03
4.279e-03
4.760e-03
4.475e-03
6.066e-03
5.676e-03
5.871e-03
7.192e-03
7.898e-03
8.949e-03
1.068e-02
1.138e-02
1.168e-02
1.353e-02
2.821e-02
1.189e-02
7.358e-03
5.721e-03
4.670e-03
4.400e-03
3.844e-03
4.415e-03
3.799e-03
4.309e-03
4.069e-03
3.709e-03
2.898e-03
3.243e-03
2.778e-03
2.823e-03
2.297e-03
2.177e-03
1.712e-03
1.802e-03
1.967e-03
1.997e-03
2.027e-03
1.532e-03
1.577e-03
1.156e-03
1.441e-03
1.171e-03
1.592e-03
1.441e-03
1.336e-03
1.336e-03
1.051e-03
9.310e-04
9.460e-04
9.310e-04
9.760e-04
1.126e-03
1.081e-03
1.081e-03
1.126e-03
1.021e-03
8.709e-04
8.859e-04
9.610e-04
8.259e-04
1.081e-03
8.108e-04
7.958e-04
1.051e-03
7.358e-04
8.859e-04
1.186e-03
1.081e-03
1.201e-03
1.006e-03
1.171e-03
1.276e-03
1.261e-03
1.306e-03
1.336e-03
1.276e-03
1.051e-03
9.760e-04
8.559e-04
1.186e-03
9.910e-04
7.207e-04
6.907e-04
6.907e-04
8.559e-04
8.409e-04
6.457e-04
8.409e-04
7.658e-04
7.358e-04
6.306e-04
7.808e-04
6.156e-04
7.508e-04
7.808e-04
1.036e-03
9.610e-04
8.859e-04
1.006e-03
1.066e-03
1.006e-03
1.306e-03
1.366e-03
1.216e-03
1.096e-03
1.171e-03
1.036e-03
1.441e-03
1.577e-03
1.562e-03
1.517e-03
1.411e-03
1.652e-03
1.772e-03
1.922e-03
2.372e-03
2.087e-03
2.252e-03
2.478e-03
3.318e-03
3.994e-03
4.009e-03
4.400e-03
4.520e-03
4.324e-03
4.415e-03
5.165e-03
4.159e-03
4.400e-03
5.646e-03
5.300e-03
7.748e-03
7.553e-03
7.793e-03
8.259e-03
7.147e-03
7.538e-03
7.973e-03
6.622e-03
5.976e-03
5.406e-03
4.294e-03
4.370e-03
3.994e-03
3.904e-03
3.604e-03
3.333e-03
3.033e-03
2.628e-03
3.033e-03
3.574e-03
2.643e-03
2.493e-03
2.372e-03
2.057e-03
1.952e-03
2.282e-03
1.937e-03
2.042e-03
2.147e-03
2.267e-03
1.457e-03
1.441e-03
1.321e-03
1.081e-03
1.036e-03
1.006e-03
1.276e-03
7.508e-04
7.808e-04
1.021e-03
8.559e-04
9.610e-04
6.156e-04
9.009e-04
8.409e-04
9.760e-04
9.610e-04
7.508e-04
7.808e-04
8.859e-04
8.859e-04
1.126e-03
8.709e-04
7.808e-04
7.207e-04
7.658e-04
1.051e-03
1.021e-03
1.036e-03
1.111e-03
1.231e-03
1.231e-03
1.096e-03
1.592e-03
1.201e-03
1.216e-03
1.201e-03
1.111e-03
1.111e-03
1.141e-03
1.006e-03
1.246e-03
7.808e-04
1.081e-03
9.760e-04
9.760e-04
9.460e-04
1.051e-03
8.108e-04
6.156e-04
8.409e-04
7.057e-04
7.207e-04
1.096e-03
1.036e-03
1.036e-03
1.216e-03
1.081e-03
1.096e-03
9.760e-04
1.201e-03
1.141e-03
1.246e-03
1.682e-03
1.577e-03
1.231e-03
1.547e-03
1.667e-03
1.547e-03
1.261e-03
1.817e-03
1.607e-03
1.607e-03
1.832e-03
2.072e-03
1.592e-03
2.027e-03
2.222e-03
2.538e-03
2.838e-03
3.814e-03
3.604e-03
3.679e-03
3.634e-03
3.454e-03
4.339e-03
4.249e-03
3.859e-03
4.264e-03
4.760e-03
5.886e-03
7.147e-03
1.194e-02
2.758e-02
1.392e-02
1.008e-02
1.012e-02
1.077e-02
1.090e-02
7.207e-03
7.373e-03
6.306e-03
6.141e-03
5.330e-03
4.084e-03
3.859e-03
3.048e-03
3.784e-03
3.769e-03
2.568e-03
2.793e-03
2.943e-03
3.664e-03
4.279e-03
4.009e-03
4.430e-03
4.550e-03
4.640e-03
4.204e-03
4.144e-03
3.544e-03
2.222e-03
2.252e-03
2.448e-03
1.772e-03
1.727e-03
1.832e-03
2.012e-03
1.952e-03
1.547e-03
1.892e-03
1.802e-03
1.381e-03
1.712e-03
1.637e-03
1.577e-03
1.487e-03
1.517e-03
1.637e-03
1.457e-03
1.441e-03
1.336e-03
1.502e-03
1.111e-03
1.877e-03
1.667e-03
1.907e-03
1.742e-03
2.102e-03
1.802e-03
2.147e-03
2.012e-03
2.883e-03
