6.020e-03
8.027e-03
6.020e-03
2.676e-03
8.696e-03
4.682e-03
7.358e-03
4.013e-03
7.358e-03
1.003e-02
6.689e-03
5.351e-03
3.344e-03
4.682e-03
4.013e-03
7.358e-03
6.689e-03
1.003e-02
4.682e-03
7.358e-03
1.003e-02
6.020e-03
4.013e-03
7.358e-03
6.689e-03
8.027e-03
5.351e-03
6.020e-03
5.351e-03
6.020e-03
1.137e-02
6.020e-03
3.344e-03
2.676e-03
2.007e-03
5.351e-03
4.682e-03
6.020e-03
3.344e-03
6.689e-03
3.344e-03
2.676e-03
4.013e-03
3.344e-03
4.013e-03
2.676e-03
2.676e-03
4.682e-03
2.676e-03
4.013e-03
4.682e-03
7.358e-03
8.696e-03
9.365e-03
6.689e-03
3.344e-03
8.027e-03
8.696e-03
9.365e-03
9.365e-03
1.003e-02
1.070e-02
4.013e-03
5.351e-03
2.676e-03
4.682e-03
4.682e-03
6.689e-04
2.676e-03
3.344e-03
2.676e-03
6.689e-04
0.000e+00
1.338e-03
1.338e-03
2.676e-03
0.000e+00
6.689e-04
2.007e-03
0.000e+00
2.007e-03
0.000e+00
0.000e+00
6.689e-04
6.689e-04
0.000e+00
6.689e-04
6.689e-04
0.000e+00
1.338e-03
2.007e-03
1.338e-03
2.007e-03
4.682e-03
6.689e-04
2.007e-03
6.689e-04
2.007e-03
2.676e-03
6.689e-04
1.338e-03
0.000e+00
6.689e-04
1.338e-03
0.000e+00
6.689e-04
1.338e-03
1.338e-03
1.338e-03
2.007e-03
0.000e+00
6.689e-04
6.689e-04
2.007e-03
6.689e-04
6.689e-04
6.689e-04
6.689e-04
2.007e-03
6.689e-04
1.338e-03
6.689e-04
0.000e+00
1.338e-03
0.000e+00
6.689e-04
2.007e-03
2.007e-03
0.000e+00
1.338e-03
0.000e+00
0.000e+00
1.338e-03
0.000e+00
6.689e-04
0.000e+00
6.689e-04
2.676e-03
1.338e-03
0.000e+00
1.338e-03
2.676e-03
6.689e-04
6.689e-04
0.000e+00
1.338e-03
0.000e+00
0.000e+00
6.689e-04
4.682e-03
0.000e+00
2.007e-03
0.000e+00
1.338e-03
0.000e+00
0.000e+00
6.689e-04
6.689e-04
1.338e-03
6.689e-04
6.689e-04
6.689e-04
0.000e+00
0.000e+00
6.689e-04
2.007e-03
1.338e-03
1.338e-03
6.689e-04
1.338e-03
0.000e+00
6.689e-04
6.689e-04
1.338e-03
1.338e-03
6.689e-04
1.338e-03
1.338e-03
0.000e+00
1.338e-03
6.689e-04
0.000e+00
2.676e-03
6.689e-04
1.338e-03
0.000e+00
2.007e-03
1.338e-03
0.000e+00
6.689e-04
1.338e-03
0.000e+00
0.000e+00
6.689e-04
1.338e-03
1.338e-03
0.000e+00
1.338e-03
6.689e-04
0.000e+00
6.689e-04
0.000e+00
1.338e-03
0.000e+00
1.338e-03
0.000e+00
0.000e+00
0.000e+00
0.000e+00
1.338e-03
2.676e-03
1.338e-03
2.007e-03
6.689e-04
0.000e+00
6.689e-04
1.338e-03
0.000e+00
6.689e-04
6.689e-04
2.007e-03
0.000e+00
1.338e-03
2.007e-03
6.689e-04
1.338e-03
0.000e+00
1.338e-03
2.007e-03
6.689e-04
0.000e+00
1.338e-03
6.689e-04
1.338e-03
6.689e-04
1.338e-03
0.000e+00
1.338e-03
1.338e-03
1.338e-03
1.338e-03
6.689e-04
2.676e-03
6.689e-04
6.689e-04
6.689e-04
0.000e+00
2.007e-03
0.000e+00
0.000e+00
2.007e-03
0.000e+00
1.338e-03
0.000e+00
0.000e+00
0.000e+00
1.338e-03
6.689e-04
0.000e+00
1.338e-03
2.007e-03
6.689e-04
6.689e-04
2.007e-03
2.007e-03
2.676e-03
6.689e-04
1.338e-03
6.689e-04
1.338e-03
2.007e-03
1.338e-03
6.689e-04
0.000e+00
6.689e-04
0.000e+00
4.013e-03
6.689e-04
0.000e+00
1.338e-03
6.689e-04
1.338e-03
1.338e-03
6.689e-04
6.689e-04
6.689e-04
2.007e-03
6.689e-04
2.007e-03
3.344e-03
3.344e-03
1.338e-03
4.013e-03
1.338e-03
2.007e-03
6.689e-04
2.007e-03
6.020e-03
7.358e-03
6.689e-03
6.689e-03
1.137e-02
1.137e-02
1.003e-02
9.365e-03
8.027e-03
6.020e-03
8.027e-03
9.365e-03
7.358e-03
2.676e-03
5.351e-03
2.676e-03
3.344e-03
6.689e-03
2.676e-03
4.682e-03
3.344e-03
4.013e-03
4.682e-03
3.344e-03
6.689e-03
4.013e-03
2.676e-03
6.689e-03
3.344e-03
6.020e-03
4.682e-03
4.013e-03
7.358e-03
5.351e-03
7.358e-03
6.020e-03
9.365e-03
6.689e-03
6.020e-03
5.351e-03
5.351e-03
7.358e-03
7.358e-03
4.013e-03
3.344e-03
8.027e-03
7.358e-03
8.696e-03
5.351e-03
3.344e-03
4.682e-03
8.027e-03
2.676e-03
2.676e-03
4.013e-03
8.696e-03
8.027e-03
2.676e-03
6.020e-03
8.696e-03
4.682e-03
2.676e-03
6.689e-03
