4.032e-02
3.226e-02
4.839e-02
2.016e-02
2.823e-02
8.065e-03
2.016e-02
4.032e-03
8.065e-03
0.000e+00
1.210e-02
4.032e-03
4.032e-03
8.065e-03
4.032e-03
0.000e+00
1.210e-02
0.000e+00
0.000e+00
4.032e-03
4.032e-03
0.000e+00
4.032e-03
0.000e+00
0.000e+00
0.000e+00
0.000e+00
0.000e+00
4.032e-03
8.065e-03
4.032e-03
0.000e+00
0.000e+00
0.000e+00
0.000e+00
0.000e+00
0.000e+00
0.000e+00
0.000e+00
0.000e+00
0.000e+00
0.000e+00
0.000e+00
0.000e+00
0.000e+00
0.000e+00
0.000e+00
0.000e+00
0.000e+00
0.000e+00
0.000e+00
0.000e+00
0.000e+00
0.000e+00
0.000e+00
0.000e+00
0.000e+00
0.000e+00
0.000e+00
0.000e+00
0.000e+00
0.000e+00
0.000e+00
0.000e+00
0.000e+00
0.000e+00
0.000e+00
0.000e+00
8.065e-03
0.000e+00
0.000e+00
0.000e+00
4.032e-03
0.000e+00
0.000e+00
0.000e+00
0.000e+00
0.000e+00
0.000e+00
0.000e+00
0.000e+00
0.000e+00
0.000e+00
0.000e+00
0.000e+00
0.000e+00
0.000e+00
0.000e+00
0.000e+00
0.000e+00
0.000e+00
0.000e+00
1.613e-02
0.000e+00
0.000e+00
0.000e+00
0.000e+00
0.000e+00
0.000e+00
0.000e+00
0.000e+00
0.000e+00
0.000e+00
0.000e+00
0.000e+00
0.000e+00
0.000e+00
0.000e+00
0.000e+00
0.000e+00
0.000e+00
0.000e+00
0.000e+00
0.000e+00
0.000e+00
0.000e+00
0.000e+00
0.000e+00
0.000e+00
0.000e+00
0.000e+00
0.000e+00
0.000e+00
4.032e-03
0.000e+00
4.032e-03
4.032e-03
0.000e+00
0.000e+00
0.000e+00
0.000e+00
0.000e+00
0.000e+00
0.000e+00
4.032e-03
4.032e-03
0.000e+00
0.000e+00
0.000e+00
0.000e+00
1.210e-02
0.000e+00
0.000e+00
0.000e+00
4.032e-03
0.000e+00
0.000e+00
0.000e+00
4.032e-03
0.000e+00
0.000e+00
0.000e+00
4.032e-03
0.000e+00
0.000e+00
0.000e+00
0.000e+00
0.000e+00
0.000e+00
0.000e+00
4.032e-03
0.000e+00
4.032e-03
0.000e+00
0.000e+00
0.000e+00
1.613e-02
0.000e+00
0.000e+00
4.032e-03
0.000e+00
0.000e+00
0.000e+00
0.000e+00
4.032e-03
4.032e-03
8.065e-03
4.032e-03
2.016e-02
3.629e-02
4.032e-02
7.258e-02
1.210e-02
2.823e-02
1.210e-02
4.032e-03
1.210e-02
4.032e-03
0.000e+00
0.000e+00
4.032e-03
0.000e+00
4.032e-03
0.000e+00
4.032e-03
4.032e-03
0.000e+00
0.000e+00
0.000e+00
0.000e+00
0.000e+00
4.032e-03
0.000e+00
4.032e-03
0.000e+00
0.000e+00
0.000e+00
0.000e+00
0.000e+00
0.000e+00
4.032e-03
0.000e+00
0.000e+00
8.065e-03
0.000e+00
0.000e+00
0.000e+00
0.000e+00
0.000e+00
0.000e+00
0.000e+00
0.000e+00
0.000e+00
0.000e+00
0.000e+00
0.000e+00
0.000e+00
0.000e+00
0.000e+00
0.000e+00
0.000e+00
0.000e+00
0.000e+00
0.000e+00
4.032e-03
0.000e+00
0.000e+00
0.000e+00
0.000e+00
0.000e+00
4.032e-03
0.000e+00
0.000e+00
0.000e+00
4.032e-03
0.000e+00
0.000e+00
0.000e+00
8.065e-03
0.000e+00
0.000e+00
0.000e+00
0.000e+00
0.000e+00
0.000e+00
0.000e+00
0.000e+00
0.000e+00
0.000e+00
0.000e+00
0.000e+00
0.000e+00
0.000e+00
0.000e+00
0.000e+00
0.000e+00
0.000e+00
0.000e+00
0.000e+00
0.000e+00
0.000e+00
0.000e+00
4.032e-03
0.000e+00
8.065e-03
0.000e+00
4.032e-03
0.000e+00
0.000e+00
0.000e+00
0.000e+00
0.000e+00
0.000e+00
0.000e+00
0.000e+00
0.000e+00
0.000e+00
0.000e+00
0.000e+00
0.000e+00
0.000e+00
0.000e+00
0.000e+00
0.000e+00
0.000e+00
0.000e+00
0.000e+00
0.000e+00
0.000e+00
0.000e+00
0.000e+00
0.000e+00
0.000e+00
0.000e+00
0.000e+00
0.000e+00
0.000e+00
4.032e-03
4.032e-03
4.032e-03
0.000e+00
0.000e+00
0.000e+00
0.000e+00
0.000e+00
0.000e+00
0.000e+00
0.000e+00
0.000e+00
8.065e-03
0.000e+00
0.000e+00
0.000e+00
0.000e+00
4.032e-03
0.000e+00
0.000e+00
0.000e+00
0.000e+00
0.000e+00
0.000e+00
8.065e-03
4.032e-03
0.000e+00
0.000e+00
0.000e+00
4.032e-03
0.000e+00
0.000e+00
0.000e+00
0.000e+00
0.000e+00
4.032e-03
4.032e-03
0.000e+00
4.032e-03
4.032e-03
0.000e+00
4.032e-03
8.065e-03
4.032e-03
1.210e-02
8.065e-03
4.032e-03
1.210e-02
2.016e-02
1.210e-02
2.823e-02
5.242e-02
6.048e-02
