6.226e-03
3.396e-03
3.509e-03
2.915e-03
2.349e-03
2.490e-03
2.745e-03
2.236e-03
1.613e-03
2.405e-03
1.896e-03
2.151e-03
1.896e-03
2.349e-03
1.896e-03
1.953e-03
1.953e-03
2.349e-03
2.094e-03
2.547e-03
2.745e-03
2.547e-03
3.169e-03
3.452e-03
3.622e-03
3.452e-03
3.962e-03
3.169e-03
3.226e-03
3.877e-03
3.452e-03
3.679e-03
3.000e-03
3.452e-03
3.113e-03
3.311e-03
3.849e-03
2.915e-03
3.000e-03
3.311e-03
3.735e-03
3.877e-03
4.471e-03
4.330e-03
5.235e-03
5.207e-03
6.820e-03
7.245e-03
7.584e-03
7.471e-03
1.174e-02
8.858e-03
9.169e-03
8.603e-03
9.424e-03
1.050e-02
1.288e-02
1.290e-02
1.064e-02
7.782e-03
7.697e-03
6.056e-03
5.066e-03
3.962e-03
3.509e-03
3.622e-03
3.849e-03
4.500e-03
4.047e-03
3.792e-03
3.000e-03
3.339e-03
2.688e-03
2.773e-03
1.896e-03
2.292e-03
2.292e-03
1.868e-03
1.726e-03
1.981e-03
1.839e-03
1.670e-03
2.207e-03
1.924e-03
2.151e-03
1.698e-03
1.726e-03
1.585e-03
1.528e-03
1.443e-03
1.415e-03
1.415e-03
1.189e-03
1.047e-03
9.056e-04
8.773e-04
8.207e-04
1.358e-03
9.622e-04
1.330e-03
1.302e-03
9.905e-04
1.104e-03
1.273e-03
1.132e-03
8.490e-04
1.104e-03
8.207e-04
1.104e-03
1.160e-03
8.207e-04
7.641e-04
1.160e-03
1.160e-03
1.726e-03
1.415e-03
1.273e-03
1.755e-03
1.613e-03
1.613e-03
1.500e-03
1.358e-03
1.019e-03
1.302e-03
7.641e-04
1.132e-03
1.019e-03
9.056e-04
8.490e-04
8.773e-04
8.490e-04
7.924e-04
7.641e-04
8.207e-04
5.943e-04
1.019e-03
6.792e-04
9.056e-04
5.094e-04
9.056e-04
7.358e-04
1.358e-03
1.245e-03
1.273e-03
1.019e-03
1.189e-03
1.330e-03
2.038e-03
1.330e-03
1.500e-03
1.726e-03
1.472e-03
1.019e-03
1.500e-03
1.245e-03
1.585e-03
1.217e-03
1.500e-03
1.500e-03
1.698e-03
1.613e-03
1.472e-03
1.726e-03
1.868e-03
1.811e-03
2.292e-03
2.066e-03
2.349e-03
2.688e-03
2.632e-03
2.745e-03
3.707e-03
3.792e-03
3.594e-03
3.000e-03
3.849e-03
3.169e-03
3.339e-03
4.047e-03
4.924e-03
5.037e-03
4.273e-03
3.820e-03
3.651e-03
4.330e-03
3.735e-03
3.339e-03
3.368e-03
3.339e-03
2.915e-03
2.519e-03
2.575e-03
2.604e-03
2.094e-03
1.472e-03
2.377e-03
2.519e-03
1.924e-03
1.755e-03
1.726e-03
1.811e-03
1.868e-03
1.924e-03
1.500e-03
1.811e-03
1.783e-03
1.245e-03
1.075e-03
1.302e-03
1.330e-03
1.472e-03
1.500e-03
1.132e-03
1.783e-03
1.245e-03
1.245e-03
1.132e-03
1.104e-03
8.490e-04
8.773e-04
7.075e-04
7.358e-04
9.056e-04
9.056e-04
7.358e-04
7.358e-04
8.773e-04
8.773e-04
7.641e-04
7.075e-04
7.075e-04
7.075e-04
8.490e-04
1.019e-03
1.019e-03
1.217e-03
1.217e-03
1.302e-03
1.302e-03
1.302e-03
1.839e-03
1.528e-03
1.528e-03
1.924e-03
1.415e-03
1.528e-03
1.500e-03
1.189e-03
1.387e-03
9.905e-04
8.207e-04
1.330e-03
1.160e-03
1.075e-03
1.019e-03
9.622e-04
5.377e-04
9.622e-04
8.773e-04
1.047e-03
1.217e-03
1.217e-03
1.189e-03
1.302e-03
1.217e-03
9.339e-04
1.047e-03
1.500e-03
1.189e-03
1.472e-03
1.698e-03
1.556e-03
1.330e-03
2.094e-03
1.868e-03
1.868e-03
1.924e-03
2.066e-03
1.698e-03
1.698e-03
2.122e-03
2.009e-03
1.755e-03
2.009e-03
2.321e-03
2.462e-03
2.490e-03
3.113e-03
3.085e-03
3.169e-03
2.773e-03
3.226e-03
3.820e-03
3.877e-03
3.537e-03
3.537e-03
4.245e-03
4.528e-03
4.584e-03
6.339e-03
6.990e-03
8.858e-03
1.087e-02
1.341e-02
1.259e-02
1.010e-02
8.801e-03
8.150e-03
9.367e-03
9.424e-03
9.452e-03
7.131e-03
6.905e-03
6.339e-03
7.018e-03
6.424e-03
4.132e-03
3.990e-03
3.707e-03
4.698e-03
3.198e-03
3.396e-03
3.651e-03
2.858e-03
3.368e-03
3.254e-03
3.254e-03
3.594e-03
3.056e-03
2.745e-03
4.103e-03
3.311e-03
3.311e-03
2.858e-03
4.330e-03
3.339e-03
3.368e-03
3.396e-03
2.858e-03
2.377e-03
2.660e-03
2.604e-03
2.207e-03
2.122e-03
2.236e-03
2.009e-03
2.207e-03
2.038e-03
1.811e-03
1.698e-03
1.755e-03
2.717e-03
2.207e-03
2.349e-03
2.321e-03
2.915e-03
2.773e-03
3.311e-03
2.858e-03
3.905e-03
