4.683e-02
2.179e-02
1.465e-02
1.172e-02
1.059e-02
8.037e-03
7.776e-03
7.370e-03
7.225e-03
6.470e-03
6.964e-03
6.296e-03
5.803e-03
6.296e-03
7.718e-03
7.544e-03
6.993e-03
6.499e-03
6.209e-03
6.325e-03
4.758e-03
5.049e-03
5.368e-03
4.787e-03
4.642e-03
4.178e-03
4.149e-03
4.033e-03
3.656e-03
3.772e-03
4.004e-03
3.743e-03
4.091e-03
5.397e-03
5.397e-03
3.859e-03
3.453e-03
2.495e-03
2.582e-03
2.843e-03
2.147e-03
2.176e-03
1.683e-03
2.031e-03
2.147e-03
2.611e-03
1.712e-03
2.147e-03
2.408e-03
2.553e-03
2.495e-03
2.727e-03
2.931e-03
3.308e-03
3.540e-03
2.582e-03
3.598e-03
3.917e-03
4.962e-03
3.279e-03
2.379e-03
2.089e-03
1.625e-03
8.704e-04
8.995e-04
5.803e-04
8.414e-04
7.544e-04
7.254e-04
9.575e-04
2.176e-03
2.727e-03
1.886e-03
6.964e-04
1.567e-03
1.161e-03
6.964e-04
6.383e-04
8.124e-04
6.383e-04
5.223e-04
4.642e-04
4.352e-04
3.772e-04
5.223e-04
6.673e-04
8.414e-04
6.093e-04
7.834e-04
9.865e-04
8.704e-04
8.124e-04
9.285e-04
7.544e-04
6.964e-04
8.414e-04
8.704e-04
7.834e-04
6.383e-04
9.575e-04
1.103e-03
7.254e-04
9.285e-04
7.834e-04
8.704e-04
1.277e-03
1.277e-03
1.277e-03
1.335e-03
1.248e-03
1.509e-03
1.973e-03
1.915e-03
1.480e-03
1.770e-03
1.886e-03
2.408e-03
2.669e-03
2.234e-03
2.321e-03
2.060e-03
2.756e-03
2.727e-03
2.408e-03
1.973e-03
1.770e-03
2.350e-03
2.437e-03
1.770e-03
1.973e-03
2.205e-03
1.944e-03
2.698e-03
1.770e-03
1.683e-03
1.190e-03
1.132e-03
1.045e-03
1.132e-03
1.219e-03
1.364e-03
1.364e-03
1.538e-03
1.335e-03
1.625e-03
1.422e-03
1.567e-03
1.016e-03
1.741e-03
1.538e-03
1.480e-03
1.915e-03
1.567e-03
1.567e-03
1.306e-03
1.277e-03
2.321e-03
1.973e-03
1.509e-03
1.741e-03
1.335e-03
1.480e-03
1.277e-03
1.074e-03
1.741e-03
1.915e-03
2.263e-03
1.422e-03
1.248e-03
1.248e-03
1.625e-03
1.712e-03
1.654e-03
1.886e-03
1.741e-03
1.828e-03
2.292e-03
2.408e-03
3.134e-03
3.221e-03
4.555e-03
2.931e-03
2.931e-03
2.785e-03
2.495e-03
1.857e-03
1.799e-03
1.422e-03
1.654e-03
1.393e-03
1.364e-03
1.422e-03
1.422e-03
1.480e-03
2.263e-03
1.451e-03
1.654e-03
1.451e-03
1.103e-03
1.422e-03
1.741e-03
1.190e-03
1.422e-03
1.770e-03
1.915e-03
1.654e-03
1.451e-03
1.335e-03
1.219e-03
1.480e-03
1.509e-03
1.480e-03
1.596e-03
1.567e-03
1.509e-03
1.712e-03
1.654e-03
1.422e-03
1.480e-03
1.190e-03
1.074e-03
9.865e-04
1.277e-03
1.248e-03
1.683e-03
1.770e-03
1.799e-03
1.248e-03
1.712e-03
1.973e-03
1.741e-03
1.886e-03
2.031e-03
2.060e-03
2.205e-03
1.596e-03
2.118e-03
2.582e-03
2.292e-03
2.263e-03
2.118e-03
2.640e-03
2.901e-03
2.234e-03
2.263e-03
2.408e-03
2.118e-03
2.437e-03
1.799e-03
2.147e-03
1.683e-03
1.045e-03
1.190e-03
1.074e-03
1.277e-03
1.132e-03
8.704e-04
8.414e-04
8.995e-04
6.093e-04
5.803e-04
1.161e-03
1.248e-03
9.575e-04
8.124e-04
9.575e-04
8.124e-04
8.414e-04
7.834e-04
1.045e-03
8.704e-04
6.964e-04
8.995e-04
5.803e-04
6.383e-04
7.254e-04
5.223e-04
2.611e-04
2.321e-04
4.642e-04
4.642e-04
4.352e-04
6.383e-04
6.383e-04
9.285e-04
9.865e-04
1.219e-03
8.704e-04
1.132e-03
2.118e-03
1.944e-03
9.285e-04
1.103e-03
9.285e-04
7.544e-04
7.834e-04
8.124e-04
1.016e-03
1.915e-03
2.002e-03
2.118e-03
3.221e-03
4.120e-03
3.859e-03
3.250e-03
3.308e-03
4.149e-03
3.047e-03
2.960e-03
2.437e-03
2.292e-03
2.263e-03
2.669e-03
2.118e-03
2.234e-03
1.828e-03
2.118e-03
2.089e-03
1.567e-03
2.292e-03
2.060e-03
2.843e-03
2.466e-03
2.901e-03
2.931e-03
4.062e-03
6.180e-03
5.339e-03
4.468e-03
4.004e-03
4.265e-03
3.656e-03
4.178e-03
3.569e-03
4.004e-03
3.975e-03
4.787e-03
5.513e-03
5.455e-03
5.107e-03
4.584e-03
5.948e-03
6.731e-03
6.238e-03
7.950e-03
8.037e-03
7.225e-03
6.586e-03
6.557e-03
6.093e-03
6.180e-03
6.993e-03
6.760e-03
8.095e-03
8.211e-03
8.153e-03
9.082e-03
1.134e-02
1.520e-02
2.095e-02
