1.905e-02
3.810e-02
3.175e-03
1.587e-02
1.587e-02
9.524e-03
1.270e-02
1.587e-02
6.349e-03
1.270e-02
6.349e-03
6.349e-03
1.587e-02
1.905e-02
0.000e+00
6.349e-03
6.349e-03
0.000e+00
3.175e-03
3.175e-03
6.349e-03
0.000e+00
6.349e-03
0.000e+00
3.175e-03
6.349e-03
6.349e-03
9.524e-03
6.349e-03
6.349e-03
6.349e-03
0.000e+00
0.000e+00
0.000e+00
3.175e-03
3.175e-03
0.000e+00
3.175e-03
0.000e+00
6.349e-03
0.000e+00
0.000e+00
0.000e+00
3.175e-03
1.270e-02
3.175e-03
3.175e-03
1.270e-02
3.175e-03
9.524e-03
1.270e-02
1.587e-02
1.587e-02
1.587e-02
1.587e-02
2.540e-02
1.270e-02
6.349e-03
3.175e-03
3.175e-03
3.175e-03
6.349e-03
9.524e-03
0.000e+00
6.349e-03
0.000e+00
0.000e+00
0.000e+00
3.175e-03
3.175e-03
0.000e+00
0.000e+00
0.000e+00
0.000e+00
0.000e+00
3.175e-03
0.000e+00
0.000e+00
0.000e+00
3.175e-03
0.000e+00
0.000e+00
0.000e+00
0.000e+00
0.000e+00
0.000e+00
6.349e-03
0.000e+00
0.000e+00
0.000e+00
0.000e+00
3.175e-03
0.000e+00
0.000e+00
0.000e+00
0.000e+00
0.000e+00
0.000e+00
0.000e+00
0.000e+00
0.000e+00
0.000e+00
0.000e+00
3.175e-03
0.000e+00
0.000e+00
0.000e+00
0.000e+00
0.000e+00
0.000e+00
0.000e+00
0.000e+00
0.000e+00
0.000e+00
0.000e+00
0.000e+00
0.000e+00
0.000e+00
0.000e+00
0.000e+00
0.000e+00
0.000e+00
3.175e-03
0.000e+00
0.000e+00
0.000e+00
0.000e+00
0.000e+00
0.000e+00
0.000e+00
0.000e+00
0.000e+00
0.000e+00
0.000e+00
0.000e+00
3.175e-03
0.000e+00
0.000e+00
0.000e+00
0.000e+00
0.000e+00
0.000e+00
3.175e-03
0.000e+00
0.000e+00
0.000e+00
0.000e+00
0.000e+00
0.000e+00
0.000e+00
0.000e+00
0.000e+00
0.000e+00
3.175e-03
0.000e+00
0.000e+00
3.175e-03
0.000e+00
3.175e-03
0.000e+00
0.000e+00
0.000e+00
0.000e+00
3.175e-03
0.000e+00
0.000e+00
3.175e-03
0.000e+00
0.000e+00
0.000e+00
0.000e+00
0.000e+00
0.000e+00
0.000e+00
3.175e-03
0.000e+00
0.000e+00
0.000e+00
0.000e+00
3.175e-03
0.000e+00
0.000e+00
0.000e+00
0.000e+00
0.000e+00
0.000e+00
0.000e+00
0.000e+00
0.000e+00
0.000e+00
0.000e+00
3.175e-03
3.175e-03
0.000e+00
0.000e+00
0.000e+00
0.000e+00
0.000e+00
0.000e+00
0.000e+00
0.000e+00
3.175e-03
0.000e+00
0.000e+00
0.000e+00
0.000e+00
0.000e+00
0.000e+00
0.000e+00
0.000e+00
0.000e+00
0.000e+00
0.000e+00
0.000e+00
3.175e-03
0.000e+00
0.000e+00
0.000e+00
0.000e+00
3.175e-03
3.175e-03
3.175e-03
0.000e+00
0.000e+00
0.000e+00
0.000e+00
3.175e-03
0.000e+00
0.000e+00
0.000e+00
0.000e+00
0.000e+00
0.000e+00
0.000e+00
0.000e+00
0.000e+00
0.000e+00
0.000e+00
0.000e+00
0.000e+00
0.000e+00
0.000e+00
0.000e+00
0.000e+00
0.000e+00
0.000e+00
0.000e+00
0.000e+00
0.000e+00
0.000e+00
0.000e+00
0.000e+00
0.000e+00
0.000e+00
0.000e+00
0.000e+00
0.000e+00
3.175e-03
0.000e+00
0.000e+00
0.000e+00
0.000e+00
0.000e+00
0.000e+00
0.000e+00
0.000e+00
0.000e+00
0.000e+00
3.175e-03
3.175e-03
0.000e+00
3.175e-03
0.000e+00
0.000e+00
0.000e+00
0.000e+00
0.000e+00
0.000e+00
0.000e+00
0.000e+00
0.000e+00
3.175e-03
0.000e+00
0.000e+00
0.000e+00
0.000e+00
0.000e+00
0.000e+00
0.000e+00
0.000e+00
3.175e-03
0.000e+00
0.000e+00
0.000e+00
6.349e-03
3.175e-03
0.000e+00
0.000e+00
9.524e-03
0.000e+00
3.175e-03
3.175e-03
6.349e-03
6.349e-03
1.905e-02
1.587e-02
1.905e-02
1.270e-02
1.270e-02
1.587e-02
3.175e-03
6.349e-03
0.000e+00
0.000e+00
3.175e-03
3.175e-03
3.175e-03
3.175e-03
0.000e+00
3.175e-03
0.000e+00
3.175e-03
9.524e-03
3.175e-03
3.175e-03
1.270e-02
0.000e+00
3.175e-03
0.000e+00
6.349e-03
3.175e-03
0.000e+00
3.175e-03
3.175e-03
0.000e+00
0.000e+00
6.349e-03
0.000e+00
6.349e-03
9.524e-03
0.000e+00
9.524e-03
1.587e-02
0.000e+00
1.270e-02
1.587e-02
0.000e+00
3.175e-03
1.270e-02
1.270e-02
1.587e-02
3.175e-03
6.349e-03
6.349e-03
3.175e-03
6.349e-03
6.349e-03
9.524e-03
1.905e-02
1.905e-02
