3.704e-02
2.822e-02
2.822e-02
1.940e-02
1.411e-02
1.411e-02
1.411e-02
2.293e-02
7.055e-03
2.116e-02
8.818e-03
8.818e-03
8.818e-03
5.291e-03
1.058e-02
1.587e-02
1.058e-02
5.291e-03
3.527e-03
1.058e-02
3.527e-03
8.818e-03
3.527e-03
3.527e-03
5.291e-03
5.291e-03
5.291e-03
7.055e-03
3.527e-03
3.527e-03
3.527e-03
3.527e-03
3.527e-03
3.527e-03
5.291e-03
1.764e-03
3.527e-03
3.527e-03
3.527e-03
1.764e-03
3.527e-03
1.235e-02
1.764e-03
1.235e-02
0.000e+00
1.764e-03
1.764e-03
0.000e+00
0.000e+00
1.764e-03
3.527e-03
3.527e-03
0.000e+00
0.000e+00
1.764e-03
1.764e-03
3.527e-03
1.764e-03
1.764e-03
7.055e-03
0.000e+00
0.000e+00
0.000e+00
1.764e-03
0.000e+00
3.527e-03
1.764e-03
0.000e+00
0.000e+00
0.000e+00
1.764e-03
1.764e-03
0.000e+00
0.000e+00
0.000e+00
1.764e-03
0.000e+00
0.000e+00
0.000e+00
0.000e+00
0.000e+00
0.000e+00
0.000e+00
0.000e+00
0.000e+00
0.000e+00
3.527e-03
0.000e+00
0.000e+00
3.527e-03
0.000e+00
0.000e+00
0.000e+00
1.764e-03
3.527e-03
0.000e+00
0.000e+00
1.764e-03
0.000e+00
0.000e+00
0.000e+00
3.527e-03
0.000e+00
3.527e-03
0.000e+00
0.000e+00
0.000e+00
0.000e+00
0.000e+00
0.000e+00
0.000e+00
0.000e+00
0.000e+00
0.000e+00
0.000e+00
0.000e+00
0.000e+00
0.000e+00
0.000e+00
0.000e+00
0.000e+00
0.000e+00
0.000e+00
0.000e+00
0.000e+00
0.000e+00
0.000e+00
0.000e+00
0.000e+00
0.000e+00
0.000e+00
0.000e+00
0.000e+00
0.000e+00
0.000e+00
0.000e+00
0.000e+00
1.764e-03
0.000e+00
0.000e+00
1.764e-03
0.000e+00
1.764e-03
0.000e+00
1.764e-03
1.764e-03
0.000e+00
0.000e+00
0.000e+00
0.000e+00
0.000e+00
1.764e-03
1.764e-03
0.000e+00
0.000e+00
0.000e+00
1.764e-03
0.000e+00
0.000e+00
1.764e-03
0.000e+00
0.000e+00
3.527e-03
0.000e+00
0.000e+00
0.000e+00
3.527e-03
0.000e+00
0.000e+00
3.527e-03
1.764e-03
0.000e+00
0.000e+00
0.000e+00
0.000e+00
0.000e+00
0.000e+00
0.000e+00
0.000e+00
0.000e+00
0.000e+00
1.764e-03
1.764e-03
1.764e-03
0.000e+00
1.764e-03
0.000e+00
1.764e-03
1.764e-03
0.000e+00
1.764e-03
0.000e+00
1.764e-03
0.000e+00
3.527e-03
0.000e+00
0.000e+00
1.764e-03
0.000e+00
0.000e+00
0.000e+00
1.764e-03
0.000e+00
3.527e-03
0.000e+00
1.764e-03
3.527e-03
1.764e-03
1.764e-03
3.527e-03
1.764e-03
3.527e-03
1.764e-03
1.764e-03
1.764e-03
0.000e+00
0.000e+00
3.527e-03
1.764e-03
1.764e-03
0.000e+00
0.000e+00
0.000e+00
3.527e-03
1.764e-03
0.000e+00
0.000e+00
1.764e-03
0.000e+00
0.000e+00
0.000e+00
1.764e-03
0.000e+00
0.000e+00
0.000e+00
0.000e+00
0.000e+00
0.000e+00
0.000e+00
0.000e+00
1.764e-03
0.000e+00
0.000e+00
0.000e+00
0.000e+00
0.000e+00
0.000e+00
1.764e-03
0.000e+00
0.000e+00
0.000e+00
0.000e+00
1.764e-03
0.000e+00
0.000e+00
5.291e-03
0.000e+00
0.000e+00
1.764e-03
3.527e-03
0.000e+00
1.764e-03
1.764e-03
1.764e-03
0.000e+00
1.764e-03
1.764e-03
1.764e-03
0.000e+00
0.000e+00
1.764e-03
0.000e+00
0.000e+00
1.764e-03
0.000e+00
0.000e+00
0.000e+00
0.000e+00
0.000e+00
3.527e-03
0.000e+00
0.000e+00
0.000e+00
0.000e+00
0.000e+00
1.764e-03
1.764e-03
0.000e+00
0.000e+00
1.764e-03
0.000e+00
0.000e+00
0.000e+00
0.000e+00
0.000e+00
1.764e-03
3.527e-03
0.000e+00
1.764e-03
0.000e+00
0.000e+00
1.764e-03
1.764e-03
0.000e+00
1.764e-03
1.764e-03
1.764e-03
0.000e+00
1.764e-03
3.527e-03
3.527e-03
0.000e+00
0.000e+00
0.000e+00
1.764e-03
0.000e+00
1.764e-03
7.055e-03
0.000e+00
3.527e-03
7.055e-03
0.000e+00
1.764e-03
0.000e+00
5.291e-03
3.527e-03
3.527e-03
7.055e-03
1.764e-03
1.764e-02
3.527e-03
5.291e-03
1.235e-02
1.764e-03
7.055e-03
8.818e-03
1.764e-03
5.291e-03
7.055e-03
7.055e-03
1.764e-03
1.058e-02
5.291e-03
5.291e-03
7.055e-03
8.818e-03
1.058e-02
1.058e-02
7.055e-03
8.818e-03
7.055e-03
1.235e-02
1.058e-02
7.055e-03
1.235e-02
1.764e-02
1.587e-02
2.293e-02
2.646e-02
4.409e-02
