1.236e-02
1.146e-02
1.146e-02
8.444e-03
7.539e-03
8.745e-03
4.524e-03
6.333e-03
4.524e-03
7.841e-03
5.730e-03
7.841e-03
6.936e-03
5.428e-03
6.634e-03
7.238e-03
1.086e-02
5.730e-03
7.238e-03
1.146e-02
7.539e-03
5.730e-03
8.745e-03
7.539e-03
5.127e-03
3.619e-03
3.317e-03
4.825e-03
2.111e-03
3.317e-03
2.413e-03
3.016e-03
1.206e-03
9.047e-04
1.508e-03
2.413e-03
6.031e-04
6.031e-04
1.809e-03
9.047e-04
2.714e-03
2.111e-03
1.508e-03
6.031e-04
2.413e-03
1.809e-03
1.508e-03
1.206e-03
6.031e-04
1.206e-03
9.047e-04
3.016e-04
1.809e-03
1.809e-03
9.047e-04
1.508e-03
2.111e-03
9.047e-04
9.047e-04
1.508e-03
6.031e-04
1.508e-03
3.016e-04
9.047e-04
1.206e-03
1.206e-03
3.016e-04
3.016e-04
6.031e-04
2.413e-03
1.508e-03
3.016e-03
9.047e-04
1.206e-03
2.714e-03
9.047e-04
6.031e-04
1.809e-03
6.031e-04
9.047e-04
2.714e-03
6.031e-04
2.714e-03
9.047e-04
1.206e-03
1.809e-03
2.413e-03
2.111e-03
9.047e-04
1.508e-03
3.920e-03
9.047e-04
3.016e-03
2.714e-03
2.111e-03
3.619e-03
3.920e-03
3.016e-03
2.111e-03
5.127e-03
2.714e-03
2.111e-03
2.413e-03
3.317e-03
3.619e-03
3.016e-03
1.508e-03
3.016e-03
3.016e-03
3.920e-03
3.016e-03
1.508e-03
3.619e-03
3.317e-03
2.413e-03
3.920e-03
3.920e-03
3.317e-03
2.714e-03
2.413e-03
3.016e-03
2.413e-03
3.619e-03
3.619e-03
2.714e-03
2.714e-03
1.508e-03
1.508e-03
1.206e-03
2.111e-03
1.508e-03
3.619e-03
1.206e-03
2.111e-03
1.809e-03
1.809e-03
2.111e-03
1.809e-03
3.619e-03
3.317e-03
2.714e-03
1.809e-03
2.111e-03
2.111e-03
1.809e-03
1.508e-03
3.016e-03
2.111e-03
6.031e-04
2.714e-03
1.508e-03
2.714e-03
1.206e-03
1.206e-03
1.809e-03
1.206e-03
2.111e-03
9.047e-04
1.508e-03
1.809e-03
2.111e-03
1.809e-03
1.206e-03
1.809e-03
1.508e-03
1.508e-03
1.206e-03
6.031e-04
1.809e-03
2.714e-03
1.809e-03
2.714e-03
2.111e-03
1.809e-03
2.111e-03
1.508e-03
9.047e-04
3.619e-03
1.206e-03
2.111e-03
1.508e-03
6.031e-04
9.047e-04
1.206e-03
2.413e-03
2.714e-03
2.714e-03
3.619e-03
2.111e-03
1.508e-03
1.206e-03
1.508e-03
9.047e-04
1.809e-03
1.508e-03
1.809e-03
2.413e-03
9.047e-04
3.920e-03
3.016e-03
2.111e-03
2.111e-03
1.206e-03
2.714e-03
1.809e-03
1.206e-03
3.016e-04
1.508e-03
9.047e-04
3.317e-03
2.413e-03
3.317e-03
2.714e-03
1.809e-03
1.508e-03
9.047e-04
3.016e-03
2.413e-03
2.111e-03
3.016e-03
9.047e-04
3.619e-03
2.111e-03
1.809e-03
1.809e-03
1.809e-03
2.111e-03
2.413e-03
2.111e-03
1.206e-03
1.809e-03
2.111e-03
2.714e-03
2.413e-03
2.111e-03
2.413e-03
3.016e-03
3.317e-03
1.809e-03
3.920e-03
3.619e-03
3.317e-03
3.016e-03
3.016e-03
3.920e-03
4.222e-03
1.809e-03
2.413e-03
1.809e-03
9.047e-04
2.714e-03
2.413e-03
8.444e-03
2.111e-03
2.413e-03
3.317e-03
3.016e-03
1.508e-03
2.413e-03
3.619e-03
1.809e-03
2.413e-03
2.714e-03
3.317e-03
2.111e-03
2.111e-03
2.111e-03
1.809e-03
4.222e-03
1.809e-03
6.031e-04
6.031e-04
1.206e-03
1.508e-03
2.413e-03
1.809e-03
1.508e-03
6.031e-04
2.111e-03
9.047e-04
1.206e-03
1.809e-03
9.047e-04
1.206e-03
1.508e-03
9.047e-04
1.809e-03
6.031e-04
2.714e-03
1.206e-03
2.111e-03
6.031e-04
1.508e-03
6.031e-04
2.714e-03
1.206e-03
2.413e-03
3.016e-04
1.809e-03
9.047e-04
1.809e-03
6.031e-04
1.508e-03
3.016e-04
1.206e-03
1.206e-03
2.111e-03
2.413e-03
6.031e-04
6.031e-04
1.206e-03
1.206e-03
2.111e-03
6.031e-04
1.508e-03
3.317e-03
1.809e-03
3.016e-03
2.111e-03
1.809e-03
1.809e-03
3.619e-03
5.730e-03
3.317e-03
2.413e-03
1.206e-03
9.047e-04
1.206e-03
2.413e-03
3.016e-03
2.413e-03
1.508e-03
3.619e-03
4.524e-03
4.222e-03
3.920e-03
3.920e-03
5.428e-03
5.730e-03
5.127e-03
6.031e-03
1.086e-02
6.936e-03
7.238e-03
7.841e-03
8.745e-03
6.333e-03
5.127e-03
8.745e-03
7.841e-03
6.634e-03
5.428e-03
6.634e-03
6.031e-03
8.444e-03
8.142e-03
6.634e-03
8.745e-03
8.444e-03
8.444e-03
