2.691e-02
1.975e-02
1.673e-02
1.379e-02
1.046e-02
1.015e-02
8.295e-03
7.962e-03
7.879e-03
7.408e-03
7.685e-03
6.880e-03
6.991e-03
7.630e-03
6.437e-03
7.352e-03
6.853e-03
6.797e-03
5.466e-03
5.854e-03
5.660e-03
4.578e-03
5.493e-03
3.690e-03
4.300e-03
4.300e-03
4.189e-03
3.745e-03
4.411e-03
3.579e-03
4.078e-03
3.829e-03
4.134e-03
5.133e-03
3.856e-03
3.662e-03
3.080e-03
3.107e-03
2.330e-03
2.441e-03
2.109e-03
2.192e-03
2.220e-03
2.109e-03
2.025e-03
2.303e-03
2.580e-03
2.303e-03
2.525e-03
2.691e-03
3.496e-03
2.303e-03
3.218e-03
3.052e-03
2.969e-03
3.496e-03
2.885e-03
3.440e-03
3.163e-03
3.357e-03
2.303e-03
1.526e-03
1.637e-03
1.137e-03
1.054e-03
1.137e-03
8.323e-04
9.988e-04
1.748e-03
1.859e-03
2.747e-03
2.580e-03
1.831e-03
1.637e-03
1.415e-03
1.082e-03
9.155e-04
9.155e-04
6.936e-04
5.271e-04
7.768e-04
4.716e-04
9.155e-04
6.659e-04
4.994e-04
7.768e-04
9.155e-04
1.137e-03
7.491e-04
9.155e-04
1.110e-03
8.878e-04
8.878e-04
6.104e-04
7.213e-04
6.659e-04
6.659e-04
6.936e-04
8.878e-04
8.601e-04
9.433e-04
9.988e-04
7.213e-04
1.027e-03
9.988e-04
1.110e-03
1.221e-03
1.054e-03
1.415e-03
1.193e-03
1.692e-03
1.443e-03
1.609e-03
1.609e-03
1.776e-03
2.414e-03
1.998e-03
2.358e-03
2.525e-03
2.247e-03
2.497e-03
2.386e-03
2.580e-03
2.636e-03
2.275e-03
2.441e-03
1.776e-03
2.053e-03
2.081e-03
2.109e-03
2.358e-03
2.025e-03
1.887e-03
2.136e-03
1.692e-03
1.276e-03
1.665e-03
1.443e-03
8.878e-04
1.554e-03
1.443e-03
1.332e-03
1.581e-03
1.276e-03
1.470e-03
1.665e-03
1.470e-03
1.248e-03
1.332e-03
1.526e-03
1.165e-03
1.359e-03
1.221e-03
1.359e-03
9.710e-04
1.415e-03
1.470e-03
1.609e-03
1.720e-03
1.443e-03
1.970e-03
1.526e-03
2.220e-03
1.443e-03
1.332e-03
1.276e-03
1.609e-03
1.831e-03
1.332e-03
1.609e-03
1.942e-03
1.498e-03
1.803e-03
1.526e-03
1.887e-03
2.386e-03
2.109e-03
2.552e-03
2.969e-03
2.996e-03
3.607e-03
2.303e-03
2.552e-03
2.858e-03
1.776e-03
2.469e-03
1.970e-03
1.470e-03
1.776e-03
1.637e-03
1.526e-03
1.803e-03
1.359e-03
1.276e-03
1.720e-03
2.025e-03
1.554e-03
1.720e-03
1.803e-03
1.776e-03
1.470e-03
1.470e-03
1.748e-03
1.443e-03
1.165e-03
1.692e-03
1.165e-03
1.193e-03
1.165e-03
1.637e-03
1.359e-03
1.665e-03
1.470e-03
1.387e-03
1.581e-03
1.332e-03
1.110e-03
1.082e-03
1.803e-03
1.554e-03
1.332e-03
1.110e-03
1.276e-03
1.581e-03
1.609e-03
1.748e-03
1.803e-03
1.443e-03
1.831e-03
1.831e-03
2.192e-03
1.776e-03
2.164e-03
2.164e-03
2.136e-03
2.525e-03
1.692e-03
2.247e-03
2.441e-03
2.441e-03
2.025e-03
2.719e-03
3.024e-03
1.776e-03
2.109e-03
1.942e-03
1.332e-03
1.942e-03
1.831e-03
1.998e-03
1.443e-03
1.304e-03
1.443e-03
1.332e-03
1.221e-03
1.110e-03
9.710e-04
8.878e-04
1.110e-03
1.027e-03
8.046e-04
8.323e-04
9.433e-04
6.381e-04
5.549e-04
1.027e-03
9.988e-04
1.054e-03
9.433e-04
9.433e-04
8.601e-04
7.491e-04
8.601e-04
9.433e-04
6.936e-04
7.768e-04
8.601e-04
8.878e-04
6.381e-04
5.549e-04
3.884e-04
8.323e-04
5.549e-04
6.659e-04
9.988e-04
9.433e-04
9.433e-04
1.332e-03
1.359e-03
2.053e-03
1.859e-03
1.720e-03
1.359e-03
1.110e-03
1.332e-03
1.165e-03
1.193e-03
1.165e-03
1.415e-03
1.665e-03
2.469e-03
2.691e-03
2.996e-03
3.329e-03
3.274e-03
3.218e-03
3.052e-03
2.802e-03
3.274e-03
2.747e-03
2.663e-03
2.802e-03
2.469e-03
2.747e-03
2.469e-03
2.414e-03
2.525e-03
2.136e-03
1.970e-03
1.859e-03
2.109e-03
2.192e-03
2.441e-03
2.774e-03
3.468e-03
3.967e-03
4.966e-03
5.133e-03
4.300e-03
4.023e-03
3.579e-03
3.856e-03
3.412e-03
4.661e-03
4.106e-03
4.162e-03
4.966e-03
4.633e-03
5.493e-03
5.216e-03
5.549e-03
5.271e-03
6.242e-03
6.104e-03
5.993e-03
6.880e-03
6.825e-03
7.186e-03
6.381e-03
6.575e-03
7.463e-03
7.519e-03
7.768e-03
8.656e-03
8.295e-03
1.074e-02
1.090e-02
1.393e-02
1.720e-02
2.147e-02
