4.234e-02
3.226e-02
3.226e-02
2.016e-02
1.613e-02
1.613e-02
1.613e-02
2.621e-02
8.065e-03
2.419e-02
1.008e-02
1.008e-02
1.008e-02
6.048e-03
1.210e-02
1.815e-02
1.210e-02
6.048e-03
4.032e-03
1.210e-02
4.032e-03
1.008e-02
4.032e-03
4.032e-03
6.048e-03
6.048e-03
6.048e-03
8.065e-03
2.016e-03
0.000e+00
4.032e-03
2.016e-03
2.016e-03
4.032e-03
4.032e-03
2.016e-03
2.016e-03
4.032e-03
0.000e+00
2.016e-03
4.032e-03
8.065e-03
2.016e-03
8.065e-03
0.000e+00
0.000e+00
0.000e+00
0.000e+00
0.000e+00
2.016e-03
4.032e-03
4.032e-03
0.000e+00
0.000e+00
0.000e+00
2.016e-03
2.016e-03
0.000e+00
0.000e+00
0.000e+00
0.000e+00
0.000e+00
0.000e+00
2.016e-03
0.000e+00
0.000e+00
2.016e-03
0.000e+00
0.000e+00
0.000e+00
2.016e-03
0.000e+00
0.000e+00
0.000e+00
0.000e+00
0.000e+00
0.000e+00
0.000e+00
0.000e+00
0.000e+00
0.000e+00
0.000e+00
0.000e+00
0.000e+00
0.000e+00
0.000e+00
0.000e+00
0.000e+00
0.000e+00
2.016e-03
0.000e+00
0.000e+00
0.000e+00
2.016e-03
4.032e-03
0.000e+00
0.000e+00
2.016e-03
0.000e+00
0.000e+00
0.000e+00
2.016e-03
0.000e+00
4.032e-03
0.000e+00
0.000e+00
0.000e+00
0.000e+00
0.000e+00
0.000e+00
0.000e+00
0.000e+00
0.000e+00
0.000e+00
0.000e+00
0.000e+00
0.000e+00
0.000e+00
0.000e+00
0.000e+00
0.000e+00
0.000e+00
0.000e+00
0.000e+00
0.000e+00
0.000e+00
0.000e+00
0.000e+00
0.000e+00
0.000e+00
0.000e+00
0.000e+00
0.000e+00
0.000e+00
0.000e+00
0.000e+00
0.000e+00
2.016e-03
0.000e+00
0.000e+00
2.016e-03
0.000e+00
2.016e-03
0.000e+00
2.016e-03
2.016e-03
0.000e+00
0.000e+00
0.000e+00
0.000e+00
0.000e+00
0.000e+00
2.016e-03
0.000e+00
0.000e+00
0.000e+00
0.000e+00
0.000e+00
0.000e+00
0.000e+00
0.000e+00
0.000e+00
0.000e+00
0.000e+00
0.000e+00
0.000e+00
0.000e+00
0.000e+00
0.000e+00
4.032e-03
0.000e+00
0.000e+00
0.000e+00
0.000e+00
0.000e+00
0.000e+00
0.000e+00
0.000e+00
0.000e+00
0.000e+00
0.000e+00
2.016e-03
0.000e+00
0.000e+00
0.000e+00
0.000e+00
0.000e+00
2.016e-03
0.000e+00
0.000e+00
0.000e+00
0.000e+00
2.016e-03
0.000e+00
4.032e-03
0.000e+00
0.000e+00
0.000e+00
0.000e+00
0.000e+00
0.000e+00
0.000e+00
0.000e+00
4.032e-03
0.000e+00
2.016e-03
2.016e-03
2.016e-03
2.016e-03
4.032e-03
2.016e-03
4.032e-03
2.016e-03
2.016e-03
2.016e-03
0.000e+00
0.000e+00
4.032e-03
2.016e-03
2.016e-03
0.000e+00
0.000e+00
0.000e+00
4.032e-03
2.016e-03
0.000e+00
0.000e+00
2.016e-03
0.000e+00
0.000e+00
0.000e+00
2.016e-03
0.000e+00
0.000e+00
0.000e+00
0.000e+00
0.000e+00
0.000e+00
0.000e+00
0.000e+00
2.016e-03
0.000e+00
0.000e+00
0.000e+00
0.000e+00
0.000e+00
0.000e+00
2.016e-03
0.000e+00
0.000e+00
0.000e+00
0.000e+00
2.016e-03
0.000e+00
0.000e+00
6.048e-03
0.000e+00
0.000e+00
2.016e-03
2.016e-03
0.000e+00
2.016e-03
2.016e-03
2.016e-03
0.000e+00
2.016e-03
2.016e-03
2.016e-03
0.000e+00
0.000e+00
0.000e+00
0.000e+00
0.000e+00
2.016e-03
0.000e+00
0.000e+00
0.000e+00
0.000e+00
0.000e+00
2.016e-03
0.000e+00
0.000e+00
0.000e+00
0.000e+00
0.000e+00
0.000e+00
0.000e+00
0.000e+00
0.000e+00
2.016e-03
0.000e+00
0.000e+00
0.000e+00
0.000e+00
0.000e+00
0.000e+00
2.016e-03
0.000e+00
0.000e+00
0.000e+00
0.000e+00
2.016e-03
0.000e+00
0.000e+00
2.016e-03
2.016e-03
0.000e+00
0.000e+00
0.000e+00
4.032e-03
4.032e-03
0.000e+00
0.000e+00
0.000e+00
2.016e-03
0.000e+00
2.016e-03
4.032e-03
0.000e+00
2.016e-03
8.065e-03
0.000e+00
2.016e-03
0.000e+00
6.048e-03
2.016e-03
4.032e-03
8.065e-03
2.016e-03
1.815e-02
2.016e-03
6.048e-03
1.210e-02
2.016e-03
6.048e-03
1.008e-02
2.016e-03
4.032e-03
6.048e-03
8.065e-03
2.016e-03
1.210e-02
6.048e-03
6.048e-03
8.065e-03
1.008e-02
1.210e-02
1.210e-02
8.065e-03
1.008e-02
8.065e-03
1.411e-02
1.210e-02
8.065e-03
1.411e-02
2.016e-02
1.815e-02
2.621e-02
3.024e-02
5.040e-02
