2.809e-02
2.048e-02
1.744e-02
1.425e-02
1.076e-02
1.036e-02
8.646e-03
8.182e-03
8.182e-03
7.486e-03
7.834e-03
7.167e-03
7.254e-03
7.979e-03
6.615e-03
7.573e-03
7.051e-03
7.080e-03
5.571e-03
6.006e-03
5.832e-03
4.787e-03
5.629e-03
3.859e-03
4.352e-03
4.381e-03
4.265e-03
3.801e-03
4.381e-03
3.511e-03
4.004e-03
3.888e-03
4.178e-03
5.194e-03
3.859e-03
3.743e-03
3.076e-03
3.018e-03
2.408e-03
2.408e-03
2.089e-03
2.118e-03
2.205e-03
2.031e-03
1.857e-03
2.263e-03
2.466e-03
2.234e-03
2.466e-03
2.611e-03
3.569e-03
2.263e-03
3.250e-03
2.872e-03
2.989e-03
3.424e-03
2.814e-03
3.250e-03
3.076e-03
3.221e-03
2.176e-03
1.451e-03
1.248e-03
8.124e-04
7.254e-04
6.964e-04
5.803e-04
6.383e-04
1.219e-03
1.509e-03
2.437e-03
1.886e-03
1.480e-03
1.335e-03
1.074e-03
5.803e-04
5.803e-04
6.093e-04
6.383e-04
4.642e-04
4.642e-04
4.062e-04
7.544e-04
5.223e-04
4.352e-04
5.803e-04
8.414e-04
1.016e-03
5.513e-04
7.254e-04
1.016e-03
7.834e-04
7.834e-04
4.642e-04
6.093e-04
6.383e-04
6.383e-04
6.093e-04
8.704e-04
7.544e-04
9.285e-04
9.285e-04
7.254e-04
1.016e-03
1.016e-03
1.045e-03
1.219e-03
9.285e-04
1.364e-03
1.103e-03
1.683e-03
1.451e-03
1.654e-03
1.596e-03
1.799e-03
2.466e-03
2.089e-03
2.408e-03
2.640e-03
2.263e-03
2.582e-03
2.437e-03
2.669e-03
2.669e-03
2.350e-03
2.524e-03
1.799e-03
2.147e-03
2.176e-03
2.176e-03
2.466e-03
2.089e-03
1.973e-03
2.205e-03
1.683e-03
1.335e-03
1.712e-03
1.509e-03
8.995e-04
1.625e-03
1.509e-03
1.393e-03
1.596e-03
1.335e-03
1.538e-03
1.741e-03
1.538e-03
1.306e-03
1.364e-03
1.596e-03
1.219e-03
1.364e-03
1.248e-03
1.335e-03
9.575e-04
1.393e-03
1.451e-03
1.625e-03
1.741e-03
1.480e-03
2.002e-03
1.538e-03
2.321e-03
1.509e-03
1.364e-03
1.306e-03
1.683e-03
1.886e-03
1.364e-03
1.625e-03
2.002e-03
1.538e-03
1.799e-03
1.538e-03
1.915e-03
2.466e-03
2.176e-03
2.611e-03
3.018e-03
3.047e-03
3.598e-03
2.263e-03
2.582e-03
2.814e-03
1.828e-03
2.466e-03
2.002e-03
1.451e-03
1.770e-03
1.683e-03
1.538e-03
1.857e-03
1.393e-03
1.335e-03
1.799e-03
2.089e-03
1.538e-03
1.799e-03
1.741e-03
1.741e-03
1.509e-03
1.480e-03
1.799e-03
1.451e-03
1.219e-03
1.741e-03
1.219e-03
1.190e-03
1.132e-03
1.683e-03
1.422e-03
1.741e-03
1.538e-03
1.422e-03
1.567e-03
1.393e-03
1.161e-03
1.132e-03
1.741e-03
1.567e-03
1.393e-03
1.161e-03
1.306e-03
1.596e-03
1.683e-03
1.828e-03
1.799e-03
1.509e-03
1.886e-03
1.857e-03
2.263e-03
1.857e-03
2.263e-03
2.205e-03
2.205e-03
2.640e-03
1.741e-03
2.321e-03
2.495e-03
2.495e-03
2.060e-03
2.785e-03
3.047e-03
1.828e-03
2.176e-03
2.002e-03
1.364e-03
1.944e-03
1.915e-03
1.944e-03
1.451e-03
1.306e-03
1.480e-03
1.335e-03
1.190e-03
1.103e-03
9.285e-04
8.414e-04
1.161e-03
8.414e-04
8.124e-04
8.414e-04
8.414e-04
6.673e-04
5.223e-04
9.285e-04
8.995e-04
8.995e-04
8.704e-04
8.995e-04
6.093e-04
6.964e-04
6.673e-04
7.834e-04
5.803e-04
5.513e-04
6.673e-04
6.673e-04
4.642e-04
3.772e-04
2.901e-04
6.964e-04
3.482e-04
3.482e-04
7.834e-04
6.673e-04
7.254e-04
1.016e-03
1.190e-03
1.538e-03
1.683e-03
1.538e-03
9.285e-04
5.803e-04
9.285e-04
8.704e-04
7.834e-04
1.016e-03
1.219e-03
1.422e-03
2.350e-03
2.727e-03
2.901e-03
3.250e-03
3.279e-03
3.076e-03
3.018e-03
2.727e-03
3.250e-03
2.727e-03
2.582e-03
2.698e-03
2.495e-03
2.524e-03
2.437e-03
2.408e-03
2.495e-03
1.973e-03
2.002e-03
1.915e-03
2.031e-03
2.118e-03
2.408e-03
2.582e-03
3.511e-03
3.830e-03
5.049e-03
5.194e-03
4.294e-03
4.091e-03
3.598e-03
3.772e-03
3.424e-03
4.787e-03
4.149e-03
4.236e-03
5.049e-03
4.758e-03
5.542e-03
5.397e-03
5.687e-03
5.426e-03
6.296e-03
6.325e-03
6.209e-03
7.109e-03
7.109e-03
7.341e-03
6.644e-03
6.789e-03
7.631e-03
7.689e-03
8.066e-03
8.908e-03
8.617e-03
1.111e-02
1.132e-02
1.442e-02
1.790e-02
2.231e-02
