2.043e-02
1.805e-02
1.309e-02
9.520e-03
7.735e-03
1.170e-02
8.330e-03
7.338e-03
7.338e-03
7.338e-03
5.553e-03
5.157e-03
7.140e-03
7.735e-03
6.942e-03
6.148e-03
6.942e-03
8.727e-03
1.031e-02
8.925e-03
1.051e-02
8.727e-03
1.031e-02
7.933e-03
6.148e-03
7.140e-03
3.570e-03
5.355e-03
3.173e-03
4.958e-03
3.173e-03
3.173e-03
3.173e-03
2.777e-03
5.553e-03
6.148e-03
6.545e-03
3.372e-03
3.768e-03
4.363e-03
5.355e-03
4.760e-03
4.760e-03
5.157e-03
6.148e-03
4.958e-03
7.933e-03
8.925e-03
8.727e-03
9.520e-03
6.545e-03
4.958e-03
5.157e-03
2.975e-03
3.173e-03
2.578e-03
1.785e-03
2.578e-03
1.388e-03
9.917e-04
1.190e-03
5.950e-04
9.917e-04
5.950e-04
7.933e-04
1.983e-04
3.967e-04
3.967e-04
3.967e-04
7.933e-04
7.933e-04
7.933e-04
9.917e-04
1.785e-03
7.933e-04
5.950e-04
9.917e-04
5.950e-04
9.917e-04
9.917e-04
5.950e-04
3.967e-04
1.983e-04
0.000e+00
7.933e-04
9.917e-04
7.933e-04
9.917e-04
9.917e-04
1.190e-03
2.182e-03
1.785e-03
9.917e-04
7.933e-04
9.917e-04
7.933e-04
1.785e-03
3.967e-04
1.388e-03
5.950e-04
9.917e-04
1.190e-03
5.950e-04
9.917e-04
1.388e-03
1.587e-03
9.917e-04
7.933e-04
1.190e-03
1.190e-03
7.933e-04
1.190e-03
7.933e-04
1.983e-03
1.587e-03
2.777e-03
1.587e-03
2.975e-03
3.570e-03
1.388e-03
1.388e-03
1.388e-03
1.983e-03
1.785e-03
1.983e-03
1.388e-03
1.785e-03
1.388e-03
1.190e-03
1.190e-03
2.182e-03
7.933e-04
9.917e-04
7.933e-04
5.950e-04
9.917e-04
7.933e-04
9.917e-04
1.388e-03
3.967e-04
3.967e-04
3.967e-04
9.917e-04
1.190e-03
1.587e-03
1.388e-03
1.785e-03
1.388e-03
5.950e-04
9.917e-04
5.950e-04
1.190e-03
9.917e-04
1.785e-03
7.933e-04
7.933e-04
9.917e-04
7.933e-04
1.587e-03
9.917e-04
5.950e-04
1.785e-03
3.967e-04
5.950e-04
1.190e-03
3.967e-04
1.388e-03
1.388e-03
5.950e-04
1.388e-03
9.917e-04
5.950e-04
1.983e-04
9.917e-04
5.950e-04
3.967e-04
0.000e+00
1.983e-04
7.933e-04
3.967e-04
1.983e-04
3.967e-04
7.933e-04
1.587e-03
7.933e-04
3.967e-04
1.983e-04
1.983e-04
7.933e-04
7.933e-04
5.950e-04
7.933e-04
3.967e-04
1.388e-03
9.917e-04
1.587e-03
1.785e-03
7.933e-04
5.950e-04
7.933e-04
1.388e-03
3.967e-04
1.190e-03
7.933e-04
5.950e-04
3.967e-04
3.967e-04
5.950e-04
3.967e-04
1.785e-03
1.587e-03
1.190e-03
1.388e-03
9.917e-04
1.388e-03
9.917e-04
7.933e-04
3.967e-04
3.967e-04
5.950e-04
3.967e-04
1.190e-03
3.967e-04
5.950e-04
9.917e-04
5.950e-04
9.917e-04
1.785e-03
2.578e-03
7.933e-04
3.967e-04
1.587e-03
1.388e-03
1.388e-03
2.182e-03
1.190e-03
2.380e-03
1.190e-03
2.182e-03
2.380e-03
2.182e-03
1.785e-03
1.785e-03
7.933e-04
3.967e-04
1.587e-03
5.950e-04
1.190e-03
1.587e-03
7.933e-04
1.587e-03
1.587e-03
1.388e-03
9.917e-04
1.587e-03
9.917e-04
9.917e-04
9.917e-04
1.388e-03
9.917e-04
1.388e-03
1.388e-03
1.388e-03
1.587e-03
9.917e-04
1.388e-03
1.388e-03
2.578e-03
9.917e-04
9.917e-04
2.380e-03
1.785e-03
1.785e-03
1.190e-03
9.917e-04
1.587e-03
0.000e+00
3.967e-04
1.388e-03
7.933e-04
1.983e-04
9.917e-04
7.933e-04
7.933e-04
9.917e-04
2.777e-03
3.967e-03
3.967e-03
2.182e-03
1.983e-04
1.190e-03
1.190e-03
3.967e-04
1.983e-04
1.983e-04
7.933e-04
1.983e-04
7.933e-04
9.917e-04
5.950e-04
7.933e-04
1.983e-03
1.388e-03
1.587e-03
3.173e-03
2.975e-03
4.562e-03
3.570e-03
5.553e-03
6.942e-03
6.743e-03
6.148e-03
7.140e-03
7.537e-03
8.132e-03
6.545e-03
5.553e-03
6.148e-03
5.157e-03
6.148e-03
4.760e-03
2.777e-03
2.975e-03
3.768e-03
2.975e-03
3.570e-03
3.570e-03
2.975e-03
3.372e-03
2.380e-03
2.578e-03
4.165e-03
3.570e-03
4.165e-03
3.768e-03
4.760e-03
4.760e-03
5.157e-03
6.148e-03
9.520e-03
7.338e-03
8.925e-03
7.537e-03
6.148e-03
7.338e-03
7.140e-03
6.347e-03
6.545e-03
7.140e-03
5.752e-03
8.330e-03
5.157e-03
8.925e-03
7.933e-03
8.132e-03
9.520e-03
9.123e-03
1.369e-02
1.210e-02
1.428e-02
