1.307e-02
1.211e-02
1.211e-02
8.926e-03
7.969e-03
9.245e-03
4.782e-03
6.694e-03
4.782e-03
8.288e-03
6.057e-03
8.288e-03
7.013e-03
5.738e-03
7.013e-03
7.651e-03
1.148e-02
6.057e-03
7.651e-03
1.211e-02
7.969e-03
6.057e-03
9.245e-03
7.969e-03
5.419e-03
3.825e-03
3.507e-03
5.100e-03
2.231e-03
3.507e-03
2.231e-03
3.188e-03
1.275e-03
9.563e-04
1.594e-03
2.550e-03
6.376e-04
6.376e-04
1.913e-03
9.563e-04
2.869e-03
2.231e-03
1.594e-03
6.376e-04
2.550e-03
1.913e-03
1.594e-03
1.275e-03
6.376e-04
1.275e-03
9.563e-04
3.188e-04
1.913e-03
1.594e-03
9.563e-04
1.594e-03
1.913e-03
9.563e-04
9.563e-04
1.594e-03
6.376e-04
1.275e-03
3.188e-04
9.563e-04
9.563e-04
6.376e-04
0.000e+00
0.000e+00
3.188e-04
1.594e-03
6.376e-04
1.275e-03
3.188e-04
6.376e-04
1.913e-03
3.188e-04
0.000e+00
1.594e-03
6.376e-04
9.563e-04
1.594e-03
6.376e-04
9.563e-04
3.188e-04
3.188e-04
9.563e-04
1.594e-03
1.594e-03
9.563e-04
1.275e-03
3.507e-03
9.563e-04
2.869e-03
2.550e-03
1.913e-03
3.507e-03
3.825e-03
2.550e-03
2.231e-03
4.144e-03
2.869e-03
2.231e-03
2.231e-03
3.188e-03
3.507e-03
3.188e-03
1.594e-03
2.869e-03
3.188e-03
4.144e-03
3.188e-03
1.594e-03
3.825e-03
3.507e-03
2.550e-03
4.144e-03
3.507e-03
3.188e-03
2.869e-03
2.550e-03
3.188e-03
2.550e-03
3.188e-03
3.825e-03
2.869e-03
2.869e-03
1.594e-03
1.594e-03
1.275e-03
2.231e-03
1.594e-03
3.825e-03
1.275e-03
2.231e-03
1.913e-03
9.563e-04
2.231e-03
1.913e-03
3.825e-03
3.507e-03
2.869e-03
1.913e-03
2.231e-03
2.231e-03
1.913e-03
1.594e-03
3.188e-03
2.231e-03
6.376e-04
2.869e-03
1.594e-03
2.869e-03
1.275e-03
1.275e-03
1.594e-03
1.275e-03
1.913e-03
9.563e-04
1.594e-03
1.913e-03
2.231e-03
1.913e-03
1.275e-03
1.913e-03
1.594e-03
1.594e-03
1.275e-03
6.376e-04
1.594e-03
2.869e-03
1.913e-03
2.869e-03
2.231e-03
1.913e-03
1.913e-03
1.594e-03
9.563e-04
3.825e-03
1.275e-03
2.231e-03
1.594e-03
6.376e-04
9.563e-04
9.563e-04
2.550e-03
2.869e-03
2.550e-03
3.825e-03
2.231e-03
1.594e-03
1.275e-03
1.594e-03
9.563e-04
1.913e-03
1.594e-03
1.913e-03
2.550e-03
9.563e-04
4.144e-03
3.188e-03
2.231e-03
2.231e-03
1.275e-03
2.869e-03
1.913e-03
1.275e-03
3.188e-04
1.594e-03
9.563e-04
3.507e-03
2.550e-03
3.507e-03
2.869e-03
1.913e-03
1.594e-03
9.563e-04
3.188e-03
2.231e-03
1.913e-03
3.188e-03
9.563e-04
3.825e-03
2.231e-03
1.913e-03
1.913e-03
1.594e-03
1.594e-03
2.550e-03
2.231e-03
1.275e-03
1.913e-03
2.231e-03
2.869e-03
2.550e-03
2.231e-03
2.550e-03
3.188e-03
3.507e-03
1.913e-03
4.144e-03
3.825e-03
3.507e-03
3.188e-03
3.188e-03
3.825e-03
4.463e-03
1.913e-03
2.550e-03
1.913e-03
9.563e-04
2.869e-03
2.550e-03
8.926e-03
2.231e-03
2.550e-03
3.507e-03
2.869e-03
1.594e-03
2.550e-03
3.825e-03
1.913e-03
2.550e-03
2.231e-03
1.913e-03
9.563e-04
1.275e-03
1.594e-03
1.913e-03
3.825e-03
1.275e-03
3.188e-04
6.376e-04
6.376e-04
1.275e-03
1.594e-03
1.594e-03
1.594e-03
6.376e-04
1.913e-03
9.563e-04
6.376e-04
1.275e-03
3.188e-04
1.275e-03
0.000e+00
3.188e-04
6.376e-04
3.188e-04
9.563e-04
6.376e-04
3.188e-04
3.188e-04
9.563e-04
0.000e+00
1.913e-03
9.563e-04
2.231e-03
3.188e-04
1.594e-03
6.376e-04
1.275e-03
6.376e-04
1.594e-03
0.000e+00
9.563e-04
9.563e-04
1.913e-03
2.231e-03
6.376e-04
6.376e-04
1.275e-03
1.275e-03
2.231e-03
6.376e-04
1.594e-03
3.507e-03
1.913e-03
2.869e-03
2.231e-03
1.913e-03
1.913e-03
3.825e-03
6.057e-03
3.507e-03
2.550e-03
1.275e-03
9.563e-04
1.275e-03
2.550e-03
2.869e-03
2.550e-03
1.594e-03
3.825e-03
4.782e-03
4.463e-03
4.144e-03
4.144e-03
5.738e-03
6.057e-03
5.419e-03
6.376e-03
1.148e-02
7.332e-03
7.651e-03
8.288e-03
9.245e-03
6.694e-03
5.419e-03
9.245e-03
8.288e-03
7.013e-03
5.738e-03
7.013e-03
6.376e-03
8.926e-03
8.607e-03
7.013e-03
9.245e-03
8.926e-03
8.926e-03
