3.568e-02
2.912e-02
1.932e-02
1.391e-02
9.845e-03
7.970e-03
6.094e-03
5.990e-03
4.792e-03
3.594e-03
4.167e-03
4.792e-03
3.334e-03
4.011e-03
3.542e-03
4.011e-03
3.334e-03
3.021e-03
2.657e-03
2.813e-03
1.667e-03
2.500e-03
1.667e-03
1.615e-03
9.897e-04
7.292e-04
4.688e-04
4.167e-04
4.167e-04
6.772e-04
8.855e-04
8.334e-04
1.250e-03
1.406e-03
1.875e-03
1.198e-03
9.376e-04
3.125e-04
5.209e-04
6.251e-04
9.897e-04
7.292e-04
4.167e-04
7.292e-04
7.813e-04
1.094e-03
1.042e-03
1.511e-03
1.042e-03
1.250e-03
1.198e-03
1.719e-03
1.979e-03
1.979e-03
2.188e-03
2.500e-03
2.761e-03
2.552e-03
2.969e-03
2.709e-03
2.396e-03
2.552e-03
3.177e-03
3.386e-03
3.021e-03
2.917e-03
1.823e-03
2.552e-03
2.084e-03
2.813e-03
1.719e-03
1.979e-03
2.084e-03
1.563e-03
1.719e-03
1.302e-03
9.897e-04
1.146e-03
9.376e-04
7.292e-04
6.251e-04
1.042e-03
5.209e-04
5.730e-04
4.167e-04
5.209e-04
7.292e-04
4.688e-04
8.855e-04
8.334e-04
5.209e-04
4.167e-04
4.688e-04
4.688e-04
1.563e-04
5.209e-04
3.125e-04
6.772e-04
7.292e-04
8.334e-04
5.730e-04
7.292e-04
1.250e-03
7.813e-04
1.354e-03
7.813e-04
1.563e-03
2.084e-03
1.719e-03
1.875e-03
1.823e-03
1.979e-03
2.084e-03
2.136e-03
2.552e-03
3.230e-03
2.292e-03
2.344e-03
3.698e-03
2.917e-03
2.917e-03
3.438e-03
2.709e-03
2.292e-03
2.604e-03
2.657e-03
1.406e-03
2.188e-03
1.823e-03
2.031e-03
2.396e-03
1.198e-03
1.146e-03
1.771e-03
1.354e-03
1.094e-03
9.376e-04
9.897e-04
7.292e-04
8.855e-04
8.855e-04
4.688e-04
7.292e-04
9.376e-04
1.302e-03
1.042e-03
1.146e-03
1.094e-03
1.042e-03
1.146e-03
8.334e-04
9.376e-04
7.813e-04
8.855e-04
1.042e-03
7.292e-04
7.292e-04
1.458e-03
1.198e-03
1.198e-03
1.979e-03
2.136e-03
1.823e-03
1.823e-03
2.604e-03
3.021e-03
4.480e-03
2.865e-03
3.855e-03
3.177e-03
4.115e-03
4.063e-03
5.105e-03
6.355e-03
7.188e-03
7.917e-03
1.115e-02
1.453e-02
2.084e-02
2.495e-02
2.828e-02
2.526e-02
2.021e-02
1.438e-02
1.167e-02
9.011e-03
8.074e-03
5.990e-03
5.834e-03
5.365e-03
4.375e-03
3.490e-03
3.542e-03
2.969e-03
3.282e-03
3.386e-03
2.292e-03
2.448e-03
1.406e-03
2.240e-03
1.667e-03
1.615e-03
1.198e-03
1.406e-03
1.094e-03
1.198e-03
9.376e-04
9.897e-04
7.292e-04
7.292e-04
1.250e-03
1.094e-03
1.302e-03
9.376e-04
7.292e-04
9.376e-04
6.251e-04
1.094e-03
1.042e-03
8.334e-04
6.251e-04
7.813e-04
8.855e-04
1.302e-03
1.146e-03
6.772e-04
1.042e-03
1.354e-03
6.772e-04
2.084e-03
1.771e-03
1.979e-03
1.823e-03
2.657e-03
3.125e-03
2.396e-03
2.240e-03
2.031e-03
2.813e-03
2.657e-03
3.334e-03
2.709e-03
3.230e-03
2.448e-03
2.552e-03
2.396e-03
2.709e-03
2.136e-03
1.979e-03
2.031e-03
1.563e-03
2.031e-03
2.136e-03
1.719e-03
1.302e-03
1.146e-03
1.250e-03
1.250e-03
7.292e-04
8.334e-04
9.376e-04
8.855e-04
1.042e-03
3.646e-04
6.772e-04
6.251e-04
5.209e-04
5.209e-04
4.167e-04
2.604e-04
4.688e-04
6.251e-04
3.646e-04
5.209e-04
8.334e-04
4.167e-04
4.688e-04
7.813e-04
4.688e-04
6.772e-04
6.772e-04
7.813e-04
6.772e-04
8.334e-04
8.334e-04
1.146e-03
1.250e-03
2.188e-03
1.667e-03
1.979e-03
2.396e-03
2.344e-03
2.657e-03
2.657e-03
1.979e-03
3.125e-03
3.073e-03
2.865e-03
2.969e-03
3.021e-03
3.334e-03
2.917e-03
2.761e-03
2.865e-03
2.136e-03
2.396e-03
2.500e-03
1.875e-03
1.979e-03
1.615e-03
1.302e-03
1.354e-03
1.354e-03
8.855e-04
9.376e-04
1.094e-03
5.730e-04
1.198e-03
5.730e-04
5.209e-04
7.292e-04
6.251e-04
5.209e-04
5.730e-04
1.042e-03
1.667e-03
1.406e-03
1.302e-03
1.563e-03
1.094e-03
8.334e-04
5.209e-04
4.167e-04
3.646e-04
7.813e-04
1.042e-03
6.772e-04
1.458e-03
1.511e-03
1.875e-03
2.500e-03
3.073e-03
2.917e-03
2.396e-03
2.552e-03
4.271e-03
3.750e-03
3.959e-03
3.646e-03
3.802e-03
3.490e-03
2.813e-03
5.417e-03
5.469e-03
5.782e-03
7.553e-03
9.063e-03
1.250e-02
2.016e-02
2.563e-02
