4.413e-02
2.031e-02
1.407e-02
1.096e-02
1.101e-02
8.808e-03
7.550e-03
7.010e-03
6.786e-03
5.977e-03
5.348e-03
5.752e-03
4.853e-03
5.348e-03
6.112e-03
5.572e-03
8.134e-03
5.662e-03
5.078e-03
4.808e-03
5.662e-03
4.629e-03
4.763e-03
4.134e-03
5.123e-03
4.584e-03
3.865e-03
3.820e-03
4.584e-03
4.449e-03
4.359e-03
5.662e-03
5.213e-03
5.123e-03
4.539e-03
4.404e-03
5.977e-03
3.730e-03
3.640e-03
3.146e-03
3.280e-03
2.831e-03
3.370e-03
3.505e-03
3.056e-03
4.449e-03
4.314e-03
3.370e-03
2.606e-03
3.505e-03
3.955e-03
3.146e-03
3.101e-03
2.741e-03
3.460e-03
4.763e-03
6.022e-03
7.819e-03
1.070e-02
1.007e-02
8.583e-03
7.280e-03
5.437e-03
4.898e-03
4.089e-03
1.753e-03
2.067e-03
1.753e-03
2.202e-03
1.528e-03
1.303e-03
1.123e-03
1.258e-03
1.079e-03
1.573e-03
1.213e-03
1.528e-03
1.303e-03
1.932e-03
1.393e-03
1.168e-03
8.089e-04
8.538e-04
9.437e-04
1.528e-03
8.089e-04
1.123e-03
1.438e-03
1.258e-03
2.067e-03
1.618e-03
1.303e-03
1.303e-03
1.348e-03
1.348e-03
1.258e-03
8.988e-04
8.089e-04
8.538e-04
1.348e-03
1.258e-03
1.034e-03
8.988e-04
1.123e-03
1.034e-03
8.538e-04
8.988e-04
9.437e-04
8.089e-04
9.886e-04
8.988e-04
1.123e-03
8.089e-04
6.741e-04
7.190e-04
7.639e-04
1.123e-03
1.168e-03
6.291e-04
1.168e-03
1.079e-03
1.168e-03
8.538e-04
8.538e-04
1.034e-03
1.168e-03
6.291e-04
8.988e-04
8.988e-04
5.393e-04
6.741e-04
9.886e-04
8.538e-04
9.886e-04
1.303e-03
4.943e-04
9.886e-04
1.438e-03
8.538e-04
4.044e-04
6.291e-04
9.886e-04
7.639e-04
7.190e-04
7.190e-04
4.943e-04
7.190e-04
6.741e-04
7.639e-04
1.079e-03
1.034e-03
1.034e-03
5.842e-04
1.034e-03
7.190e-04
1.213e-03
7.190e-04
9.886e-04
7.190e-04
7.639e-04
1.034e-03
4.494e-04
6.741e-04
8.538e-04
8.089e-04
4.494e-04
8.538e-04
6.741e-04
9.886e-04
6.291e-04
1.079e-03
1.079e-03
1.123e-03
1.034e-03
1.034e-03
9.437e-04
1.393e-03
1.393e-03
1.618e-03
1.213e-03
1.842e-03
2.067e-03
1.708e-03
1.842e-03
9.886e-04
1.079e-03
1.168e-03
1.123e-03
1.573e-03
1.348e-03
6.291e-04
8.988e-04
7.190e-04
7.190e-04
3.595e-04
1.168e-03
1.079e-03
4.943e-04
6.741e-04
1.123e-03
6.291e-04
6.741e-04
8.988e-04
9.437e-04
8.538e-04
8.988e-04
1.213e-03
1.079e-03
9.437e-04
8.538e-04
1.123e-03
5.393e-04
9.437e-04
1.123e-03
8.089e-04
1.079e-03
4.943e-04
2.696e-04
5.842e-04
3.146e-04
5.842e-04
4.494e-04
6.291e-04
5.393e-04
5.842e-04
1.079e-03
9.437e-04
4.494e-04
8.988e-04
7.190e-04
7.190e-04
1.348e-03
1.034e-03
8.988e-04
9.886e-04
1.123e-03
7.190e-04
1.079e-03
8.538e-04
8.988e-04
1.168e-03
1.123e-03
1.168e-03
1.034e-03
5.393e-04
8.538e-04
5.842e-04
1.034e-03
8.089e-04
6.741e-04
1.213e-03
1.079e-03
9.886e-04
8.988e-04
7.639e-04
1.438e-03
7.639e-04
8.988e-04
8.089e-04
1.213e-03
1.483e-03
1.708e-03
9.437e-04
9.886e-04
9.886e-04
9.437e-04
1.483e-03
1.258e-03
1.348e-03
1.573e-03
2.067e-03
1.348e-03
1.258e-03
1.303e-03
1.034e-03
7.190e-04
8.089e-04
7.190e-04
8.988e-04
8.089e-04
1.079e-03
7.639e-04
1.079e-03
1.034e-03
1.168e-03
1.663e-03
1.348e-03
1.798e-03
3.056e-03
1.528e-03
9.886e-04
1.438e-03
2.427e-03
1.708e-03
2.561e-03
1.663e-03
3.415e-03
4.494e-03
5.437e-03
7.235e-03
8.853e-03
1.025e-02
1.209e-02
7.055e-03
4.943e-03
4.314e-03
3.640e-03
2.876e-03
2.966e-03
3.505e-03
3.640e-03
3.595e-03
2.517e-03
2.966e-03
3.775e-03
3.999e-03
4.134e-03
3.505e-03
3.595e-03
4.359e-03
3.325e-03
2.831e-03
4.404e-03
3.415e-03
3.865e-03
4.359e-03
4.449e-03
3.685e-03
4.943e-03
4.314e-03
4.269e-03
4.674e-03
4.089e-03
4.584e-03
3.595e-03
3.146e-03
4.089e-03
4.449e-03
4.988e-03
4.943e-03
3.685e-03
4.988e-03
4.404e-03
5.842e-03
6.651e-03
5.123e-03
4.539e-03
4.359e-03
5.617e-03
4.584e-03
5.977e-03
6.156e-03
6.246e-03
7.415e-03
7.639e-03
8.538e-03
9.392e-03
1.299e-02
1.631e-02
2.170e-02
