4.122e-02
3.004e-02
2.304e-02
1.785e-02
1.354e-02
1.239e-02
1.031e-02
9.498e-03
1.091e-02
8.757e-03
9.430e-03
9.295e-03
9.700e-03
1.118e-02
9.026e-03
9.969e-03
9.700e-03
9.228e-03
8.083e-03
7.140e-03
6.803e-03
5.725e-03
5.995e-03
4.782e-03
4.648e-03
4.109e-03
4.176e-03
3.705e-03
3.503e-03
3.166e-03
3.031e-03
3.570e-03
4.446e-03
5.523e-03
4.580e-03
3.637e-03
2.088e-03
1.819e-03
7.409e-04
4.715e-04
8.083e-04
1.212e-03
1.212e-03
6.736e-04
1.078e-03
1.078e-03
6.736e-04
4.715e-04
3.368e-04
7.409e-04
1.010e-03
5.389e-04
9.430e-04
8.083e-04
1.415e-03
2.492e-03
2.358e-03
3.637e-03
3.301e-03
3.435e-03
1.078e-03
9.430e-04
2.694e-04
3.368e-04
1.347e-04
6.736e-05
2.021e-04
4.041e-04
1.010e-03
1.549e-03
2.964e-03
2.560e-03
1.886e-03
1.482e-03
1.212e-03
4.041e-04
2.694e-04
5.389e-04
6.736e-04
1.347e-04
2.694e-04
2.694e-04
6.062e-04
2.021e-04
2.694e-04
4.715e-04
2.021e-04
8.083e-04
5.389e-04
4.041e-04
6.062e-04
4.041e-04
4.041e-04
5.389e-04
4.041e-04
3.368e-04
2.694e-04
4.041e-04
2.694e-04
4.715e-04
5.389e-04
7.409e-04
4.041e-04
5.389e-04
8.757e-04
6.736e-04
8.757e-04
9.430e-04
1.145e-03
5.389e-04
1.010e-03
1.280e-03
1.549e-03
1.078e-03
1.482e-03
1.886e-03
2.088e-03
1.415e-03
2.762e-03
2.358e-03
2.560e-03
2.223e-03
2.762e-03
2.021e-03
2.290e-03
2.627e-03
1.751e-03
2.829e-03
2.560e-03
2.762e-03
3.098e-03
1.953e-03
2.290e-03
3.435e-03
2.358e-03
1.751e-03
2.425e-03
2.021e-03
1.212e-03
2.223e-03
1.751e-03
1.482e-03
2.021e-03
1.347e-03
1.684e-03
1.617e-03
1.347e-03
1.078e-03
1.145e-03
1.415e-03
8.083e-04
1.145e-03
1.078e-03
9.430e-04
4.715e-04
8.757e-04
7.409e-04
8.757e-04
9.430e-04
8.083e-04
1.078e-03
8.757e-04
1.212e-03
5.389e-04
6.062e-04
6.062e-04
4.715e-04
1.010e-03
6.062e-04
8.757e-04
6.062e-04
8.083e-04
9.430e-04
5.389e-04
8.083e-04
1.347e-03
1.617e-03
1.010e-03
1.617e-03
1.482e-03
2.358e-03
1.145e-03
1.684e-03
1.415e-03
1.010e-03
1.010e-03
1.145e-03
6.736e-04
6.062e-04
7.409e-04
9.430e-04
7.409e-04
6.062e-04
4.041e-04
6.062e-04
1.010e-03
8.083e-04
8.757e-04
7.409e-04
1.212e-03
1.145e-03
8.083e-04
9.430e-04
1.280e-03
7.409e-04
1.280e-03
6.062e-04
7.409e-04
9.430e-04
1.684e-03
8.757e-04
1.280e-03
8.757e-04
1.145e-03
1.549e-03
1.751e-03
1.010e-03
1.212e-03
2.358e-03
1.886e-03
2.290e-03
1.549e-03
1.953e-03
2.021e-03
1.953e-03
2.627e-03
2.155e-03
1.819e-03
2.155e-03
2.155e-03
2.762e-03
1.819e-03
2.560e-03
2.627e-03
2.560e-03
2.829e-03
1.347e-03
2.560e-03
2.290e-03
2.155e-03
2.425e-03
2.627e-03
3.031e-03
2.088e-03
2.021e-03
1.415e-03
1.010e-03
1.819e-03
1.953e-03
1.549e-03
9.430e-04
1.347e-03
1.819e-03
1.415e-03
1.010e-03
7.409e-04
1.078e-03
8.083e-04
1.078e-03
4.715e-04
2.021e-04
4.041e-04
2.021e-04
3.368e-04
2.694e-04
7.409e-04
8.757e-04
5.389e-04
5.389e-04
3.368e-04
4.715e-04
7.409e-04
4.041e-04
4.715e-04
2.694e-04
5.389e-04
1.347e-04
2.694e-04
2.694e-04
2.021e-04
0.000e+00
4.715e-04
6.736e-05
1.347e-04
2.694e-04
4.715e-04
8.757e-04
1.482e-03
2.223e-03
2.492e-03
2.896e-03
1.819e-03
6.736e-04
2.694e-04
3.368e-04
2.021e-04
1.347e-04
1.347e-04
4.041e-04
6.062e-04
2.088e-03
2.964e-03
3.233e-03
3.031e-03
2.694e-03
2.829e-03
1.415e-03
7.409e-04
1.010e-03
6.062e-04
7.409e-04
6.736e-04
6.062e-04
7.409e-04
6.736e-04
6.062e-04
6.736e-04
4.041e-04
4.715e-04
1.078e-03
6.062e-04
9.430e-04
1.078e-03
1.415e-03
2.155e-03
2.829e-03
4.985e-03
6.130e-03
5.119e-03
4.715e-03
2.829e-03
3.435e-03
2.627e-03
4.378e-03
4.513e-03
3.839e-03
5.658e-03
5.321e-03
6.534e-03
6.668e-03
6.534e-03
7.342e-03
8.622e-03
7.814e-03
8.622e-03
9.969e-03
8.959e-03
9.902e-03
9.834e-03
8.689e-03
9.700e-03
9.430e-03
1.084e-02
1.044e-02
1.044e-02
1.320e-02
1.408e-02
1.947e-02
2.344e-02
3.186e-02
