5.140e-02
2.157e-02
1.999e-02
1.650e-02
8.566e-03
1.206e-02
4.124e-03
3.490e-03
7.297e-03
5.393e-03
3.173e-03
5.076e-03
4.442e-03
3.807e-03
5.711e-03
9.518e-04
3.173e-04
9.518e-04
2.855e-03
1.586e-03
9.518e-04
1.586e-03
9.518e-04
6.345e-04
1.586e-03
0.000e+00
6.345e-04
9.518e-04
9.518e-04
2.538e-03
1.904e-03
1.586e-03
3.173e-04
2.221e-03
1.586e-03
2.538e-03
2.221e-03
1.586e-03
3.173e-03
4.124e-03
4.759e-03
5.076e-03
9.201e-03
5.711e-03
5.076e-03
9.201e-03
1.174e-02
1.396e-02
1.332e-02
9.518e-03
8.249e-03
1.142e-02
1.047e-02
1.047e-02
1.142e-02
1.491e-02
2.348e-02
2.665e-02
1.650e-02
1.808e-02
1.618e-02
1.523e-02
1.047e-02
8.566e-03
3.807e-03
5.711e-03
3.490e-03
2.538e-03
2.855e-03
2.855e-03
1.586e-03
2.855e-03
9.518e-04
1.904e-03
1.904e-03
6.345e-04
0.000e+00
3.173e-04
6.345e-04
9.518e-04
1.269e-03
9.518e-04
3.173e-04
0.000e+00
3.173e-04
1.269e-03
3.173e-04
0.000e+00
0.000e+00
3.173e-04
0.000e+00
0.000e+00
0.000e+00
0.000e+00
0.000e+00
0.000e+00
0.000e+00
0.000e+00
0.000e+00
0.000e+00
0.000e+00
0.000e+00
0.000e+00
0.000e+00
0.000e+00
0.000e+00
0.000e+00
0.000e+00
0.000e+00
0.000e+00
0.000e+00
0.000e+00
0.000e+00
0.000e+00
0.000e+00
0.000e+00
0.000e+00
0.000e+00
0.000e+00
0.000e+00
0.000e+00
0.000e+00
0.000e+00
0.000e+00
0.000e+00
0.000e+00
0.000e+00
0.000e+00
0.000e+00
0.000e+00
0.000e+00
0.000e+00
0.000e+00
0.000e+00
0.000e+00
0.000e+00
0.000e+00
0.000e+00
0.000e+00
0.000e+00
0.000e+00
0.000e+00
0.000e+00
0.000e+00
0.000e+00
0.000e+00
0.000e+00
0.000e+00
0.000e+00
0.000e+00
0.000e+00
0.000e+00
0.000e+00
0.000e+00
0.000e+00
0.000e+00
0.000e+00
0.000e+00
0.000e+00
0.000e+00
0.000e+00
0.000e+00
0.000e+00
0.000e+00
0.000e+00
0.000e+00
0.000e+00
0.000e+00
0.000e+00
0.000e+00
0.000e+00
0.000e+00
0.000e+00
0.000e+00
0.000e+00
0.000e+00
0.000e+00
0.000e+00
0.000e+00
0.000e+00
0.000e+00
0.000e+00
0.000e+00
0.000e+00
0.000e+00
0.000e+00
0.000e+00
0.000e+00
0.000e+00
0.000e+00
0.000e+00
0.000e+00
0.000e+00
0.000e+00
0.000e+00
0.000e+00
0.000e+00
0.000e+00
0.000e+00
0.000e+00
0.000e+00
0.000e+00
0.000e+00
0.000e+00
0.000e+00
0.000e+00
0.000e+00
0.000e+00
0.000e+00
0.000e+00
0.000e+00
0.000e+00
0.000e+00
0.000e+00
0.000e+00
0.000e+00
0.000e+00
0.000e+00
0.000e+00
0.000e+00
0.000e+00
0.000e+00
0.000e+00
0.000e+00
0.000e+00
0.000e+00
0.000e+00
0.000e+00
0.000e+00
0.000e+00
0.000e+00
0.000e+00
0.000e+00
0.000e+00
0.000e+00
0.000e+00
0.000e+00
0.000e+00
0.000e+00
0.000e+00
0.000e+00
0.000e+00
0.000e+00
0.000e+00
0.000e+00
0.000e+00
0.000e+00
0.000e+00
0.000e+00
0.000e+00
0.000e+00
0.000e+00
0.000e+00
0.000e+00
0.000e+00
0.000e+00
0.000e+00
0.000e+00
0.000e+00
0.000e+00
0.000e+00
0.000e+00
0.000e+00
0.000e+00
0.000e+00
0.000e+00
0.000e+00
0.000e+00
0.000e+00
0.000e+00
0.000e+00
6.345e-04
0.000e+00
0.000e+00
0.000e+00
0.000e+00
0.000e+00
0.000e+00
3.173e-04
3.173e-04
6.345e-04
6.345e-04
0.000e+00
3.173e-04
1.269e-03
1.269e-03
6.345e-04
2.855e-03
1.586e-03
3.173e-03
3.807e-03
9.518e-04
1.269e-03
6.345e-04
2.221e-03
3.490e-03
3.807e-03
6.028e-03
7.614e-03
1.332e-02
1.840e-02
1.904e-02
1.681e-02
3.141e-02
2.284e-02
1.935e-02
1.840e-02
1.364e-02
1.301e-02
1.079e-02
1.269e-02
1.237e-02
9.518e-03
9.835e-03
1.459e-02
1.269e-02
7.614e-03
6.345e-03
5.076e-03
5.076e-03
5.076e-03
3.807e-03
4.442e-03
1.904e-03
2.538e-03
9.518e-04
3.173e-04
6.345e-04
3.173e-04
1.904e-03
1.269e-03
1.586e-03
6.345e-04
1.269e-03
9.518e-04
1.586e-03
3.173e-04
1.269e-03
3.173e-04
3.173e-03
1.269e-03
1.904e-03
1.269e-03
1.269e-03
2.221e-03
3.173e-04
4.124e-03
2.221e-03
1.904e-03
2.538e-03
5.393e-03
2.855e-03
1.586e-03
4.442e-03
5.711e-03
8.566e-03
5.393e-03
7.614e-03
1.459e-02
1.555e-02
