8.349e-03
9.316e-03
9.844e-03
7.471e-03
7.822e-03
7.822e-03
6.855e-03
9.140e-03
7.822e-03
8.086e-03
7.119e-03
8.437e-03
7.646e-03
7.558e-03
7.646e-03
7.558e-03
8.437e-03
6.680e-03
7.734e-03
7.998e-03
8.174e-03
6.064e-03
6.592e-03
6.592e-03
5.185e-03
4.746e-03
5.098e-03
5.537e-03
3.428e-03
4.834e-03
5.185e-03
4.307e-03
4.658e-03
3.603e-03
3.603e-03
4.394e-03
4.482e-03
4.394e-03
3.428e-03
4.219e-03
5.361e-03
4.482e-03
4.570e-03
5.273e-03
4.307e-03
3.955e-03
3.164e-03
2.900e-03
2.021e-03
1.758e-03
1.582e-03
1.758e-03
1.055e-03
9.668e-04
1.494e-03
1.406e-03
1.758e-03
1.406e-03
7.910e-04
9.668e-04
7.031e-04
3.516e-04
6.152e-04
1.055e-03
7.910e-04
7.031e-04
5.273e-04
6.152e-04
3.516e-04
1.318e-03
8.789e-04
6.152e-04
5.273e-04
8.789e-04
1.318e-03
2.021e-03
2.900e-03
1.846e-03
1.406e-03
1.230e-03
1.318e-03
2.021e-03
1.230e-03
1.318e-03
1.582e-03
1.230e-03
1.670e-03
1.494e-03
1.582e-03
1.230e-03
1.230e-03
1.582e-03
1.670e-03
1.230e-03
1.494e-03
1.582e-03
2.021e-03
1.670e-03
1.318e-03
1.758e-03
1.406e-03
1.143e-03
1.846e-03
1.318e-03
1.846e-03
1.406e-03
1.230e-03
1.494e-03
2.021e-03
1.318e-03
1.494e-03
1.143e-03
1.758e-03
1.758e-03
1.494e-03
1.846e-03
1.670e-03
2.021e-03
1.670e-03
1.846e-03
1.934e-03
1.406e-03
2.109e-03
1.494e-03
1.143e-03
1.406e-03
1.670e-03
1.230e-03
1.055e-03
2.549e-03
1.230e-03
2.285e-03
1.230e-03
2.373e-03
1.582e-03
1.670e-03
1.494e-03
1.230e-03
2.285e-03
2.197e-03
1.758e-03
1.670e-03
2.021e-03
1.582e-03
2.285e-03
1.670e-03
1.846e-03
2.637e-03
2.549e-03
1.670e-03
3.252e-03
2.637e-03
1.670e-03
2.109e-03
2.461e-03
2.461e-03
2.021e-03
3.076e-03
2.725e-03
2.373e-03
2.725e-03
2.900e-03
2.461e-03
2.549e-03
1.582e-03
3.164e-03
2.285e-03
2.812e-03
3.252e-03
2.988e-03
2.461e-03
2.197e-03
2.109e-03
1.846e-03
1.406e-03
1.670e-03
1.582e-03
1.582e-03
1.143e-03
1.318e-03
1.318e-03
9.668e-04
1.846e-03
1.318e-03
1.494e-03
1.758e-03
1.318e-03
2.109e-03
2.109e-03
2.197e-03
2.900e-03
2.021e-03
2.373e-03
2.373e-03
2.373e-03
2.021e-03
2.900e-03
2.109e-03
1.934e-03
2.285e-03
2.637e-03
1.934e-03
2.637e-03
3.076e-03
1.934e-03
2.285e-03
1.670e-03
2.285e-03
1.406e-03
2.812e-03
2.725e-03
2.373e-03
2.725e-03
1.494e-03
1.055e-03
1.230e-03
1.934e-03
1.230e-03
1.318e-03
1.846e-03
1.318e-03
1.758e-03
1.143e-03
1.143e-03
1.143e-03
1.582e-03
1.494e-03
1.318e-03
1.582e-03
1.230e-03
1.230e-03
1.055e-03
1.758e-03
1.318e-03
1.494e-03
1.670e-03
1.230e-03
1.494e-03
1.318e-03
2.285e-03
1.582e-03
1.758e-03
1.758e-03
1.406e-03
2.021e-03
2.549e-03
1.406e-03
1.934e-03
1.494e-03
9.668e-04
1.846e-03
1.846e-03
3.164e-03
1.406e-03
1.143e-03
2.285e-03
2.021e-03
1.494e-03
1.230e-03
1.670e-03
1.406e-03
1.055e-03
1.582e-03
1.934e-03
1.055e-03
1.406e-03
1.846e-03
1.494e-03
2.021e-03
1.582e-03
6.152e-04
9.668e-04
1.582e-03
1.758e-03
2.021e-03
1.055e-03
1.670e-03
1.143e-03
2.021e-03
1.670e-03
9.668e-04
2.197e-03
1.230e-03
1.670e-03
1.318e-03
1.846e-03
1.055e-03
1.318e-03
1.582e-03
3.516e-04
7.910e-04
7.031e-04
6.152e-04
3.516e-04
7.910e-04
7.031e-04
8.789e-04
7.031e-04
6.152e-04
8.789e-04
7.910e-04
6.152e-04
1.230e-03
1.230e-03
1.406e-03
1.318e-03
1.758e-03
1.846e-03
1.230e-03
1.318e-03
1.406e-03
1.406e-03
2.021e-03
2.549e-03
2.988e-03
3.340e-03
4.658e-03
5.625e-03
4.658e-03
4.570e-03
4.307e-03
4.131e-03
3.955e-03
4.746e-03
4.219e-03
4.570e-03
4.131e-03
4.307e-03
3.340e-03
4.746e-03
5.537e-03
4.394e-03
5.098e-03
5.010e-03
5.010e-03
5.537e-03
4.658e-03
5.625e-03
6.152e-03
4.922e-03
6.767e-03
7.295e-03
6.240e-03
7.031e-03
6.943e-03
8.877e-03
7.558e-03
7.383e-03
7.558e-03
7.558e-03
7.822e-03
7.734e-03
8.965e-03
7.031e-03
7.734e-03
7.119e-03
6.592e-03
9.053e-03
7.734e-03
8.789e-03
