1.804e-02
1.616e-02
1.242e-02
1.195e-02
9.838e-03
1.078e-02
8.667e-03
8.901e-03
8.667e-03
8.199e-03
8.667e-03
8.901e-03
8.199e-03
8.433e-03
6.559e-03
6.793e-03
6.559e-03
6.325e-03
5.622e-03
3.279e-03
4.685e-03
3.045e-03
3.045e-03
3.514e-03
2.577e-03
4.685e-03
3.514e-03
2.108e-03
3.514e-03
1.874e-03
2.108e-03
1.874e-03
1.405e-03
2.577e-03
1.171e-03
4.685e-04
1.171e-03
1.405e-03
9.370e-04
9.370e-04
4.685e-04
2.342e-04
0.000e+00
7.027e-04
2.342e-04
2.342e-04
2.342e-04
4.685e-04
2.342e-04
7.027e-04
2.342e-04
7.027e-04
0.000e+00
2.342e-04
0.000e+00
0.000e+00
4.685e-04
0.000e+00
2.342e-04
4.685e-04
2.342e-04
2.342e-04
2.342e-04
2.342e-04
2.342e-04
4.685e-04
7.027e-04
1.171e-03
2.342e-04
1.405e-03
2.342e-04
1.171e-03
2.342e-04
2.342e-04
1.171e-03
9.370e-04
4.685e-04
4.685e-04
4.685e-04
2.342e-04
7.027e-04
1.405e-03
2.342e-04
4.685e-04
4.685e-04
0.000e+00
4.685e-04
0.000e+00
0.000e+00
4.685e-04
0.000e+00
0.000e+00
0.000e+00
0.000e+00
2.342e-04
0.000e+00
0.000e+00
0.000e+00
7.027e-04
4.685e-04
0.000e+00
4.685e-04
1.171e-03
9.370e-04
9.370e-04
4.685e-04
7.027e-04
7.027e-04
0.000e+00
9.370e-04
9.370e-04
9.370e-04
4.685e-04
2.342e-04
2.342e-04
2.342e-04
2.342e-04
4.685e-04
0.000e+00
4.685e-04
7.027e-04
2.342e-04
4.685e-04
0.000e+00
0.000e+00
4.685e-04
9.370e-04
9.370e-04
2.342e-04
1.171e-03
4.685e-04
0.000e+00
7.027e-04
7.027e-04
0.000e+00
9.370e-04
0.000e+00
2.342e-04
9.370e-04
4.685e-04
9.370e-04
0.000e+00
9.370e-04
2.342e-04
0.000e+00
1.874e-03
7.027e-04
1.874e-03
1.405e-03
1.640e-03
2.342e-03
4.451e-03
2.342e-03
3.514e-03
2.811e-03
2.577e-03
4.216e-03
4.216e-03
4.685e-03
3.982e-03
4.685e-03
4.919e-03
7.262e-03
6.559e-03
6.559e-03
6.325e-03
5.622e-03
5.856e-03
7.730e-03
8.433e-03
9.838e-03
7.964e-03
8.667e-03
9.838e-03
1.007e-02
1.452e-02
1.335e-02
1.265e-02
1.405e-02
1.874e-02
1.921e-02
1.429e-02
1.265e-02
1.452e-02
1.148e-02
1.312e-02
8.433e-03
1.054e-02
9.370e-03
1.124e-02
7.964e-03
9.370e-03
5.856e-03
5.856e-03
7.964e-03
8.199e-03
4.919e-03
5.153e-03
3.514e-03
3.982e-03
3.514e-03
3.279e-03
4.685e-03
3.982e-03
3.279e-03
3.045e-03
3.748e-03
2.811e-03
1.405e-03
2.108e-03
1.640e-03
1.874e-03
7.027e-04
1.171e-03
1.171e-03
2.108e-03
2.342e-04
7.027e-04
7.027e-04
2.342e-04
0.000e+00
0.000e+00
2.342e-04
7.027e-04
2.342e-04
9.370e-04
7.027e-04
4.685e-04
2.342e-04
2.342e-04
2.342e-04
0.000e+00
2.342e-04
2.342e-04
0.000e+00
2.342e-04
0.000e+00
4.685e-04
4.685e-04
0.000e+00
4.685e-04
2.342e-04
7.027e-04
9.370e-04
7.027e-04
7.027e-04
7.027e-04
1.171e-03
9.370e-04
9.370e-04
2.342e-04
2.342e-04
2.342e-04
7.027e-04
2.342e-04
4.685e-04
9.370e-04
9.370e-04
4.685e-04
4.685e-04
7.027e-04
2.342e-04
2.342e-04
2.342e-04
2.342e-04
0.000e+00
0.000e+00
2.342e-04
0.000e+00
0.000e+00
2.342e-04
0.000e+00
0.000e+00
0.000e+00
4.685e-04
0.000e+00
2.342e-04
9.370e-04
1.171e-03
7.027e-04
4.685e-04
7.027e-04
4.685e-04
2.342e-04
9.370e-04
9.370e-04
9.370e-04
9.370e-04
4.685e-04
2.342e-04
2.342e-04
9.370e-04
2.342e-04
0.000e+00
7.027e-04
4.685e-04
2.342e-04
0.000e+00
7.027e-04
0.000e+00
4.685e-04
0.000e+00
9.370e-04
2.342e-04
2.342e-04
4.685e-04
9.370e-04
4.685e-04
9.370e-04
4.685e-04
0.000e+00
4.685e-04
4.685e-04
0.000e+00
7.027e-04
7.027e-04
4.685e-04
2.342e-04
2.342e-04
7.027e-04
2.342e-04
4.685e-04
9.370e-04
1.171e-03
1.405e-03
1.171e-03
2.342e-03
2.342e-03
2.342e-03
4.685e-03
3.982e-03
3.045e-03
2.342e-03
2.811e-03
2.811e-03
4.216e-03
3.514e-03
3.045e-03
3.045e-03
4.216e-03
3.045e-03
5.856e-03
6.559e-03
6.090e-03
7.027e-03
6.090e-03
8.199e-03
5.856e-03
8.199e-03
8.433e-03
8.667e-03
9.136e-03
8.667e-03
9.136e-03
1.148e-02
1.195e-02
1.101e-02
1.312e-02
1.335e-02
1.499e-02
