0.000e+00
0.000e+00
0.000e+00
0.000e+00
0.000e+00
0.000e+00
0.000e+00
0.000e+00
0.000e+00
0.000e+00
0.000e+00
0.000e+00
0.000e+00
0.000e+00
0.000e+00
0.000e+00
0.000e+00
0.000e+00
0.000e+00
0.000e+00
0.000e+00
0.000e+00
0.000e+00
0.000e+00
0.000e+00
0.000e+00
0.000e+00
0.000e+00
0.000e+00
0.000e+00
0.000e+00
0.000e+00
0.000e+00
0.000e+00
0.000e+00
0.000e+00
0.000e+00
0.000e+00
0.000e+00
0.000e+00
0.000e+00
0.000e+00
0.000e+00
0.000e+00
0.000e+00
0.000e+00
0.000e+00
0.000e+00
1.595e-03
0.000e+00
0.000e+00
0.000e+00
0.000e+00
1.595e-03
0.000e+00
0.000e+00
0.000e+00
1.595e-03
1.595e-03
0.000e+00
0.000e+00
0.000e+00
4.785e-03
4.785e-03
0.000e+00
7.974e-03
4.785e-03
9.569e-03
7.974e-03
6.380e-03
1.276e-02
4.785e-03
1.116e-02
7.974e-03
7.974e-03
7.974e-03
4.785e-03
6.380e-03
6.380e-03
3.190e-03
7.974e-03
4.785e-03
1.595e-03
1.595e-03
7.974e-03
3.190e-03
1.595e-03
1.595e-03
0.000e+00
0.000e+00
0.000e+00
0.000e+00
1.595e-03
0.000e+00
1.595e-03
0.000e+00
0.000e+00
1.595e-03
0.000e+00
1.595e-03
1.595e-03
0.000e+00
0.000e+00
0.000e+00
1.595e-03
0.000e+00
1.595e-03
0.000e+00
1.595e-03
1.595e-03
0.000e+00
0.000e+00
0.000e+00
0.000e+00
0.000e+00
1.595e-03
0.000e+00
0.000e+00
0.000e+00
1.595e-03
0.000e+00
0.000e+00
0.000e+00
0.000e+00
0.000e+00
0.000e+00
0.000e+00
0.000e+00
0.000e+00
0.000e+00
0.000e+00
1.595e-03
0.000e+00
0.000e+00
0.000e+00
0.000e+00
1.595e-03
3.190e-03
0.000e+00
1.595e-03
0.000e+00
0.000e+00
0.000e+00
0.000e+00
3.190e-03
0.000e+00
0.000e+00
1.595e-03
4.785e-03
0.000e+00
0.000e+00
1.595e-03
4.785e-03
1.595e-03
3.190e-03
3.190e-03
4.785e-03
1.595e-03
1.595e-03
0.000e+00
1.595e-03
3.190e-03
7.974e-03
4.785e-03
4.785e-03
4.785e-03
1.276e-02
3.190e-03
1.116e-02
1.435e-02
1.595e-02
4.785e-03
9.569e-03
1.754e-02
1.754e-02
1.595e-02
2.233e-02
2.552e-02
1.276e-02
4.625e-02
7.177e-02
4.306e-02
4.944e-02
2.552e-02
2.233e-02
2.073e-02
1.595e-02
1.116e-02
1.435e-02
9.569e-03
1.276e-02
7.974e-03
7.974e-03
1.116e-02
0.000e+00
4.785e-03
1.276e-02
0.000e+00
1.595e-03
1.595e-03
3.190e-03
1.595e-03
0.000e+00
4.785e-03
3.190e-03
4.785e-03
0.000e+00
0.000e+00
1.595e-03
1.595e-03
0.000e+00
0.000e+00
0.000e+00
0.000e+00
0.000e+00
0.000e+00
0.000e+00
0.000e+00
0.000e+00
1.595e-03
0.000e+00
0.000e+00
0.000e+00
0.000e+00
1.595e-03
0.000e+00
0.000e+00
0.000e+00
0.000e+00
0.000e+00
0.000e+00
0.000e+00
0.000e+00
0.000e+00
0.000e+00
1.595e-03
0.000e+00
0.000e+00
1.595e-03
0.000e+00
1.595e-03
0.000e+00
0.000e+00
0.000e+00
0.000e+00
0.000e+00
0.000e+00
0.000e+00
0.000e+00
0.000e+00
1.595e-03
0.000e+00
0.000e+00
0.000e+00
1.595e-03
0.000e+00
0.000e+00
0.000e+00
0.000e+00
1.595e-03
0.000e+00
0.000e+00
0.000e+00
0.000e+00
0.000e+00
1.595e-03
1.595e-03
0.000e+00
0.000e+00
1.595e-03
1.595e-03
0.000e+00
4.785e-03
0.000e+00
3.190e-03
4.785e-03
4.785e-03
6.380e-03
1.595e-03
9.569e-03
6.380e-03
7.974e-03
6.380e-03
3.190e-03
1.435e-02
4.785e-03
7.974e-03
3.190e-03
3.190e-03
7.974e-03
4.785e-03
6.380e-03
4.785e-03
3.190e-03
1.595e-03
6.380e-03
4.785e-03
1.595e-03
0.000e+00
3.190e-03
3.190e-03
3.190e-03
0.000e+00
1.595e-03
0.000e+00
0.000e+00
0.000e+00
0.000e+00
0.000e+00
0.000e+00
0.000e+00
0.000e+00
0.000e+00
0.000e+00
0.000e+00
0.000e+00
0.000e+00
0.000e+00
0.000e+00
0.000e+00
0.000e+00
0.000e+00
0.000e+00
0.000e+00
0.000e+00
0.000e+00
0.000e+00
0.000e+00
0.000e+00
0.000e+00
0.000e+00
0.000e+00
0.000e+00
0.000e+00
0.000e+00
0.000e+00
0.000e+00
0.000e+00
0.000e+00
0.000e+00
0.000e+00
0.000e+00
0.000e+00
0.000e+00
0.000e+00
0.000e+00
0.000e+00
0.000e+00
0.000e+00
0.000e+00
0.000e+00
0.000e+00
0.000e+00
0.000e+00
0.000e+00
0.000e+00
0.000e+00
0.000e+00
0.000e+00
0.000e+00
