8.130e+02
6.280e+02
5.520e+02
4.620e+02
3.480e+02
3.680e+02
2.940e+02
2.790e+02
2.900e+02
2.550e+02
2.740e+02
2.580e+02
2.580e+02
2.820e+02
2.290e+02
2.710e+02
2.550e+02
2.610e+02
2.070e+02
2.150e+02
2.240e+02
1.800e+02
1.970e+02
1.410e+02
1.590e+02
1.530e+02
1.590e+02
1.390e+02
1.580e+02
1.260e+02
1.420e+02
1.330e+02
1.570e+02
1.860e+02
1.380e+02
1.300e+02
1.100e+02
1.090e+02
8.800e+01
8.600e+01
7.400e+01
8.500e+01
7.800e+01
7.100e+01
6.800e+01
8.000e+01
8.800e+01
7.800e+01
8.600e+01
9.100e+01
1.270e+02
7.700e+01
1.180e+02
1.050e+02
1.060e+02
1.250e+02
9.500e+01
1.090e+02
1.160e+02
1.060e+02
7.300e+01
5.300e+01
4.000e+01
2.900e+01
2.800e+01
2.700e+01
2.200e+01
2.200e+01
4.200e+01
5.200e+01
8.200e+01
6.700e+01
4.700e+01
4.500e+01
3.700e+01
2.000e+01
2.300e+01
2.100e+01
2.100e+01
1.400e+01
1.600e+01
1.500e+01
2.300e+01
1.700e+01
1.900e+01
1.900e+01
3.000e+01
3.500e+01
2.000e+01
2.500e+01
3.400e+01
2.800e+01
2.600e+01
1.700e+01
2.500e+01
2.100e+01
2.300e+01
2.300e+01
3.000e+01
2.700e+01
3.000e+01
3.400e+01
2.600e+01
3.900e+01
3.300e+01
3.900e+01
4.500e+01
3.600e+01
4.400e+01
3.400e+01
5.500e+01
4.400e+01
5.500e+01
5.100e+01
6.000e+01
8.800e+01
7.900e+01
8.700e+01
8.100e+01
7.800e+01
9.500e+01
9.000e+01
8.900e+01
9.300e+01
7.400e+01
9.000e+01
6.000e+01
7.000e+01
7.700e+01
7.700e+01
8.500e+01
7.600e+01
6.600e+01
7.900e+01
6.200e+01
5.200e+01
5.900e+01
4.800e+01
3.300e+01
5.700e+01
5.200e+01
5.000e+01
5.200e+01
4.600e+01
5.200e+01
6.400e+01
5.400e+01
4.600e+01
4.900e+01
6.100e+01
4.300e+01
4.700e+01
4.300e+01
4.600e+01
3.400e+01
4.600e+01
5.400e+01
6.200e+01
6.000e+01
5.200e+01
7.000e+01
5.200e+01
7.900e+01
5.500e+01
5.300e+01
4.800e+01
5.800e+01
6.500e+01
4.800e+01
5.500e+01
6.800e+01
5.600e+01
6.200e+01
5.600e+01
6.800e+01
8.400e+01
7.400e+01
9.000e+01
1.060e+02
1.210e+02
1.410e+02
8.800e+01
9.500e+01
9.700e+01
6.800e+01
8.200e+01
6.600e+01
5.400e+01
6.500e+01
5.900e+01
5.200e+01
6.100e+01
5.000e+01
5.100e+01
6.600e+01
7.800e+01
5.600e+01
6.200e+01
6.200e+01
6.200e+01
5.900e+01
5.100e+01
6.200e+01
5.100e+01
4.300e+01
5.700e+01
4.000e+01
4.300e+01
4.300e+01
6.000e+01
5.200e+01
6.500e+01
5.400e+01
4.900e+01
5.200e+01
4.900e+01
4.000e+01
4.100e+01
6.300e+01
5.300e+01
4.600e+01
4.100e+01
4.500e+01
5.400e+01
6.000e+01
6.400e+01
6.500e+01
5.100e+01
6.300e+01
6.700e+01
7.800e+01
6.800e+01
7.700e+01
7.100e+01
7.400e+01
9.300e+01
5.900e+01
8.600e+01
8.800e+01
8.200e+01
7.200e+01
9.500e+01
1.090e+02
6.500e+01
7.200e+01
6.600e+01
4.600e+01
6.900e+01
6.600e+01
5.900e+01
4.900e+01
4.700e+01
5.000e+01
4.500e+01
3.900e+01
3.800e+01
3.400e+01
3.200e+01
4.100e+01
3.300e+01
2.800e+01
3.100e+01
3.200e+01
2.500e+01
1.900e+01
3.100e+01
3.300e+01
3.000e+01
3.000e+01
3.000e+01
2.300e+01
2.400e+01
2.500e+01
2.600e+01
2.200e+01
1.900e+01
2.400e+01
2.200e+01
1.600e+01
1.200e+01
9.000e+00
2.500e+01
1.300e+01
1.300e+01
2.600e+01
2.400e+01
2.300e+01
3.100e+01
3.900e+01
4.700e+01
6.400e+01
5.300e+01
3.200e+01
2.400e+01
3.000e+01
3.100e+01
2.700e+01
4.100e+01
4.300e+01
5.300e+01
8.000e+01
9.100e+01
9.700e+01
1.090e+02
1.130e+02
1.120e+02
1.050e+02
1.020e+02
1.130e+02
9.700e+01
9.000e+01
9.600e+01
8.200e+01
8.800e+01
8.700e+01
8.900e+01
8.900e+01
7.000e+01
7.300e+01
7.700e+01
7.400e+01
7.500e+01
8.700e+01
9.500e+01
1.260e+02
1.330e+02
1.790e+02
1.790e+02
1.630e+02
1.450e+02
1.300e+02
1.350e+02
1.290e+02
1.720e+02
1.530e+02
1.430e+02
1.810e+02
1.720e+02
1.970e+02
1.870e+02
2.000e+02
1.960e+02
2.310e+02
2.270e+02
2.190e+02
2.520e+02
2.480e+02
2.510e+02
2.400e+02
2.440e+02
2.720e+02
2.660e+02
2.830e+02
3.120e+02
3.100e+02
3.580e+02
3.800e+02
4.730e+02
5.610e+02
6.890e+02
