0.000e+00
0.000e+00
0.000e+00
0.000e+00
0.000e+00
0.000e+00
0.000e+00
0.000e+00
0.000e+00
0.000e+00
0.000e+00
0.000e+00
0.000e+00
0.000e+00
0.000e+00
0.000e+00
0.000e+00
0.000e+00
0.000e+00
0.000e+00
0.000e+00
0.000e+00
0.000e+00
0.000e+00
0.000e+00
0.000e+00
0.000e+00
0.000e+00
0.000e+00
0.000e+00
0.000e+00
0.000e+00
0.000e+00
0.000e+00
0.000e+00
0.000e+00
0.000e+00
0.000e+00
0.000e+00
0.000e+00
0.000e+00
0.000e+00
0.000e+00
0.000e+00
0.000e+00
0.000e+00
0.000e+00
0.000e+00
0.000e+00
0.000e+00
0.000e+00
0.000e+00
0.000e+00
7.974e-04
0.000e+00
0.000e+00
0.000e+00
0.000e+00
0.000e+00
7.974e-04
0.000e+00
7.974e-04
0.000e+00
0.000e+00
0.000e+00
0.000e+00
0.000e+00
7.974e-04
7.974e-04
1.595e-03
2.392e-03
7.974e-04
0.000e+00
7.974e-04
7.974e-04
1.595e-03
7.974e-04
7.974e-04
7.974e-04
0.000e+00
1.595e-03
7.974e-04
2.392e-03
1.595e-03
7.974e-04
7.974e-04
7.974e-04
0.000e+00
7.974e-04
0.000e+00
1.595e-03
0.000e+00
7.974e-04
0.000e+00
0.000e+00
0.000e+00
0.000e+00
0.000e+00
0.000e+00
7.974e-04
7.974e-04
0.000e+00
7.974e-04
0.000e+00
0.000e+00
0.000e+00
0.000e+00
0.000e+00
0.000e+00
0.000e+00
0.000e+00
0.000e+00
7.974e-04
0.000e+00
7.974e-04
0.000e+00
0.000e+00
7.974e-04
0.000e+00
0.000e+00
0.000e+00
0.000e+00
0.000e+00
0.000e+00
0.000e+00
0.000e+00
0.000e+00
7.974e-04
0.000e+00
0.000e+00
0.000e+00
0.000e+00
7.974e-04
0.000e+00
0.000e+00
0.000e+00
1.595e-03
1.595e-03
0.000e+00
7.974e-04
0.000e+00
0.000e+00
0.000e+00
0.000e+00
0.000e+00
0.000e+00
0.000e+00
0.000e+00
0.000e+00
3.190e-03
0.000e+00
0.000e+00
7.974e-04
7.974e-04
7.974e-04
2.392e-03
0.000e+00
0.000e+00
1.595e-03
7.974e-04
1.595e-03
1.595e-03
1.595e-03
7.177e-03
6.380e-03
2.392e-03
7.177e-03
7.177e-03
1.037e-02
6.380e-03
1.037e-02
9.569e-03
1.276e-02
1.515e-02
1.356e-02
1.196e-02
1.914e-02
1.754e-02
1.595e-02
1.994e-02
2.233e-02
1.834e-02
1.914e-02
1.276e-02
1.196e-02
1.595e-02
1.515e-02
9.569e-03
8.772e-03
5.582e-03
9.569e-03
1.595e-02
1.196e-02
7.177e-03
7.177e-03
3.190e-03
1.595e-03
3.987e-03
7.974e-04
4.785e-03
1.595e-03
2.392e-03
1.595e-03
0.000e+00
7.974e-04
1.595e-03
7.974e-04
1.595e-03
7.974e-04
7.974e-04
0.000e+00
7.974e-04
7.974e-04
0.000e+00
0.000e+00
0.000e+00
0.000e+00
0.000e+00
7.974e-04
7.974e-04
7.974e-04
0.000e+00
0.000e+00
7.974e-04
7.974e-04
0.000e+00
0.000e+00
0.000e+00
0.000e+00
0.000e+00
0.000e+00
0.000e+00
0.000e+00
7.974e-04
0.000e+00
7.974e-04
0.000e+00
0.000e+00
7.974e-04
7.974e-04
0.000e+00
0.000e+00
1.595e-03
0.000e+00
0.000e+00
0.000e+00
0.000e+00
0.000e+00
0.000e+00
0.000e+00
0.000e+00
7.974e-04
0.000e+00
0.000e+00
0.000e+00
7.974e-04
7.974e-04
0.000e+00
0.000e+00
0.000e+00
0.000e+00
0.000e+00
7.974e-04
0.000e+00
7.974e-04
7.974e-04
0.000e+00
0.000e+00
0.000e+00
0.000e+00
0.000e+00
2.392e-03
0.000e+00
0.000e+00
7.974e-04
7.974e-04
7.974e-04
0.000e+00
1.595e-03
0.000e+00
1.595e-03
1.595e-03
7.974e-04
2.392e-03
7.974e-04
0.000e+00
1.595e-03
0.000e+00
7.974e-04
7.974e-04
0.000e+00
0.000e+00
7.974e-04
1.595e-03
0.000e+00
0.000e+00
7.974e-04
7.974e-04
0.000e+00
0.000e+00
0.000e+00
7.974e-04
0.000e+00
0.000e+00
0.000e+00
0.000e+00
0.000e+00
0.000e+00
0.000e+00
0.000e+00
0.000e+00
0.000e+00
0.000e+00
0.000e+00
0.000e+00
0.000e+00
7.974e-04
0.000e+00
0.000e+00
0.000e+00
0.000e+00
0.000e+00
0.000e+00
0.000e+00
0.000e+00
0.000e+00
0.000e+00
0.000e+00
0.000e+00
0.000e+00
0.000e+00
0.000e+00
0.000e+00
0.000e+00
0.000e+00
0.000e+00
0.000e+00
0.000e+00
0.000e+00
0.000e+00
0.000e+00
0.000e+00
0.000e+00
0.000e+00
0.000e+00
0.000e+00
0.000e+00
0.000e+00
0.000e+00
0.000e+00
0.000e+00
0.000e+00
0.000e+00
0.000e+00
0.000e+00
0.000e+00
0.000e+00
0.000e+00
0.000e+00
0.000e+00
