7.973e-03
6.834e-03
4.556e-03
4.556e-03
2.278e-03
2.278e-03
1.139e-03
4.556e-03
1.139e-03
1.139e-03
0.000e+00
2.278e-03
0.000e+00
1.139e-03
2.278e-03
1.139e-03
0.000e+00
0.000e+00
1.139e-03
1.139e-03
0.000e+00
0.000e+00
0.000e+00
1.139e-03
0.000e+00
0.000e+00
0.000e+00
0.000e+00
0.000e+00
0.000e+00
0.000e+00
0.000e+00
0.000e+00
0.000e+00
0.000e+00
0.000e+00
0.000e+00
0.000e+00
0.000e+00
0.000e+00
0.000e+00
0.000e+00
0.000e+00
0.000e+00
1.139e-03
0.000e+00
0.000e+00
0.000e+00
0.000e+00
1.139e-03
0.000e+00
0.000e+00
0.000e+00
0.000e+00
0.000e+00
0.000e+00
0.000e+00
0.000e+00
0.000e+00
0.000e+00
0.000e+00
0.000e+00
0.000e+00
0.000e+00
0.000e+00
0.000e+00
0.000e+00
0.000e+00
0.000e+00
0.000e+00
0.000e+00
0.000e+00
0.000e+00
0.000e+00
0.000e+00
0.000e+00
0.000e+00
0.000e+00
0.000e+00
0.000e+00
0.000e+00
0.000e+00
1.139e-03
0.000e+00
0.000e+00
0.000e+00
0.000e+00
0.000e+00
0.000e+00
0.000e+00
1.139e-03
0.000e+00
0.000e+00
1.139e-03
0.000e+00
0.000e+00
1.139e-03
0.000e+00
0.000e+00
0.000e+00
0.000e+00
0.000e+00
0.000e+00
0.000e+00
0.000e+00
0.000e+00
0.000e+00
0.000e+00
0.000e+00
0.000e+00
0.000e+00
0.000e+00
0.000e+00
1.139e-03
0.000e+00
2.278e-03
1.139e-03
0.000e+00
0.000e+00
1.139e-03
4.556e-03
1.139e-03
2.278e-03
1.139e-03
0.000e+00
3.417e-03
1.139e-03
3.417e-03
0.000e+00
1.139e-03
0.000e+00
1.139e-03
1.139e-03
0.000e+00
0.000e+00
0.000e+00
0.000e+00
0.000e+00
1.139e-03
0.000e+00
0.000e+00
0.000e+00
0.000e+00
0.000e+00
0.000e+00
1.139e-03
0.000e+00
0.000e+00
0.000e+00
0.000e+00
0.000e+00
0.000e+00
0.000e+00
0.000e+00
0.000e+00
1.139e-03
0.000e+00
1.139e-03
0.000e+00
0.000e+00
0.000e+00
2.278e-03
4.556e-03
0.000e+00
0.000e+00
0.000e+00
0.000e+00
2.278e-03
6.834e-03
4.556e-03
5.695e-03
9.112e-03
1.025e-02
1.139e-02
2.050e-02
1.367e-02
2.278e-02
1.595e-02
2.278e-02
1.595e-02
2.961e-02
1.595e-02
1.595e-02
3.075e-02
1.595e-02
9.112e-03
1.481e-02
1.025e-02
1.139e-02
7.973e-03
3.417e-03
1.139e-03
2.278e-03
3.417e-03
0.000e+00
1.139e-03
1.139e-03
0.000e+00
1.139e-03
0.000e+00
1.139e-03
0.000e+00
0.000e+00
0.000e+00
0.000e+00
0.000e+00
0.000e+00
0.000e+00
0.000e+00
1.139e-03
1.139e-03
0.000e+00
0.000e+00
0.000e+00
1.139e-03
0.000e+00
1.139e-03
1.139e-03
0.000e+00
0.000e+00
0.000e+00
0.000e+00
1.139e-03
1.139e-03
0.000e+00
1.139e-03
0.000e+00
0.000e+00
2.278e-03
0.000e+00
0.000e+00
2.278e-03
0.000e+00
1.139e-03
0.000e+00
1.139e-03
1.139e-03
1.139e-03
0.000e+00
0.000e+00
0.000e+00
0.000e+00
0.000e+00
0.000e+00
0.000e+00
0.000e+00
0.000e+00
1.139e-03
0.000e+00
0.000e+00
0.000e+00
1.139e-03
0.000e+00
0.000e+00
0.000e+00
2.278e-03
0.000e+00
0.000e+00
0.000e+00
1.139e-03
0.000e+00
0.000e+00
0.000e+00
0.000e+00
0.000e+00
1.139e-03
1.139e-03
0.000e+00
0.000e+00
0.000e+00
0.000e+00
0.000e+00
0.000e+00
0.000e+00
0.000e+00
0.000e+00
0.000e+00
0.000e+00
0.000e+00
0.000e+00
0.000e+00
0.000e+00
1.139e-03
0.000e+00
0.000e+00
0.000e+00
0.000e+00
0.000e+00
0.000e+00
0.000e+00
0.000e+00
0.000e+00
0.000e+00
0.000e+00
0.000e+00
0.000e+00
0.000e+00
0.000e+00
0.000e+00
0.000e+00
0.000e+00
0.000e+00
0.000e+00
0.000e+00
0.000e+00
1.139e-03
0.000e+00
0.000e+00
1.139e-03
0.000e+00
0.000e+00
1.139e-03
0.000e+00
1.139e-03
0.000e+00
0.000e+00
0.000e+00
0.000e+00
0.000e+00
0.000e+00
0.000e+00
0.000e+00
0.000e+00
0.000e+00
0.000e+00
0.000e+00
1.139e-03
0.000e+00
0.000e+00
0.000e+00
0.000e+00
0.000e+00
0.000e+00
0.000e+00
0.000e+00
0.000e+00
0.000e+00
0.000e+00
0.000e+00
0.000e+00
0.000e+00
0.000e+00
0.000e+00
2.278e-03
0.000e+00
0.000e+00
0.000e+00
0.000e+00
1.139e-03
0.000e+00
1.139e-03
4.556e-03
2.278e-03
1.139e-03
0.000e+00
3.417e-03
4.556e-03
1.139e-03
1.025e-02
5.695e-03
