5.467e-02
1.822e-02
1.595e-02
6.834e-03
4.556e-03
2.278e-03
0.000e+00
2.278e-03
0.000e+00
0.000e+00
2.278e-03
2.278e-03
2.278e-03
0.000e+00
0.000e+00
0.000e+00
0.000e+00
0.000e+00
0.000e+00
0.000e+00
0.000e+00
2.278e-03
0.000e+00
0.000e+00
0.000e+00
0.000e+00
0.000e+00
0.000e+00
0.000e+00
0.000e+00
0.000e+00
0.000e+00
0.000e+00
2.278e-03
0.000e+00
0.000e+00
0.000e+00
0.000e+00
0.000e+00
0.000e+00
0.000e+00
0.000e+00
0.000e+00
0.000e+00
0.000e+00
0.000e+00
0.000e+00
0.000e+00
0.000e+00
0.000e+00
0.000e+00
0.000e+00
0.000e+00
0.000e+00
0.000e+00
0.000e+00
0.000e+00
0.000e+00
0.000e+00
0.000e+00
0.000e+00
0.000e+00
0.000e+00
0.000e+00
0.000e+00
0.000e+00
0.000e+00
0.000e+00
0.000e+00
0.000e+00
0.000e+00
0.000e+00
0.000e+00
0.000e+00
0.000e+00
0.000e+00
0.000e+00
0.000e+00
0.000e+00
0.000e+00
0.000e+00
0.000e+00
0.000e+00
0.000e+00
0.000e+00
0.000e+00
0.000e+00
0.000e+00
0.000e+00
0.000e+00
0.000e+00
0.000e+00
0.000e+00
0.000e+00
0.000e+00
0.000e+00
0.000e+00
0.000e+00
0.000e+00
0.000e+00
0.000e+00
0.000e+00
0.000e+00
0.000e+00
0.000e+00
0.000e+00
0.000e+00
0.000e+00
0.000e+00
0.000e+00
0.000e+00
2.278e-03
0.000e+00
0.000e+00
0.000e+00
0.000e+00
0.000e+00
0.000e+00
0.000e+00
0.000e+00
2.278e-03
0.000e+00
0.000e+00
0.000e+00
0.000e+00
0.000e+00
0.000e+00
0.000e+00
2.278e-03
1.139e-02
2.278e-03
0.000e+00
0.000e+00
2.278e-03
0.000e+00
2.278e-03
2.278e-03
4.556e-03
2.278e-03
4.556e-03
4.556e-03
0.000e+00
0.000e+00
2.278e-03
2.278e-03
2.278e-03
0.000e+00
0.000e+00
2.278e-03
0.000e+00
0.000e+00
0.000e+00
2.278e-03
4.556e-03
0.000e+00
0.000e+00
0.000e+00
0.000e+00
0.000e+00
0.000e+00
2.278e-03
2.278e-03
0.000e+00
2.278e-03
0.000e+00
0.000e+00
2.278e-03
2.278e-03
0.000e+00
2.278e-03
6.834e-03
2.278e-03
1.595e-02
1.367e-02
9.112e-03
9.112e-03
1.367e-02
1.367e-02
4.328e-02
7.062e-02
2.893e-01
6.150e-02
2.961e-02
2.733e-02
6.834e-03
9.112e-03
6.834e-03
9.112e-03
2.506e-02
1.595e-02
2.278e-03
4.556e-03
2.278e-03
0.000e+00
0.000e+00
2.278e-03
2.278e-03
0.000e+00
2.278e-03
0.000e+00
0.000e+00
0.000e+00
2.278e-03
0.000e+00
2.278e-03
2.278e-03
0.000e+00
0.000e+00
0.000e+00
0.000e+00
0.000e+00
0.000e+00
2.278e-03
0.000e+00
0.000e+00
0.000e+00
2.278e-03
6.834e-03
0.000e+00
0.000e+00
0.000e+00
2.278e-03
0.000e+00
0.000e+00
0.000e+00
0.000e+00
2.278e-03
4.556e-03
6.834e-03
4.556e-03
0.000e+00
0.000e+00
2.278e-03
2.278e-03
2.278e-03
0.000e+00
0.000e+00
0.000e+00
0.000e+00
0.000e+00
0.000e+00
0.000e+00
0.000e+00
0.000e+00
0.000e+00
0.000e+00
0.000e+00
0.000e+00
0.000e+00
0.000e+00
0.000e+00
0.000e+00
0.000e+00
0.000e+00
0.000e+00
0.000e+00
0.000e+00
0.000e+00
0.000e+00
0.000e+00
0.000e+00
0.000e+00
0.000e+00
0.000e+00
0.000e+00
0.000e+00
0.000e+00
0.000e+00
0.000e+00
0.000e+00
0.000e+00
0.000e+00
0.000e+00
0.000e+00
0.000e+00
0.000e+00
0.000e+00
0.000e+00
0.000e+00
0.000e+00
0.000e+00
0.000e+00
0.000e+00
0.000e+00
0.000e+00
0.000e+00
0.000e+00
0.000e+00
0.000e+00
0.000e+00
0.000e+00
0.000e+00
0.000e+00
0.000e+00
0.000e+00
0.000e+00
0.000e+00
0.000e+00
0.000e+00
2.278e-03
0.000e+00
0.000e+00
0.000e+00
0.000e+00
0.000e+00
0.000e+00
2.278e-03
0.000e+00
0.000e+00
2.278e-03
0.000e+00
2.278e-03
0.000e+00
0.000e+00
0.000e+00
0.000e+00
2.278e-03
0.000e+00
4.556e-03
0.000e+00
0.000e+00
0.000e+00
0.000e+00
0.000e+00
0.000e+00
0.000e+00
0.000e+00
4.556e-03
0.000e+00
0.000e+00
0.000e+00
0.000e+00
0.000e+00
2.278e-03
0.000e+00
0.000e+00
0.000e+00
2.278e-03
0.000e+00
0.000e+00
0.000e+00
0.000e+00
0.000e+00
0.000e+00
0.000e+00
0.000e+00
0.000e+00
0.000e+00
0.000e+00
0.000e+00
0.000e+00
2.278e-03
2.278e-03
6.834e-03
4.556e-03
2.278e-03
2.278e-03
2.278e-03
4.556e-03
1.822e-02
