1.592e-03
0.000e+00
0.000e+00
0.000e+00
0.000e+00
0.000e+00
0.000e+00
0.000e+00
0.000e+00
0.000e+00
0.000e+00
0.000e+00
0.000e+00
0.000e+00
0.000e+00
0.000e+00
0.000e+00
0.000e+00
0.000e+00
0.000e+00
0.000e+00
0.000e+00
0.000e+00
0.000e+00
0.000e+00
0.000e+00
0.000e+00
0.000e+00
0.000e+00
0.000e+00
0.000e+00
0.000e+00
0.000e+00
0.000e+00
0.000e+00
0.000e+00
0.000e+00
0.000e+00
0.000e+00
0.000e+00
0.000e+00
0.000e+00
0.000e+00
0.000e+00
0.000e+00
0.000e+00
0.000e+00
0.000e+00
0.000e+00
0.000e+00
0.000e+00
0.000e+00
0.000e+00
0.000e+00
1.592e-03
0.000e+00
0.000e+00
0.000e+00
1.592e-03
1.592e-03
0.000e+00
0.000e+00
0.000e+00
3.185e-03
0.000e+00
0.000e+00
0.000e+00
0.000e+00
0.000e+00
1.592e-03
1.592e-03
0.000e+00
1.592e-03
1.592e-03
1.592e-03
3.185e-03
0.000e+00
1.592e-03
1.592e-03
0.000e+00
1.592e-03
3.185e-03
9.554e-03
7.962e-03
3.185e-03
7.962e-03
6.369e-03
9.554e-03
2.389e-02
2.070e-02
6.369e-03
3.185e-03
6.369e-03
1.115e-02
7.962e-03
9.554e-03
6.369e-03
1.592e-02
7.962e-03
7.962e-03
7.962e-03
9.554e-03
6.369e-03
7.962e-03
1.592e-02
7.962e-03
2.070e-02
1.752e-02
1.911e-02
6.369e-03
6.369e-03
1.752e-02
1.274e-02
9.554e-03
1.911e-02
6.369e-03
1.752e-02
6.369e-03
1.592e-02
3.185e-03
3.185e-03
1.274e-02
7.962e-03
1.592e-03
4.777e-03
1.433e-02
7.962e-03
1.592e-03
1.592e-03
0.000e+00
0.000e+00
3.185e-03
0.000e+00
0.000e+00
0.000e+00
0.000e+00
1.592e-03
0.000e+00
0.000e+00
0.000e+00
0.000e+00
0.000e+00
0.000e+00
0.000e+00
0.000e+00
0.000e+00
0.000e+00
0.000e+00
0.000e+00
0.000e+00
0.000e+00
0.000e+00
0.000e+00
0.000e+00
1.592e-03
0.000e+00
0.000e+00
0.000e+00
0.000e+00
0.000e+00
0.000e+00
0.000e+00
0.000e+00
0.000e+00
0.000e+00
0.000e+00
0.000e+00
0.000e+00
0.000e+00
0.000e+00
0.000e+00
0.000e+00
0.000e+00
0.000e+00
0.000e+00
0.000e+00
0.000e+00
0.000e+00
0.000e+00
0.000e+00
1.592e-03
0.000e+00
0.000e+00
0.000e+00
0.000e+00
0.000e+00
0.000e+00
0.000e+00
0.000e+00
0.000e+00
0.000e+00
0.000e+00
0.000e+00
0.000e+00
0.000e+00
0.000e+00
0.000e+00
0.000e+00
0.000e+00
0.000e+00
0.000e+00
0.000e+00
0.000e+00
0.000e+00
0.000e+00
0.000e+00
0.000e+00
0.000e+00
0.000e+00
0.000e+00
0.000e+00
0.000e+00
0.000e+00
0.000e+00
0.000e+00
1.592e-03
0.000e+00
0.000e+00
0.000e+00
0.000e+00
0.000e+00
0.000e+00
1.592e-03
0.000e+00
0.000e+00
0.000e+00
1.592e-03
3.185e-03
0.000e+00
4.777e-03
0.000e+00
3.185e-03
0.000e+00
4.777e-03
0.000e+00
6.369e-03
1.592e-03
6.369e-03
4.777e-03
7.962e-03
7.962e-03
1.274e-02
1.274e-02
1.592e-02
1.274e-02
1.115e-02
1.433e-02
7.962e-03
1.274e-02
1.911e-02
9.554e-03
1.911e-02
9.554e-03
1.592e-02
6.369e-03
1.274e-02
9.554e-03
1.274e-02
1.752e-02
7.962e-03
1.274e-02
4.777e-03
7.962e-03
7.962e-03
4.777e-03
1.433e-02
9.554e-03
1.274e-02
7.962e-03
1.274e-02
1.592e-02
9.554e-03
2.229e-02
9.554e-03
1.592e-03
4.777e-03
3.185e-03
0.000e+00
1.592e-03
1.592e-03
4.777e-03
3.185e-03
0.000e+00
3.185e-03
0.000e+00
0.000e+00
1.592e-03
0.000e+00
4.777e-03
0.000e+00
1.592e-03
1.592e-03
1.592e-03
1.592e-03
1.592e-03
1.592e-03
0.000e+00
0.000e+00
1.592e-03
0.000e+00
6.369e-03
0.000e+00
0.000e+00
1.592e-03
0.000e+00
0.000e+00
1.592e-03
0.000e+00
0.000e+00
0.000e+00
0.000e+00
0.000e+00
1.592e-03
0.000e+00
0.000e+00
0.000e+00
0.000e+00
0.000e+00
0.000e+00
0.000e+00
0.000e+00
0.000e+00
0.000e+00
0.000e+00
0.000e+00
0.000e+00
0.000e+00
0.000e+00
0.000e+00
0.000e+00
0.000e+00
0.000e+00
0.000e+00
0.000e+00
0.000e+00
0.000e+00
0.000e+00
0.000e+00
0.000e+00
0.000e+00
0.000e+00
0.000e+00
0.000e+00
0.000e+00
0.000e+00
0.000e+00
0.000e+00
0.000e+00
0.000e+00
0.000e+00
0.000e+00
0.000e+00
0.000e+00
0.000e+00
0.000e+00
0.000e+00
0.000e+00
0.000e+00
0.000e+00
0.000e+00
