0.000e+00
0.000e+00
0.000e+00
0.000e+00
0.000e+00
0.000e+00
0.000e+00
0.000e+00
0.000e+00
0.000e+00
0.000e+00
0.000e+00
0.000e+00
0.000e+00
0.000e+00
0.000e+00
0.000e+00
0.000e+00
0.000e+00
0.000e+00
0.000e+00
0.000e+00
0.000e+00
0.000e+00
0.000e+00
0.000e+00
0.000e+00
0.000e+00
0.000e+00
0.000e+00
0.000e+00
0.000e+00
0.000e+00
0.000e+00
0.000e+00
0.000e+00
0.000e+00
0.000e+00
0.000e+00
0.000e+00
0.000e+00
0.000e+00
0.000e+00
0.000e+00
0.000e+00
0.000e+00
0.000e+00
0.000e+00
0.000e+00
0.000e+00
0.000e+00
0.000e+00
0.000e+00
0.000e+00
0.000e+00
0.000e+00
0.000e+00
0.000e+00
0.000e+00
7.962e-04
0.000e+00
0.000e+00
0.000e+00
0.000e+00
7.962e-04
0.000e+00
0.000e+00
7.962e-04
1.592e-03
0.000e+00
0.000e+00
7.962e-04
7.962e-04
2.389e-03
7.962e-04
7.962e-04
3.185e-03
3.981e-03
3.185e-03
3.185e-03
4.777e-03
1.592e-03
3.981e-03
2.389e-03
2.389e-03
2.389e-03
3.185e-03
3.185e-03
3.185e-03
4.777e-03
2.389e-03
4.777e-03
3.185e-03
7.166e-03
9.554e-03
5.573e-03
7.962e-03
1.035e-02
1.035e-02
1.035e-02
7.962e-03
7.962e-03
7.166e-03
7.962e-03
6.369e-03
4.777e-03
7.166e-03
9.554e-03
3.981e-03
7.166e-03
4.777e-03
3.981e-03
3.185e-03
3.981e-03
5.573e-03
1.592e-03
1.592e-03
3.185e-03
3.981e-03
2.389e-03
7.962e-04
4.777e-03
1.592e-03
7.962e-04
1.592e-03
0.000e+00
7.962e-04
3.185e-03
0.000e+00
7.962e-04
0.000e+00
0.000e+00
0.000e+00
0.000e+00
1.592e-03
0.000e+00
7.962e-04
0.000e+00
0.000e+00
0.000e+00
0.000e+00
7.962e-04
0.000e+00
0.000e+00
7.962e-04
0.000e+00
0.000e+00
7.962e-04
7.962e-04
7.962e-04
0.000e+00
0.000e+00
0.000e+00
0.000e+00
0.000e+00
0.000e+00
0.000e+00
0.000e+00
0.000e+00
0.000e+00
0.000e+00
0.000e+00
0.000e+00
0.000e+00
0.000e+00
0.000e+00
0.000e+00
0.000e+00
0.000e+00
0.000e+00
0.000e+00
0.000e+00
0.000e+00
0.000e+00
0.000e+00
0.000e+00
0.000e+00
0.000e+00
0.000e+00
0.000e+00
0.000e+00
0.000e+00
0.000e+00
0.000e+00
0.000e+00
0.000e+00
0.000e+00
0.000e+00
0.000e+00
0.000e+00
0.000e+00
0.000e+00
0.000e+00
0.000e+00
0.000e+00
0.000e+00
0.000e+00
0.000e+00
0.000e+00
0.000e+00
0.000e+00
0.000e+00
0.000e+00
0.000e+00
0.000e+00
0.000e+00
0.000e+00
0.000e+00
0.000e+00
0.000e+00
0.000e+00
0.000e+00
0.000e+00
0.000e+00
0.000e+00
0.000e+00
7.962e-04
0.000e+00
0.000e+00
0.000e+00
0.000e+00
0.000e+00
0.000e+00
0.000e+00
7.962e-04
0.000e+00
0.000e+00
0.000e+00
0.000e+00
3.185e-03
1.592e-03
1.592e-03
7.962e-04
3.185e-03
1.592e-03
4.777e-03
3.185e-03
7.962e-04
4.777e-03
2.389e-03
2.389e-03
5.573e-03
4.777e-03
7.962e-04
7.962e-04
1.592e-03
2.389e-03
4.777e-03
3.981e-03
5.573e-03
2.389e-03
3.185e-03
1.035e-02
7.166e-03
3.185e-03
3.981e-03
7.166e-03
7.962e-03
7.962e-03
8.758e-03
5.573e-03
1.035e-02
7.962e-03
7.962e-03
1.035e-02
3.981e-03
5.573e-03
5.573e-03
6.369e-03
3.185e-03
3.981e-03
6.369e-03
5.573e-03
1.592e-03
4.777e-03
1.592e-03
7.962e-04
3.981e-03
6.369e-03
2.389e-03
2.389e-03
3.185e-03
1.592e-03
1.592e-03
7.962e-04
0.000e+00
7.962e-04
1.592e-03
3.185e-03
0.000e+00
2.389e-03
0.000e+00
0.000e+00
0.000e+00
0.000e+00
0.000e+00
7.962e-04
0.000e+00
0.000e+00
0.000e+00
0.000e+00
7.962e-04
0.000e+00
0.000e+00
0.000e+00
7.962e-04
0.000e+00
0.000e+00
0.000e+00
0.000e+00
0.000e+00
0.000e+00
0.000e+00
0.000e+00
0.000e+00
0.000e+00
0.000e+00
0.000e+00
0.000e+00
0.000e+00
0.000e+00
0.000e+00
0.000e+00
0.000e+00
0.000e+00
0.000e+00
0.000e+00
0.000e+00
0.000e+00
0.000e+00
0.000e+00
0.000e+00
0.000e+00
0.000e+00
0.000e+00
0.000e+00
0.000e+00
0.000e+00
0.000e+00
0.000e+00
0.000e+00
0.000e+00
0.000e+00
0.000e+00
0.000e+00
0.000e+00
0.000e+00
0.000e+00
0.000e+00
0.000e+00
0.000e+00
0.000e+00
0.000e+00
0.000e+00
0.000e+00
0.000e+00
0.000e+00
0.000e+00
0.000e+00
0.000e+00
