6.807e-04
0.000e+00
0.000e+00
0.000e+00
0.000e+00
0.000e+00
0.000e+00
0.000e+00
0.000e+00
0.000e+00
0.000e+00
0.000e+00
0.000e+00
0.000e+00
0.000e+00
0.000e+00
0.000e+00
0.000e+00
0.000e+00
0.000e+00
6.807e-04
0.000e+00
0.000e+00
0.000e+00
0.000e+00
0.000e+00
0.000e+00
6.807e-04
0.000e+00
0.000e+00
0.000e+00
0.000e+00
0.000e+00
0.000e+00
1.361e-03
0.000e+00
0.000e+00
0.000e+00
6.807e-04
0.000e+00
0.000e+00
1.361e-03
1.361e-03
0.000e+00
6.807e-04
0.000e+00
1.361e-03
6.807e-04
0.000e+00
0.000e+00
0.000e+00
0.000e+00
6.807e-04
6.807e-04
1.361e-03
0.000e+00
6.807e-04
0.000e+00
2.042e-03
2.723e-03
1.361e-03
6.807e-04
6.807e-04
1.361e-03
0.000e+00
1.361e-03
0.000e+00
2.723e-03
2.042e-03
2.042e-03
6.807e-04
0.000e+00
3.404e-03
2.042e-03
4.084e-03
6.127e-03
4.084e-03
6.807e-03
2.723e-03
1.361e-03
5.446e-03
3.404e-03
8.169e-03
1.021e-02
6.127e-03
8.169e-03
1.157e-02
1.157e-02
1.838e-02
2.110e-02
1.702e-02
8.850e-03
9.530e-03
8.850e-03
8.169e-03
1.089e-02
8.169e-03
1.293e-02
6.807e-03
6.807e-03
8.850e-03
1.021e-02
7.488e-03
1.157e-02
1.566e-02
8.850e-03
1.089e-02
1.702e-02
1.157e-02
6.127e-03
5.446e-03
9.530e-03
7.488e-03
7.488e-03
1.225e-02
4.084e-03
1.157e-02
7.488e-03
7.488e-03
2.723e-03
2.723e-03
7.488e-03
8.850e-03
1.361e-03
2.723e-03
7.488e-03
4.084e-03
1.361e-03
6.807e-04
1.361e-03
1.361e-03
2.042e-03
0.000e+00
6.807e-04
0.000e+00
0.000e+00
6.807e-04
0.000e+00
6.807e-04
0.000e+00
0.000e+00
0.000e+00
0.000e+00
0.000e+00
0.000e+00
0.000e+00
0.000e+00
0.000e+00
0.000e+00
0.000e+00
0.000e+00
0.000e+00
0.000e+00
0.000e+00
6.807e-04
0.000e+00
0.000e+00
0.000e+00
0.000e+00
0.000e+00
0.000e+00
0.000e+00
0.000e+00
0.000e+00
0.000e+00
0.000e+00
0.000e+00
6.807e-04
6.807e-04
0.000e+00
0.000e+00
0.000e+00
0.000e+00
0.000e+00
0.000e+00
0.000e+00
0.000e+00
0.000e+00
6.807e-04
0.000e+00
6.807e-04
0.000e+00
0.000e+00
0.000e+00
0.000e+00
0.000e+00
0.000e+00
0.000e+00
0.000e+00
0.000e+00
0.000e+00
0.000e+00
0.000e+00
0.000e+00
0.000e+00
0.000e+00
0.000e+00
0.000e+00
0.000e+00
0.000e+00
0.000e+00
0.000e+00
0.000e+00
0.000e+00
0.000e+00
0.000e+00
0.000e+00
0.000e+00
0.000e+00
0.000e+00
6.807e-04
0.000e+00
0.000e+00
0.000e+00
0.000e+00
6.807e-04
6.807e-04
1.361e-03
0.000e+00
0.000e+00
0.000e+00
0.000e+00
1.361e-03
6.807e-04
2.723e-03
0.000e+00
1.361e-03
2.042e-03
6.807e-04
3.404e-03
1.361e-03
1.361e-03
0.000e+00
4.765e-03
1.361e-03
2.723e-03
2.723e-03
4.084e-03
2.042e-03
4.084e-03
5.446e-03
7.488e-03
6.127e-03
8.169e-03
7.488e-03
7.488e-03
8.850e-03
4.765e-03
6.807e-03
1.089e-02
6.127e-03
1.225e-02
7.488e-03
1.293e-02
5.446e-03
1.021e-02
6.127e-03
1.430e-02
1.566e-02
8.850e-03
1.498e-02
9.530e-03
8.850e-03
6.127e-03
6.807e-03
1.089e-02
1.225e-02
1.293e-02
1.225e-02
9.530e-03
1.634e-02
1.906e-02
1.702e-02
1.361e-02
6.127e-03
1.089e-02
6.127e-03
3.404e-03
5.446e-03
4.084e-03
8.850e-03
7.488e-03
3.404e-03
4.084e-03
7.488e-03
2.042e-03
8.169e-03
2.042e-03
4.765e-03
2.723e-03
2.042e-03
6.127e-03
1.361e-03
1.361e-03
6.807e-04
2.723e-03
0.000e+00
2.042e-03
1.361e-03
1.361e-03
2.723e-03
6.807e-04
1.361e-03
1.361e-03
0.000e+00
0.000e+00
1.361e-03
0.000e+00
6.807e-04
2.042e-03
1.361e-03
0.000e+00
6.807e-04
0.000e+00
0.000e+00
0.000e+00
0.000e+00
0.000e+00
0.000e+00
0.000e+00
6.807e-04
0.000e+00
1.361e-03
6.807e-04
0.000e+00
0.000e+00
0.000e+00
0.000e+00
0.000e+00
0.000e+00
0.000e+00
6.807e-04
0.000e+00
0.000e+00
0.000e+00
0.000e+00
0.000e+00
0.000e+00
0.000e+00
0.000e+00
0.000e+00
0.000e+00
0.000e+00
0.000e+00
0.000e+00
0.000e+00
0.000e+00
0.000e+00
0.000e+00
0.000e+00
0.000e+00
0.000e+00
0.000e+00
0.000e+00
0.000e+00
0.000e+00
0.000e+00
0.000e+00
6.807e-04
0.000e+00
