7.148e+03
3.561e+03
2.441e+03
2.019e+03
1.703e+03
1.515e+03
1.397e+03
1.317e+03
1.322e+03
1.301e+03
1.146e+03
1.142e+03
1.168e+03
1.188e+03
1.131e+03
1.170e+03
1.116e+03
1.116e+03
1.062e+03
9.730e+02
1.026e+03
9.800e+02
1.037e+03
9.850e+02
9.710e+02
9.240e+02
9.830e+02
9.670e+02
9.440e+02
9.990e+02
1.009e+03
1.002e+03
9.930e+02
1.115e+03
1.109e+03
1.083e+03
9.870e+02
9.490e+02
9.340e+02
9.360e+02
8.120e+02
7.920e+02
8.500e+02
7.760e+02
7.980e+02
7.350e+02
7.770e+02
8.420e+02
8.740e+02
9.390e+02
1.128e+03
1.049e+03
1.099e+03
1.208e+03
1.459e+03
1.705e+03
1.930e+03
2.476e+03
2.749e+03
2.346e+03
2.896e+03
1.542e+03
1.182e+03
9.330e+02
8.280e+02
7.870e+02
8.140e+02
8.090e+02
6.560e+02
6.070e+02
6.370e+02
5.880e+02
5.630e+02
4.210e+02
4.430e+02
3.960e+02
3.650e+02
3.340e+02
3.150e+02
2.920e+02
2.860e+02
2.790e+02
2.860e+02
2.500e+02
2.700e+02
2.390e+02
3.130e+02
3.230e+02
2.720e+02
3.000e+02
3.000e+02
2.550e+02
2.710e+02
2.430e+02
2.400e+02
2.550e+02
2.760e+02
2.330e+02
2.300e+02
2.350e+02
3.050e+02
2.620e+02
2.440e+02
2.620e+02
2.260e+02
2.720e+02
2.630e+02
2.750e+02
2.690e+02
2.920e+02
2.910e+02
3.100e+02
3.230e+02
2.680e+02
3.110e+02
3.180e+02
3.040e+02
3.420e+02
3.870e+02
3.350e+02
3.740e+02
3.450e+02
3.570e+02
3.660e+02
3.470e+02
3.490e+02
3.290e+02
3.260e+02
3.390e+02
3.310e+02
3.190e+02
2.750e+02
2.860e+02
2.990e+02
2.810e+02
2.900e+02
2.680e+02
2.730e+02
2.580e+02
2.910e+02
3.180e+02
3.270e+02
3.120e+02
3.440e+02
3.250e+02
3.340e+02
3.100e+02
3.190e+02
3.380e+02
3.470e+02
3.770e+02
3.840e+02
3.590e+02
3.890e+02
3.910e+02
4.010e+02
4.200e+02
3.950e+02
3.820e+02
4.330e+02
4.230e+02
4.370e+02
4.590e+02
5.140e+02
5.500e+02
5.530e+02
6.460e+02
6.410e+02
6.250e+02
6.900e+02
6.620e+02
6.460e+02
7.420e+02
7.770e+02
7.720e+02
8.640e+02
9.570e+02
1.125e+03
1.329e+03
1.704e+03
2.752e+03
1.648e+03
1.349e+03
1.150e+03
1.040e+03
9.400e+02
8.540e+02
7.240e+02
7.410e+02
7.150e+02
6.550e+02
6.020e+02
5.590e+02
5.680e+02
6.070e+02
5.900e+02
5.430e+02
5.300e+02
4.960e+02
4.610e+02
4.420e+02
3.870e+02
4.310e+02
4.350e+02
4.370e+02
4.340e+02
3.990e+02
3.660e+02
3.450e+02
3.580e+02
3.810e+02
3.550e+02
3.370e+02
3.280e+02
3.410e+02
3.240e+02
3.250e+02
3.380e+02
2.810e+02
2.860e+02
2.840e+02
2.760e+02
2.730e+02
2.940e+02
3.110e+02
2.620e+02
2.960e+02
2.790e+02
2.810e+02
2.910e+02
2.930e+02
2.770e+02
3.430e+02
3.210e+02
3.410e+02
3.490e+02
3.430e+02
3.500e+02
3.480e+02
3.680e+02
3.620e+02
3.350e+02
3.930e+02
3.640e+02
3.260e+02
2.950e+02
3.000e+02
2.890e+02
3.340e+02
2.930e+02
2.820e+02
2.820e+02
2.810e+02
2.810e+02
2.450e+02
2.770e+02
2.420e+02
2.380e+02
2.380e+02
2.590e+02
2.910e+02
2.510e+02
2.650e+02
2.850e+02
2.430e+02
2.560e+02
2.360e+02
2.750e+02
2.650e+02
2.740e+02
3.180e+02
2.720e+02
2.640e+02
2.830e+02
2.890e+02
2.630e+02
2.850e+02
2.630e+02
2.810e+02
2.500e+02
2.650e+02
3.010e+02
3.050e+02
3.240e+02
3.510e+02
4.030e+02
4.490e+02
4.760e+02
5.290e+02
5.430e+02
5.520e+02
6.220e+02
7.280e+02
7.240e+02
7.990e+02
7.830e+02
9.490e+02
1.015e+03
1.121e+03
1.535e+03
2.886e+03
2.291e+03
2.757e+03
2.265e+03
1.964e+03
1.846e+03
1.496e+03
1.352e+03
1.145e+03
1.041e+03
1.003e+03
8.170e+02
8.170e+02
7.460e+02
7.460e+02
7.660e+02
7.690e+02
8.100e+02
7.860e+02
8.800e+02
9.380e+02
9.210e+02
9.800e+02
1.066e+03
1.065e+03
1.140e+03
1.138e+03
1.120e+03
1.064e+03
1.040e+03
1.009e+03
1.019e+03
9.420e+02
9.180e+02
9.390e+02
9.620e+02
9.490e+02
8.720e+02
9.570e+02
9.940e+02
9.860e+02
1.011e+03
1.027e+03
1.082e+03
1.116e+03
1.144e+03
1.144e+03
1.063e+03
1.071e+03
1.089e+03
1.113e+03
1.178e+03
1.309e+03
1.372e+03
1.406e+03
1.482e+03
1.659e+03
1.994e+03
2.486e+03
3.533e+03
