0.000e+00
0.000e+00
0.000e+00
0.000e+00
0.000e+00
0.000e+00
0.000e+00
0.000e+00
0.000e+00
0.000e+00
0.000e+00
0.000e+00
0.000e+00
0.000e+00
0.000e+00
0.000e+00
0.000e+00
0.000e+00
0.000e+00
0.000e+00
0.000e+00
0.000e+00
0.000e+00
0.000e+00
0.000e+00
0.000e+00
0.000e+00
0.000e+00
0.000e+00
0.000e+00
0.000e+00
0.000e+00
0.000e+00
0.000e+00
0.000e+00
0.000e+00
0.000e+00
0.000e+00
0.000e+00
0.000e+00
0.000e+00
0.000e+00
0.000e+00
3.404e-04
0.000e+00
0.000e+00
0.000e+00
0.000e+00
0.000e+00
0.000e+00
0.000e+00
3.404e-04
0.000e+00
0.000e+00
3.404e-04
0.000e+00
0.000e+00
3.404e-04
0.000e+00
6.807e-04
1.021e-03
0.000e+00
6.807e-04
6.807e-04
3.404e-04
3.404e-04
3.404e-04
3.404e-04
1.021e-03
6.807e-04
0.000e+00
6.807e-04
2.383e-03
2.383e-03
2.723e-03
2.723e-03
3.404e-03
3.063e-03
4.765e-03
4.765e-03
7.148e-03
3.744e-03
4.425e-03
5.446e-03
4.425e-03
4.765e-03
6.467e-03
5.786e-03
4.084e-03
6.467e-03
5.786e-03
6.127e-03
5.786e-03
7.148e-03
6.467e-03
6.807e-03
7.148e-03
8.509e-03
7.828e-03
6.467e-03
5.106e-03
6.467e-03
5.106e-03
5.446e-03
5.446e-03
3.744e-03
5.446e-03
5.786e-03
2.383e-03
3.744e-03
4.425e-03
3.063e-03
1.702e-03
3.063e-03
3.744e-03
6.807e-04
1.021e-03
1.702e-03
3.404e-03
1.361e-03
1.021e-03
3.404e-03
1.021e-03
1.361e-03
1.021e-03
3.404e-04
6.807e-04
2.042e-03
0.000e+00
6.807e-04
6.807e-04
3.404e-04
3.404e-04
3.404e-04
6.807e-04
0.000e+00
3.404e-04
3.404e-04
3.404e-04
0.000e+00
0.000e+00
3.404e-04
0.000e+00
3.404e-04
1.021e-03
0.000e+00
0.000e+00
3.404e-04
6.807e-04
3.404e-04
0.000e+00
0.000e+00
0.000e+00
0.000e+00
0.000e+00
0.000e+00
0.000e+00
3.404e-04
0.000e+00
0.000e+00
0.000e+00
0.000e+00
0.000e+00
0.000e+00
0.000e+00
0.000e+00
0.000e+00
0.000e+00
0.000e+00
0.000e+00
0.000e+00
0.000e+00
3.404e-04
0.000e+00
0.000e+00
0.000e+00
0.000e+00
0.000e+00
0.000e+00
0.000e+00
0.000e+00
0.000e+00
0.000e+00
0.000e+00
0.000e+00
0.000e+00
0.000e+00
0.000e+00
0.000e+00
0.000e+00
0.000e+00
0.000e+00
0.000e+00
0.000e+00
0.000e+00
0.000e+00
0.000e+00
0.000e+00
0.000e+00
0.000e+00
0.000e+00
0.000e+00
0.000e+00
0.000e+00
0.000e+00
0.000e+00
0.000e+00
0.000e+00
0.000e+00
0.000e+00
0.000e+00
0.000e+00
0.000e+00
0.000e+00
0.000e+00
0.000e+00
3.404e-04
0.000e+00
0.000e+00
3.404e-04
3.404e-04
0.000e+00
0.000e+00
1.021e-03
6.807e-04
0.000e+00
3.404e-04
3.404e-04
3.404e-04
1.361e-03
1.702e-03
1.361e-03
3.404e-04
1.361e-03
1.361e-03
2.723e-03
2.042e-03
1.361e-03
2.723e-03
2.723e-03
2.383e-03
2.723e-03
4.084e-03
3.404e-04
1.021e-03
2.042e-03
1.702e-03
3.063e-03
2.723e-03
3.404e-03
1.361e-03
2.042e-03
6.467e-03
4.765e-03
3.404e-03
4.084e-03
5.786e-03
5.106e-03
6.807e-03
6.807e-03
5.446e-03
7.828e-03
7.148e-03
9.190e-03
8.850e-03
3.404e-03
6.807e-03
7.488e-03
6.467e-03
7.488e-03
6.467e-03
6.127e-03
7.148e-03
6.127e-03
5.106e-03
4.084e-03
5.786e-03
6.467e-03
4.765e-03
4.425e-03
3.063e-03
4.084e-03
1.702e-03
3.744e-03
3.063e-03
2.042e-03
2.042e-03
1.361e-03
2.383e-03
1.702e-03
2.042e-03
6.807e-04
1.021e-03
3.404e-04
3.404e-04
3.404e-04
6.807e-04
1.021e-03
0.000e+00
0.000e+00
6.807e-04
3.404e-04
3.404e-04
0.000e+00
0.000e+00
3.404e-04
0.000e+00
0.000e+00
0.000e+00
0.000e+00
0.000e+00
0.000e+00
0.000e+00
0.000e+00
0.000e+00
0.000e+00
0.000e+00
0.000e+00
0.000e+00
0.000e+00
0.000e+00
0.000e+00
0.000e+00
0.000e+00
0.000e+00
0.000e+00
0.000e+00
0.000e+00
0.000e+00
0.000e+00
0.000e+00
0.000e+00
0.000e+00
0.000e+00
0.000e+00
0.000e+00
0.000e+00
0.000e+00
0.000e+00
0.000e+00
0.000e+00
0.000e+00
0.000e+00
0.000e+00
0.000e+00
0.000e+00
0.000e+00
0.000e+00
0.000e+00
0.000e+00
0.000e+00
0.000e+00
0.000e+00
3.404e-04
0.000e+00
0.000e+00
0.000e+00
0.000e+00
0.000e+00
0.000e+00
