3.587e+03
3.177e+03
2.585e+03
2.109e+03
1.773e+03
1.604e+03
1.447e+03
1.394e+03
1.327e+03
1.238e+03
1.191e+03
1.143e+03
1.118e+03
1.122e+03
1.049e+03
1.037e+03
1.124e+03
1.013e+03
1.035e+03
9.950e+02
9.800e+02
9.190e+02
9.300e+02
8.880e+02
8.670e+02
8.490e+02
8.670e+02
8.340e+02
8.820e+02
8.510e+02
8.950e+02
8.640e+02
8.970e+02
9.380e+02
9.680e+02
9.390e+02
9.160e+02
8.800e+02
8.750e+02
8.270e+02
8.450e+02
8.220e+02
7.670e+02
8.050e+02
8.530e+02
8.310e+02
9.390e+02
9.510e+02
1.005e+03
1.152e+03
1.262e+03
1.426e+03
1.579e+03
1.809e+03
2.312e+03
2.780e+03
2.990e+03
2.747e+03
2.481e+03
2.447e+03
2.442e+03
1.627e+03
1.162e+03
9.050e+02
8.150e+02
7.910e+02
6.780e+02
5.940e+02
6.280e+02
6.820e+02
6.510e+02
5.900e+02
5.100e+02
4.930e+02
4.400e+02
4.560e+02
3.740e+02
3.410e+02
3.430e+02
3.240e+02
3.220e+02
3.260e+02
3.090e+02
2.680e+02
2.720e+02
2.690e+02
2.960e+02
2.760e+02
2.890e+02
2.910e+02
2.740e+02
2.310e+02
2.450e+02
2.340e+02
2.300e+02
2.320e+02
2.210e+02
2.320e+02
2.180e+02
2.140e+02
2.180e+02
2.350e+02
1.960e+02
2.270e+02
2.070e+02
2.150e+02
2.210e+02
2.200e+02
2.390e+02
2.160e+02
2.420e+02
2.270e+02
2.370e+02
2.600e+02
2.680e+02
3.350e+02
2.940e+02
3.160e+02
3.460e+02
3.340e+02
3.470e+02
3.670e+02
3.570e+02
3.570e+02
3.230e+02
3.370e+02
3.000e+02
2.910e+02
2.820e+02
3.140e+02
3.010e+02
2.390e+02
2.500e+02
2.810e+02
2.540e+02
2.230e+02
2.450e+02
2.220e+02
2.420e+02
2.320e+02
2.390e+02
2.450e+02
2.990e+02
2.860e+02
2.960e+02
3.120e+02
3.010e+02
2.970e+02
3.380e+02
3.600e+02
3.510e+02
3.640e+02
3.590e+02
3.740e+02
3.710e+02
3.760e+02
4.030e+02
4.130e+02
4.410e+02
4.630e+02
5.070e+02
4.990e+02
5.360e+02
5.530e+02
5.770e+02
6.400e+02
6.720e+02
7.120e+02
7.020e+02
7.540e+02
8.230e+02
7.500e+02
7.850e+02
8.850e+02
9.080e+02
1.039e+03
1.157e+03
1.350e+03
1.544e+03
1.694e+03
1.861e+03
1.627e+03
1.532e+03
1.356e+03
1.188e+03
1.078e+03
9.380e+02
9.350e+02
8.250e+02
8.200e+02
7.950e+02
7.240e+02
6.620e+02
6.070e+02
6.200e+02
6.180e+02
5.570e+02
5.820e+02
5.280e+02
5.170e+02
5.070e+02
4.620e+02
4.780e+02
4.510e+02
4.370e+02
4.460e+02
3.690e+02
3.920e+02
3.520e+02
3.530e+02
3.720e+02
3.630e+02
3.360e+02
3.110e+02
2.810e+02
2.890e+02
2.490e+02
2.530e+02
2.840e+02
2.560e+02
2.220e+02
2.290e+02
2.450e+02
2.550e+02
2.550e+02
2.490e+02
2.570e+02
2.370e+02
2.740e+02
2.670e+02
2.520e+02
2.880e+02
2.760e+02
2.920e+02
3.330e+02
3.450e+02
3.340e+02
3.130e+02
3.720e+02
3.510e+02
3.460e+02
3.440e+02
3.630e+02
2.870e+02
3.100e+02
2.820e+02
2.510e+02
2.560e+02
2.680e+02
2.520e+02
2.330e+02
2.270e+02
2.580e+02
2.200e+02
1.950e+02
2.010e+02
2.350e+02
1.940e+02
2.080e+02
2.210e+02
2.090e+02
2.080e+02
2.220e+02
2.200e+02
2.040e+02
2.200e+02
2.480e+02
2.620e+02
2.450e+02
2.720e+02
2.720e+02
2.690e+02
2.860e+02
2.680e+02
3.060e+02
2.930e+02
3.130e+02
2.960e+02
3.270e+02
2.760e+02
2.960e+02
3.480e+02
3.100e+02
3.680e+02
3.560e+02
4.100e+02
4.670e+02
4.740e+02
5.940e+02
5.500e+02
6.120e+02
6.550e+02
6.560e+02
6.330e+02
6.580e+02
7.410e+02
8.410e+02
9.530e+02
1.200e+03
1.652e+03
2.404e+03
2.466e+03
2.404e+03
2.663e+03
2.962e+03
2.752e+03
2.389e+03
1.989e+03
1.628e+03
1.405e+03
1.233e+03
1.079e+03
9.300e+02
9.130e+02
8.860e+02
8.250e+02
8.270e+02
7.900e+02
8.710e+02
8.330e+02
8.230e+02
9.050e+02
9.140e+02
9.290e+02
9.480e+02
1.000e+03
9.890e+02
9.790e+02
9.030e+02
8.740e+02
8.890e+02
8.340e+02
8.450e+02
8.810e+02
8.510e+02
8.340e+02
8.370e+02
8.790e+02
9.020e+02
9.060e+02
8.830e+02
9.430e+02
9.800e+02
9.350e+02
1.054e+03
1.093e+03
1.045e+03
1.104e+03
1.119e+03
1.097e+03
1.195e+03
1.178e+03
1.267e+03
1.352e+03
1.449e+03
1.580e+03
1.749e+03
2.228e+03
2.633e+03
3.071e+03
