0.000e+00
0.000e+00
0.000e+00
0.000e+00
0.000e+00
0.000e+00
0.000e+00
0.000e+00
0.000e+00
0.000e+00
0.000e+00
0.000e+00
0.000e+00
0.000e+00
0.000e+00
0.000e+00
0.000e+00
0.000e+00
0.000e+00
0.000e+00
0.000e+00
0.000e+00
0.000e+00
0.000e+00
0.000e+00
0.000e+00
0.000e+00
0.000e+00
0.000e+00
0.000e+00
0.000e+00
0.000e+00
0.000e+00
1.805e-03
0.000e+00
0.000e+00
3.610e-03
0.000e+00
0.000e+00
0.000e+00
0.000e+00
0.000e+00
1.805e-03
0.000e+00
0.000e+00
3.610e-03
0.000e+00
0.000e+00
0.000e+00
1.805e-03
3.610e-03
1.805e-03
1.805e-03
0.000e+00
3.610e-03
1.805e-03
0.000e+00
0.000e+00
0.000e+00
0.000e+00
0.000e+00
1.805e-03
1.805e-03
1.805e-03
3.610e-03
1.805e-03
1.805e-03
1.805e-03
0.000e+00
0.000e+00
1.805e-03
3.610e-03
1.805e-03
0.000e+00
0.000e+00
1.805e-03
3.610e-03
0.000e+00
1.805e-03
3.610e-03
3.610e-03
1.805e-03
0.000e+00
0.000e+00
5.415e-03
7.220e-03
1.805e-03
0.000e+00
5.415e-03
1.805e-03
5.415e-03
3.610e-03
5.415e-03
1.444e-02
5.415e-03
1.264e-02
5.415e-03
9.025e-03
1.083e-02
1.625e-02
7.220e-03
7.220e-03
1.264e-02
2.708e-02
1.083e-02
1.805e-02
1.083e-02
1.444e-02
1.625e-02
2.888e-02
1.625e-02
1.264e-02
1.805e-02
1.083e-02
1.083e-02
1.625e-02
1.083e-02
5.415e-03
3.610e-03
3.610e-03
1.805e-03
1.444e-02
3.610e-03
7.220e-03
3.610e-03
7.220e-03
1.805e-03
1.805e-03
3.610e-03
3.610e-03
1.805e-03
3.610e-03
5.415e-03
1.805e-03
0.000e+00
1.805e-03
3.610e-03
1.805e-03
0.000e+00
0.000e+00
0.000e+00
0.000e+00
0.000e+00
0.000e+00
0.000e+00
0.000e+00
0.000e+00
0.000e+00
0.000e+00
0.000e+00
1.805e-03
0.000e+00
1.805e-03
0.000e+00
0.000e+00
0.000e+00
0.000e+00
0.000e+00
0.000e+00
0.000e+00
0.000e+00
3.610e-03
0.000e+00
0.000e+00
0.000e+00
0.000e+00
0.000e+00
1.805e-03
0.000e+00
0.000e+00
0.000e+00
0.000e+00
0.000e+00
0.000e+00
0.000e+00
0.000e+00
3.610e-03
0.000e+00
0.000e+00
0.000e+00
1.805e-03
0.000e+00
0.000e+00
1.805e-03
0.000e+00
0.000e+00
0.000e+00
0.000e+00
0.000e+00
0.000e+00
0.000e+00
0.000e+00
1.805e-03
0.000e+00
1.805e-03
0.000e+00
0.000e+00
0.000e+00
0.000e+00
0.000e+00
1.805e-03
0.000e+00
0.000e+00
0.000e+00
0.000e+00
0.000e+00
0.000e+00
1.805e-03
0.000e+00
0.000e+00
0.000e+00
1.805e-03
0.000e+00
1.805e-03
0.000e+00
0.000e+00
0.000e+00
0.000e+00
1.805e-03
0.000e+00
0.000e+00
0.000e+00
1.805e-03
0.000e+00
0.000e+00
3.610e-03
0.000e+00
0.000e+00
1.805e-03
0.000e+00
0.000e+00
0.000e+00
0.000e+00
7.220e-03
5.415e-03
1.805e-03
9.025e-03
1.444e-02
3.610e-03
1.083e-02
1.805e-03
1.805e-02
1.264e-02
1.986e-02
5.415e-03
7.220e-03
9.025e-03
1.083e-02
9.025e-03
1.083e-02
9.025e-03
2.166e-02
1.264e-02
1.805e-02
1.805e-02
1.083e-02
1.986e-02
5.415e-03
1.083e-02
1.083e-02
7.220e-03
1.264e-02
9.025e-03
3.610e-03
1.805e-03
9.025e-03
7.220e-03
7.220e-03
3.610e-03
1.083e-02
3.610e-03
7.220e-03
9.025e-03
3.610e-03
1.805e-03
5.415e-03
0.000e+00
1.805e-03
5.415e-03
7.220e-03
1.805e-03
0.000e+00
1.805e-03
5.415e-03
1.805e-03
3.610e-03
1.805e-03
5.415e-03
0.000e+00
0.000e+00
5.415e-03
0.000e+00
0.000e+00
0.000e+00
0.000e+00
1.805e-03
0.000e+00
3.610e-03
0.000e+00
0.000e+00
0.000e+00
0.000e+00
0.000e+00
0.000e+00
0.000e+00
0.000e+00
1.805e-03
0.000e+00
0.000e+00
0.000e+00
1.805e-03
3.610e-03
0.000e+00
0.000e+00
0.000e+00
1.805e-03
1.805e-03
0.000e+00
0.000e+00
1.805e-03
0.000e+00
0.000e+00
1.805e-03
0.000e+00
0.000e+00
0.000e+00
0.000e+00
0.000e+00
0.000e+00
0.000e+00
0.000e+00
0.000e+00
0.000e+00
0.000e+00
0.000e+00
0.000e+00
0.000e+00
0.000e+00
0.000e+00
0.000e+00
0.000e+00
0.000e+00
0.000e+00
1.805e-03
0.000e+00
0.000e+00
0.000e+00
0.000e+00
0.000e+00
0.000e+00
0.000e+00
0.000e+00
0.000e+00
0.000e+00
0.000e+00
0.000e+00
0.000e+00
0.000e+00
0.000e+00
0.000e+00
