0.000e+00
0.000e+00
0.000e+00
0.000e+00
0.000e+00
0.000e+00
0.000e+00
0.000e+00
0.000e+00
0.000e+00
0.000e+00
0.000e+00
0.000e+00
0.000e+00
0.000e+00
0.000e+00
0.000e+00
0.000e+00
0.000e+00
0.000e+00
0.000e+00
0.000e+00
0.000e+00
0.000e+00
0.000e+00
0.000e+00
0.000e+00
0.000e+00
0.000e+00
0.000e+00
0.000e+00
0.000e+00
0.000e+00
0.000e+00
0.000e+00
0.000e+00
0.000e+00
0.000e+00
0.000e+00
0.000e+00
0.000e+00
0.000e+00
0.000e+00
0.000e+00
0.000e+00
0.000e+00
0.000e+00
0.000e+00
0.000e+00
0.000e+00
0.000e+00
0.000e+00
0.000e+00
0.000e+00
9.025e-04
9.025e-04
0.000e+00
0.000e+00
0.000e+00
0.000e+00
9.025e-04
9.025e-04
1.805e-03
0.000e+00
0.000e+00
9.025e-04
9.025e-04
0.000e+00
1.805e-03
3.610e-03
9.025e-04
9.025e-04
3.610e-03
9.025e-04
3.610e-03
4.513e-03
4.513e-03
2.708e-03
2.708e-03
4.513e-03
1.805e-03
7.220e-03
4.513e-03
6.318e-03
4.513e-03
4.513e-03
7.220e-03
8.123e-03
5.415e-03
1.805e-03
3.610e-03
3.610e-03
6.318e-03
8.123e-03
2.708e-03
3.610e-03
3.610e-03
1.805e-03
9.025e-04
4.513e-03
5.415e-03
2.708e-03
3.610e-03
4.513e-03
9.025e-04
5.415e-03
1.805e-03
1.805e-03
3.610e-03
3.610e-03
2.708e-03
6.318e-03
3.610e-03
1.805e-03
2.708e-03
0.000e+00
0.000e+00
0.000e+00
0.000e+00
0.000e+00
1.805e-03
9.025e-04
0.000e+00
9.025e-04
9.025e-04
9.025e-04
9.025e-04
1.805e-03
9.025e-04
9.025e-04
9.025e-04
9.025e-04
0.000e+00
9.025e-04
0.000e+00
1.805e-03
2.708e-03
1.805e-03
1.805e-03
0.000e+00
0.000e+00
9.025e-04
0.000e+00
9.025e-04
0.000e+00
9.025e-04
9.025e-04
0.000e+00
0.000e+00
9.025e-04
1.805e-03
0.000e+00
1.805e-03
0.000e+00
0.000e+00
9.025e-04
4.513e-03
1.805e-03
0.000e+00
0.000e+00
9.025e-04
0.000e+00
2.708e-03
2.708e-03
1.805e-03
0.000e+00
1.805e-03
9.025e-04
9.025e-04
1.805e-03
9.025e-04
1.805e-03
9.025e-04
9.025e-04
9.025e-04
2.708e-03
2.708e-03
2.708e-03
3.610e-03
2.708e-03
1.805e-03
5.415e-03
3.610e-03
4.513e-03
1.805e-03
2.708e-03
9.025e-04
1.805e-03
2.708e-03
1.805e-03
1.805e-03
0.000e+00
9.025e-04
9.025e-04
4.513e-03
9.025e-04
1.805e-03
9.025e-04
1.805e-03
0.000e+00
1.805e-03
1.805e-03
9.025e-04
1.805e-03
9.025e-04
0.000e+00
0.000e+00
0.000e+00
9.025e-04
9.025e-04
9.025e-04
9.025e-04
9.025e-04
0.000e+00
9.025e-04
9.025e-04
0.000e+00
0.000e+00
1.805e-03
1.805e-03
0.000e+00
9.025e-04
1.805e-03
2.708e-03
1.805e-03
0.000e+00
0.000e+00
9.025e-04
0.000e+00
9.025e-04
1.805e-03
0.000e+00
0.000e+00
9.025e-04
9.025e-04
1.805e-03
9.025e-04
0.000e+00
0.000e+00
0.000e+00
1.805e-03
0.000e+00
0.000e+00
0.000e+00
0.000e+00
2.708e-03
1.805e-03
1.805e-03
1.805e-03
9.025e-04
1.805e-03
9.025e-04
2.708e-03
2.708e-03
6.318e-03
3.610e-03
3.610e-03
5.415e-03
3.610e-03
9.025e-04
3.610e-03
5.415e-03
1.805e-03
9.025e-04
5.415e-03
9.025e-04
7.220e-03
4.513e-03
3.610e-03
1.805e-03
6.318e-03
7.220e-03
2.708e-03
7.220e-03
7.220e-03
9.025e-03
6.318e-03
1.083e-02
4.513e-03
3.610e-03
3.610e-03
3.610e-03
0.000e+00
2.708e-03
0.000e+00
3.610e-03
1.805e-03
2.708e-03
9.025e-04
1.805e-03
3.610e-03
0.000e+00
9.025e-04
1.805e-03
9.025e-04
9.025e-04
1.805e-03
0.000e+00
0.000e+00
0.000e+00
9.025e-04
0.000e+00
0.000e+00
9.025e-04
0.000e+00
0.000e+00
0.000e+00
0.000e+00
0.000e+00
0.000e+00
0.000e+00
0.000e+00
0.000e+00
0.000e+00
0.000e+00
0.000e+00
0.000e+00
0.000e+00
0.000e+00
0.000e+00
0.000e+00
0.000e+00
0.000e+00
0.000e+00
0.000e+00
0.000e+00
0.000e+00
0.000e+00
0.000e+00
0.000e+00
0.000e+00
0.000e+00
0.000e+00
0.000e+00
0.000e+00
0.000e+00
0.000e+00
0.000e+00
0.000e+00
0.000e+00
0.000e+00
0.000e+00
0.000e+00
0.000e+00
0.000e+00
0.000e+00
0.000e+00
0.000e+00
0.000e+00
0.000e+00
0.000e+00
0.000e+00
0.000e+00
0.000e+00
0.000e+00
0.000e+00
0.000e+00
0.000e+00
0.000e+00
0.000e+00
