4.579e-02
1.832e-02
2.930e-02
2.747e-02
5.495e-03
5.495e-03
7.326e-03
1.099e-02
2.198e-02
1.282e-02
7.326e-03
1.282e-02
7.326e-03
7.326e-03
1.465e-02
3.663e-03
1.832e-03
7.326e-03
1.099e-02
3.663e-03
1.832e-03
7.326e-03
7.326e-03
7.326e-03
9.158e-03
7.326e-03
0.000e+00
0.000e+00
3.663e-03
0.000e+00
1.832e-03
3.663e-03
0.000e+00
0.000e+00
3.663e-03
0.000e+00
1.832e-03
0.000e+00
3.663e-03
0.000e+00
0.000e+00
5.495e-03
0.000e+00
3.663e-03
1.832e-03
0.000e+00
0.000e+00
1.832e-03
0.000e+00
3.663e-03
3.663e-03
0.000e+00
0.000e+00
0.000e+00
1.832e-03
0.000e+00
1.832e-03
0.000e+00
0.000e+00
0.000e+00
0.000e+00
0.000e+00
0.000e+00
0.000e+00
0.000e+00
0.000e+00
0.000e+00
0.000e+00
0.000e+00
0.000e+00
0.000e+00
0.000e+00
0.000e+00
0.000e+00
0.000e+00
1.832e-03
0.000e+00
0.000e+00
0.000e+00
0.000e+00
0.000e+00
0.000e+00
0.000e+00
0.000e+00
0.000e+00
0.000e+00
0.000e+00
0.000e+00
0.000e+00
0.000e+00
0.000e+00
0.000e+00
0.000e+00
0.000e+00
0.000e+00
0.000e+00
0.000e+00
1.832e-03
0.000e+00
0.000e+00
0.000e+00
0.000e+00
0.000e+00
0.000e+00
0.000e+00
0.000e+00
0.000e+00
0.000e+00
0.000e+00
0.000e+00
0.000e+00
0.000e+00
0.000e+00
0.000e+00
0.000e+00
0.000e+00
0.000e+00
0.000e+00
0.000e+00
0.000e+00
1.832e-03
0.000e+00
0.000e+00
0.000e+00
0.000e+00
0.000e+00
0.000e+00
0.000e+00
0.000e+00
0.000e+00
0.000e+00
0.000e+00
0.000e+00
1.832e-03
0.000e+00
0.000e+00
0.000e+00
0.000e+00
0.000e+00
0.000e+00
0.000e+00
0.000e+00
0.000e+00
0.000e+00
0.000e+00
0.000e+00
0.000e+00
0.000e+00
0.000e+00
3.663e-03
0.000e+00
1.832e-03
0.000e+00
0.000e+00
0.000e+00
0.000e+00
1.832e-03
1.832e-03
0.000e+00
1.832e-03
3.663e-03
3.663e-03
0.000e+00
0.000e+00
1.832e-03
7.326e-03
1.099e-02
1.832e-03
3.663e-03
7.326e-03
7.326e-03
5.495e-03
5.495e-03
3.663e-03
7.326e-03
7.326e-03
1.099e-02
1.648e-02
1.465e-02
1.465e-02
4.396e-02
2.015e-02
1.465e-02
2.015e-02
7.326e-03
7.326e-03
1.832e-03
7.326e-03
1.465e-02
3.663e-03
3.663e-03
7.326e-03
5.495e-03
1.832e-03
9.158e-03
9.158e-03
1.832e-03
1.832e-03
3.663e-03
3.663e-03
0.000e+00
1.832e-03
3.663e-03
1.832e-03
1.832e-03
1.832e-03
3.663e-03
1.832e-03
1.832e-03
0.000e+00
1.832e-03
0.000e+00
0.000e+00
1.832e-03
3.663e-03
1.832e-03
0.000e+00
1.832e-03
0.000e+00
0.000e+00
0.000e+00
0.000e+00
1.832e-03
0.000e+00
1.832e-03
0.000e+00
0.000e+00
0.000e+00
0.000e+00
0.000e+00
0.000e+00
0.000e+00
0.000e+00
0.000e+00
0.000e+00
0.000e+00
0.000e+00
0.000e+00
0.000e+00
0.000e+00
0.000e+00
0.000e+00
0.000e+00
0.000e+00
0.000e+00
0.000e+00
0.000e+00
0.000e+00
0.000e+00
0.000e+00
0.000e+00
0.000e+00
0.000e+00
0.000e+00
0.000e+00
0.000e+00
0.000e+00
0.000e+00
0.000e+00
0.000e+00
0.000e+00
0.000e+00
0.000e+00
0.000e+00
0.000e+00
0.000e+00
0.000e+00
0.000e+00
0.000e+00
1.832e-03
0.000e+00
0.000e+00
0.000e+00
0.000e+00
0.000e+00
0.000e+00
0.000e+00
0.000e+00
0.000e+00
0.000e+00
0.000e+00
0.000e+00
0.000e+00
0.000e+00
0.000e+00
0.000e+00
0.000e+00
0.000e+00
0.000e+00
1.832e-03
0.000e+00
0.000e+00
0.000e+00
0.000e+00
0.000e+00
0.000e+00
0.000e+00
0.000e+00
1.832e-03
0.000e+00
0.000e+00
0.000e+00
0.000e+00
1.832e-03
0.000e+00
0.000e+00
1.832e-03
0.000e+00
0.000e+00
0.000e+00
0.000e+00
1.832e-03
0.000e+00
0.000e+00
0.000e+00
3.663e-03
1.832e-03
1.832e-03
0.000e+00
0.000e+00
0.000e+00
0.000e+00
1.832e-03
1.832e-03
0.000e+00
1.832e-03
0.000e+00
5.495e-03
1.832e-03
1.832e-03
0.000e+00
1.832e-03
1.832e-03
5.495e-03
1.832e-03
0.000e+00
3.663e-03
3.663e-03
0.000e+00
3.663e-03
5.495e-03
3.663e-03
3.663e-03
5.495e-03
3.663e-03
1.465e-02
1.282e-02
7.326e-03
3.663e-03
2.198e-02
1.648e-02
5.495e-03
7.326e-03
1.282e-02
1.465e-02
1.282e-02
1.282e-02
1.648e-02
2.564e-02
2.015e-02
