2.022e-02
2.427e-02
2.022e-02
1.416e-02
1.618e-02
9.100e-03
1.618e-02
1.213e-02
1.921e-02
1.213e-02
1.112e-02
8.089e-03
1.517e-02
6.067e-03
4.044e-03
8.089e-03
1.416e-02
9.100e-03
4.044e-03
2.022e-02
4.044e-03
8.089e-03
5.056e-03
1.011e-02
8.089e-03
9.100e-03
2.022e-03
7.078e-03
5.056e-03
6.067e-03
7.078e-03
2.022e-03
5.056e-03
5.056e-03
5.056e-03
2.022e-03
5.056e-03
4.044e-03
2.022e-03
8.089e-03
3.033e-03
7.078e-03
3.033e-03
5.056e-03
3.033e-03
2.022e-03
2.022e-03
3.033e-03
1.011e-03
1.011e-03
1.011e-03
2.022e-03
2.022e-03
4.044e-03
5.056e-03
3.033e-03
3.033e-03
7.078e-03
2.022e-03
7.078e-03
7.078e-03
4.044e-03
5.056e-03
3.033e-03
6.067e-03
2.022e-03
2.022e-03
3.033e-03
1.011e-03
2.022e-03
2.022e-03
1.011e-03
3.033e-03
0.000e+00
2.022e-03
2.022e-03
1.011e-03
2.022e-03
1.011e-03
2.022e-03
0.000e+00
2.022e-03
2.022e-03
2.022e-03
3.033e-03
2.022e-03
0.000e+00
0.000e+00
0.000e+00
0.000e+00
1.011e-03
0.000e+00
0.000e+00
0.000e+00
0.000e+00
0.000e+00
0.000e+00
0.000e+00
0.000e+00
0.000e+00
0.000e+00
0.000e+00
0.000e+00
0.000e+00
0.000e+00
0.000e+00
0.000e+00
0.000e+00
0.000e+00
0.000e+00
0.000e+00
0.000e+00
0.000e+00
0.000e+00
0.000e+00
0.000e+00
0.000e+00
0.000e+00
0.000e+00
0.000e+00
0.000e+00
0.000e+00
0.000e+00
0.000e+00
0.000e+00
1.011e-03
0.000e+00
0.000e+00
0.000e+00
0.000e+00
0.000e+00
0.000e+00
0.000e+00
1.011e-03
0.000e+00
0.000e+00
0.000e+00
0.000e+00
0.000e+00
0.000e+00
0.000e+00
0.000e+00
0.000e+00
0.000e+00
0.000e+00
0.000e+00
0.000e+00
1.011e-03
1.011e-03
0.000e+00
0.000e+00
0.000e+00
0.000e+00
1.011e-03
0.000e+00
0.000e+00
1.011e-03
1.011e-03
1.011e-03
2.022e-03
1.011e-03
0.000e+00
0.000e+00
2.022e-03
3.033e-03
2.022e-03
4.044e-03
1.011e-03
2.022e-03
2.022e-03
3.033e-03
0.000e+00
1.011e-03
0.000e+00
0.000e+00
1.011e-03
2.022e-03
0.000e+00
1.011e-03
4.044e-03
5.056e-03
5.056e-03
1.011e-03
1.011e-03
1.011e-03
2.022e-03
1.011e-03
0.000e+00
1.011e-03
0.000e+00
1.011e-03
1.011e-03
0.000e+00
2.022e-03
1.011e-03
0.000e+00
1.011e-03
0.000e+00
0.000e+00
1.011e-03
0.000e+00
0.000e+00
0.000e+00
0.000e+00
0.000e+00
0.000e+00
0.000e+00
0.000e+00
0.000e+00
0.000e+00
0.000e+00
0.000e+00
0.000e+00
0.000e+00
0.000e+00
0.000e+00
0.000e+00
0.000e+00
0.000e+00
0.000e+00
0.000e+00
1.011e-03
0.000e+00
0.000e+00
0.000e+00
0.000e+00
0.000e+00
0.000e+00
0.000e+00
0.000e+00
0.000e+00
0.000e+00
0.000e+00
0.000e+00
0.000e+00
0.000e+00
0.000e+00
1.011e-03
0.000e+00
0.000e+00
0.000e+00
0.000e+00
1.011e-03
0.000e+00
0.000e+00
0.000e+00
0.000e+00
0.000e+00
0.000e+00
0.000e+00
0.000e+00
0.000e+00
0.000e+00
0.000e+00
0.000e+00
0.000e+00
0.000e+00
0.000e+00
0.000e+00
0.000e+00
0.000e+00
0.000e+00
0.000e+00
2.022e-03
2.022e-03
2.022e-03
0.000e+00
0.000e+00
1.011e-03
0.000e+00
1.011e-03
2.022e-03
0.000e+00
0.000e+00
0.000e+00
1.011e-03
0.000e+00
0.000e+00
0.000e+00
0.000e+00
0.000e+00
0.000e+00
0.000e+00
0.000e+00
0.000e+00
1.011e-03
0.000e+00
2.022e-03
1.011e-03
0.000e+00
0.000e+00
0.000e+00
2.022e-03
1.011e-03
1.011e-03
1.011e-03
0.000e+00
0.000e+00
2.022e-03
2.022e-03
2.022e-03
2.022e-03
1.011e-03
0.000e+00
2.022e-03
3.033e-03
1.011e-03
0.000e+00
2.022e-03
3.033e-03
3.033e-03
0.000e+00
2.022e-03
2.022e-03
2.022e-03
2.022e-03
4.044e-03
5.056e-03
1.011e-03
0.000e+00
4.044e-03
3.033e-03
5.056e-03
4.044e-03
7.078e-03
4.044e-03
5.056e-03
4.044e-03
3.033e-03
6.067e-03
5.056e-03
7.078e-03
7.078e-03
5.056e-03
6.067e-03
8.089e-03
5.056e-03
1.416e-02
7.078e-03
8.089e-03
9.100e-03
1.213e-02
4.044e-03
6.067e-03
9.100e-03
6.067e-03
1.112e-02
6.067e-03
7.078e-03
1.719e-02
1.011e-02
6.067e-03
1.719e-02
1.314e-02
1.618e-02
1.517e-02
2.326e-02
2.022e-02
1.719e-02
2.224e-02
