0.000e+00
0.000e+00
8.299e-03
4.149e-03
0.000e+00
0.000e+00
8.299e-03
0.000e+00
0.000e+00
0.000e+00
0.000e+00
0.000e+00
0.000e+00
0.000e+00
0.000e+00
4.149e-03
4.149e-03
0.000e+00
0.000e+00
0.000e+00
0.000e+00
4.149e-03
0.000e+00
0.000e+00
0.000e+00
0.000e+00
4.149e-03
0.000e+00
4.149e-03
0.000e+00
0.000e+00
0.000e+00
0.000e+00
0.000e+00
0.000e+00
0.000e+00
0.000e+00
0.000e+00
0.000e+00
0.000e+00
0.000e+00
0.000e+00
0.000e+00
0.000e+00
0.000e+00
4.149e-03
0.000e+00
0.000e+00
0.000e+00
0.000e+00
4.149e-03
0.000e+00
0.000e+00
4.149e-03
4.149e-03
4.149e-03
2.075e-02
2.075e-02
8.299e-03
2.490e-02
4.149e-02
1.660e-02
2.075e-02
1.245e-02
1.660e-02
8.299e-03
4.149e-03
1.245e-02
8.299e-03
8.299e-03
0.000e+00
0.000e+00
0.000e+00
4.149e-03
0.000e+00
0.000e+00
0.000e+00
0.000e+00
4.149e-03
0.000e+00
0.000e+00
4.149e-03
0.000e+00
0.000e+00
4.149e-03
0.000e+00
0.000e+00
0.000e+00
0.000e+00
0.000e+00
0.000e+00
0.000e+00
0.000e+00
0.000e+00
0.000e+00
0.000e+00
0.000e+00
0.000e+00
0.000e+00
0.000e+00
0.000e+00
0.000e+00
4.149e-03
0.000e+00
0.000e+00
0.000e+00
0.000e+00
0.000e+00
0.000e+00
0.000e+00
4.149e-03
4.149e-03
0.000e+00
0.000e+00
4.149e-03
0.000e+00
4.149e-03
4.149e-03
4.149e-03
4.149e-03
0.000e+00
0.000e+00
4.149e-03
0.000e+00
0.000e+00
8.299e-03
0.000e+00
4.149e-03
0.000e+00
0.000e+00
4.149e-03
0.000e+00
4.149e-03
0.000e+00
0.000e+00
0.000e+00
0.000e+00
0.000e+00
0.000e+00
4.149e-03
0.000e+00
4.149e-03
0.000e+00
0.000e+00
0.000e+00
0.000e+00
8.299e-03
0.000e+00
0.000e+00
0.000e+00
0.000e+00
0.000e+00
8.299e-03
0.000e+00
0.000e+00
0.000e+00
0.000e+00
0.000e+00
0.000e+00
0.000e+00
0.000e+00
0.000e+00
0.000e+00
0.000e+00
0.000e+00
0.000e+00
0.000e+00
0.000e+00
4.149e-03
0.000e+00
0.000e+00
0.000e+00
4.149e-03
8.299e-03
2.075e-02
1.245e-02
1.245e-02
0.000e+00
1.660e-02
2.075e-02
3.734e-02
1.245e-02
1.245e-02
4.149e-03
1.660e-02
8.299e-03
8.299e-03
4.149e-03
4.149e-03
4.149e-03
4.149e-03
4.149e-03
0.000e+00
0.000e+00
4.149e-03
0.000e+00
4.149e-03
0.000e+00
0.000e+00
0.000e+00
0.000e+00
0.000e+00
0.000e+00
0.000e+00
0.000e+00
0.000e+00
0.000e+00
0.000e+00
0.000e+00
0.000e+00
0.000e+00
0.000e+00
0.000e+00
0.000e+00
0.000e+00
0.000e+00
8.299e-03
0.000e+00
0.000e+00
0.000e+00
4.149e-03
4.149e-03
0.000e+00
0.000e+00
0.000e+00
0.000e+00
0.000e+00
0.000e+00
0.000e+00
0.000e+00
4.149e-03
0.000e+00
4.149e-03
0.000e+00
0.000e+00
4.149e-03
0.000e+00
0.000e+00
0.000e+00
8.299e-03
8.299e-03
4.149e-03
0.000e+00
4.149e-03
4.149e-03
4.149e-03
0.000e+00
0.000e+00
0.000e+00
0.000e+00
0.000e+00
0.000e+00
0.000e+00
0.000e+00
4.149e-03
0.000e+00
0.000e+00
0.000e+00
0.000e+00
0.000e+00
0.000e+00
4.149e-03
0.000e+00
0.000e+00
4.149e-03
0.000e+00
0.000e+00
4.149e-03
0.000e+00
0.000e+00
0.000e+00
4.149e-03
4.149e-03
0.000e+00
0.000e+00
0.000e+00
0.000e+00
4.149e-03
0.000e+00
0.000e+00
0.000e+00
0.000e+00
0.000e+00
4.149e-03
0.000e+00
0.000e+00
0.000e+00
0.000e+00
8.299e-03
0.000e+00
4.149e-03
0.000e+00
4.149e-03
1.660e-02
8.299e-03
0.000e+00
2.490e-02
1.660e-02
2.075e-02
2.075e-02
2.490e-02
2.490e-02
1.245e-02
1.660e-02
8.299e-03
4.149e-03
4.149e-03
4.149e-03
0.000e+00
4.149e-03
0.000e+00
4.149e-03
4.149e-03
0.000e+00
4.149e-03
0.000e+00
0.000e+00
0.000e+00
0.000e+00
0.000e+00
4.149e-03
0.000e+00
8.299e-03
0.000e+00
0.000e+00
0.000e+00
0.000e+00
0.000e+00
0.000e+00
0.000e+00
0.000e+00
0.000e+00
4.149e-03
0.000e+00
0.000e+00
0.000e+00
0.000e+00
0.000e+00
4.149e-03
0.000e+00
0.000e+00
0.000e+00
0.000e+00
0.000e+00
0.000e+00
0.000e+00
0.000e+00
0.000e+00
0.000e+00
0.000e+00
4.149e-03
0.000e+00
4.149e-03
4.149e-03
0.000e+00
0.000e+00
0.000e+00
4.149e-03
8.299e-03
4.149e-03
