1.300e+03
7.380e+02
5.050e+02
4.080e+02
3.650e+02
3.120e+02
2.770e+02
2.510e+02
2.570e+02
2.740e+02
2.440e+02
2.050e+02
2.530e+02
2.560e+02
2.200e+02
2.590e+02
2.470e+02
2.280e+02
2.260e+02
1.960e+02
1.810e+02
1.790e+02
1.750e+02
1.560e+02
1.780e+02
1.720e+02
1.720e+02
1.650e+02
1.490e+02
1.440e+02
1.250e+02
1.420e+02
1.700e+02
1.830e+02
2.000e+02
1.530e+02
1.140e+02
1.040e+02
9.200e+01
1.050e+02
9.300e+01
9.400e+01
1.240e+02
8.100e+01
8.800e+01
9.700e+01
8.700e+01
8.900e+01
9.500e+01
1.120e+02
9.200e+01
9.100e+01
9.200e+01
1.080e+02
1.170e+02
1.040e+02
1.030e+02
1.120e+02
1.310e+02
1.180e+02
8.900e+01
8.500e+01
7.000e+01
6.100e+01
5.500e+01
3.200e+01
5.800e+01
6.000e+01
4.800e+01
5.300e+01
1.070e+02
9.800e+01
8.600e+01
3.500e+01
5.600e+01
6.000e+01
4.300e+01
3.700e+01
1.900e+01
1.800e+01
3.800e+01
3.000e+01
3.000e+01
1.900e+01
2.500e+01
2.100e+01
3.800e+01
3.400e+01
3.000e+01
4.200e+01
3.300e+01
3.000e+01
3.800e+01
2.000e+01
3.200e+01
2.900e+01
3.300e+01
2.900e+01
3.100e+01
3.600e+01
4.300e+01
3.300e+01
3.800e+01
2.900e+01
3.200e+01
4.700e+01
5.000e+01
5.600e+01
5.600e+01
4.300e+01
6.800e+01
8.300e+01
5.300e+01
5.000e+01
6.500e+01
8.100e+01
6.000e+01
6.800e+01
8.000e+01
8.300e+01
7.800e+01
8.300e+01
5.800e+01
8.200e+01
6.600e+01
7.200e+01
6.900e+01
6.000e+01
6.700e+01
7.200e+01
6.600e+01
6.500e+01
5.800e+01
4.900e+01
5.600e+01
4.400e+01
4.200e+01
4.700e+01
3.600e+01
5.100e+01
5.400e+01
4.800e+01
4.900e+01
4.900e+01
6.200e+01
6.500e+01
5.600e+01
4.000e+01
5.100e+01
5.200e+01
5.700e+01
4.400e+01
5.700e+01
6.200e+01
5.600e+01
5.200e+01
5.900e+01
6.500e+01
5.400e+01
5.700e+01
5.500e+01
5.000e+01
5.000e+01
4.300e+01
6.800e+01
5.200e+01
5.700e+01
5.700e+01
4.700e+01
5.200e+01
5.300e+01
4.700e+01
5.600e+01
6.000e+01
7.400e+01
8.200e+01
7.200e+01
1.130e+02
1.220e+02
1.440e+02
2.340e+02
1.420e+02
1.320e+02
9.900e+01
8.700e+01
8.400e+01
6.300e+01
8.400e+01
6.900e+01
6.100e+01
8.000e+01
6.300e+01
4.100e+01
6.200e+01
7.000e+01
5.700e+01
5.000e+01
6.300e+01
6.300e+01
4.900e+01
4.600e+01
4.300e+01
5.900e+01
5.400e+01
7.100e+01
5.400e+01
5.700e+01
6.100e+01
4.200e+01
4.800e+01
5.200e+01
4.700e+01
4.600e+01
5.700e+01
5.500e+01
5.000e+01
6.100e+01
5.700e+01
5.600e+01
3.700e+01
5.100e+01
3.500e+01
4.600e+01
5.100e+01
6.600e+01
3.100e+01
6.100e+01
4.700e+01
5.200e+01
5.400e+01
6.200e+01
4.900e+01
7.600e+01
5.800e+01
5.700e+01
6.100e+01
8.000e+01
6.200e+01
7.200e+01
7.500e+01
8.700e+01
7.500e+01
8.000e+01
8.200e+01
7.700e+01
5.300e+01
7.000e+01
7.700e+01
6.500e+01
6.000e+01
5.200e+01
6.600e+01
6.000e+01
5.000e+01
4.900e+01
4.700e+01
2.300e+01
3.800e+01
3.600e+01
3.400e+01
3.600e+01
3.400e+01
5.100e+01
3.900e+01
3.300e+01
2.100e+01
3.000e+01
4.200e+01
3.800e+01
3.500e+01
4.500e+01
3.100e+01
3.100e+01
2.800e+01
2.500e+01
2.500e+01
2.800e+01
2.300e+01
2.200e+01
2.500e+01
2.100e+01
3.100e+01
3.300e+01
3.500e+01
3.300e+01
5.900e+01
5.800e+01
4.700e+01
4.600e+01
8.000e+01
8.800e+01
4.700e+01
4.700e+01
4.700e+01
4.300e+01
4.500e+01
7.500e+01
6.200e+01
7.200e+01
7.900e+01
8.100e+01
1.100e+02
1.320e+02
1.050e+02
1.150e+02
1.100e+02
1.290e+02
1.020e+02
9.800e+01
1.050e+02
1.010e+02
9.800e+01
8.000e+01
8.300e+01
9.300e+01
9.900e+01
9.700e+01
1.090e+02
8.600e+01
1.260e+02
1.210e+02
8.700e+01
1.030e+02
1.290e+02
1.300e+02
1.710e+02
2.340e+02
2.100e+02
1.590e+02
1.800e+02
1.470e+02
1.460e+02
1.460e+02
1.450e+02
1.710e+02
1.640e+02
1.720e+02
1.560e+02
1.760e+02
1.830e+02
1.870e+02
1.810e+02
2.240e+02
2.260e+02
2.310e+02
2.180e+02
2.280e+02
2.250e+02
2.080e+02
2.210e+02
2.170e+02
2.340e+02
2.530e+02
2.580e+02
2.670e+02
2.950e+02
3.390e+02
3.640e+02
5.430e+02
7.150e+02
