0.000e+00
0.000e+00
0.000e+00
0.000e+00
0.000e+00
0.000e+00
0.000e+00
1.093e-03
0.000e+00
0.000e+00
0.000e+00
0.000e+00
0.000e+00
2.186e-03
0.000e+00
0.000e+00
0.000e+00
0.000e+00
0.000e+00
0.000e+00
0.000e+00
0.000e+00
0.000e+00
1.093e-03
0.000e+00
0.000e+00
1.093e-03
0.000e+00
1.093e-03
0.000e+00
0.000e+00
1.093e-03
0.000e+00
0.000e+00
0.000e+00
3.279e-03
0.000e+00
0.000e+00
1.093e-03
4.372e-03
0.000e+00
0.000e+00
1.093e-03
3.279e-03
2.186e-03
2.186e-03
1.093e-03
4.372e-03
1.093e-03
1.093e-03
0.000e+00
4.372e-03
4.372e-03
5.464e-03
5.464e-03
3.279e-03
4.372e-03
6.557e-03
2.514e-02
3.060e-02
3.388e-02
4.699e-02
2.186e-02
2.186e-02
1.202e-02
1.421e-02
4.372e-03
6.557e-03
5.464e-03
2.186e-03
2.186e-03
0.000e+00
1.093e-03
0.000e+00
3.279e-03
5.464e-03
1.093e-03
3.279e-03
1.093e-03
3.279e-03
1.093e-03
1.093e-03
4.372e-03
1.093e-03
5.464e-03
0.000e+00
2.186e-03
1.093e-03
0.000e+00
0.000e+00
0.000e+00
0.000e+00
0.000e+00
0.000e+00
0.000e+00
1.093e-03
1.093e-03
1.093e-03
0.000e+00
1.093e-03
0.000e+00
0.000e+00
0.000e+00
0.000e+00
0.000e+00
0.000e+00
0.000e+00
0.000e+00
0.000e+00
0.000e+00
0.000e+00
0.000e+00
0.000e+00
0.000e+00
0.000e+00
0.000e+00
0.000e+00
0.000e+00
0.000e+00
0.000e+00
0.000e+00
0.000e+00
0.000e+00
0.000e+00
0.000e+00
0.000e+00
0.000e+00
0.000e+00
0.000e+00
0.000e+00
1.093e-03
0.000e+00
0.000e+00
0.000e+00
0.000e+00
0.000e+00
1.093e-03
0.000e+00
1.093e-03
0.000e+00
0.000e+00
1.093e-03
0.000e+00
0.000e+00
0.000e+00
1.093e-03
1.093e-03
0.000e+00
0.000e+00
1.093e-03
0.000e+00
0.000e+00
0.000e+00
0.000e+00
2.186e-03
1.093e-03
1.093e-03
3.279e-03
1.093e-03
0.000e+00
2.186e-03
0.000e+00
2.186e-03
3.279e-03
2.186e-03
1.093e-03
1.093e-03
1.093e-03
2.186e-03
2.186e-03
4.372e-03
2.186e-03
3.279e-03
3.279e-03
3.279e-03
5.464e-03
7.650e-03
7.650e-03
2.295e-02
2.732e-02
7.432e-02
2.404e-02
2.514e-02
1.639e-02
8.743e-03
7.650e-03
3.279e-03
8.743e-03
0.000e+00
3.279e-03
1.093e-03
1.093e-03
0.000e+00
3.279e-03
1.093e-03
4.372e-03
2.186e-03
1.093e-03
3.279e-03
1.093e-03
4.372e-03
1.093e-03
2.186e-03
1.093e-03
3.279e-03
3.279e-03
1.093e-03
0.000e+00
2.186e-03
0.000e+00
0.000e+00
0.000e+00
0.000e+00
0.000e+00
1.093e-03
0.000e+00
0.000e+00
1.093e-03
0.000e+00
1.093e-03
0.000e+00
0.000e+00
0.000e+00
0.000e+00
0.000e+00
0.000e+00
0.000e+00
0.000e+00
0.000e+00
0.000e+00
0.000e+00
0.000e+00
0.000e+00
0.000e+00
0.000e+00
0.000e+00
0.000e+00
0.000e+00
0.000e+00
0.000e+00
0.000e+00
0.000e+00
0.000e+00
0.000e+00
0.000e+00
0.000e+00
0.000e+00
0.000e+00
0.000e+00
0.000e+00
0.000e+00
2.186e-03
0.000e+00
0.000e+00
0.000e+00
1.093e-03
0.000e+00
0.000e+00
0.000e+00
0.000e+00
0.000e+00
0.000e+00
0.000e+00
0.000e+00
1.093e-03
1.093e-03
1.093e-03
0.000e+00
0.000e+00
0.000e+00
1.093e-03
0.000e+00
0.000e+00
0.000e+00
1.093e-03
0.000e+00
1.093e-03
2.186e-03
1.093e-03
3.279e-03
1.093e-03
2.186e-03
1.093e-03
2.186e-03
2.186e-03
1.093e-03
1.093e-03
2.186e-03
3.279e-03
4.372e-03
2.186e-03
3.279e-03
3.279e-03
4.372e-03
3.279e-03
9.836e-03
9.836e-03
9.836e-03
2.623e-02
4.918e-02
2.842e-02
4.481e-02
2.514e-02
1.311e-02
7.650e-03
2.186e-03
6.557e-03
3.279e-03
2.186e-03
0.000e+00
3.279e-03
3.279e-03
3.279e-03
0.000e+00
3.279e-03
2.186e-03
0.000e+00
3.279e-03
0.000e+00
3.279e-03
4.372e-03
2.186e-03
2.186e-03
2.186e-03
1.093e-03
2.186e-03
1.093e-03
0.000e+00
0.000e+00
0.000e+00
0.000e+00
0.000e+00
0.000e+00
2.186e-03
0.000e+00
0.000e+00
1.093e-03
0.000e+00
0.000e+00
0.000e+00
1.093e-03
0.000e+00
0.000e+00
0.000e+00
0.000e+00
0.000e+00
0.000e+00
0.000e+00
0.000e+00
0.000e+00
0.000e+00
0.000e+00
0.000e+00
0.000e+00
0.000e+00
0.000e+00
0.000e+00
0.000e+00
0.000e+00
0.000e+00
