8.150e+02
6.330e+02
5.530e+02
4.680e+02
3.540e+02
3.770e+02
2.950e+02
2.830e+02
2.920e+02
2.650e+02
2.810e+02
2.590e+02
2.600e+02
2.820e+02
2.340e+02
2.750e+02
2.590e+02
2.620e+02
2.120e+02
2.190e+02
2.270e+02
1.800e+02
2.010e+02
1.410e+02
1.640e+02
1.570e+02
1.630e+02
1.430e+02
1.650e+02
1.330e+02
1.480e+02
1.360e+02
1.620e+02
1.910e+02
1.440e+02
1.340e+02
1.140e+02
1.170e+02
9.000e+01
9.200e+01
7.700e+01
9.100e+01
8.200e+01
7.700e+01
7.700e+01
8.600e+01
9.600e+01
8.400e+01
9.300e+01
9.800e+01
1.310e+02
8.300e+01
1.220e+02
1.180e+02
1.100e+02
1.330e+02
1.020e+02
1.210e+02
1.240e+02
1.160e+02
8.300e+01
5.800e+01
5.700e+01
4.100e+01
4.400e+01
4.200e+01
3.300e+01
3.400e+01
6.100e+01
6.800e+01
9.600e+01
9.300e+01
6.200e+01
5.600e+01
5.200e+01
3.700e+01
3.600e+01
3.400e+01
2.500e+01
1.800e+01
2.700e+01
1.900e+01
3.000e+01
2.500e+01
2.200e+01
2.800e+01
3.400e+01
4.100e+01
2.900e+01
3.300e+01
3.900e+01
3.300e+01
3.000e+01
2.300e+01
3.000e+01
2.300e+01
2.400e+01
2.700e+01
3.200e+01
3.200e+01
3.200e+01
3.800e+01
2.700e+01
4.100e+01
3.400e+01
4.300e+01
4.700e+01
4.200e+01
4.800e+01
3.900e+01
5.800e+01
4.600e+01
5.600e+01
5.400e+01
6.100e+01
9.000e+01
7.900e+01
8.900e+01
8.100e+01
8.200e+01
9.600e+01
9.200e+01
9.000e+01
9.600e+01
7.500e+01
9.100e+01
6.200e+01
7.000e+01
7.700e+01
7.800e+01
8.500e+01
7.700e+01
6.600e+01
8.000e+01
6.500e+01
5.200e+01
6.000e+01
4.800e+01
3.400e+01
5.700e+01
5.200e+01
5.000e+01
5.400e+01
4.700e+01
5.200e+01
6.400e+01
5.400e+01
4.600e+01
5.000e+01
6.100e+01
4.300e+01
4.900e+01
4.400e+01
4.800e+01
3.600e+01
4.900e+01
5.700e+01
6.400e+01
6.200e+01
5.300e+01
7.200e+01
5.400e+01
7.900e+01
5.500e+01
5.400e+01
4.900e+01
5.800e+01
6.600e+01
4.900e+01
5.700e+01
6.900e+01
5.700e+01
6.500e+01
5.800e+01
7.000e+01
8.500e+01
7.500e+01
9.200e+01
1.100e+02
1.230e+02
1.460e+02
9.200e+01
9.800e+01
1.030e+02
6.900e+01
8.600e+01
6.800e+01
5.700e+01
6.800e+01
6.000e+01
5.400e+01
6.200e+01
5.100e+01
5.100e+01
6.600e+01
7.900e+01
5.800e+01
6.200e+01
6.700e+01
6.600e+01
6.000e+01
5.300e+01
6.300e+01
5.300e+01
4.300e+01
5.800e+01
4.000e+01
4.500e+01
4.600e+01
6.000e+01
5.200e+01
6.500e+01
5.500e+01
5.000e+01
5.600e+01
4.900e+01
4.000e+01
4.100e+01
6.800e+01
5.500e+01
4.600e+01
4.100e+01
4.600e+01
5.600e+01
6.000e+01
6.500e+01
6.800e+01
5.100e+01
6.400e+01
6.900e+01
7.900e+01
6.800e+01
7.700e+01
7.300e+01
7.500e+01
9.300e+01
6.100e+01
8.700e+01
9.000e+01
8.400e+01
7.400e+01
9.700e+01
1.130e+02
6.600e+01
7.300e+01
6.700e+01
4.700e+01
7.200e+01
6.600e+01
6.400e+01
5.100e+01
4.900e+01
5.100e+01
4.700e+01
4.200e+01
4.000e+01
3.700e+01
3.500e+01
4.100e+01
4.100e+01
3.000e+01
3.300e+01
3.700e+01
2.500e+01
2.100e+01
3.600e+01
3.800e+01
3.600e+01
3.400e+01
3.300e+01
3.300e+01
2.600e+01
3.200e+01
3.200e+01
2.700e+01
3.100e+01
3.200e+01
3.000e+01
2.300e+01
1.900e+01
1.300e+01
3.300e+01
1.900e+01
2.500e+01
3.600e+01
3.500e+01
3.300e+01
4.400e+01
4.700e+01
6.800e+01
7.300e+01
6.200e+01
4.800e+01
4.500e+01
4.500e+01
4.200e+01
4.300e+01
4.800e+01
5.200e+01
6.200e+01
8.900e+01
9.500e+01
1.050e+02
1.170e+02
1.180e+02
1.230e+02
1.120e+02
1.080e+02
1.210e+02
1.020e+02
9.800e+01
1.040e+02
8.500e+01
1.000e+02
9.200e+01
9.300e+01
9.500e+01
7.900e+01
7.500e+01
7.800e+01
7.900e+01
8.000e+01
9.200e+01
1.070e+02
1.310e+02
1.420e+02
1.840e+02
1.830e+02
1.690e+02
1.490e+02
1.340e+02
1.430e+02
1.360e+02
1.750e+02
1.570e+02
1.470e+02
1.860e+02
1.750e+02
2.030e+02
1.900e+02
2.040e+02
1.990e+02
2.380e+02
2.290e+02
2.210e+02
2.570e+02
2.490e+02
2.560e+02
2.410e+02
2.470e+02
2.780e+02
2.720e+02
2.840e+02
3.160e+02
3.120e+02
3.620e+02
3.830e+02
4.780e+02
5.640e+02
6.930e+02
