0.000e+00
0.000e+00
0.000e+00
0.000e+00
0.000e+00
0.000e+00
0.000e+00
9.285e-04
0.000e+00
0.000e+00
0.000e+00
0.000e+00
0.000e+00
0.000e+00
0.000e+00
0.000e+00
0.000e+00
0.000e+00
0.000e+00
0.000e+00
0.000e+00
0.000e+00
0.000e+00
0.000e+00
0.000e+00
0.000e+00
0.000e+00
0.000e+00
0.000e+00
0.000e+00
0.000e+00
0.000e+00
0.000e+00
0.000e+00
0.000e+00
0.000e+00
0.000e+00
0.000e+00
0.000e+00
0.000e+00
0.000e+00
0.000e+00
0.000e+00
0.000e+00
0.000e+00
0.000e+00
0.000e+00
0.000e+00
0.000e+00
0.000e+00
0.000e+00
9.285e-04
0.000e+00
0.000e+00
9.285e-04
0.000e+00
0.000e+00
0.000e+00
0.000e+00
0.000e+00
9.285e-04
0.000e+00
9.285e-04
0.000e+00
0.000e+00
9.285e-04
2.786e-03
9.285e-04
9.285e-04
9.285e-04
0.000e+00
0.000e+00
0.000e+00
0.000e+00
0.000e+00
0.000e+00
9.285e-04
0.000e+00
9.285e-04
1.857e-03
1.857e-03
9.285e-04
0.000e+00
1.857e-03
0.000e+00
9.285e-04
0.000e+00
0.000e+00
0.000e+00
0.000e+00
0.000e+00
9.285e-04
0.000e+00
9.285e-04
0.000e+00
0.000e+00
0.000e+00
0.000e+00
1.857e-03
0.000e+00
0.000e+00
0.000e+00
0.000e+00
9.285e-04
0.000e+00
0.000e+00
9.285e-04
0.000e+00
0.000e+00
0.000e+00
9.285e-04
0.000e+00
9.285e-04
0.000e+00
0.000e+00
0.000e+00
0.000e+00
0.000e+00
0.000e+00
0.000e+00
0.000e+00
0.000e+00
0.000e+00
0.000e+00
0.000e+00
0.000e+00
0.000e+00
0.000e+00
0.000e+00
0.000e+00
0.000e+00
9.285e-04
0.000e+00
0.000e+00
0.000e+00
0.000e+00
0.000e+00
0.000e+00
0.000e+00
0.000e+00
0.000e+00
9.285e-04
0.000e+00
0.000e+00
0.000e+00
0.000e+00
0.000e+00
9.285e-04
0.000e+00
0.000e+00
0.000e+00
9.285e-04
0.000e+00
9.285e-04
0.000e+00
0.000e+00
0.000e+00
1.857e-03
9.285e-04
0.000e+00
2.786e-03
0.000e+00
0.000e+00
9.285e-04
0.000e+00
2.786e-03
9.285e-04
0.000e+00
9.285e-04
1.857e-03
3.714e-03
1.857e-03
1.857e-03
2.786e-03
3.714e-03
2.786e-03
2.786e-03
6.500e-03
0.000e+00
4.643e-03
5.571e-03
2.786e-03
2.786e-03
3.714e-03
3.714e-03
4.643e-03
2.786e-03
0.000e+00
0.000e+00
4.643e-03
9.285e-04
2.786e-03
0.000e+00
9.285e-04
0.000e+00
0.000e+00
1.857e-03
9.285e-04
9.285e-04
9.285e-04
9.285e-04
9.285e-04
9.285e-04
0.000e+00
0.000e+00
1.857e-03
9.285e-04
0.000e+00
9.285e-04
0.000e+00
0.000e+00
9.285e-04
0.000e+00
0.000e+00
0.000e+00
0.000e+00
1.857e-03
0.000e+00
0.000e+00
0.000e+00
9.285e-04
9.285e-04
9.285e-04
0.000e+00
0.000e+00
0.000e+00
0.000e+00
0.000e+00
9.285e-04
0.000e+00
0.000e+00
0.000e+00
0.000e+00
0.000e+00
0.000e+00
9.285e-04
0.000e+00
0.000e+00
0.000e+00
0.000e+00
0.000e+00
0.000e+00
0.000e+00
0.000e+00
0.000e+00
0.000e+00
0.000e+00
0.000e+00
9.285e-04
0.000e+00
0.000e+00
0.000e+00
0.000e+00
0.000e+00
0.000e+00
0.000e+00
0.000e+00
0.000e+00
0.000e+00
0.000e+00
0.000e+00
0.000e+00
0.000e+00
0.000e+00
0.000e+00
0.000e+00
1.857e-03
0.000e+00
0.000e+00
9.285e-04
0.000e+00
0.000e+00
0.000e+00
9.285e-04
0.000e+00
9.285e-04
0.000e+00
9.285e-04
9.285e-04
9.285e-04
0.000e+00
1.857e-03
9.285e-04
0.000e+00
0.000e+00
9.285e-04
9.285e-04
9.285e-04
0.000e+00
9.285e-04
1.857e-03
0.000e+00
0.000e+00
0.000e+00
0.000e+00
0.000e+00
0.000e+00
0.000e+00
9.285e-04
9.285e-04
9.285e-04
9.285e-04
0.000e+00
0.000e+00
0.000e+00
0.000e+00
0.000e+00
0.000e+00
0.000e+00
0.000e+00
0.000e+00
0.000e+00
0.000e+00
0.000e+00
0.000e+00
0.000e+00
0.000e+00
0.000e+00
0.000e+00
0.000e+00
0.000e+00
0.000e+00
0.000e+00
0.000e+00
0.000e+00
0.000e+00
0.000e+00
0.000e+00
0.000e+00
0.000e+00
0.000e+00
0.000e+00
0.000e+00
0.000e+00
0.000e+00
0.000e+00
0.000e+00
0.000e+00
0.000e+00
0.000e+00
0.000e+00
0.000e+00
0.000e+00
0.000e+00
0.000e+00
0.000e+00
0.000e+00
0.000e+00
0.000e+00
0.000e+00
0.000e+00
0.000e+00
0.000e+00
0.000e+00
0.000e+00
0.000e+00
0.000e+00
0.000e+00
0.000e+00
0.000e+00
