0.000e+00
0.000e+00
1.276e-03
0.000e+00
0.000e+00
0.000e+00
1.276e-03
0.000e+00
0.000e+00
0.000e+00
0.000e+00
0.000e+00
0.000e+00
0.000e+00
0.000e+00
0.000e+00
0.000e+00
1.276e-03
0.000e+00
0.000e+00
0.000e+00
0.000e+00
0.000e+00
0.000e+00
0.000e+00
1.276e-03
1.276e-03
0.000e+00
1.276e-03
0.000e+00
0.000e+00
0.000e+00
1.276e-03
0.000e+00
2.551e-03
1.276e-03
1.276e-03
0.000e+00
1.276e-03
2.551e-03
5.102e-03
2.551e-03
2.551e-03
3.827e-03
3.827e-03
3.827e-03
1.276e-03
3.827e-03
5.102e-03
6.378e-03
2.551e-03
3.827e-03
6.378e-03
5.102e-03
1.276e-03
2.551e-03
8.929e-03
2.551e-03
1.276e-02
1.531e-02
4.082e-02
3.444e-02
1.531e-02
1.020e-02
6.378e-03
2.551e-03
1.148e-02
3.827e-03
2.551e-03
1.276e-03
8.929e-03
8.929e-03
6.378e-03
3.827e-03
6.378e-03
6.378e-03
7.653e-03
3.827e-03
1.276e-03
2.551e-03
3.827e-03
1.276e-03
1.276e-03
0.000e+00
0.000e+00
1.276e-03
3.827e-03
2.551e-03
2.551e-03
1.276e-03
2.551e-03
1.276e-03
0.000e+00
1.276e-03
1.276e-03
0.000e+00
0.000e+00
0.000e+00
2.551e-03
2.551e-03
0.000e+00
1.276e-03
0.000e+00
0.000e+00
1.276e-03
0.000e+00
0.000e+00
0.000e+00
0.000e+00
0.000e+00
0.000e+00
0.000e+00
0.000e+00
0.000e+00
0.000e+00
0.000e+00
0.000e+00
0.000e+00
0.000e+00
0.000e+00
0.000e+00
1.276e-03
0.000e+00
1.276e-03
0.000e+00
0.000e+00
1.276e-03
0.000e+00
0.000e+00
0.000e+00
0.000e+00
0.000e+00
0.000e+00
2.551e-03
0.000e+00
0.000e+00
1.276e-03
1.276e-03
0.000e+00
0.000e+00
0.000e+00
0.000e+00
1.276e-03
1.276e-03
0.000e+00
0.000e+00
0.000e+00
0.000e+00
0.000e+00
0.000e+00
1.276e-03
0.000e+00
0.000e+00
0.000e+00
1.276e-03
3.827e-03
5.102e-03
2.551e-03
2.551e-03
5.102e-03
3.827e-03
2.551e-03
5.102e-03
2.551e-03
2.551e-03
2.551e-03
1.276e-03
2.551e-03
2.551e-03
2.551e-03
7.653e-03
3.827e-03
1.276e-03
3.827e-03
7.653e-03
8.929e-03
1.276e-03
5.102e-03
7.653e-03
1.786e-02
4.847e-02
2.041e-02
1.786e-02
6.378e-03
7.653e-03
5.102e-03
6.378e-03
3.827e-03
1.276e-03
6.378e-03
5.102e-03
1.020e-02
6.378e-03
5.102e-03
7.653e-03
6.378e-03
6.378e-03
1.276e-03
3.827e-03
2.551e-03
6.378e-03
0.000e+00
2.551e-03
2.551e-03
0.000e+00
1.276e-03
3.827e-03
0.000e+00
2.551e-03
0.000e+00
0.000e+00
1.276e-03
1.276e-03
0.000e+00
0.000e+00
0.000e+00
1.276e-03
0.000e+00
0.000e+00
0.000e+00
1.276e-03
1.276e-03
0.000e+00
0.000e+00
1.276e-03
0.000e+00
1.276e-03
0.000e+00
0.000e+00
0.000e+00
0.000e+00
0.000e+00
0.000e+00
0.000e+00
0.000e+00
1.276e-03
0.000e+00
2.551e-03
0.000e+00
0.000e+00
0.000e+00
1.276e-03
0.000e+00
0.000e+00
0.000e+00
0.000e+00
0.000e+00
1.276e-03
0.000e+00
0.000e+00
0.000e+00
0.000e+00
0.000e+00
0.000e+00
0.000e+00
0.000e+00
0.000e+00
0.000e+00
1.276e-03
0.000e+00
0.000e+00
0.000e+00
0.000e+00
0.000e+00
0.000e+00
2.551e-03
0.000e+00
0.000e+00
0.000e+00
0.000e+00
2.551e-03
1.276e-03
2.551e-03
1.276e-03
0.000e+00
0.000e+00
0.000e+00
1.276e-03
2.551e-03
3.827e-03
3.827e-03
3.827e-03
1.276e-03
5.102e-03
6.378e-03
6.378e-03
2.551e-03
7.653e-03
0.000e+00
3.827e-03
2.551e-03
5.102e-03
7.653e-03
5.102e-03
5.102e-03
7.653e-03
6.378e-03
1.148e-02
7.653e-03
3.444e-02
3.699e-02
1.658e-02
1.403e-02
5.102e-03
5.102e-03
3.827e-03
6.378e-03
2.551e-03
3.827e-03
7.653e-03
5.102e-03
5.102e-03
5.102e-03
8.929e-03
3.827e-03
5.102e-03
6.378e-03
3.827e-03
1.276e-03
2.551e-03
2.551e-03
3.827e-03
1.276e-03
1.276e-03
2.551e-03
3.827e-03
2.551e-03
3.827e-03
0.000e+00
0.000e+00
0.000e+00
0.000e+00
0.000e+00
1.276e-03
1.276e-03
0.000e+00
0.000e+00
0.000e+00
0.000e+00
0.000e+00
0.000e+00
0.000e+00
0.000e+00
0.000e+00
0.000e+00
0.000e+00
0.000e+00
0.000e+00
0.000e+00
0.000e+00
0.000e+00
0.000e+00
0.000e+00
0.000e+00
0.000e+00
0.000e+00
0.000e+00
0.000e+00
0.000e+00
0.000e+00
