0.000e+00
0.000e+00
0.000e+00
0.000e+00
0.000e+00
0.000e+00
0.000e+00
0.000e+00
0.000e+00
0.000e+00
0.000e+00
0.000e+00
0.000e+00
0.000e+00
0.000e+00
0.000e+00
0.000e+00
0.000e+00
0.000e+00
0.000e+00
0.000e+00
0.000e+00
0.000e+00
0.000e+00
0.000e+00
0.000e+00
0.000e+00
0.000e+00
0.000e+00
0.000e+00
0.000e+00
0.000e+00
0.000e+00
0.000e+00
0.000e+00
0.000e+00
0.000e+00
6.378e-04
0.000e+00
6.378e-04
0.000e+00
6.378e-04
6.378e-04
1.913e-03
1.276e-03
1.913e-03
1.276e-03
6.378e-04
3.189e-03
1.276e-03
1.276e-03
6.378e-04
3.827e-03
2.551e-03
4.464e-03
8.929e-03
7.015e-03
4.464e-03
5.740e-03
7.015e-03
8.291e-03
7.653e-03
9.566e-03
8.929e-03
7.015e-03
8.929e-03
8.929e-03
5.102e-03
6.378e-03
5.102e-03
1.276e-03
4.464e-03
3.189e-03
1.276e-03
1.913e-03
3.827e-03
1.913e-03
3.827e-03
1.913e-03
6.378e-04
1.276e-03
0.000e+00
1.276e-03
6.378e-04
6.378e-04
0.000e+00
0.000e+00
0.000e+00
6.378e-04
1.276e-03
0.000e+00
0.000e+00
0.000e+00
0.000e+00
0.000e+00
0.000e+00
0.000e+00
0.000e+00
0.000e+00
6.378e-04
0.000e+00
0.000e+00
0.000e+00
0.000e+00
0.000e+00
0.000e+00
0.000e+00
0.000e+00
0.000e+00
0.000e+00
0.000e+00
0.000e+00
0.000e+00
0.000e+00
0.000e+00
0.000e+00
0.000e+00
0.000e+00
0.000e+00
0.000e+00
0.000e+00
0.000e+00
0.000e+00
0.000e+00
0.000e+00
0.000e+00
0.000e+00
0.000e+00
0.000e+00
0.000e+00
0.000e+00
0.000e+00
0.000e+00
0.000e+00
0.000e+00
0.000e+00
6.378e-04
0.000e+00
0.000e+00
0.000e+00
0.000e+00
0.000e+00
0.000e+00
0.000e+00
6.378e-04
1.276e-03
0.000e+00
6.378e-04
0.000e+00
0.000e+00
0.000e+00
6.378e-04
0.000e+00
0.000e+00
0.000e+00
0.000e+00
0.000e+00
6.378e-04
0.000e+00
6.378e-04
6.378e-04
6.378e-04
0.000e+00
3.189e-03
2.551e-03
1.276e-03
6.378e-04
0.000e+00
3.189e-03
1.276e-03
3.189e-03
5.102e-03
6.378e-03
5.102e-03
4.464e-03
3.189e-03
7.653e-03
6.378e-03
5.740e-03
7.653e-03
8.291e-03
8.291e-03
8.929e-03
1.020e-02
4.464e-03
4.464e-03
6.378e-03
7.653e-03
5.102e-03
4.464e-03
1.276e-03
4.464e-03
3.827e-03
4.464e-03
1.913e-03
2.551e-03
1.913e-03
0.000e+00
0.000e+00
0.000e+00
6.378e-04
0.000e+00
0.000e+00
0.000e+00
0.000e+00
0.000e+00
0.000e+00
0.000e+00
0.000e+00
0.000e+00
6.378e-04
0.000e+00
0.000e+00
6.378e-04
1.276e-03
0.000e+00
0.000e+00
6.378e-04
6.378e-04
0.000e+00
6.378e-04
0.000e+00
0.000e+00
6.378e-04
0.000e+00
0.000e+00
0.000e+00
0.000e+00
0.000e+00
0.000e+00
0.000e+00
0.000e+00
0.000e+00
0.000e+00
6.378e-04
0.000e+00
0.000e+00
6.378e-04
0.000e+00
0.000e+00
0.000e+00
0.000e+00
0.000e+00
0.000e+00
0.000e+00
0.000e+00
0.000e+00
0.000e+00
0.000e+00
0.000e+00
0.000e+00
0.000e+00
0.000e+00
0.000e+00
0.000e+00
0.000e+00
0.000e+00
0.000e+00
0.000e+00
0.000e+00
0.000e+00
0.000e+00
0.000e+00
0.000e+00
0.000e+00
0.000e+00
0.000e+00
0.000e+00
0.000e+00
0.000e+00
0.000e+00
0.000e+00
6.378e-04
0.000e+00
0.000e+00
0.000e+00
6.378e-04
0.000e+00
6.378e-04
6.378e-04
1.276e-03
0.000e+00
1.276e-03
0.000e+00
3.827e-03
1.913e-03
1.913e-03
0.000e+00
3.827e-03
2.551e-03
4.464e-03
5.102e-03
8.291e-03
5.102e-03
5.102e-03
9.566e-03
6.378e-03
5.740e-03
6.378e-03
1.020e-02
8.929e-03
1.084e-02
4.464e-03
8.929e-03
3.827e-03
1.148e-02
6.378e-03
1.913e-03
4.464e-03
2.551e-03
3.189e-03
2.551e-03
2.551e-03
1.276e-03
6.378e-04
1.276e-03
0.000e+00
1.913e-03
0.000e+00
6.378e-04
0.000e+00
6.378e-04
0.000e+00
0.000e+00
0.000e+00
0.000e+00
6.378e-04
0.000e+00
0.000e+00
0.000e+00
0.000e+00
0.000e+00
0.000e+00
0.000e+00
0.000e+00
0.000e+00
0.000e+00
0.000e+00
0.000e+00
0.000e+00
0.000e+00
0.000e+00
0.000e+00
0.000e+00
0.000e+00
0.000e+00
0.000e+00
0.000e+00
0.000e+00
0.000e+00
0.000e+00
0.000e+00
0.000e+00
0.000e+00
0.000e+00
0.000e+00
0.000e+00
0.000e+00
0.000e+00
0.000e+00
