5.901e-02
1.255e-02
7.336e-03
5.985e-03
5.341e-03
4.312e-03
3.539e-03
2.896e-03
1.802e-03
1.673e-03
1.416e-03
1.158e-03
1.480e-03
8.366e-04
7.079e-04
9.010e-04
1.287e-03
1.158e-03
1.223e-03
1.223e-03
1.030e-03
5.148e-04
8.366e-04
3.218e-04
1.030e-03
1.158e-03
1.158e-03
5.792e-04
1.030e-03
6.435e-04
5.792e-04
7.723e-04
9.653e-04
9.653e-04
1.287e-03
8.366e-04
1.030e-03
7.079e-04
1.802e-03
1.673e-03
2.059e-03
2.124e-03
1.416e-03
2.639e-03
2.381e-03
1.995e-03
2.960e-03
2.510e-03
2.574e-03
2.381e-03
2.510e-03
1.866e-03
2.960e-03
1.802e-03
2.317e-03
2.574e-03
3.153e-03
3.282e-03
3.797e-03
3.926e-03
4.698e-03
4.634e-03
4.505e-03
3.089e-03
2.574e-03
1.931e-03
2.703e-03
2.252e-03
1.673e-03
1.866e-03
1.480e-03
1.931e-03
2.317e-03
2.317e-03
2.188e-03
1.866e-03
2.574e-03
1.931e-03
1.866e-03
1.223e-03
2.252e-03
1.480e-03
2.317e-03
2.317e-03
1.995e-03
2.124e-03
2.639e-03
2.510e-03
3.668e-03
4.247e-03
3.926e-03
2.896e-03
1.995e-03
2.510e-03
2.124e-03
2.381e-03
2.317e-03
2.832e-03
2.252e-03
3.089e-03
2.510e-03
2.381e-03
2.317e-03
3.604e-03
3.282e-03
3.539e-03
2.832e-03
3.218e-03
3.411e-03
3.475e-03
3.089e-03
3.153e-03
3.604e-03
3.668e-03
3.797e-03
3.668e-03
4.247e-03
3.990e-03
4.440e-03
4.054e-03
2.960e-03
3.733e-03
4.505e-03
2.639e-03
3.282e-03
3.668e-03
3.282e-03
2.960e-03
2.767e-03
2.574e-03
2.445e-03
2.445e-03
3.025e-03
2.767e-03
3.025e-03
2.510e-03
2.510e-03
3.346e-03
1.931e-03
2.059e-03
2.317e-03
1.995e-03
1.866e-03
1.223e-03
1.351e-03
1.030e-03
1.416e-03
7.723e-04
8.366e-04
6.435e-04
1.223e-03
1.030e-03
6.435e-04
9.010e-04
1.351e-03
1.223e-03
1.223e-03
1.094e-03
1.287e-03
2.124e-03
9.653e-04
1.158e-03
1.094e-03
1.480e-03
8.366e-04
6.435e-04
1.545e-03
7.079e-04
1.030e-03
1.609e-03
2.381e-03
1.673e-03
1.866e-03
2.124e-03
3.539e-03
3.089e-03
3.411e-03
6.178e-03
8.366e-03
1.525e-02
5.682e-02
1.454e-02
8.237e-03
7.272e-03
4.440e-03
3.282e-03
2.767e-03
2.445e-03
1.866e-03
2.124e-03
1.416e-03
1.673e-03
1.480e-03
1.223e-03
1.673e-03
1.545e-03
1.351e-03
1.223e-03
1.351e-03
1.030e-03
1.416e-03
5.792e-04
1.030e-03
1.094e-03
1.094e-03
1.351e-03
9.653e-04
1.030e-03
1.094e-03
7.723e-04
6.435e-04
9.653e-04
1.416e-03
1.287e-03
8.366e-04
1.094e-03
1.866e-03
1.416e-03
2.317e-03
1.866e-03
1.802e-03
1.738e-03
2.252e-03
1.673e-03
2.960e-03
2.381e-03
3.025e-03
2.510e-03
2.188e-03
2.510e-03
2.381e-03
2.445e-03
2.639e-03
3.861e-03
2.510e-03
2.896e-03
3.539e-03
3.475e-03
3.025e-03
3.861e-03
3.539e-03
4.312e-03
4.440e-03
4.634e-03
3.797e-03
3.539e-03
3.411e-03
2.960e-03
3.025e-03
3.282e-03
2.703e-03
3.218e-03
3.218e-03
3.861e-03
3.411e-03
2.960e-03
2.188e-03
3.153e-03
3.926e-03
2.381e-03
2.703e-03
2.639e-03
2.381e-03
1.995e-03
2.445e-03
2.832e-03
2.639e-03
2.960e-03
3.346e-03
2.767e-03
3.861e-03
3.668e-03
3.153e-03
2.960e-03
2.124e-03
2.124e-03
1.223e-03
1.609e-03
1.931e-03
2.059e-03
1.995e-03
2.188e-03
1.223e-03
2.124e-03
3.025e-03
2.252e-03
1.995e-03
1.995e-03
1.738e-03
1.802e-03
1.673e-03
2.896e-03
2.252e-03
2.381e-03
2.124e-03
2.574e-03
2.574e-03
3.668e-03
4.183e-03
5.148e-03
5.213e-03
3.475e-03
3.733e-03
3.604e-03
3.797e-03
3.411e-03
3.346e-03
1.931e-03
2.188e-03
2.639e-03
3.089e-03
2.703e-03
2.574e-03
3.346e-03
3.153e-03
3.025e-03
2.445e-03
2.510e-03
2.059e-03
1.738e-03
2.381e-03
1.866e-03
1.480e-03
1.609e-03
1.158e-03
1.030e-03
1.480e-03
9.010e-04
7.723e-04
3.218e-04
7.723e-04
6.435e-04
9.010e-04
9.653e-04
1.158e-03
8.366e-04
7.723e-04
9.653e-04
1.094e-03
5.148e-04
7.723e-04
7.723e-04
1.223e-03
7.079e-04
5.792e-04
8.366e-04
9.653e-04
6.435e-04
1.351e-03
1.351e-03
1.545e-03
1.802e-03
2.381e-03
2.510e-03
1.995e-03
2.896e-03
4.827e-03
5.341e-03
7.980e-03
1.448e-02
