2.252e-03
2.574e-03
2.896e-03
2.542e-03
2.542e-03
2.059e-03
1.931e-03
1.898e-03
1.577e-03
1.223e-03
1.191e-03
1.545e-03
1.287e-03
9.331e-04
1.287e-03
7.079e-04
9.975e-04
6.435e-04
7.723e-04
9.010e-04
5.792e-04
4.827e-04
5.470e-04
8.688e-04
6.757e-04
5.148e-04
6.757e-04
4.827e-04
4.505e-04
6.435e-04
6.435e-04
5.470e-04
9.010e-04
5.148e-04
1.223e-03
5.792e-04
6.757e-04
6.757e-04
6.435e-04
8.044e-04
5.148e-04
4.505e-04
7.079e-04
9.653e-04
8.044e-04
7.079e-04
8.688e-04
8.688e-04
8.366e-04
1.062e-03
1.158e-03
8.688e-04
1.287e-03
9.331e-04
1.705e-03
1.319e-03
1.545e-03
1.319e-03
1.545e-03
1.673e-03
1.834e-03
2.188e-03
2.059e-03
1.738e-03
2.124e-03
2.092e-03
2.059e-03
1.738e-03
1.802e-03
1.931e-03
1.223e-03
1.448e-03
2.027e-03
1.255e-03
1.577e-03
1.770e-03
1.995e-03
1.705e-03
1.866e-03
1.512e-03
1.770e-03
1.931e-03
1.641e-03
1.898e-03
1.866e-03
1.641e-03
1.834e-03
2.027e-03
1.673e-03
1.545e-03
1.898e-03
1.738e-03
1.738e-03
2.220e-03
1.545e-03
1.834e-03
1.866e-03
1.995e-03
1.512e-03
1.995e-03
1.738e-03
1.609e-03
1.416e-03
2.252e-03
1.963e-03
1.738e-03
1.802e-03
1.770e-03
1.609e-03
1.609e-03
1.802e-03
1.609e-03
1.641e-03
1.963e-03
1.866e-03
9.975e-04
1.512e-03
1.287e-03
1.738e-03
1.641e-03
1.126e-03
1.416e-03
9.010e-04
1.351e-03
1.480e-03
1.609e-03
1.287e-03
1.480e-03
9.331e-04
1.287e-03
1.030e-03
1.512e-03
9.331e-04
1.384e-03
1.255e-03
1.255e-03
1.223e-03
1.126e-03
1.191e-03
1.319e-03
9.331e-04
8.044e-04
8.366e-04
8.688e-04
9.331e-04
7.401e-04
8.366e-04
9.975e-04
9.331e-04
8.688e-04
9.331e-04
9.975e-04
8.366e-04
8.044e-04
4.827e-04
9.331e-04
9.975e-04
8.688e-04
7.401e-04
9.010e-04
8.044e-04
9.975e-04
9.010e-04
1.191e-03
1.094e-03
1.126e-03
1.223e-03
1.191e-03
1.577e-03
1.641e-03
1.545e-03
1.866e-03
2.188e-03
1.512e-03
2.059e-03
2.639e-03
2.639e-03
3.089e-03
3.218e-03
2.928e-03
3.604e-03
2.735e-03
2.156e-03
2.735e-03
2.832e-03
2.381e-03
2.188e-03
1.770e-03
1.898e-03
1.545e-03
1.416e-03
1.416e-03
1.512e-03
1.448e-03
1.223e-03
1.287e-03
1.094e-03
8.688e-04
1.126e-03
8.366e-04
1.158e-03
1.030e-03
5.470e-04
1.255e-03
8.044e-04
5.792e-04
8.044e-04
9.653e-04
9.331e-04
7.401e-04
9.653e-04
7.723e-04
1.255e-03
6.757e-04
1.126e-03
8.366e-04
1.191e-03
8.044e-04
8.366e-04
9.010e-04
7.401e-04
1.158e-03
1.319e-03
9.331e-04
1.416e-03
9.331e-04
9.975e-04
9.975e-04
1.062e-03
1.351e-03
1.384e-03
1.770e-03
1.384e-03
1.287e-03
1.448e-03
1.448e-03
1.319e-03
1.351e-03
1.319e-03
1.223e-03
1.545e-03
1.609e-03
1.770e-03
1.416e-03
1.641e-03
1.416e-03
1.351e-03
1.577e-03
1.480e-03
1.512e-03
1.416e-03
1.416e-03
2.092e-03
1.705e-03
1.577e-03
1.319e-03
1.866e-03
2.156e-03
1.898e-03
1.963e-03
1.673e-03
2.381e-03
1.963e-03
1.641e-03
1.866e-03
1.223e-03
2.124e-03
1.931e-03
1.834e-03
1.866e-03
1.866e-03
1.673e-03
1.898e-03
2.027e-03
1.577e-03
1.834e-03
1.898e-03
2.027e-03
1.931e-03
1.738e-03
1.480e-03
1.705e-03
1.673e-03
1.705e-03
1.641e-03
1.384e-03
1.705e-03
1.223e-03
1.770e-03
1.705e-03
2.092e-03
1.866e-03
1.770e-03
1.866e-03
2.252e-03
2.188e-03
2.156e-03
1.931e-03
2.252e-03
2.092e-03
2.349e-03
2.285e-03
1.351e-03
1.705e-03
1.448e-03
1.770e-03
1.030e-03
1.094e-03
1.191e-03
1.448e-03
1.158e-03
8.366e-04
9.331e-04
8.044e-04
9.975e-04
7.401e-04
8.366e-04
9.331e-04
6.435e-04
6.435e-04
6.435e-04
7.401e-04
4.183e-04
5.470e-04
9.975e-04
4.183e-04
6.757e-04
6.114e-04
5.792e-04
3.861e-04
6.114e-04
3.539e-04
4.183e-04
4.505e-04
5.470e-04
4.183e-04
4.505e-04
6.114e-04
7.401e-04
4.827e-04
6.435e-04
5.792e-04
6.435e-04
7.401e-04
7.079e-04
7.401e-04
9.331e-04
9.975e-04
1.319e-03
1.287e-03
1.191e-03
1.609e-03
1.545e-03
1.963e-03
2.285e-03
2.703e-03
1.995e-03
2.510e-03
2.864e-03
2.735e-03
