2.168e-01
3.388e-02
2.904e-02
2.420e-02
2.420e-02
1.162e-02
7.744e-03
1.936e-03
3.872e-03
3.872e-03
9.681e-04
1.936e-03
0.000e+00
0.000e+00
9.681e-04
9.681e-04
0.000e+00
3.872e-03
0.000e+00
0.000e+00
9.681e-04
0.000e+00
0.000e+00
0.000e+00
9.681e-04
0.000e+00
0.000e+00
9.681e-04
0.000e+00
0.000e+00
0.000e+00
0.000e+00
0.000e+00
0.000e+00
0.000e+00
9.681e-04
0.000e+00
0.000e+00
0.000e+00
0.000e+00
0.000e+00
0.000e+00
0.000e+00
0.000e+00
0.000e+00
0.000e+00
0.000e+00
0.000e+00
0.000e+00
0.000e+00
0.000e+00
0.000e+00
0.000e+00
0.000e+00
0.000e+00
0.000e+00
0.000e+00
0.000e+00
0.000e+00
0.000e+00
0.000e+00
0.000e+00
0.000e+00
0.000e+00
9.681e-04
0.000e+00
0.000e+00
0.000e+00
0.000e+00
0.000e+00
0.000e+00
0.000e+00
0.000e+00
0.000e+00
0.000e+00
0.000e+00
0.000e+00
0.000e+00
0.000e+00
0.000e+00
0.000e+00
0.000e+00
0.000e+00
0.000e+00
0.000e+00
0.000e+00
0.000e+00
0.000e+00
0.000e+00
0.000e+00
0.000e+00
0.000e+00
0.000e+00
0.000e+00
0.000e+00
0.000e+00
0.000e+00
0.000e+00
0.000e+00
0.000e+00
0.000e+00
0.000e+00
0.000e+00
0.000e+00
0.000e+00
0.000e+00
0.000e+00
0.000e+00
0.000e+00
0.000e+00
0.000e+00
0.000e+00
0.000e+00
0.000e+00
0.000e+00
0.000e+00
0.000e+00
0.000e+00
0.000e+00
0.000e+00
0.000e+00
0.000e+00
0.000e+00
0.000e+00
0.000e+00
0.000e+00
0.000e+00
0.000e+00
0.000e+00
0.000e+00
0.000e+00
0.000e+00
0.000e+00
0.000e+00
0.000e+00
0.000e+00
0.000e+00
0.000e+00
0.000e+00
0.000e+00
9.681e-04
0.000e+00
0.000e+00
0.000e+00
0.000e+00
0.000e+00
0.000e+00
0.000e+00
9.681e-04
0.000e+00
0.000e+00
0.000e+00
9.681e-04
0.000e+00
0.000e+00
0.000e+00
9.681e-04
9.681e-04
1.936e-03
1.936e-03
0.000e+00
0.000e+00
1.936e-03
0.000e+00
0.000e+00
9.681e-04
9.681e-04
0.000e+00
9.681e-04
9.681e-04
3.872e-03
1.936e-03
2.904e-03
3.872e-03
2.904e-03
6.776e-03
6.776e-03
2.130e-02
2.130e-02
4.453e-02
2.149e-01
4.163e-02
2.323e-02
2.711e-02
1.162e-02
9.681e-03
9.681e-04
3.872e-03
3.872e-03
9.681e-04
1.936e-03
9.681e-04
9.681e-04
9.681e-04
9.681e-04
1.936e-03
0.000e+00
1.936e-03
1.936e-03
0.000e+00
0.000e+00
9.681e-04
0.000e+00
0.000e+00
0.000e+00
9.681e-04
0.000e+00
9.681e-04
9.681e-04
0.000e+00
9.681e-04
0.000e+00
9.681e-04
0.000e+00
0.000e+00
0.000e+00
0.000e+00
0.000e+00
0.000e+00
0.000e+00
0.000e+00
0.000e+00
0.000e+00
0.000e+00
0.000e+00
0.000e+00
0.000e+00
0.000e+00
0.000e+00
0.000e+00
9.681e-04
0.000e+00
0.000e+00
0.000e+00
0.000e+00
0.000e+00
0.000e+00
0.000e+00
0.000e+00
0.000e+00
0.000e+00
0.000e+00
0.000e+00
0.000e+00
0.000e+00
0.000e+00
0.000e+00
0.000e+00
0.000e+00
0.000e+00
0.000e+00
0.000e+00
0.000e+00
0.000e+00
0.000e+00
0.000e+00
0.000e+00
0.000e+00
0.000e+00
0.000e+00
0.000e+00
0.000e+00
0.000e+00
0.000e+00
0.000e+00
0.000e+00
0.000e+00
0.000e+00
0.000e+00
0.000e+00
0.000e+00
0.000e+00
0.000e+00
0.000e+00
0.000e+00
0.000e+00
0.000e+00
0.000e+00
0.000e+00
0.000e+00
0.000e+00
0.000e+00
0.000e+00
0.000e+00
0.000e+00
0.000e+00
0.000e+00
0.000e+00
0.000e+00
0.000e+00
0.000e+00
0.000e+00
0.000e+00
0.000e+00
0.000e+00
0.000e+00
0.000e+00
0.000e+00
0.000e+00
0.000e+00
0.000e+00
0.000e+00
0.000e+00
0.000e+00
0.000e+00
0.000e+00
0.000e+00
0.000e+00
9.681e-04
0.000e+00
0.000e+00
0.000e+00
0.000e+00
0.000e+00
0.000e+00
0.000e+00
0.000e+00
0.000e+00
0.000e+00
0.000e+00
0.000e+00
0.000e+00
0.000e+00
0.000e+00
0.000e+00
0.000e+00
0.000e+00
9.681e-04
0.000e+00
0.000e+00
0.000e+00
0.000e+00
0.000e+00
0.000e+00
0.000e+00
9.681e-04
0.000e+00
0.000e+00
9.681e-04
9.681e-04
0.000e+00
0.000e+00
9.681e-04
9.681e-04
1.936e-03
9.681e-04
2.904e-03
1.936e-03
1.936e-03
2.904e-03
6.776e-03
9.681e-04
2.904e-03
2.904e-03
1.936e-03
7.744e-03
1.646e-02
2.227e-02
2.323e-02
3.775e-02
