3.496e-01
3.982e-02
7.522e-02
3.982e-02
1.770e-02
0.000e+00
4.425e-03
0.000e+00
0.000e+00
4.425e-03
0.000e+00
0.000e+00
0.000e+00
4.425e-03
4.425e-03
4.425e-03
4.425e-03
0.000e+00
0.000e+00
0.000e+00
0.000e+00
0.000e+00
0.000e+00
0.000e+00
0.000e+00
0.000e+00
0.000e+00
4.425e-03
0.000e+00
0.000e+00
0.000e+00
0.000e+00
0.000e+00
0.000e+00
4.425e-03
4.425e-03
0.000e+00
0.000e+00
0.000e+00
0.000e+00
4.425e-03
0.000e+00
0.000e+00
4.425e-03
4.425e-03
0.000e+00
0.000e+00
0.000e+00
0.000e+00
0.000e+00
4.425e-03
0.000e+00
0.000e+00
0.000e+00
0.000e+00
0.000e+00
4.425e-03
0.000e+00
0.000e+00
0.000e+00
0.000e+00
0.000e+00
0.000e+00
0.000e+00
0.000e+00
0.000e+00
0.000e+00
0.000e+00
8.850e-03
0.000e+00
0.000e+00
0.000e+00
0.000e+00
0.000e+00
0.000e+00
0.000e+00
0.000e+00
0.000e+00
0.000e+00
0.000e+00
0.000e+00
0.000e+00
0.000e+00
0.000e+00
0.000e+00
0.000e+00
0.000e+00
0.000e+00
0.000e+00
0.000e+00
0.000e+00
0.000e+00
0.000e+00
0.000e+00
0.000e+00
0.000e+00
0.000e+00
0.000e+00
0.000e+00
0.000e+00
0.000e+00
0.000e+00
0.000e+00
0.000e+00
0.000e+00
0.000e+00
0.000e+00
0.000e+00
0.000e+00
0.000e+00
0.000e+00
0.000e+00
0.000e+00
0.000e+00
0.000e+00
0.000e+00
0.000e+00
0.000e+00
0.000e+00
0.000e+00
0.000e+00
0.000e+00
0.000e+00
0.000e+00
0.000e+00
0.000e+00
0.000e+00
0.000e+00
4.425e-03
0.000e+00
0.000e+00
0.000e+00
0.000e+00
0.000e+00
0.000e+00
0.000e+00
0.000e+00
0.000e+00
0.000e+00
4.425e-03
4.425e-03
0.000e+00
0.000e+00
0.000e+00
0.000e+00
0.000e+00
0.000e+00
0.000e+00
0.000e+00
0.000e+00
0.000e+00
0.000e+00
0.000e+00
4.425e-03
4.425e-03
0.000e+00
0.000e+00
0.000e+00
0.000e+00
4.425e-03
0.000e+00
0.000e+00
0.000e+00
0.000e+00
0.000e+00
0.000e+00
0.000e+00
0.000e+00
0.000e+00
0.000e+00
8.850e-03
0.000e+00
0.000e+00
0.000e+00
0.000e+00
4.425e-03
0.000e+00
0.000e+00
0.000e+00
8.850e-03
5.752e-02
8.850e-03
0.000e+00
0.000e+00
0.000e+00
0.000e+00
0.000e+00
0.000e+00
0.000e+00
0.000e+00
0.000e+00
0.000e+00
0.000e+00
0.000e+00
4.425e-03
4.425e-03
0.000e+00
0.000e+00
0.000e+00
0.000e+00
4.425e-03
0.000e+00
0.000e+00
0.000e+00
0.000e+00
0.000e+00
0.000e+00
4.425e-03
4.425e-03
0.000e+00
0.000e+00
0.000e+00
0.000e+00
0.000e+00
0.000e+00
0.000e+00
0.000e+00
8.850e-03
0.000e+00
0.000e+00
8.850e-03
0.000e+00
0.000e+00
0.000e+00
0.000e+00
0.000e+00
4.425e-03
0.000e+00
0.000e+00
0.000e+00
0.000e+00
0.000e+00
8.850e-03
0.000e+00
0.000e+00
0.000e+00
0.000e+00
0.000e+00
0.000e+00
0.000e+00
0.000e+00
0.000e+00
0.000e+00
4.425e-03
0.000e+00
0.000e+00
0.000e+00
0.000e+00
0.000e+00
0.000e+00
0.000e+00
0.000e+00
0.000e+00
0.000e+00
0.000e+00
0.000e+00
0.000e+00
0.000e+00
0.000e+00
0.000e+00
0.000e+00
0.000e+00
0.000e+00
0.000e+00
0.000e+00
0.000e+00
0.000e+00
0.000e+00
0.000e+00
0.000e+00
0.000e+00
0.000e+00
0.000e+00
0.000e+00
0.000e+00
0.000e+00
0.000e+00
0.000e+00
0.000e+00
0.000e+00
0.000e+00
0.000e+00
0.000e+00
0.000e+00
0.000e+00
0.000e+00
0.000e+00
0.000e+00
0.000e+00
0.000e+00
0.000e+00
0.000e+00
0.000e+00
0.000e+00
0.000e+00
0.000e+00
0.000e+00
0.000e+00
0.000e+00
0.000e+00
0.000e+00
0.000e+00
0.000e+00
0.000e+00
4.425e-03
4.425e-03
0.000e+00
0.000e+00
0.000e+00
0.000e+00
0.000e+00
4.425e-03
4.425e-03
0.000e+00
0.000e+00
0.000e+00
0.000e+00
8.850e-03
4.425e-03
0.000e+00
0.000e+00
0.000e+00
0.000e+00
4.425e-03
0.000e+00
0.000e+00
0.000e+00
0.000e+00
0.000e+00
0.000e+00
4.425e-03
0.000e+00
4.425e-03
0.000e+00
0.000e+00
0.000e+00
4.425e-03
0.000e+00
4.425e-03
0.000e+00
4.425e-03
0.000e+00
0.000e+00
4.425e-03
0.000e+00
0.000e+00
8.850e-03
0.000e+00
0.000e+00
8.850e-03
0.000e+00
0.000e+00
4.425e-03
0.000e+00
4.425e-03
8.850e-03
2.655e-02
2.655e-02
4.425e-02
3.982e-02
