8.850e-03
1.327e-02
1.327e-02
1.549e-02
1.106e-02
8.850e-03
8.850e-03
8.850e-03
4.425e-03
1.106e-02
6.637e-03
1.549e-02
6.637e-03
1.106e-02
4.425e-03
6.637e-03
2.212e-03
4.425e-03
2.212e-03
0.000e+00
4.425e-03
4.425e-03
0.000e+00
2.212e-03
0.000e+00
0.000e+00
2.212e-03
0.000e+00
0.000e+00
2.212e-03
2.212e-03
2.212e-03
0.000e+00
2.212e-03
4.425e-03
2.212e-03
0.000e+00
0.000e+00
2.212e-03
0.000e+00
0.000e+00
0.000e+00
0.000e+00
0.000e+00
0.000e+00
0.000e+00
0.000e+00
0.000e+00
0.000e+00
0.000e+00
0.000e+00
0.000e+00
2.212e-03
0.000e+00
0.000e+00
0.000e+00
0.000e+00
2.212e-03
0.000e+00
0.000e+00
0.000e+00
2.212e-03
2.212e-03
0.000e+00
0.000e+00
0.000e+00
0.000e+00
0.000e+00
0.000e+00
0.000e+00
0.000e+00
0.000e+00
0.000e+00
0.000e+00
0.000e+00
0.000e+00
0.000e+00
0.000e+00
4.425e-03
0.000e+00
0.000e+00
0.000e+00
0.000e+00
0.000e+00
0.000e+00
0.000e+00
0.000e+00
0.000e+00
0.000e+00
0.000e+00
0.000e+00
2.212e-03
0.000e+00
0.000e+00
0.000e+00
0.000e+00
0.000e+00
0.000e+00
0.000e+00
0.000e+00
0.000e+00
0.000e+00
0.000e+00
0.000e+00
0.000e+00
2.212e-03
0.000e+00
0.000e+00
0.000e+00
0.000e+00
2.212e-03
0.000e+00
0.000e+00
0.000e+00
0.000e+00
0.000e+00
0.000e+00
0.000e+00
2.212e-03
0.000e+00
0.000e+00
0.000e+00
0.000e+00
0.000e+00
0.000e+00
0.000e+00
0.000e+00
0.000e+00
0.000e+00
0.000e+00
0.000e+00
0.000e+00
0.000e+00
2.212e-03
0.000e+00
2.212e-03
2.212e-03
0.000e+00
0.000e+00
0.000e+00
2.212e-03
2.212e-03
0.000e+00
0.000e+00
0.000e+00
0.000e+00
0.000e+00
0.000e+00
0.000e+00
0.000e+00
0.000e+00
0.000e+00
2.212e-03
0.000e+00
0.000e+00
0.000e+00
0.000e+00
0.000e+00
0.000e+00
0.000e+00
0.000e+00
2.212e-03
0.000e+00
0.000e+00
0.000e+00
2.212e-03
0.000e+00
0.000e+00
0.000e+00
0.000e+00
0.000e+00
0.000e+00
2.212e-03
0.000e+00
2.212e-03
4.425e-03
2.212e-03
2.212e-03
2.212e-03
0.000e+00
4.425e-03
6.637e-03
2.212e-03
4.425e-03
0.000e+00
0.000e+00
0.000e+00
0.000e+00
0.000e+00
0.000e+00
0.000e+00
0.000e+00
0.000e+00
0.000e+00
0.000e+00
0.000e+00
0.000e+00
0.000e+00
2.212e-03
0.000e+00
0.000e+00
0.000e+00
0.000e+00
0.000e+00
0.000e+00
0.000e+00
0.000e+00
0.000e+00
0.000e+00
0.000e+00
0.000e+00
0.000e+00
0.000e+00
2.212e-03
0.000e+00
0.000e+00
0.000e+00
0.000e+00
0.000e+00
0.000e+00
0.000e+00
0.000e+00
0.000e+00
0.000e+00
0.000e+00
0.000e+00
2.212e-03
0.000e+00
2.212e-03
0.000e+00
0.000e+00
0.000e+00
0.000e+00
0.000e+00
0.000e+00
0.000e+00
0.000e+00
0.000e+00
0.000e+00
0.000e+00
0.000e+00
0.000e+00
2.212e-03
4.425e-03
0.000e+00
0.000e+00
0.000e+00
0.000e+00
0.000e+00
0.000e+00
0.000e+00
0.000e+00
0.000e+00
0.000e+00
2.212e-03
0.000e+00
0.000e+00
0.000e+00
0.000e+00
0.000e+00
0.000e+00
2.212e-03
0.000e+00
0.000e+00
0.000e+00
0.000e+00
0.000e+00
0.000e+00
0.000e+00
0.000e+00
0.000e+00
0.000e+00
0.000e+00
0.000e+00
2.212e-03
0.000e+00
0.000e+00
0.000e+00
0.000e+00
0.000e+00
0.000e+00
0.000e+00
2.212e-03
0.000e+00
0.000e+00
2.212e-03
0.000e+00
4.425e-03
0.000e+00
0.000e+00
0.000e+00
0.000e+00
0.000e+00
0.000e+00
0.000e+00
2.212e-03
2.212e-03
0.000e+00
0.000e+00
2.212e-03
0.000e+00
0.000e+00
0.000e+00
0.000e+00
0.000e+00
0.000e+00
0.000e+00
2.212e-03
0.000e+00
0.000e+00
0.000e+00
0.000e+00
0.000e+00
0.000e+00
0.000e+00
0.000e+00
2.212e-03
0.000e+00
0.000e+00
0.000e+00
2.212e-03
0.000e+00
0.000e+00
0.000e+00
2.212e-03
0.000e+00
2.212e-03
0.000e+00
2.212e-03
0.000e+00
4.425e-03
0.000e+00
0.000e+00
0.000e+00
6.637e-03
0.000e+00
0.000e+00
2.212e-03
0.000e+00
0.000e+00
4.425e-03
2.212e-03
4.425e-03
2.212e-03
2.212e-03
8.850e-03
4.425e-03
0.000e+00
2.212e-03
8.850e-03
4.425e-03
1.549e-02
1.106e-02
1.106e-02
1.327e-02
2.212e-02
1.327e-02
1.991e-02
6.637e-03
1.106e-02
