0.000e+00
0.000e+00
0.000e+00
0.000e+00
0.000e+00
0.000e+00
0.000e+00
0.000e+00
0.000e+00
0.000e+00
0.000e+00
0.000e+00
0.000e+00
0.000e+00
0.000e+00
0.000e+00
0.000e+00
0.000e+00
0.000e+00
0.000e+00
0.000e+00
0.000e+00
1.259e-03
0.000e+00
0.000e+00
0.000e+00
0.000e+00
1.259e-03
0.000e+00
0.000e+00
0.000e+00
0.000e+00
0.000e+00
0.000e+00
2.519e-03
1.259e-03
0.000e+00
1.259e-03
0.000e+00
0.000e+00
1.259e-03
3.778e-03
0.000e+00
1.259e-03
1.259e-03
1.259e-03
2.519e-03
1.259e-03
2.519e-03
0.000e+00
2.519e-03
2.519e-03
3.778e-03
3.778e-03
3.778e-03
3.778e-03
5.038e-03
1.511e-02
1.134e-02
2.267e-02
1.763e-02
2.771e-02
2.645e-02
2.267e-02
2.645e-02
3.401e-02
4.030e-02
3.652e-02
2.771e-02
1.763e-02
1.259e-02
8.816e-03
1.385e-02
7.557e-03
7.557e-03
6.297e-03
2.519e-03
2.519e-03
0.000e+00
1.259e-03
6.297e-03
5.038e-03
3.778e-03
1.259e-03
0.000e+00
0.000e+00
0.000e+00
1.259e-03
1.259e-03
1.259e-03
0.000e+00
0.000e+00
0.000e+00
0.000e+00
0.000e+00
0.000e+00
1.259e-03
0.000e+00
0.000e+00
1.259e-03
0.000e+00
1.259e-03
0.000e+00
0.000e+00
0.000e+00
0.000e+00
1.259e-03
0.000e+00
0.000e+00
2.519e-03
2.519e-03
1.259e-03
0.000e+00
0.000e+00
1.259e-03
0.000e+00
0.000e+00
0.000e+00
0.000e+00
0.000e+00
0.000e+00
0.000e+00
0.000e+00
0.000e+00
0.000e+00
0.000e+00
0.000e+00
0.000e+00
0.000e+00
0.000e+00
0.000e+00
0.000e+00
0.000e+00
0.000e+00
0.000e+00
0.000e+00
0.000e+00
0.000e+00
0.000e+00
0.000e+00
0.000e+00
0.000e+00
0.000e+00
0.000e+00
0.000e+00
1.259e-03
0.000e+00
0.000e+00
0.000e+00
0.000e+00
0.000e+00
0.000e+00
0.000e+00
0.000e+00
0.000e+00
2.519e-03
0.000e+00
0.000e+00
1.259e-03
1.259e-03
1.259e-03
0.000e+00
0.000e+00
0.000e+00
0.000e+00
0.000e+00
1.259e-03
1.259e-03
0.000e+00
3.778e-03
2.519e-03
3.778e-03
1.259e-03
1.259e-03
0.000e+00
0.000e+00
2.519e-03
0.000e+00
0.000e+00
1.259e-03
0.000e+00
5.038e-03
1.259e-03
0.000e+00
3.778e-03
0.000e+00
5.038e-03
2.519e-03
0.000e+00
0.000e+00
2.519e-03
1.259e-03
1.259e-03
1.259e-03
1.259e-03
0.000e+00
1.259e-03
2.519e-03
1.259e-03
1.259e-03
1.259e-03
0.000e+00
0.000e+00
0.000e+00
0.000e+00
0.000e+00
0.000e+00
0.000e+00
0.000e+00
1.259e-03
1.259e-03
0.000e+00
0.000e+00
0.000e+00
2.519e-03
0.000e+00
0.000e+00
0.000e+00
0.000e+00
0.000e+00
0.000e+00
0.000e+00
0.000e+00
0.000e+00
0.000e+00
0.000e+00
0.000e+00
0.000e+00
0.000e+00
0.000e+00
0.000e+00
0.000e+00
0.000e+00
0.000e+00
0.000e+00
0.000e+00
1.259e-03
0.000e+00
0.000e+00
0.000e+00
1.259e-03
0.000e+00
0.000e+00
1.259e-03
0.000e+00
0.000e+00
0.000e+00
0.000e+00
0.000e+00
0.000e+00
0.000e+00
0.000e+00
0.000e+00
0.000e+00
0.000e+00
0.000e+00
0.000e+00
1.259e-03
3.778e-03
0.000e+00
0.000e+00
0.000e+00
0.000e+00
0.000e+00
1.259e-03
0.000e+00
0.000e+00
1.259e-03
2.519e-03
1.259e-03
0.000e+00
2.519e-03
3.778e-03
2.519e-03
3.778e-03
1.259e-03
0.000e+00
2.519e-03
6.297e-03
1.259e-03
2.519e-03
5.038e-03
6.297e-03
1.259e-03
5.038e-03
2.519e-03
1.259e-03
5.038e-03
8.816e-03
1.134e-02
1.511e-02
2.015e-02
1.385e-02
2.645e-02
2.519e-02
3.275e-02
3.149e-02
2.897e-02
3.023e-02
2.771e-02
2.393e-02
1.637e-02
1.637e-02
2.519e-03
1.008e-02
6.297e-03
6.297e-03
3.778e-03
2.519e-03
1.259e-03
2.519e-03
6.297e-03
2.519e-03
2.519e-03
5.038e-03
2.519e-03
0.000e+00
0.000e+00
1.259e-03
1.259e-03
1.259e-03
2.519e-03
0.000e+00
0.000e+00
2.519e-03
0.000e+00
0.000e+00
2.519e-03
1.259e-03
0.000e+00
0.000e+00
0.000e+00
0.000e+00
0.000e+00
0.000e+00
0.000e+00
0.000e+00
0.000e+00
0.000e+00
0.000e+00
1.259e-03
1.259e-03
0.000e+00
0.000e+00
0.000e+00
0.000e+00
0.000e+00
0.000e+00
0.000e+00
0.000e+00
0.000e+00
0.000e+00
0.000e+00
0.000e+00
0.000e+00
0.000e+00
0.000e+00
0.000e+00
0.000e+00
0.000e+00
