0.000e+00
0.000e+00
0.000e+00
0.000e+00
0.000e+00
0.000e+00
0.000e+00
0.000e+00
0.000e+00
6.297e-04
0.000e+00
0.000e+00
6.297e-04
0.000e+00
6.297e-04
0.000e+00
0.000e+00
0.000e+00
0.000e+00
0.000e+00
0.000e+00
0.000e+00
0.000e+00
0.000e+00
0.000e+00
0.000e+00
0.000e+00
0.000e+00
1.259e-03
0.000e+00
0.000e+00
6.297e-04
0.000e+00
0.000e+00
0.000e+00
6.297e-04
0.000e+00
0.000e+00
0.000e+00
6.297e-04
0.000e+00
6.297e-04
6.297e-04
0.000e+00
0.000e+00
0.000e+00
1.259e-03
0.000e+00
2.519e-03
0.000e+00
2.519e-03
1.889e-03
1.259e-03
4.408e-03
1.259e-03
5.668e-03
7.557e-03
5.038e-03
8.186e-03
6.927e-03
7.557e-03
1.071e-02
1.008e-02
8.816e-03
8.186e-03
9.446e-03
1.385e-02
1.134e-02
6.927e-03
1.448e-02
8.186e-03
6.297e-03
8.816e-03
5.038e-03
5.668e-03
8.186e-03
3.149e-03
5.038e-03
1.889e-03
1.259e-03
1.259e-03
6.297e-04
4.408e-03
2.519e-03
6.297e-04
3.149e-03
1.259e-03
0.000e+00
1.259e-03
2.519e-03
0.000e+00
6.297e-04
0.000e+00
0.000e+00
6.297e-04
0.000e+00
6.297e-04
1.889e-03
0.000e+00
6.297e-04
0.000e+00
0.000e+00
0.000e+00
0.000e+00
0.000e+00
0.000e+00
0.000e+00
6.297e-04
1.259e-03
0.000e+00
0.000e+00
0.000e+00
0.000e+00
0.000e+00
6.297e-04
0.000e+00
0.000e+00
0.000e+00
0.000e+00
0.000e+00
6.297e-04
0.000e+00
0.000e+00
1.259e-03
0.000e+00
0.000e+00
0.000e+00
0.000e+00
0.000e+00
0.000e+00
6.297e-04
0.000e+00
0.000e+00
0.000e+00
0.000e+00
0.000e+00
6.297e-04
0.000e+00
6.297e-04
0.000e+00
0.000e+00
0.000e+00
0.000e+00
0.000e+00
0.000e+00
0.000e+00
0.000e+00
0.000e+00
0.000e+00
0.000e+00
0.000e+00
0.000e+00
0.000e+00
0.000e+00
6.297e-04
0.000e+00
0.000e+00
0.000e+00
0.000e+00
0.000e+00
6.297e-04
0.000e+00
0.000e+00
0.000e+00
0.000e+00
0.000e+00
1.259e-03
1.259e-03
1.259e-03
0.000e+00
6.297e-04
0.000e+00
6.297e-04
0.000e+00
0.000e+00
0.000e+00
0.000e+00
6.297e-04
6.297e-04
6.297e-04
0.000e+00
6.297e-04
1.889e-03
0.000e+00
1.259e-03
0.000e+00
1.889e-03
1.259e-03
0.000e+00
0.000e+00
0.000e+00
1.259e-03
0.000e+00
0.000e+00
0.000e+00
0.000e+00
0.000e+00
0.000e+00
6.297e-04
0.000e+00
6.297e-04
0.000e+00
6.297e-04
6.297e-04
0.000e+00
6.297e-04
6.297e-04
0.000e+00
0.000e+00
6.297e-04
0.000e+00
0.000e+00
0.000e+00
0.000e+00
1.259e-03
0.000e+00
0.000e+00
0.000e+00
0.000e+00
0.000e+00
0.000e+00
0.000e+00
0.000e+00
0.000e+00
0.000e+00
6.297e-04
0.000e+00
0.000e+00
0.000e+00
0.000e+00
0.000e+00
0.000e+00
0.000e+00
0.000e+00
0.000e+00
0.000e+00
0.000e+00
0.000e+00
0.000e+00
6.297e-04
0.000e+00
0.000e+00
6.297e-04
0.000e+00
6.297e-04
0.000e+00
6.297e-04
6.297e-04
0.000e+00
0.000e+00
0.000e+00
6.297e-04
0.000e+00
6.297e-04
0.000e+00
0.000e+00
0.000e+00
0.000e+00
0.000e+00
6.297e-04
0.000e+00
6.297e-04
0.000e+00
0.000e+00
1.259e-03
0.000e+00
6.297e-04
6.297e-04
6.297e-04
0.000e+00
6.297e-04
1.259e-03
2.519e-03
1.259e-03
1.259e-03
0.000e+00
6.297e-04
1.889e-03
1.889e-03
3.149e-03
6.297e-04
2.519e-03
5.668e-03
5.668e-03
4.408e-03
5.668e-03
3.778e-03
5.038e-03
6.927e-03
9.446e-03
5.038e-03
1.008e-02
1.196e-02
1.196e-02
6.297e-03
1.448e-02
6.927e-03
8.186e-03
1.322e-02
9.446e-03
8.816e-03
6.297e-03
7.557e-03
8.816e-03
5.038e-03
3.149e-03
2.519e-03
3.778e-03
5.668e-03
3.149e-03
1.889e-03
6.297e-04
0.000e+00
6.297e-04
1.889e-03
1.259e-03
1.259e-03
0.000e+00
6.297e-04
0.000e+00
0.000e+00
0.000e+00
0.000e+00
0.000e+00
6.297e-04
0.000e+00
0.000e+00
6.297e-04
6.297e-04
0.000e+00
6.297e-04
0.000e+00
0.000e+00
0.000e+00
0.000e+00
6.297e-04
0.000e+00
0.000e+00
0.000e+00
0.000e+00
0.000e+00
0.000e+00
0.000e+00
6.297e-04
0.000e+00
0.000e+00
0.000e+00
0.000e+00
0.000e+00
0.000e+00
1.889e-03
0.000e+00
0.000e+00
0.000e+00
0.000e+00
0.000e+00
0.000e+00
0.000e+00
0.000e+00
0.000e+00
