0.000e+00
0.000e+00
0.000e+00
0.000e+00
0.000e+00
0.000e+00
0.000e+00
0.000e+00
0.000e+00
7.353e-03
0.000e+00
0.000e+00
0.000e+00
7.353e-03
0.000e+00
0.000e+00
0.000e+00
0.000e+00
7.353e-03
7.353e-03
0.000e+00
0.000e+00
0.000e+00
0.000e+00
0.000e+00
0.000e+00
0.000e+00
0.000e+00
0.000e+00
0.000e+00
0.000e+00
0.000e+00
0.000e+00
0.000e+00
0.000e+00
0.000e+00
0.000e+00
0.000e+00
0.000e+00
0.000e+00
0.000e+00
0.000e+00
0.000e+00
0.000e+00
7.353e-03
0.000e+00
7.353e-03
0.000e+00
0.000e+00
0.000e+00
0.000e+00
7.353e-03
0.000e+00
7.353e-03
0.000e+00
0.000e+00
7.353e-03
0.000e+00
0.000e+00
0.000e+00
0.000e+00
0.000e+00
0.000e+00
0.000e+00
0.000e+00
0.000e+00
0.000e+00
7.353e-03
0.000e+00
0.000e+00
0.000e+00
0.000e+00
0.000e+00
7.353e-03
0.000e+00
0.000e+00
7.353e-03
7.353e-03
0.000e+00
0.000e+00
0.000e+00
0.000e+00
0.000e+00
0.000e+00
7.353e-03
7.353e-03
0.000e+00
7.353e-03
0.000e+00
0.000e+00
0.000e+00
0.000e+00
0.000e+00
0.000e+00
7.353e-03
7.353e-03
0.000e+00
0.000e+00
0.000e+00
0.000e+00
0.000e+00
0.000e+00
7.353e-03
0.000e+00
0.000e+00
0.000e+00
0.000e+00
0.000e+00
0.000e+00
0.000e+00
0.000e+00
7.353e-03
0.000e+00
0.000e+00
0.000e+00
0.000e+00
0.000e+00
7.353e-03
0.000e+00
7.353e-03
0.000e+00
7.353e-03
1.471e-02
0.000e+00
0.000e+00
0.000e+00
0.000e+00
0.000e+00
0.000e+00
0.000e+00
0.000e+00
0.000e+00
0.000e+00
7.353e-03
0.000e+00
0.000e+00
7.353e-03
0.000e+00
0.000e+00
0.000e+00
0.000e+00
0.000e+00
0.000e+00
0.000e+00
0.000e+00
0.000e+00
0.000e+00
0.000e+00
0.000e+00
7.353e-03
7.353e-03
0.000e+00
0.000e+00
0.000e+00
0.000e+00
0.000e+00
0.000e+00
0.000e+00
1.471e-02
0.000e+00
0.000e+00
0.000e+00
0.000e+00
0.000e+00
7.353e-03
0.000e+00
2.206e-02
0.000e+00
0.000e+00
7.353e-03
1.471e-02
7.353e-03
7.353e-03
7.353e-03
0.000e+00
7.353e-03
7.353e-03
2.206e-02
4.412e-02
4.412e-02
2.279e-01
5.882e-02
1.471e-02
2.206e-02
7.353e-03
7.353e-03
7.353e-03
0.000e+00
7.353e-03
2.206e-02
7.353e-03
7.353e-03
0.000e+00
0.000e+00
0.000e+00
0.000e+00
0.000e+00
0.000e+00
0.000e+00
0.000e+00
0.000e+00
0.000e+00
0.000e+00
0.000e+00
0.000e+00
0.000e+00
0.000e+00
0.000e+00
0.000e+00
0.000e+00
0.000e+00
0.000e+00
0.000e+00
0.000e+00
0.000e+00
0.000e+00
0.000e+00
0.000e+00
0.000e+00
0.000e+00
0.000e+00
0.000e+00
0.000e+00
0.000e+00
0.000e+00
0.000e+00
0.000e+00
0.000e+00
0.000e+00
0.000e+00
0.000e+00
0.000e+00
7.353e-03
7.353e-03
0.000e+00
0.000e+00
7.353e-03
0.000e+00
0.000e+00
7.353e-03
0.000e+00
0.000e+00
7.353e-03
7.353e-03
0.000e+00
0.000e+00
0.000e+00
0.000e+00
0.000e+00
0.000e+00
0.000e+00
0.000e+00
0.000e+00
7.353e-03
0.000e+00
0.000e+00
0.000e+00
7.353e-03
0.000e+00
0.000e+00
0.000e+00
0.000e+00
0.000e+00
0.000e+00
0.000e+00
0.000e+00
1.471e-02
0.000e+00
0.000e+00
0.000e+00
7.353e-03
0.000e+00
0.000e+00
0.000e+00
7.353e-03
0.000e+00
0.000e+00
0.000e+00
0.000e+00
0.000e+00
0.000e+00
0.000e+00
0.000e+00
0.000e+00
1.471e-02
0.000e+00
0.000e+00
0.000e+00
0.000e+00
0.000e+00
0.000e+00
0.000e+00
0.000e+00
7.353e-03
0.000e+00
0.000e+00
7.353e-03
0.000e+00
0.000e+00
0.000e+00
0.000e+00
7.353e-03
0.000e+00
0.000e+00
2.206e-02
7.353e-03
0.000e+00
0.000e+00
0.000e+00
7.353e-03
0.000e+00
0.000e+00
0.000e+00
0.000e+00
7.353e-03
7.353e-03
0.000e+00
0.000e+00
0.000e+00
0.000e+00
0.000e+00
0.000e+00
0.000e+00
0.000e+00
0.000e+00
0.000e+00
0.000e+00
0.000e+00
0.000e+00
0.000e+00
0.000e+00
0.000e+00
0.000e+00
0.000e+00
0.000e+00
0.000e+00
0.000e+00
0.000e+00
0.000e+00
0.000e+00
0.000e+00
0.000e+00
0.000e+00
0.000e+00
0.000e+00
0.000e+00
0.000e+00
0.000e+00
0.000e+00
0.000e+00
0.000e+00
0.000e+00
0.000e+00
0.000e+00
0.000e+00
7.353e-03
0.000e+00
0.000e+00
0.000e+00
0.000e+00
