0.000e+00
0.000e+00
0.000e+00
0.000e+00
0.000e+00
0.000e+00
0.000e+00
0.000e+00
0.000e+00
0.000e+00
0.000e+00
0.000e+00
0.000e+00
0.000e+00
0.000e+00
0.000e+00
0.000e+00
0.000e+00
0.000e+00
0.000e+00
0.000e+00
0.000e+00
0.000e+00
0.000e+00
0.000e+00
0.000e+00
0.000e+00
0.000e+00
0.000e+00
0.000e+00
0.000e+00
0.000e+00
0.000e+00
0.000e+00
0.000e+00
0.000e+00
3.676e-03
0.000e+00
0.000e+00
0.000e+00
0.000e+00
0.000e+00
0.000e+00
0.000e+00
3.676e-03
3.676e-03
0.000e+00
3.676e-03
0.000e+00
0.000e+00
0.000e+00
0.000e+00
0.000e+00
0.000e+00
0.000e+00
0.000e+00
0.000e+00
0.000e+00
0.000e+00
0.000e+00
0.000e+00
3.676e-03
0.000e+00
0.000e+00
3.676e-03
0.000e+00
0.000e+00
0.000e+00
0.000e+00
0.000e+00
0.000e+00
0.000e+00
0.000e+00
0.000e+00
3.676e-03
3.676e-03
0.000e+00
3.676e-03
0.000e+00
0.000e+00
3.676e-03
0.000e+00
3.676e-03
3.676e-03
0.000e+00
0.000e+00
3.676e-03
0.000e+00
0.000e+00
0.000e+00
3.676e-03
0.000e+00
3.676e-03
0.000e+00
0.000e+00
0.000e+00
0.000e+00
0.000e+00
0.000e+00
0.000e+00
3.676e-03
0.000e+00
0.000e+00
0.000e+00
0.000e+00
3.676e-03
3.676e-03
0.000e+00
0.000e+00
0.000e+00
3.676e-03
3.676e-03
0.000e+00
0.000e+00
3.676e-03
0.000e+00
0.000e+00
0.000e+00
0.000e+00
0.000e+00
0.000e+00
3.676e-03
0.000e+00
0.000e+00
0.000e+00
0.000e+00
0.000e+00
0.000e+00
0.000e+00
0.000e+00
3.676e-03
0.000e+00
0.000e+00
0.000e+00
3.676e-03
3.676e-03
0.000e+00
0.000e+00
0.000e+00
0.000e+00
0.000e+00
0.000e+00
3.676e-03
3.676e-03
0.000e+00
0.000e+00
0.000e+00
0.000e+00
3.676e-03
0.000e+00
7.353e-03
0.000e+00
0.000e+00
0.000e+00
3.676e-03
0.000e+00
0.000e+00
1.103e-02
3.676e-03
3.676e-03
3.676e-03
3.676e-03
3.676e-03
3.676e-03
0.000e+00
0.000e+00
7.353e-03
1.103e-02
7.353e-03
7.353e-03
1.103e-02
0.000e+00
3.676e-03
1.471e-02
1.103e-02
1.103e-02
0.000e+00
2.574e-02
1.471e-02
7.353e-03
3.676e-03
1.471e-02
7.353e-03
1.838e-02
1.471e-02
3.676e-03
0.000e+00
7.353e-03
7.353e-03
0.000e+00
3.676e-03
3.676e-03
7.353e-03
0.000e+00
3.676e-03
0.000e+00
7.353e-03
0.000e+00
0.000e+00
0.000e+00
3.676e-03
0.000e+00
3.676e-03
0.000e+00
0.000e+00
0.000e+00
7.353e-03
0.000e+00
0.000e+00
0.000e+00
0.000e+00
3.676e-03
0.000e+00
0.000e+00
0.000e+00
0.000e+00
0.000e+00
3.676e-03
3.676e-03
0.000e+00
0.000e+00
0.000e+00
0.000e+00
0.000e+00
0.000e+00
0.000e+00
0.000e+00
3.676e-03
0.000e+00
0.000e+00
0.000e+00
3.676e-03
7.353e-03
3.676e-03
0.000e+00
0.000e+00
0.000e+00
3.676e-03
0.000e+00
0.000e+00
3.676e-03
0.000e+00
0.000e+00
0.000e+00
0.000e+00
0.000e+00
3.676e-03
0.000e+00
0.000e+00
0.000e+00
0.000e+00
3.676e-03
3.676e-03
3.676e-03
0.000e+00
0.000e+00
0.000e+00
0.000e+00
3.676e-03
0.000e+00
0.000e+00
0.000e+00
7.353e-03
0.000e+00
0.000e+00
0.000e+00
0.000e+00
0.000e+00
0.000e+00
3.676e-03
3.676e-03
0.000e+00
0.000e+00
3.676e-03
0.000e+00
0.000e+00
0.000e+00
0.000e+00
0.000e+00
0.000e+00
0.000e+00
0.000e+00
3.676e-03
7.353e-03
0.000e+00
0.000e+00
0.000e+00
3.676e-03
0.000e+00
0.000e+00
0.000e+00
0.000e+00
3.676e-03
3.676e-03
3.676e-03
0.000e+00
0.000e+00
0.000e+00
0.000e+00
0.000e+00
0.000e+00
0.000e+00
3.676e-03
0.000e+00
0.000e+00
0.000e+00
0.000e+00
0.000e+00
0.000e+00
0.000e+00
0.000e+00
0.000e+00
0.000e+00
0.000e+00
0.000e+00
0.000e+00
0.000e+00
0.000e+00
0.000e+00
0.000e+00
0.000e+00
0.000e+00
0.000e+00
0.000e+00
0.000e+00
0.000e+00
0.000e+00
0.000e+00
0.000e+00
0.000e+00
0.000e+00
0.000e+00
0.000e+00
0.000e+00
0.000e+00
0.000e+00
0.000e+00
0.000e+00
0.000e+00
0.000e+00
0.000e+00
0.000e+00
0.000e+00
0.000e+00
0.000e+00
0.000e+00
0.000e+00
0.000e+00
0.000e+00
0.000e+00
0.000e+00
0.000e+00
0.000e+00
0.000e+00
0.000e+00
0.000e+00
0.000e+00
0.000e+00
0.000e+00
0.000e+00
