3.625e-03
2.014e-03
2.014e-03
2.014e-03
2.215e-03
1.812e-03
1.208e-03
8.055e-04
8.055e-04
4.027e-04
2.014e-04
8.055e-04
2.014e-04
4.027e-04
4.027e-04
2.014e-04
2.014e-04
0.000e+00
0.000e+00
4.027e-04
2.014e-04
0.000e+00
0.000e+00
0.000e+00
0.000e+00
2.014e-04
0.000e+00
0.000e+00
0.000e+00
2.014e-04
0.000e+00
0.000e+00
0.000e+00
0.000e+00
6.041e-04
0.000e+00
4.027e-04
2.014e-04
2.014e-04
0.000e+00
0.000e+00
2.014e-04
0.000e+00
4.027e-04
4.027e-04
8.055e-04
8.055e-04
1.007e-03
2.014e-04
1.007e-03
6.041e-04
1.208e-03
8.055e-04
4.027e-04
1.611e-03
1.007e-03
4.027e-04
1.007e-03
1.208e-03
1.007e-03
6.041e-04
1.812e-03
1.611e-03
1.007e-03
2.014e-03
1.812e-03
1.208e-03
1.007e-03
1.611e-03
4.027e-04
1.812e-03
1.812e-03
1.410e-03
1.611e-03
1.410e-03
1.208e-03
2.819e-03
1.007e-03
1.812e-03
8.055e-04
1.611e-03
1.007e-03
1.208e-03
1.208e-03
1.410e-03
2.215e-03
1.812e-03
1.208e-03
1.611e-03
1.007e-03
1.410e-03
1.611e-03
2.215e-03
2.215e-03
1.410e-03
1.611e-03
2.014e-03
1.208e-03
1.208e-03
1.410e-03
1.208e-03
1.611e-03
1.208e-03
2.618e-03
1.611e-03
1.611e-03
2.014e-03
1.208e-03
2.416e-03
1.410e-03
1.410e-03
1.611e-03
2.014e-03
2.215e-03
1.208e-03
1.410e-03
1.410e-03
1.812e-03
1.410e-03
1.208e-03
1.007e-03
1.007e-03
1.007e-03
1.007e-03
1.208e-03
1.007e-03
4.027e-04
8.055e-04
8.055e-04
1.410e-03
1.812e-03
1.007e-03
1.007e-03
2.014e-03
1.410e-03
8.055e-04
8.055e-04
1.812e-03
1.611e-03
2.014e-03
1.007e-03
1.208e-03
1.208e-03
1.208e-03
1.208e-03
1.007e-03
1.007e-03
1.007e-03
8.055e-04
1.410e-03
1.611e-03
1.410e-03
6.041e-04
2.014e-04
4.027e-04
2.014e-03
4.027e-04
2.014e-03
6.041e-04
1.410e-03
6.041e-04
1.611e-03
1.007e-03
1.812e-03
1.812e-03
1.812e-03
1.812e-03
2.416e-03
2.819e-03
3.021e-03
2.416e-03
3.826e-03
4.027e-03
3.826e-03
4.027e-03
6.645e-03
7.048e-03
9.666e-03
9.062e-03
6.242e-03
8.458e-03
6.444e-03
5.034e-03
6.242e-03
7.451e-03
4.631e-03
4.430e-03
3.826e-03
3.826e-03
2.819e-03
3.021e-03
2.416e-03
3.021e-03
2.618e-03
2.014e-03
2.014e-03
1.812e-03
8.055e-04
2.618e-03
1.611e-03
1.611e-03
1.208e-03
6.041e-04
2.215e-03
1.208e-03
8.055e-04
2.215e-03
1.410e-03
1.208e-03
1.208e-03
1.812e-03
1.611e-03
1.007e-03
1.007e-03
8.055e-04
1.611e-03
2.819e-03
4.027e-04
1.007e-03
1.611e-03
2.014e-04
1.611e-03
2.014e-03
8.055e-04
1.208e-03
1.812e-03
1.410e-03
1.410e-03
1.007e-03
4.027e-04
1.410e-03
1.611e-03
2.416e-03
1.007e-03
1.611e-03
1.007e-03
1.007e-03
8.055e-04
1.007e-03
4.027e-04
8.055e-04
1.410e-03
1.812e-03
1.812e-03
1.410e-03
6.041e-04
2.014e-03
1.410e-03
1.812e-03
1.007e-03
1.611e-03
1.410e-03
1.410e-03
2.014e-03
8.055e-04
8.055e-04
2.014e-03
2.215e-03
1.812e-03
1.208e-03
1.007e-03
1.812e-03
2.014e-03
6.041e-04
1.007e-03
1.007e-03
1.611e-03
1.611e-03
1.007e-03
2.215e-03
1.007e-03
1.208e-03
2.014e-03
2.215e-03
1.007e-03
6.041e-04
1.611e-03
1.007e-03
1.812e-03
1.208e-03
2.014e-03
1.208e-03
1.611e-03
1.611e-03
1.410e-03
1.812e-03
2.416e-03
1.812e-03
1.812e-03
2.618e-03
2.215e-03
1.410e-03
1.611e-03
2.014e-03
2.416e-03
1.812e-03
2.215e-03
1.410e-03
1.208e-03
6.041e-04
1.208e-03
1.208e-03
1.208e-03
1.007e-03
1.208e-03
1.007e-03
4.027e-04
4.027e-04
1.208e-03
1.007e-03
4.027e-04
4.027e-04
2.014e-04
4.027e-04
6.041e-04
2.014e-04
0.000e+00
6.041e-04
0.000e+00
0.000e+00
4.027e-04
4.027e-04
2.014e-04
0.000e+00
6.041e-04
2.014e-04
2.014e-04
4.027e-04
0.000e+00
2.014e-04
0.000e+00
0.000e+00
2.014e-04
0.000e+00
0.000e+00
0.000e+00
0.000e+00
0.000e+00
2.014e-04
0.000e+00
0.000e+00
4.027e-04
0.000e+00
2.014e-04
0.000e+00
2.014e-04
2.014e-04
0.000e+00
2.014e-04
4.027e-04
0.000e+00
6.041e-04
4.027e-04
1.208e-03
1.611e-03
2.416e-03
2.014e-03
2.215e-03
2.014e-03
2.215e-03
