3.423e-02
9.263e-03
3.625e-03
3.222e-03
1.611e-03
1.611e-03
1.208e-03
1.208e-03
0.000e+00
4.027e-04
0.000e+00
4.027e-04
0.000e+00
4.027e-04
0.000e+00
4.027e-04
1.208e-03
8.055e-04
2.014e-03
8.055e-04
8.055e-04
0.000e+00
4.027e-04
8.055e-04
4.027e-04
8.055e-04
4.027e-04
8.055e-04
1.611e-03
8.055e-04
8.055e-04
8.055e-04
8.055e-04
1.611e-03
8.055e-04
0.000e+00
8.055e-04
8.055e-04
1.611e-03
2.819e-03
2.819e-03
1.611e-03
4.027e-04
1.208e-03
8.055e-04
1.208e-03
2.819e-03
2.819e-03
1.611e-03
1.611e-03
1.208e-03
1.611e-03
3.222e-03
2.014e-03
6.444e-03
4.027e-03
2.416e-03
3.625e-03
5.638e-03
4.027e-03
2.819e-03
3.222e-03
2.819e-03
2.416e-03
1.611e-03
1.208e-03
1.611e-03
3.222e-03
4.027e-04
3.222e-03
2.014e-03
8.055e-04
1.208e-03
3.625e-03
4.027e-04
1.208e-03
2.416e-03
2.014e-03
2.416e-03
1.208e-03
1.611e-03
2.819e-03
1.208e-03
4.027e-04
1.208e-03
2.014e-03
1.208e-03
3.625e-03
3.222e-03
3.625e-03
2.014e-03
8.055e-04
1.611e-03
1.611e-03
2.014e-03
8.055e-04
8.055e-04
1.611e-03
1.611e-03
1.611e-03
1.611e-03
4.027e-04
1.208e-03
1.611e-03
1.611e-03
1.611e-03
8.055e-04
4.027e-04
2.416e-03
2.014e-03
8.055e-04
2.416e-03
2.416e-03
1.611e-03
4.027e-04
2.014e-03
2.014e-03
2.819e-03
2.819e-03
3.222e-03
2.416e-03
2.014e-03
6.444e-03
3.625e-03
2.819e-03
2.416e-03
2.416e-03
2.819e-03
3.222e-03
1.611e-03
8.055e-04
8.055e-04
1.611e-03
8.055e-04
8.055e-04
1.611e-03
2.416e-03
3.625e-03
1.611e-03
2.014e-03
8.055e-04
1.208e-03
1.208e-03
8.055e-04
0.000e+00
1.208e-03
1.611e-03
4.027e-04
4.027e-04
1.208e-03
1.208e-03
1.611e-03
0.000e+00
8.055e-04
1.611e-03
8.055e-04
1.611e-03
2.416e-03
1.611e-03
2.416e-03
8.055e-04
2.416e-03
2.416e-03
2.819e-03
1.611e-03
0.000e+00
3.625e-03
8.055e-04
2.416e-03
2.819e-03
5.236e-03
4.833e-03
4.027e-03
5.236e-03
8.055e-03
8.055e-03
8.055e-03
1.128e-02
2.255e-02
3.947e-02
1.478e-01
3.625e-02
1.893e-02
1.450e-02
8.860e-03
7.652e-03
7.249e-03
6.041e-03
5.236e-03
3.625e-03
2.416e-03
4.027e-03
2.416e-03
2.014e-03
2.416e-03
2.416e-03
1.208e-03
2.416e-03
2.819e-03
2.014e-03
1.208e-03
8.055e-04
1.611e-03
1.208e-03
8.055e-04
8.055e-04
1.611e-03
8.055e-04
2.819e-03
1.208e-03
4.027e-04
4.027e-04
1.208e-03
1.208e-03
1.208e-03
0.000e+00
0.000e+00
1.208e-03
8.055e-04
1.208e-03
4.027e-04
8.055e-04
4.027e-04
8.055e-04
1.611e-03
8.055e-04
1.611e-03
0.000e+00
2.014e-03
0.000e+00
4.027e-04
1.208e-03
4.027e-03
3.625e-03
1.611e-03
2.819e-03
8.055e-03
4.430e-03
4.027e-03
1.208e-03
2.416e-03
2.014e-03
2.416e-03
1.611e-03
3.222e-03
1.611e-03
1.208e-03
2.819e-03
1.611e-03
8.055e-04
8.055e-04
1.611e-03
2.014e-03
2.014e-03
2.014e-03
8.055e-04
1.208e-03
1.208e-03
3.222e-03
4.027e-04
0.000e+00
4.027e-04
2.014e-03
8.055e-04
4.027e-04
4.027e-04
3.222e-03
1.611e-03
3.222e-03
2.819e-03
2.819e-03
3.625e-03
1.208e-03
1.611e-03
1.611e-03
4.027e-04
4.027e-04
2.014e-03
1.208e-03
2.819e-03
4.027e-04
1.611e-03
4.027e-04
1.611e-03
3.222e-03
1.208e-03
4.027e-04
4.027e-04
8.055e-04
3.625e-03
2.014e-03
2.416e-03
1.611e-03
2.014e-03
8.055e-04
2.416e-03
1.611e-03
4.027e-03
4.027e-03
2.819e-03
4.430e-03
5.638e-03
5.236e-03
6.847e-03
8.055e-03
4.833e-03
4.027e-03
1.208e-03
8.055e-04
8.055e-04
2.014e-03
2.014e-03
1.208e-03
8.055e-04
2.819e-03
4.027e-03
2.819e-03
1.611e-03
2.819e-03
8.055e-04
1.208e-03
2.014e-03
8.055e-04
8.055e-04
8.055e-04
8.055e-04
1.208e-03
1.611e-03
8.055e-04
0.000e+00
4.027e-04
0.000e+00
8.055e-04
0.000e+00
8.055e-04
0.000e+00
4.027e-04
4.027e-04
4.027e-04
0.000e+00
4.027e-04
8.055e-04
0.000e+00
4.027e-04
0.000e+00
0.000e+00
4.027e-04
8.055e-04
8.055e-04
4.027e-04
1.611e-03
1.208e-03
8.055e-04
4.027e-04
8.055e-04
1.611e-03
1.611e-03
1.611e-03
3.222e-03
1.490e-02
