1.812e-03
5.435e-03
5.435e-03
2.415e-03
4.227e-03
6.039e-03
4.831e-03
4.831e-03
3.623e-03
4.831e-03
2.415e-03
6.039e-03
3.019e-03
3.019e-03
4.831e-03
1.208e-03
1.812e-03
1.812e-03
1.812e-03
3.019e-03
1.812e-03
0.000e+00
3.019e-03
6.039e-04
1.208e-03
2.415e-03
1.812e-03
3.623e-03
1.208e-03
1.208e-03
1.208e-03
1.812e-03
3.623e-03
3.019e-03
3.623e-03
3.623e-03
1.208e-03
1.812e-03
3.019e-03
1.208e-03
1.812e-03
0.000e+00
1.812e-03
6.039e-04
1.812e-03
1.812e-03
1.812e-03
1.208e-03
1.208e-03
6.039e-04
0.000e+00
0.000e+00
0.000e+00
0.000e+00
6.039e-04
6.039e-04
1.208e-03
1.208e-03
0.000e+00
1.208e-03
0.000e+00
0.000e+00
0.000e+00
6.039e-04
0.000e+00
0.000e+00
0.000e+00
0.000e+00
0.000e+00
0.000e+00
0.000e+00
0.000e+00
0.000e+00
0.000e+00
0.000e+00
0.000e+00
0.000e+00
0.000e+00
0.000e+00
0.000e+00
0.000e+00
0.000e+00
0.000e+00
0.000e+00
0.000e+00
0.000e+00
0.000e+00
0.000e+00
0.000e+00
0.000e+00
0.000e+00
0.000e+00
0.000e+00
0.000e+00
0.000e+00
0.000e+00
0.000e+00
0.000e+00
0.000e+00
0.000e+00
0.000e+00
0.000e+00
0.000e+00
0.000e+00
0.000e+00
0.000e+00
0.000e+00
0.000e+00
0.000e+00
0.000e+00
6.039e-04
0.000e+00
0.000e+00
0.000e+00
0.000e+00
0.000e+00
0.000e+00
0.000e+00
0.000e+00
0.000e+00
0.000e+00
0.000e+00
0.000e+00
0.000e+00
0.000e+00
6.039e-04
6.039e-04
6.039e-04
0.000e+00
0.000e+00
6.039e-04
4.227e-03
0.000e+00
1.208e-03
0.000e+00
1.208e-03
0.000e+00
1.208e-03
1.812e-03
6.039e-04
1.812e-03
1.208e-03
1.812e-03
6.039e-04
6.039e-04
1.812e-03
2.415e-03
3.019e-03
1.208e-03
2.415e-03
1.812e-03
1.208e-03
1.208e-03
1.208e-03
0.000e+00
3.019e-03
1.208e-03
4.227e-03
3.623e-03
1.812e-03
3.019e-03
3.019e-03
1.812e-03
6.039e-04
0.000e+00
3.019e-03
4.831e-03
2.415e-03
4.227e-03
6.643e-03
3.623e-03
2.415e-03
6.039e-03
1.812e-03
6.039e-03
6.039e-03
3.019e-03
4.227e-03
4.831e-03
6.039e-03
7.246e-03
3.623e-03
2.415e-03
5.435e-03
6.643e-03
6.643e-03
1.027e-02
1.812e-03
2.415e-03
3.623e-03
3.019e-03
5.435e-03
2.415e-03
2.415e-03
4.227e-03
4.227e-03
2.415e-03
4.227e-03
1.208e-03
1.812e-03
1.812e-03
1.812e-03
2.415e-03
4.227e-03
1.208e-03
6.039e-04
0.000e+00
5.435e-03
2.415e-03
3.623e-03
1.208e-03
1.812e-03
3.623e-03
6.039e-04
1.812e-03
2.415e-03
1.208e-03
6.039e-04
1.208e-03
6.039e-04
1.208e-03
6.039e-04
0.000e+00
6.039e-04
6.039e-04
6.039e-04
1.208e-03
1.208e-03
6.039e-04
1.812e-03
0.000e+00
6.039e-04
6.039e-04
0.000e+00
0.000e+00
0.000e+00
0.000e+00
6.039e-04
6.039e-04
0.000e+00
0.000e+00
0.000e+00
0.000e+00
0.000e+00
0.000e+00
0.000e+00
0.000e+00
0.000e+00
0.000e+00
6.039e-04
0.000e+00
0.000e+00
0.000e+00
0.000e+00
0.000e+00
0.000e+00
0.000e+00
0.000e+00
0.000e+00
0.000e+00
0.000e+00
0.000e+00
0.000e+00
0.000e+00
0.000e+00
0.000e+00
0.000e+00
0.000e+00
0.000e+00
0.000e+00
0.000e+00
0.000e+00
0.000e+00
0.000e+00
6.039e-04
0.000e+00
0.000e+00
0.000e+00
0.000e+00
0.000e+00
0.000e+00
0.000e+00
0.000e+00
0.000e+00
0.000e+00
0.000e+00
0.000e+00
0.000e+00
0.000e+00
0.000e+00
0.000e+00
0.000e+00
0.000e+00
0.000e+00
0.000e+00
0.000e+00
0.000e+00
0.000e+00
0.000e+00
0.000e+00
0.000e+00
1.208e-03
0.000e+00
0.000e+00
0.000e+00
0.000e+00
0.000e+00
6.039e-04
6.039e-04
1.812e-03
1.208e-03
1.208e-03
0.000e+00
1.208e-03
1.812e-03
0.000e+00
6.039e-04
2.415e-03
6.039e-04
1.208e-03
0.000e+00
1.812e-03
6.039e-04
6.039e-04
4.831e-03
2.415e-03
3.623e-03
4.227e-03
1.812e-03
2.415e-03
6.039e-04
1.208e-03
1.208e-03
1.208e-03
1.208e-03
0.000e+00
1.208e-03
1.208e-03
2.415e-03
2.415e-03
1.812e-03
1.208e-03
3.019e-03
2.415e-03
2.415e-03
1.208e-03
3.019e-03
3.019e-03
3.623e-03
4.831e-03
2.415e-03
3.623e-03
3.019e-03
4.831e-03
5.435e-03
4.831e-03
3.019e-03
3.623e-03
4.227e-03
1.812e-03
