1.872e-01
3.502e-02
1.570e-02
1.812e-02
2.536e-02
1.329e-02
8.454e-03
2.415e-03
4.831e-03
3.623e-03
1.208e-03
2.415e-03
0.000e+00
0.000e+00
1.208e-03
0.000e+00
0.000e+00
4.831e-03
0.000e+00
0.000e+00
1.208e-03
0.000e+00
0.000e+00
0.000e+00
1.208e-03
0.000e+00
0.000e+00
0.000e+00
0.000e+00
0.000e+00
0.000e+00
0.000e+00
0.000e+00
0.000e+00
0.000e+00
1.208e-03
0.000e+00
0.000e+00
0.000e+00
0.000e+00
0.000e+00
0.000e+00
0.000e+00
0.000e+00
0.000e+00
0.000e+00
0.000e+00
0.000e+00
0.000e+00
0.000e+00
0.000e+00
0.000e+00
0.000e+00
0.000e+00
0.000e+00
0.000e+00
0.000e+00
0.000e+00
0.000e+00
0.000e+00
0.000e+00
0.000e+00
0.000e+00
0.000e+00
1.208e-03
0.000e+00
0.000e+00
0.000e+00
0.000e+00
0.000e+00
0.000e+00
0.000e+00
0.000e+00
0.000e+00
0.000e+00
0.000e+00
0.000e+00
0.000e+00
0.000e+00
0.000e+00
0.000e+00
0.000e+00
0.000e+00
0.000e+00
0.000e+00
0.000e+00
0.000e+00
0.000e+00
0.000e+00
0.000e+00
0.000e+00
0.000e+00
0.000e+00
0.000e+00
0.000e+00
0.000e+00
0.000e+00
0.000e+00
0.000e+00
0.000e+00
0.000e+00
0.000e+00
0.000e+00
0.000e+00
0.000e+00
0.000e+00
0.000e+00
0.000e+00
0.000e+00
0.000e+00
0.000e+00
0.000e+00
0.000e+00
0.000e+00
0.000e+00
0.000e+00
0.000e+00
0.000e+00
0.000e+00
0.000e+00
0.000e+00
0.000e+00
0.000e+00
0.000e+00
0.000e+00
0.000e+00
0.000e+00
0.000e+00
0.000e+00
0.000e+00
0.000e+00
0.000e+00
0.000e+00
0.000e+00
0.000e+00
0.000e+00
0.000e+00
0.000e+00
0.000e+00
0.000e+00
1.208e-03
0.000e+00
0.000e+00
0.000e+00
0.000e+00
0.000e+00
0.000e+00
0.000e+00
1.208e-03
0.000e+00
0.000e+00
0.000e+00
1.208e-03
0.000e+00
0.000e+00
0.000e+00
1.208e-03
1.208e-03
2.415e-03
1.208e-03
0.000e+00
0.000e+00
2.415e-03
0.000e+00
0.000e+00
1.208e-03
1.208e-03
0.000e+00
1.208e-03
1.208e-03
4.831e-03
2.415e-03
3.623e-03
4.831e-03
2.415e-03
3.623e-03
8.454e-03
2.536e-02
2.295e-02
5.072e-02
2.343e-01
4.710e-02
2.899e-02
3.140e-02
1.449e-02
1.087e-02
1.208e-03
3.623e-03
4.831e-03
1.208e-03
2.415e-03
1.208e-03
1.208e-03
0.000e+00
0.000e+00
1.208e-03
0.000e+00
2.415e-03
2.415e-03
0.000e+00
0.000e+00
1.208e-03
0.000e+00
0.000e+00
0.000e+00
1.208e-03
0.000e+00
0.000e+00
0.000e+00
0.000e+00
1.208e-03
0.000e+00
1.208e-03
0.000e+00
0.000e+00
0.000e+00
0.000e+00
0.000e+00
0.000e+00
0.000e+00
0.000e+00
0.000e+00
0.000e+00
0.000e+00
0.000e+00
0.000e+00
0.000e+00
0.000e+00
0.000e+00
0.000e+00
1.208e-03
0.000e+00
0.000e+00
0.000e+00
0.000e+00
0.000e+00
0.000e+00
0.000e+00
0.000e+00
0.000e+00
0.000e+00
0.000e+00
0.000e+00
0.000e+00
0.000e+00
0.000e+00
0.000e+00
0.000e+00
0.000e+00
0.000e+00
0.000e+00
0.000e+00
0.000e+00
0.000e+00
0.000e+00
0.000e+00
0.000e+00
0.000e+00
0.000e+00
0.000e+00
0.000e+00
0.000e+00
0.000e+00
0.000e+00
0.000e+00
0.000e+00
0.000e+00
0.000e+00
0.000e+00
0.000e+00
0.000e+00
0.000e+00
0.000e+00
0.000e+00
0.000e+00
0.000e+00
0.000e+00
0.000e+00
0.000e+00
0.000e+00
0.000e+00
0.000e+00
0.000e+00
0.000e+00
0.000e+00
0.000e+00
0.000e+00
0.000e+00
0.000e+00
0.000e+00
0.000e+00
0.000e+00
0.000e+00
0.000e+00
0.000e+00
0.000e+00
0.000e+00
0.000e+00
0.000e+00
0.000e+00
0.000e+00
0.000e+00
0.000e+00
0.000e+00
0.000e+00
0.000e+00
0.000e+00
0.000e+00
1.208e-03
0.000e+00
0.000e+00
0.000e+00
0.000e+00
0.000e+00
0.000e+00
0.000e+00
0.000e+00
0.000e+00
0.000e+00
0.000e+00
0.000e+00
0.000e+00
0.000e+00
0.000e+00
0.000e+00
0.000e+00
0.000e+00
1.208e-03
0.000e+00
0.000e+00
0.000e+00
0.000e+00
0.000e+00
0.000e+00
0.000e+00
1.208e-03
0.000e+00
0.000e+00
0.000e+00
1.208e-03
0.000e+00
0.000e+00
1.208e-03
0.000e+00
2.415e-03
1.208e-03
1.208e-03
2.415e-03
1.208e-03
1.208e-03
6.039e-03
1.208e-03
1.208e-03
2.415e-03
2.415e-03
8.454e-03
1.449e-02
2.174e-02
1.812e-02
3.865e-02
