5.848e-04
1.170e-03
5.848e-04
0.000e+00
2.924e-03
1.170e-03
5.848e-04
1.170e-03
1.170e-03
5.848e-04
0.000e+00
1.170e-03
5.848e-04
5.848e-04
1.754e-03
0.000e+00
1.170e-03
5.848e-04
0.000e+00
0.000e+00
1.170e-03
0.000e+00
0.000e+00
0.000e+00
5.848e-04
5.848e-04
5.848e-04
0.000e+00
5.848e-04
5.848e-04
1.170e-03
0.000e+00
1.170e-03
5.848e-04
5.848e-04
1.170e-03
5.848e-04
0.000e+00
1.170e-03
1.754e-03
1.754e-03
5.848e-04
5.848e-04
1.754e-03
1.170e-03
5.848e-04
1.754e-03
5.848e-04
1.754e-03
2.339e-03
4.678e-03
3.509e-03
2.339e-03
2.924e-03
7.018e-03
2.924e-03
4.094e-03
2.339e-03
1.754e-03
2.339e-03
3.509e-03
3.509e-03
2.924e-03
1.754e-03
2.339e-03
1.170e-03
1.170e-03
1.170e-03
1.754e-03
1.170e-03
2.339e-03
2.924e-03
3.509e-03
5.848e-04
2.339e-03
1.170e-03
1.754e-03
2.924e-03
1.754e-03
5.848e-04
1.754e-03
2.339e-03
1.170e-03
5.848e-04
1.170e-03
1.170e-03
0.000e+00
0.000e+00
1.170e-03
0.000e+00
1.754e-03
1.754e-03
5.848e-04
5.848e-04
5.848e-04
0.000e+00
1.754e-03
1.170e-03
5.848e-04
2.339e-03
2.339e-03
1.170e-03
1.170e-03
3.509e-03
5.848e-04
2.924e-03
2.339e-03
1.754e-03
5.848e-04
2.339e-03
2.339e-03
1.754e-03
3.509e-03
2.924e-03
1.754e-03
0.000e+00
1.170e-03
1.754e-03
3.509e-03
2.924e-03
3.509e-03
2.924e-03
1.170e-03
3.509e-03
3.509e-03
4.094e-03
3.509e-03
4.678e-03
1.754e-03
2.924e-03
1.754e-03
1.754e-03
1.754e-03
5.848e-04
3.509e-03
4.094e-03
2.339e-03
1.754e-03
1.170e-03
1.754e-03
4.094e-03
1.170e-03
1.754e-03
0.000e+00
5.848e-04
5.848e-04
5.848e-04
5.848e-04
5.848e-04
5.848e-04
1.170e-03
1.170e-03
0.000e+00
0.000e+00
5.848e-04
0.000e+00
5.848e-04
0.000e+00
5.848e-04
0.000e+00
0.000e+00
5.848e-04
0.000e+00
5.848e-04
5.848e-04
0.000e+00
0.000e+00
5.848e-04
5.848e-04
5.848e-04
1.754e-03
5.848e-04
5.848e-04
0.000e+00
5.848e-04
0.000e+00
1.170e-03
5.848e-04
5.848e-04
1.170e-03
0.000e+00
5.848e-04
0.000e+00
0.000e+00
1.170e-03
0.000e+00
0.000e+00
5.848e-04
5.848e-04
5.848e-04
0.000e+00
2.339e-03
1.170e-03
5.848e-04
0.000e+00
2.339e-03
5.848e-04
0.000e+00
5.848e-04
1.170e-03
1.170e-03
0.000e+00
1.170e-03
5.848e-04
0.000e+00
0.000e+00
5.848e-04
5.848e-04
0.000e+00
5.848e-04
0.000e+00
0.000e+00
0.000e+00
5.848e-04
0.000e+00
5.848e-04
0.000e+00
2.339e-03
1.170e-03
5.848e-04
1.170e-03
1.754e-03
1.754e-03
5.848e-04
4.094e-03
5.848e-04
2.339e-03
1.170e-03
4.094e-03
1.170e-03
4.094e-03
2.339e-03
1.754e-03
3.509e-03
2.924e-03
3.509e-03
2.924e-03
2.339e-03
2.924e-03
2.339e-03
5.848e-04
4.094e-03
4.094e-03
2.339e-03
2.924e-03
2.339e-03
2.339e-03
2.924e-03
2.924e-03
1.170e-03
1.754e-03
2.339e-03
2.339e-03
1.170e-03
2.924e-03
1.754e-03
1.170e-03
1.754e-03
5.848e-04
1.754e-03
5.848e-04
5.848e-04
1.754e-03
5.848e-04
1.170e-03
2.339e-03
1.170e-03
0.000e+00
2.339e-03
1.170e-03
5.848e-04
1.170e-03
2.339e-03
1.170e-03
1.170e-03
1.754e-03
1.754e-03
5.848e-04
2.339e-03
2.339e-03
2.339e-03
1.170e-03
2.924e-03
1.170e-03
5.848e-04
5.848e-04
1.754e-03
2.339e-03
1.754e-03
0.000e+00
5.848e-04
4.678e-03
2.339e-03
2.339e-03
3.509e-03
4.094e-03
2.924e-03
1.170e-03
2.339e-03
3.509e-03
2.924e-03
2.924e-03
4.094e-03
1.754e-03
1.170e-03
3.509e-03
1.754e-03
2.924e-03
2.924e-03
3.509e-03
3.509e-03
2.339e-03
5.848e-04
1.754e-03
0.000e+00
5.848e-04
4.094e-03
1.754e-03
1.170e-03
1.170e-03
5.848e-04
1.754e-03
0.000e+00
5.848e-04
5.848e-04
1.170e-03
0.000e+00
0.000e+00
0.000e+00
5.848e-04
0.000e+00
0.000e+00
1.170e-03
0.000e+00
5.848e-04
5.848e-04
0.000e+00
5.848e-04
5.848e-04
0.000e+00
0.000e+00
0.000e+00
5.848e-04
0.000e+00
0.000e+00
0.000e+00
0.000e+00
1.170e-03
1.170e-03
5.848e-04
1.170e-03
5.848e-04
0.000e+00
2.339e-03
5.848e-04
1.170e-03
0.000e+00
5.848e-04
1.170e-03
5.848e-04
