1.404e-02
8.187e-03
2.339e-03
2.339e-03
0.000e+00
1.170e-03
2.339e-03
0.000e+00
1.170e-03
0.000e+00
0.000e+00
1.170e-03
0.000e+00
0.000e+00
0.000e+00
0.000e+00
0.000e+00
0.000e+00
2.339e-03
0.000e+00
1.170e-03
1.170e-03
0.000e+00
0.000e+00
1.170e-03
3.509e-03
3.509e-03
0.000e+00
1.170e-03
1.170e-03
0.000e+00
2.339e-03
4.678e-03
1.170e-03
2.339e-03
1.170e-03
4.678e-03
1.170e-03
7.018e-03
5.848e-03
5.848e-03
1.053e-02
9.357e-03
1.520e-02
1.637e-02
9.357e-03
1.520e-02
9.357e-03
5.848e-03
5.848e-03
1.287e-02
4.678e-03
8.187e-03
1.170e-03
0.000e+00
2.339e-03
4.678e-03
1.170e-03
1.170e-03
0.000e+00
1.170e-03
0.000e+00
4.678e-03
2.339e-03
2.339e-03
0.000e+00
4.678e-03
1.170e-03
3.509e-03
0.000e+00
0.000e+00
0.000e+00
3.509e-03
2.339e-03
0.000e+00
1.170e-03
2.339e-03
1.170e-03
1.170e-03
1.170e-03
1.170e-03
0.000e+00
1.170e-03
2.339e-03
0.000e+00
0.000e+00
2.339e-03
0.000e+00
0.000e+00
2.339e-03
3.509e-03
4.678e-03
0.000e+00
2.339e-03
1.170e-03
0.000e+00
1.170e-03
0.000e+00
1.170e-03
0.000e+00
0.000e+00
1.170e-03
0.000e+00
1.170e-03
0.000e+00
0.000e+00
0.000e+00
1.170e-03
1.170e-03
0.000e+00
2.339e-03
0.000e+00
3.509e-03
3.509e-03
0.000e+00
2.339e-03
2.339e-03
1.170e-03
1.170e-03
3.509e-03
0.000e+00
1.170e-03
2.339e-03
0.000e+00
4.678e-03
1.170e-03
3.509e-03
4.678e-03
2.339e-03
3.509e-03
1.053e-02
5.848e-03
1.170e-02
1.754e-02
1.287e-02
1.170e-02
8.187e-03
9.357e-03
4.678e-03
9.357e-03
1.053e-02
3.509e-03
5.848e-03
3.509e-03
4.678e-03
0.000e+00
2.339e-03
2.339e-03
3.509e-03
0.000e+00
0.000e+00
1.170e-03
0.000e+00
1.170e-03
1.170e-03
0.000e+00
0.000e+00
0.000e+00
2.339e-03
1.170e-03
1.170e-03
1.170e-03
0.000e+00
2.339e-03
0.000e+00
0.000e+00
1.170e-03
0.000e+00
0.000e+00
1.170e-03
0.000e+00
1.170e-03
0.000e+00
1.170e-03
0.000e+00
0.000e+00
0.000e+00
2.339e-03
8.187e-03
7.018e-03
1.170e-02
1.170e-02
3.509e-03
1.170e-03
1.170e-03
0.000e+00
2.339e-03
2.339e-03
0.000e+00
2.339e-03
0.000e+00
0.000e+00
1.170e-03
0.000e+00
2.339e-03
0.000e+00
0.000e+00
1.170e-03
1.170e-03
1.170e-03
0.000e+00
1.170e-03
0.000e+00
3.509e-03
3.509e-03
1.170e-03
1.170e-03
1.170e-03
1.170e-03
0.000e+00
0.000e+00
1.170e-03
2.339e-03
0.000e+00
2.339e-03
3.509e-03
4.678e-03
4.678e-03
1.170e-02
7.018e-03
5.848e-03
4.678e-03
1.053e-02
9.357e-03
1.287e-02
1.404e-02
9.357e-03
1.404e-02
7.018e-03
9.357e-03
4.678e-03
0.000e+00
1.170e-03
7.018e-03
3.509e-03
1.170e-03
1.170e-03
1.170e-03
4.678e-03
3.509e-03
3.509e-03
1.170e-03
1.170e-03
3.509e-03
3.509e-03
0.000e+00
3.509e-03
1.170e-03
3.509e-03
1.170e-03
3.509e-03
1.170e-03
2.339e-03
1.170e-03
1.170e-03
0.000e+00
0.000e+00
0.000e+00
1.170e-03
0.000e+00
0.000e+00
0.000e+00
3.509e-03
0.000e+00
1.170e-03
0.000e+00
0.000e+00
1.170e-03
1.170e-03
1.170e-03
1.170e-03
2.339e-03
0.000e+00
0.000e+00
0.000e+00
0.000e+00
0.000e+00
0.000e+00
0.000e+00
1.170e-03
1.170e-03
2.339e-03
0.000e+00
1.170e-03
2.339e-03
0.000e+00
0.000e+00
0.000e+00
0.000e+00
1.170e-03
2.339e-03
3.509e-03
2.339e-03
3.509e-03
2.339e-03
1.170e-03
0.000e+00
3.509e-03
2.339e-03
1.170e-03
0.000e+00
0.000e+00
1.170e-03
4.678e-03
1.170e-03
1.170e-03
5.848e-03
4.678e-03
4.678e-03
5.848e-03
7.018e-03
7.018e-03
1.053e-02
1.520e-02
1.287e-02
1.404e-02
9.357e-03
1.287e-02
7.018e-03
1.170e-02
9.357e-03
4.678e-03
3.509e-03
5.848e-03
2.339e-03
3.509e-03
1.170e-03
2.339e-03
1.170e-03
0.000e+00
0.000e+00
2.339e-03
1.170e-03
3.509e-03
1.170e-03
2.339e-03
0.000e+00
0.000e+00
0.000e+00
0.000e+00
0.000e+00
0.000e+00
1.170e-03
0.000e+00
0.000e+00
0.000e+00
1.170e-03
0.000e+00
0.000e+00
1.170e-03
1.170e-03
0.000e+00
1.170e-03
2.339e-03
0.000e+00
2.339e-03
1.170e-03
4.678e-03
4.678e-03
9.357e-03
