2.199e-01
5.324e-02
2.431e-02
2.662e-02
2.083e-02
1.968e-02
2.315e-02
6.944e-03
1.273e-02
5.787e-03
1.157e-02
5.787e-03
1.157e-02
3.472e-03
4.630e-03
1.157e-03
4.630e-03
5.787e-03
8.102e-03
6.944e-03
2.315e-03
2.315e-03
0.000e+00
1.157e-03
2.315e-03
3.472e-03
3.472e-03
1.157e-03
3.472e-03
1.157e-03
1.157e-03
0.000e+00
2.315e-03
0.000e+00
0.000e+00
2.315e-03
0.000e+00
0.000e+00
2.315e-03
0.000e+00
1.157e-03
0.000e+00
0.000e+00
1.157e-03
0.000e+00
0.000e+00
0.000e+00
1.157e-03
0.000e+00
0.000e+00
0.000e+00
0.000e+00
0.000e+00
0.000e+00
1.157e-03
0.000e+00
0.000e+00
0.000e+00
0.000e+00
0.000e+00
0.000e+00
0.000e+00
0.000e+00
0.000e+00
0.000e+00
0.000e+00
2.315e-03
0.000e+00
0.000e+00
0.000e+00
0.000e+00
0.000e+00
0.000e+00
0.000e+00
1.157e-03
0.000e+00
0.000e+00
0.000e+00
0.000e+00
0.000e+00
1.157e-03
0.000e+00
1.157e-03
0.000e+00
0.000e+00
0.000e+00
0.000e+00
0.000e+00
0.000e+00
0.000e+00
0.000e+00
0.000e+00
0.000e+00
0.000e+00
0.000e+00
0.000e+00
1.157e-03
0.000e+00
0.000e+00
0.000e+00
0.000e+00
0.000e+00
0.000e+00
0.000e+00
1.157e-03
0.000e+00
0.000e+00
0.000e+00
0.000e+00
0.000e+00
0.000e+00
0.000e+00
0.000e+00
0.000e+00
0.000e+00
0.000e+00
1.157e-03
0.000e+00
0.000e+00
0.000e+00
0.000e+00
0.000e+00
3.472e-03
0.000e+00
6.944e-03
1.273e-02
5.787e-03
3.472e-03
0.000e+00
1.157e-03
1.157e-03
1.157e-03
2.315e-03
2.315e-03
1.157e-03
3.472e-03
2.315e-03
1.157e-03
2.315e-03
2.315e-03
0.000e+00
0.000e+00
1.157e-03
2.315e-03
0.000e+00
2.315e-03
1.157e-03
0.000e+00
0.000e+00
1.157e-03
2.315e-03
0.000e+00
1.157e-03
0.000e+00
2.315e-03
1.157e-03
0.000e+00
0.000e+00
0.000e+00
1.157e-03
0.000e+00
0.000e+00
0.000e+00
0.000e+00
0.000e+00
1.157e-03
0.000e+00
0.000e+00
0.000e+00
0.000e+00
0.000e+00
0.000e+00
0.000e+00
0.000e+00
0.000e+00
2.315e-03
0.000e+00
0.000e+00
0.000e+00
2.315e-03
2.315e-03
1.157e-03
3.472e-03
2.315e-03
0.000e+00
0.000e+00
0.000e+00
1.157e-03
0.000e+00
1.157e-03
0.000e+00
0.000e+00
1.157e-03
0.000e+00
1.157e-03
2.315e-03
2.315e-03
1.157e-03
0.000e+00
0.000e+00
0.000e+00
0.000e+00
1.157e-03
1.157e-03
2.315e-03
2.315e-03
2.315e-03
0.000e+00
0.000e+00
2.315e-03
0.000e+00
1.157e-03
1.157e-03
0.000e+00
0.000e+00
3.472e-03
3.472e-03
1.157e-03
0.000e+00
6.944e-03
3.472e-03
1.157e-03
1.157e-03
2.315e-03
1.157e-03
1.157e-03
3.472e-03
1.157e-03
1.157e-03
1.157e-03
4.630e-03
1.157e-03
1.157e-03
5.787e-03
4.630e-03
0.000e+00
1.157e-03
1.157e-03
1.157e-03
1.157e-03
1.157e-03
2.315e-03
0.000e+00
1.157e-03
1.157e-03
0.000e+00
0.000e+00
0.000e+00
0.000e+00
0.000e+00
0.000e+00
0.000e+00
0.000e+00
0.000e+00
0.000e+00
0.000e+00
0.000e+00
0.000e+00
0.000e+00
0.000e+00
0.000e+00
0.000e+00
0.000e+00
0.000e+00
0.000e+00
0.000e+00
0.000e+00
0.000e+00
0.000e+00
0.000e+00
0.000e+00
1.157e-03
0.000e+00
0.000e+00
0.000e+00
0.000e+00
0.000e+00
0.000e+00
0.000e+00
0.000e+00
0.000e+00
0.000e+00
0.000e+00
0.000e+00
0.000e+00
0.000e+00
0.000e+00
0.000e+00
0.000e+00
0.000e+00
0.000e+00
0.000e+00
0.000e+00
0.000e+00
0.000e+00
0.000e+00
0.000e+00
0.000e+00
0.000e+00
0.000e+00
0.000e+00
0.000e+00
0.000e+00
0.000e+00
0.000e+00
0.000e+00
0.000e+00
0.000e+00
0.000e+00
0.000e+00
0.000e+00
0.000e+00
0.000e+00
0.000e+00
0.000e+00
0.000e+00
0.000e+00
2.315e-03
0.000e+00
0.000e+00
0.000e+00
1.157e-03
1.157e-03
1.157e-03
1.157e-03
0.000e+00
2.315e-03
0.000e+00
2.315e-03
1.157e-03
0.000e+00
0.000e+00
2.315e-03
0.000e+00
9.259e-03
3.472e-03
2.315e-03
2.315e-03
5.787e-03
3.472e-03
5.787e-03
5.787e-03
5.787e-03
1.157e-03
2.315e-03
4.630e-03
3.472e-03
2.315e-03
6.944e-03
5.787e-03
8.102e-03
1.157e-02
1.273e-02
1.157e-02
1.389e-02
1.620e-02
2.546e-02
3.009e-02
3.472e-02
6.019e-02
