9.259e-03
7.523e-03
8.681e-03
8.681e-03
6.944e-03
9.838e-03
5.787e-03
6.944e-03
3.472e-03
4.051e-03
4.051e-03
3.472e-03
4.630e-03
2.315e-03
5.208e-03
1.157e-03
6.944e-03
3.472e-03
4.051e-03
4.051e-03
5.787e-04
3.472e-03
2.315e-03
8.102e-03
4.051e-03
1.157e-03
3.472e-03
1.736e-03
2.894e-03
4.051e-03
1.157e-03
3.472e-03
4.051e-03
1.736e-03
6.366e-03
2.315e-03
4.051e-03
4.630e-03
2.894e-03
3.472e-03
1.736e-03
1.736e-03
3.472e-03
2.315e-03
5.208e-03
2.315e-03
2.315e-03
2.315e-03
2.894e-03
2.894e-03
2.315e-03
1.736e-03
3.472e-03
1.157e-03
2.315e-03
0.000e+00
2.894e-03
1.157e-03
1.157e-03
0.000e+00
0.000e+00
0.000e+00
1.157e-03
0.000e+00
1.736e-03
5.787e-04
0.000e+00
5.787e-04
0.000e+00
1.736e-03
0.000e+00
5.787e-04
1.157e-03
0.000e+00
1.157e-03
1.157e-03
5.787e-04
0.000e+00
5.787e-04
5.787e-04
0.000e+00
0.000e+00
5.787e-04
0.000e+00
0.000e+00
0.000e+00
0.000e+00
0.000e+00
0.000e+00
0.000e+00
0.000e+00
5.787e-04
0.000e+00
0.000e+00
0.000e+00
0.000e+00
0.000e+00
0.000e+00
0.000e+00
0.000e+00
0.000e+00
0.000e+00
0.000e+00
5.787e-04
0.000e+00
0.000e+00
0.000e+00
1.157e-03
5.787e-04
5.787e-04
5.787e-04
5.787e-04
0.000e+00
5.787e-04
1.157e-03
1.157e-03
2.894e-03
1.157e-03
5.787e-04
1.157e-03
0.000e+00
5.787e-04
5.787e-04
1.157e-03
1.157e-03
1.736e-03
5.787e-04
5.787e-04
1.157e-03
5.787e-04
5.787e-04
5.787e-04
0.000e+00
5.787e-04
0.000e+00
5.787e-04
0.000e+00
0.000e+00
5.787e-04
0.000e+00
0.000e+00
0.000e+00
0.000e+00
0.000e+00
5.787e-04
5.787e-04
0.000e+00
0.000e+00
0.000e+00
0.000e+00
0.000e+00
0.000e+00
0.000e+00
0.000e+00
0.000e+00
0.000e+00
0.000e+00
0.000e+00
0.000e+00
0.000e+00
0.000e+00
0.000e+00
0.000e+00
0.000e+00
0.000e+00
0.000e+00
0.000e+00
0.000e+00
0.000e+00
0.000e+00
0.000e+00
0.000e+00
0.000e+00
0.000e+00
0.000e+00
0.000e+00
0.000e+00
0.000e+00
0.000e+00
0.000e+00
0.000e+00
0.000e+00
0.000e+00
0.000e+00
0.000e+00
5.787e-04
0.000e+00
0.000e+00
0.000e+00
0.000e+00
0.000e+00
0.000e+00
0.000e+00
0.000e+00
0.000e+00
0.000e+00
0.000e+00
0.000e+00
0.000e+00
0.000e+00
0.000e+00
0.000e+00
0.000e+00
0.000e+00
0.000e+00
0.000e+00
0.000e+00
0.000e+00
0.000e+00
0.000e+00
0.000e+00
0.000e+00
0.000e+00
0.000e+00
0.000e+00
0.000e+00
5.787e-04
0.000e+00
0.000e+00
0.000e+00
1.157e-03
5.787e-04
0.000e+00
5.787e-04
1.157e-03
5.787e-04
5.787e-04
1.736e-03
0.000e+00
5.787e-04
1.157e-03
5.787e-04
1.157e-03
1.736e-03
0.000e+00
0.000e+00
1.736e-03
0.000e+00
0.000e+00
0.000e+00
0.000e+00
2.894e-03
0.000e+00
1.736e-03
1.157e-03
0.000e+00
0.000e+00
0.000e+00
5.787e-04
0.000e+00
5.787e-04
0.000e+00
0.000e+00
5.787e-04
0.000e+00
5.787e-04
0.000e+00
0.000e+00
1.157e-03
5.787e-04
0.000e+00
0.000e+00
0.000e+00
0.000e+00
0.000e+00
0.000e+00
0.000e+00
0.000e+00
0.000e+00
0.000e+00
0.000e+00
5.787e-04
0.000e+00
0.000e+00
0.000e+00
5.787e-04
0.000e+00
0.000e+00
0.000e+00
0.000e+00
0.000e+00
0.000e+00
5.787e-04
0.000e+00
0.000e+00
0.000e+00
5.787e-04
0.000e+00
0.000e+00
0.000e+00
0.000e+00
0.000e+00
5.787e-04
0.000e+00
0.000e+00
1.157e-03
1.157e-03
5.787e-04
1.157e-03
1.736e-03
0.000e+00
5.787e-04
5.787e-04
1.736e-03
1.736e-03
0.000e+00
2.894e-03
5.787e-04
1.736e-03
3.472e-03
1.736e-03
2.894e-03
2.894e-03
2.315e-03
3.472e-03
2.315e-03
2.894e-03
4.630e-03
4.630e-03
2.315e-03
4.630e-03
2.894e-03
4.051e-03
2.315e-03
4.051e-03
5.787e-04
1.157e-03
2.315e-03
2.894e-03
1.157e-03
2.894e-03
2.894e-03
2.894e-03
1.157e-03
2.315e-03
2.894e-03
2.894e-03
2.315e-03
2.315e-03
1.157e-03
2.894e-03
2.894e-03
3.472e-03
4.051e-03
4.051e-03
2.894e-03
1.736e-03
5.208e-03
5.787e-03
5.208e-03
5.208e-03
7.523e-03
6.944e-03
2.894e-03
6.944e-03
9.838e-03
5.787e-03
9.838e-03
1.447e-02
8.681e-03
