0.000e+00
0.000e+00
5.464e-03
5.464e-03
0.000e+00
0.000e+00
5.464e-03
0.000e+00
0.000e+00
0.000e+00
0.000e+00
5.464e-03
0.000e+00
0.000e+00
0.000e+00
0.000e+00
1.093e-02
5.464e-03
0.000e+00
5.464e-03
0.000e+00
0.000e+00
0.000e+00
0.000e+00
0.000e+00
0.000e+00
0.000e+00
0.000e+00
0.000e+00
0.000e+00
0.000e+00
0.000e+00
0.000e+00
0.000e+00
0.000e+00
0.000e+00
0.000e+00
0.000e+00
0.000e+00
0.000e+00
5.464e-03
5.464e-03
0.000e+00
0.000e+00
0.000e+00
5.464e-03
1.639e-02
5.464e-03
5.464e-03
0.000e+00
0.000e+00
0.000e+00
0.000e+00
5.464e-03
2.732e-02
1.093e-02
1.093e-02
2.186e-02
2.732e-02
2.732e-02
1.093e-02
0.000e+00
1.093e-02
5.464e-03
0.000e+00
0.000e+00
0.000e+00
5.464e-03
0.000e+00
0.000e+00
0.000e+00
0.000e+00
0.000e+00
5.464e-03
0.000e+00
5.464e-03
0.000e+00
0.000e+00
0.000e+00
0.000e+00
5.464e-03
0.000e+00
0.000e+00
0.000e+00
0.000e+00
0.000e+00
0.000e+00
0.000e+00
0.000e+00
5.464e-03
5.464e-03
0.000e+00
0.000e+00
0.000e+00
0.000e+00
0.000e+00
0.000e+00
0.000e+00
1.093e-02
5.464e-03
0.000e+00
0.000e+00
0.000e+00
0.000e+00
0.000e+00
0.000e+00
0.000e+00
0.000e+00
0.000e+00
0.000e+00
0.000e+00
0.000e+00
0.000e+00
0.000e+00
0.000e+00
0.000e+00
0.000e+00
0.000e+00
2.186e-02
0.000e+00
5.464e-03
5.464e-03
3.279e-02
0.000e+00
1.093e-02
0.000e+00
5.464e-03
2.186e-02
1.093e-02
1.093e-02
0.000e+00
0.000e+00
5.464e-03
0.000e+00
0.000e+00
1.639e-02
1.093e-02
1.093e-02
5.464e-03
1.093e-02
5.464e-03
0.000e+00
0.000e+00
0.000e+00
0.000e+00
0.000e+00
0.000e+00
0.000e+00
0.000e+00
0.000e+00
5.464e-03
0.000e+00
0.000e+00
0.000e+00
0.000e+00
0.000e+00
0.000e+00
0.000e+00
5.464e-03
0.000e+00
0.000e+00
0.000e+00
0.000e+00
0.000e+00
0.000e+00
0.000e+00
0.000e+00
5.464e-03
0.000e+00
5.464e-03
5.464e-03
5.464e-03
0.000e+00
0.000e+00
0.000e+00
0.000e+00
5.464e-03
0.000e+00
0.000e+00
0.000e+00
5.464e-03
5.464e-03
0.000e+00
5.464e-03
5.464e-03
0.000e+00
0.000e+00
0.000e+00
0.000e+00
0.000e+00
0.000e+00
0.000e+00
0.000e+00
0.000e+00
0.000e+00
0.000e+00
0.000e+00
0.000e+00
0.000e+00
5.464e-03
0.000e+00
0.000e+00
0.000e+00
0.000e+00
0.000e+00
0.000e+00
0.000e+00
0.000e+00
5.464e-03
0.000e+00
0.000e+00
0.000e+00
0.000e+00
0.000e+00
0.000e+00
0.000e+00
0.000e+00
0.000e+00
0.000e+00
5.464e-03
0.000e+00
5.464e-03
5.464e-03
0.000e+00
5.464e-03
0.000e+00
5.464e-03
0.000e+00
5.464e-03
0.000e+00
0.000e+00
5.464e-03
1.639e-02
1.093e-02
0.000e+00
1.093e-02
2.732e-02
1.639e-02
2.732e-02
5.464e-03
5.464e-03
0.000e+00
5.464e-03
0.000e+00
0.000e+00
0.000e+00
5.464e-03
0.000e+00
0.000e+00
5.464e-03
0.000e+00
0.000e+00
5.464e-03
0.000e+00
0.000e+00
0.000e+00
0.000e+00
0.000e+00
0.000e+00
0.000e+00
0.000e+00
0.000e+00
0.000e+00
0.000e+00
0.000e+00
0.000e+00
0.000e+00
0.000e+00
0.000e+00
0.000e+00
0.000e+00
0.000e+00
0.000e+00
0.000e+00
0.000e+00
0.000e+00
0.000e+00
0.000e+00
0.000e+00
0.000e+00
0.000e+00
5.464e-03
0.000e+00
0.000e+00
0.000e+00
0.000e+00
0.000e+00
0.000e+00
0.000e+00
0.000e+00
0.000e+00
0.000e+00
5.464e-03
0.000e+00
1.093e-02
0.000e+00
0.000e+00
0.000e+00
1.639e-02
5.464e-03
2.732e-02
2.186e-02
1.093e-02
3.279e-02
1.093e-02
5.464e-03
2.186e-02
0.000e+00
0.000e+00
0.000e+00
0.000e+00
0.000e+00
5.464e-03
5.464e-03
0.000e+00
1.093e-02
1.639e-02
5.464e-03
0.000e+00
0.000e+00
5.464e-03
0.000e+00
0.000e+00
0.000e+00
0.000e+00
0.000e+00
5.464e-03
5.464e-03
0.000e+00
0.000e+00
0.000e+00
0.000e+00
0.000e+00
0.000e+00
0.000e+00
0.000e+00
0.000e+00
0.000e+00
0.000e+00
0.000e+00
5.464e-03
0.000e+00
0.000e+00
0.000e+00
0.000e+00
0.000e+00
0.000e+00
0.000e+00
0.000e+00
0.000e+00
0.000e+00
5.464e-03
0.000e+00
0.000e+00
0.000e+00
0.000e+00
1.093e-02
0.000e+00
0.000e+00
5.464e-03
