4.000e+00
5.000e+00
2.000e+00
0.000e+00
0.000e+00
2.000e+00
6.000e+00
3.000e+00
2.000e+00
2.000e+00
3.000e+00
3.000e+00
2.000e+00
1.000e+00
5.000e+00
5.000e+00
4.000e+00
4.000e+00
3.000e+00
1.000e+00
3.000e+00
7.000e+00
8.000e+00
8.000e+00
2.000e+00
3.000e+00
5.000e+00
9.000e+00
1.100e+01
1.200e+01
7.000e+00
1.600e+01
1.200e+01
1.200e+01
1.700e+01
9.000e+00
2.000e+01
2.000e+01
2.800e+01
2.300e+01
2.100e+01
4.500e+01
3.900e+01
3.500e+01
3.400e+01
4.800e+01
5.100e+01
6.100e+01
6.400e+01
4.900e+01
6.500e+01
7.200e+01
9.400e+01
8.300e+01
8.500e+01
8.400e+01
8.900e+01
1.280e+02
1.390e+02
1.580e+02
1.980e+02
2.230e+02
1.530e+02
1.320e+02
1.010e+02
1.120e+02
9.000e+01
9.200e+01
9.100e+01
7.900e+01
9.200e+01
5.700e+01
7.100e+01
5.100e+01
5.300e+01
4.300e+01
4.400e+01
4.200e+01
4.200e+01
3.400e+01
3.000e+01
2.800e+01
2.700e+01
2.200e+01
2.500e+01
1.300e+01
1.000e+01
1.400e+01
1.600e+01
1.000e+01
1.300e+01
9.000e+00
5.000e+00
8.000e+00
3.000e+00
5.000e+00
4.000e+00
4.000e+00
6.000e+00
9.000e+00
4.000e+00
3.000e+00
0.000e+00
5.000e+00
5.000e+00
3.000e+00
4.000e+00
3.000e+00
2.000e+00
6.000e+00
2.000e+00
2.000e+00
2.000e+00
1.000e+00
3.000e+00
1.000e+00
4.000e+00
2.000e+00
2.000e+00
3.000e+00
2.000e+00
3.000e+00
2.000e+00
1.000e+00
2.000e+00
6.000e+00
1.000e+00
3.000e+00
4.000e+00
2.000e+00
1.000e+00
3.000e+00
4.000e+00
2.000e+00
3.000e+00
3.000e+00
7.000e+00
4.000e+00
4.000e+00
5.000e+00
6.000e+00
8.000e+00
1.000e+00
9.000e+00
4.000e+00
5.000e+00
7.000e+00
1.200e+01
9.000e+00
1.000e+01
7.000e+00
1.200e+01
1.400e+01
1.500e+01
1.900e+01
1.600e+01
2.300e+01
1.900e+01
2.900e+01
2.500e+01
3.400e+01
3.900e+01
3.500e+01
5.800e+01
4.100e+01
4.900e+01
4.800e+01
5.000e+01
5.800e+01
7.100e+01
9.100e+01
6.100e+01
8.700e+01
7.700e+01
8.800e+01
8.700e+01
1.130e+02
1.090e+02
1.140e+02
1.750e+02
2.680e+02
1.700e+02
1.590e+02
1.020e+02
9.400e+01
7.800e+01
8.700e+01
8.100e+01
8.400e+01
9.100e+01
7.500e+01
8.200e+01
6.600e+01
5.800e+01
5.100e+01
4.200e+01
4.800e+01
4.200e+01
3.800e+01
3.700e+01
2.500e+01
2.800e+01
1.600e+01
2.700e+01
1.500e+01
1.700e+01
1.200e+01
9.000e+00
8.000e+00
1.000e+01
1.000e+01
1.500e+01
1.200e+01
7.000e+00
9.000e+00
5.000e+00
8.000e+00
3.000e+00
6.000e+00
5.000e+00
6.000e+00
3.000e+00
2.000e+00
3.000e+00
2.000e+00
2.000e+00
1.000e+00
6.000e+00
1.000e+00
0.000e+00
3.000e+00
2.000e+00
2.000e+00
2.000e+00
3.000e+00
5.000e+00
1.000e+00
0.000e+00
4.000e+00
1.000e+00
6.000e+00
2.000e+00
2.000e+00
2.000e+00
4.000e+00
2.000e+00
2.000e+00
1.000e+00
5.000e+00
1.000e+00
7.000e+00
1.000e+00
2.000e+00
5.000e+00
3.000e+00
5.000e+00
3.000e+00
9.000e+00
6.000e+00
4.000e+00
3.000e+00
5.000e+00
1.000e+01
5.000e+00
3.000e+00
6.000e+00
5.000e+00
9.000e+00
8.000e+00
1.100e+01
1.700e+01
8.000e+00
1.600e+01
1.400e+01
2.700e+01
1.700e+01
2.100e+01
2.100e+01
3.000e+01
4.100e+01
2.700e+01
4.000e+01
5.100e+01
4.400e+01
5.000e+01
4.500e+01
5.600e+01
4.500e+01
6.200e+01
7.200e+01
7.200e+01
8.500e+01
6.200e+01
8.800e+01
8.100e+01
9.900e+01
1.210e+02
1.280e+02
1.500e+02
2.100e+02
1.920e+02
1.680e+02
1.550e+02
1.100e+02
8.100e+01
1.140e+02
8.200e+01
8.100e+01
9.700e+01
7.200e+01
7.900e+01
7.200e+01
5.900e+01
5.000e+01
4.400e+01
5.000e+01
4.400e+01
3.900e+01
2.900e+01
2.500e+01
2.800e+01
2.000e+01
2.200e+01
1.400e+01
2.300e+01
9.000e+00
9.000e+00
1.600e+01
1.000e+01
1.300e+01
6.000e+00
1.300e+01
7.000e+00
6.000e+00
2.000e+00
6.000e+00
4.000e+00
6.000e+00
2.000e+00
2.000e+00
6.000e+00
6.000e+00
2.000e+00
3.000e+00
3.000e+00
4.000e+00
2.000e+00
0.000e+00
2.000e+00
3.000e+00
0.000e+00
1.000e+00
4.000e+00
3.000e+00
2.000e+00
1.000e+00
1.000e+00
2.000e+00
5.000e+00
2.000e+00
