0.000e+00
0.000e+00
0.000e+00
0.000e+00
0.000e+00
0.000e+00
0.000e+00
0.000e+00
0.000e+00
6.035e-05
0.000e+00
0.000e+00
6.035e-05
0.000e+00
6.035e-05
0.000e+00
0.000e+00
0.000e+00
0.000e+00
0.000e+00
0.000e+00
0.000e+00
0.000e+00
0.000e+00
0.000e+00
0.000e+00
0.000e+00
0.000e+00
1.207e-04
0.000e+00
0.000e+00
6.035e-05
6.035e-05
0.000e+00
6.035e-05
6.035e-05
0.000e+00
0.000e+00
1.207e-04
1.207e-04
1.811e-04
1.811e-04
1.207e-04
6.035e-05
6.035e-05
3.018e-04
3.621e-04
2.414e-04
3.621e-04
4.225e-04
3.621e-04
6.035e-04
6.639e-04
1.267e-03
1.147e-03
1.207e-03
1.629e-03
1.388e-03
2.293e-03
1.931e-03
1.931e-03
2.293e-03
2.112e-03
2.354e-03
2.354e-03
1.992e-03
2.173e-03
2.354e-03
2.354e-03
2.897e-03
2.655e-03
2.293e-03
2.535e-03
2.112e-03
2.173e-03
2.474e-03
1.448e-03
1.509e-03
1.448e-03
1.147e-03
1.086e-03
1.026e-03
1.328e-03
1.147e-03
4.225e-04
9.656e-04
9.656e-04
6.035e-04
7.846e-04
6.035e-04
3.621e-04
4.828e-04
3.621e-04
3.018e-04
4.828e-04
3.018e-04
4.828e-04
5.432e-04
3.018e-04
5.432e-04
6.035e-04
4.225e-04
1.811e-04
3.621e-04
3.018e-04
1.207e-04
2.414e-04
2.414e-04
3.018e-04
1.811e-04
6.035e-05
1.207e-04
1.811e-04
6.035e-05
3.621e-04
3.018e-04
3.018e-04
3.621e-04
6.035e-05
1.811e-04
1.207e-04
2.414e-04
6.035e-05
2.414e-04
1.811e-04
2.414e-04
3.018e-04
6.035e-05
1.811e-04
2.414e-04
4.828e-04
3.621e-04
3.018e-04
1.811e-04
6.035e-05
1.207e-04
5.432e-04
3.018e-04
4.828e-04
2.414e-04
2.414e-04
6.035e-04
2.414e-04
4.828e-04
1.207e-04
4.828e-04
3.018e-04
3.621e-04
3.018e-04
9.053e-04
3.621e-04
6.035e-04
6.035e-04
6.639e-04
1.147e-03
6.639e-04
7.846e-04
4.225e-04
6.035e-04
9.053e-04
1.207e-03
1.207e-03
1.388e-03
2.112e-03
2.535e-03
1.750e-03
2.233e-03
2.957e-03
2.474e-03
2.354e-03
2.655e-03
2.776e-03
3.199e-03
3.923e-03
2.957e-03
3.561e-03
4.406e-03
4.345e-03
4.466e-03
4.406e-03
5.733e-03
4.466e-03
4.345e-03
3.802e-03
3.621e-03
3.621e-03
3.440e-03
3.319e-03
3.500e-03
3.380e-03
2.293e-03
3.440e-03
3.199e-03
2.535e-03
1.992e-03
1.509e-03
1.629e-03
8.449e-04
1.811e-03
1.328e-03
1.267e-03
1.811e-03
8.449e-04
8.449e-04
9.053e-04
7.846e-04
1.026e-03
1.026e-03
5.432e-04
1.026e-03
3.621e-04
3.621e-04
6.035e-04
7.846e-04
7.242e-04
2.414e-04
1.811e-04
1.811e-04
5.432e-04
3.018e-04
5.432e-04
5.432e-04
4.225e-04
2.414e-04
3.018e-04
3.621e-04
6.035e-05
2.414e-04
2.414e-04
6.035e-05
1.811e-04
1.207e-04
3.018e-04
1.207e-04
1.207e-04
1.207e-04
3.018e-04
2.414e-04
1.207e-04
3.621e-04
1.207e-04
4.225e-04
3.621e-04
6.035e-05
1.811e-04
3.018e-04
3.018e-04
3.018e-04
1.811e-04
6.035e-05
3.018e-04
3.621e-04
6.035e-05
5.432e-04
2.414e-04
6.035e-05
4.828e-04
3.621e-04
1.207e-04
2.414e-04
1.207e-04
3.621e-04
3.621e-04
4.225e-04
3.018e-04
2.414e-04
2.414e-04
6.639e-04
3.621e-04
4.225e-04
9.053e-04
7.846e-04
6.035e-04
6.035e-04
7.242e-04
7.242e-04
4.828e-04
4.828e-04
1.026e-03
1.147e-03
1.207e-03
1.448e-03
1.811e-03
2.293e-03
1.750e-03
1.750e-03
2.052e-03
1.811e-03
1.931e-03
2.233e-03
1.509e-03
2.535e-03
2.535e-03
3.018e-03
1.509e-03
2.776e-03
1.871e-03
2.173e-03
2.836e-03
1.931e-03
1.992e-03
1.811e-03
1.750e-03
1.750e-03
1.086e-03
1.147e-03
1.267e-03
9.656e-04
1.207e-03
1.147e-03
6.639e-04
6.639e-04
1.811e-04
1.811e-04
3.018e-04
3.018e-04
3.018e-04
0.000e+00
6.035e-05
6.035e-05
6.035e-05
6.035e-05
1.207e-04
6.035e-05
6.035e-05
6.035e-05
0.000e+00
6.035e-05
6.035e-05
0.000e+00
6.035e-05
0.000e+00
0.000e+00
0.000e+00
0.000e+00
1.207e-04
0.000e+00
6.035e-05
6.035e-05
6.035e-05
0.000e+00
0.000e+00
0.000e+00
1.207e-04
0.000e+00
0.000e+00
0.000e+00
0.000e+00
0.000e+00
0.000e+00
1.811e-04
0.000e+00
0.000e+00
0.000e+00
0.000e+00
0.000e+00
0.000e+00
0.000e+00
0.000e+00
0.000e+00
