9.468e-03
7.283e-03
2.549e-03
1.457e-03
7.283e-04
7.283e-04
1.821e-03
3.642e-04
1.092e-03
3.642e-04
0.000e+00
7.283e-04
3.642e-04
0.000e+00
7.283e-04
3.642e-04
3.642e-04
3.642e-04
7.283e-04
0.000e+00
1.457e-03
3.642e-04
3.642e-04
0.000e+00
1.092e-03
2.185e-03
2.549e-03
0.000e+00
7.283e-04
1.457e-03
0.000e+00
1.092e-03
2.549e-03
1.457e-03
2.549e-03
1.092e-03
2.913e-03
1.821e-03
5.462e-03
4.006e-03
5.827e-03
6.191e-03
4.370e-03
9.832e-03
9.468e-03
5.827e-03
1.092e-02
7.647e-03
5.827e-03
4.734e-03
6.191e-03
4.370e-03
5.462e-03
2.913e-03
1.457e-03
3.277e-03
4.006e-03
4.370e-03
2.913e-03
2.185e-03
2.185e-03
2.549e-03
4.006e-03
4.734e-03
3.642e-03
1.821e-03
4.006e-03
3.277e-03
4.006e-03
4.006e-03
1.457e-03
2.185e-03
3.277e-03
4.006e-03
7.283e-04
1.457e-03
2.913e-03
2.185e-03
3.277e-03
2.549e-03
2.185e-03
2.549e-03
2.185e-03
1.457e-03
1.457e-03
1.457e-03
2.913e-03
4.006e-03
3.277e-03
5.827e-03
3.642e-03
4.006e-03
2.185e-03
2.185e-03
2.913e-03
7.283e-04
1.457e-03
1.457e-03
1.821e-03
2.549e-03
2.549e-03
7.283e-04
1.092e-03
1.457e-03
1.821e-03
4.006e-03
1.092e-03
7.283e-04
3.277e-03
3.277e-03
1.457e-03
4.370e-03
4.734e-03
2.913e-03
1.092e-03
3.642e-03
5.462e-03
4.370e-03
3.277e-03
4.006e-03
1.457e-03
1.457e-03
5.098e-03
4.006e-03
4.006e-03
3.642e-03
2.913e-03
2.549e-03
4.006e-03
5.098e-03
6.191e-03
4.370e-03
7.283e-03
1.056e-02
9.104e-03
6.555e-03
7.283e-03
8.012e-03
4.370e-03
5.827e-03
8.740e-03
3.642e-03
3.642e-03
1.821e-03
2.549e-03
1.821e-03
2.185e-03
1.821e-03
1.457e-03
7.283e-04
3.642e-04
1.457e-03
3.642e-04
1.457e-03
1.092e-03
7.283e-04
3.642e-04
3.642e-04
7.283e-04
7.283e-04
3.642e-04
7.283e-04
0.000e+00
1.092e-03
7.283e-04
0.000e+00
7.283e-04
0.000e+00
3.642e-04
7.283e-04
1.092e-03
3.642e-04
7.283e-04
7.283e-04
1.092e-03
0.000e+00
1.092e-03
2.549e-03
5.462e-03
8.012e-03
9.832e-03
7.283e-03
2.185e-03
1.457e-03
7.283e-04
7.283e-04
1.457e-03
7.283e-04
3.642e-04
1.092e-03
0.000e+00
0.000e+00
3.642e-04
0.000e+00
1.457e-03
7.283e-04
0.000e+00
3.642e-04
7.283e-04
1.092e-03
7.283e-04
3.642e-04
0.000e+00
1.821e-03
1.821e-03
1.092e-03
7.283e-04
1.092e-03
7.283e-04
7.283e-04
1.092e-03
7.283e-04
3.277e-03
1.092e-03
1.821e-03
2.549e-03
2.549e-03
3.277e-03
5.827e-03
4.734e-03
5.462e-03
4.734e-03
6.555e-03
6.191e-03
9.468e-03
7.647e-03
9.104e-03
6.555e-03
4.006e-03
6.555e-03
5.462e-03
5.462e-03
4.734e-03
5.827e-03
1.821e-03
3.277e-03
3.642e-03
1.821e-03
3.277e-03
2.913e-03
3.277e-03
2.185e-03
3.277e-03
5.098e-03
4.370e-03
2.549e-03
1.821e-03
5.098e-03
3.277e-03
1.457e-03
3.277e-03
2.185e-03
1.821e-03
3.277e-03
3.642e-03
1.457e-03
2.185e-03
2.913e-03
4.006e-03
1.092e-03
1.092e-03
1.092e-03
2.549e-03
1.457e-03
1.457e-03
2.185e-03
3.277e-03
2.913e-03
4.006e-03
5.462e-03
4.006e-03
3.642e-03
1.821e-03
3.277e-03
3.277e-03
1.457e-03
3.642e-04
2.185e-03
1.092e-03
2.549e-03
1.457e-03
1.821e-03
1.457e-03
2.185e-03
3.642e-03
1.821e-03
1.092e-03
1.092e-03
1.457e-03
4.370e-03
4.006e-03
4.734e-03
2.913e-03
2.913e-03
1.821e-03
3.277e-03
2.913e-03
5.098e-03
4.370e-03
3.642e-03
1.092e-03
4.734e-03
3.642e-03
2.913e-03
4.370e-03
3.277e-03
2.913e-03
3.277e-03
3.277e-03
4.006e-03
5.827e-03
6.555e-03
6.919e-03
1.092e-02
9.468e-03
9.104e-03
5.098e-03
8.740e-03
5.098e-03
6.191e-03
7.283e-03
3.277e-03
2.913e-03
3.642e-03
2.549e-03
1.821e-03
7.283e-04
1.457e-03
1.092e-03
0.000e+00
3.642e-04
7.283e-04
1.092e-03
1.457e-03
1.457e-03
7.283e-04
3.642e-04
0.000e+00
7.283e-04
7.283e-04
3.642e-04
1.092e-03
7.283e-04
0.000e+00
0.000e+00
3.642e-04
1.092e-03
0.000e+00
0.000e+00
7.283e-04
1.457e-03
3.642e-04
7.283e-04
7.283e-04
0.000e+00
1.092e-03
1.092e-03
2.549e-03
5.098e-03
8.012e-03
