5.178e-03
5.289e-03
5.289e-03
4.848e-03
4.958e-03
5.289e-03
3.856e-03
3.746e-03
2.975e-03
2.865e-03
2.865e-03
3.416e-03
2.534e-03
2.204e-03
2.755e-03
1.763e-03
2.534e-03
1.543e-03
1.763e-03
1.873e-03
1.322e-03
1.102e-03
1.212e-03
1.983e-03
1.873e-03
1.212e-03
1.653e-03
1.212e-03
1.102e-03
1.543e-03
1.212e-03
1.322e-03
1.983e-03
1.322e-03
2.865e-03
1.432e-03
1.543e-03
1.653e-03
1.543e-03
8.814e-04
7.713e-04
6.611e-04
1.322e-03
8.814e-04
1.543e-03
1.102e-03
8.814e-04
1.212e-03
1.102e-03
1.322e-03
9.916e-04
9.916e-04
1.102e-03
3.305e-04
1.212e-03
5.509e-04
9.916e-04
9.916e-04
6.611e-04
5.509e-04
2.204e-04
4.407e-04
7.713e-04
3.305e-04
1.102e-03
9.916e-04
6.611e-04
4.407e-04
7.713e-04
4.407e-04
4.407e-04
4.407e-04
6.611e-04
3.305e-04
4.407e-04
3.305e-04
6.611e-04
1.102e-04
5.509e-04
3.305e-04
2.204e-04
2.204e-04
3.305e-04
1.102e-04
0.000e+00
2.204e-04
1.102e-04
3.305e-04
2.204e-04
0.000e+00
2.204e-04
5.509e-04
2.204e-04
3.305e-04
0.000e+00
4.407e-04
3.305e-04
1.102e-04
3.305e-04
2.204e-04
1.102e-04
2.204e-04
1.102e-04
6.611e-04
5.509e-04
3.305e-04
3.305e-04
6.611e-04
5.509e-04
5.509e-04
6.611e-04
4.407e-04
6.611e-04
6.611e-04
6.611e-04
7.713e-04
9.916e-04
9.916e-04
4.407e-04
5.509e-04
5.509e-04
1.102e-04
2.204e-04
8.814e-04
9.916e-04
7.713e-04
2.204e-04
6.611e-04
5.509e-04
6.611e-04
1.212e-03
1.763e-03
5.509e-04
1.763e-03
7.713e-04
7.713e-04
7.713e-04
1.102e-03
1.322e-03
1.653e-03
8.814e-04
7.713e-04
1.212e-03
1.102e-03
1.102e-03
9.916e-04
1.543e-03
1.653e-03
1.322e-03
1.653e-03
1.543e-03
1.212e-03
9.916e-04
4.407e-04
4.407e-04
1.873e-03
7.713e-04
1.873e-03
9.916e-04
1.543e-03
1.432e-03
1.653e-03
1.432e-03
1.212e-03
1.212e-03
2.093e-03
2.644e-03
2.314e-03
2.865e-03
3.416e-03
2.534e-03
3.526e-03
3.967e-03
2.644e-03
4.297e-03
5.840e-03
5.178e-03
6.941e-03
6.280e-03
4.958e-03
7.052e-03
5.178e-03
4.187e-03
5.068e-03
6.280e-03
4.517e-03
5.178e-03
3.085e-03
3.305e-03
3.195e-03
2.975e-03
2.534e-03
3.195e-03
2.424e-03
2.534e-03
2.204e-03
1.653e-03
1.432e-03
1.763e-03
1.653e-03
1.653e-03
1.322e-03
7.713e-04
2.534e-03
1.102e-03
8.814e-04
1.543e-03
1.983e-03
1.543e-03
1.543e-03
1.763e-03
1.543e-03
1.983e-03
1.102e-03
1.432e-03
1.763e-03
2.093e-03
7.713e-04
8.814e-04
1.102e-03
6.611e-04
1.543e-03
1.212e-03
1.102e-03
1.322e-03
1.102e-03
1.322e-03
9.916e-04
7.713e-04
6.611e-04
8.814e-04
9.916e-04
1.212e-03
7.713e-04
7.713e-04
5.509e-04
9.916e-04
5.509e-04
4.407e-04
3.305e-04
1.102e-04
1.212e-03
4.407e-04
7.713e-04
7.713e-04
3.305e-04
7.713e-04
4.407e-04
6.611e-04
4.407e-04
6.611e-04
3.305e-04
5.509e-04
4.407e-04
1.102e-04
2.204e-04
5.509e-04
3.305e-04
5.509e-04
3.305e-04
2.204e-04
4.407e-04
3.305e-04
0.000e+00
0.000e+00
3.305e-04
2.204e-04
2.204e-04
2.204e-04
2.204e-04
1.102e-04
3.305e-04
0.000e+00
3.305e-04
2.204e-04
2.204e-04
2.204e-04
2.204e-04
4.407e-04
2.204e-04
6.611e-04
2.204e-04
3.305e-04
4.407e-04
3.305e-04
7.713e-04
4.407e-04
4.407e-04
7.713e-04
6.611e-04
4.407e-04
5.509e-04
6.611e-04
5.509e-04
6.611e-04
7.713e-04
1.212e-03
4.407e-04
5.509e-04
5.509e-04
3.305e-04
6.611e-04
6.611e-04
8.814e-04
8.814e-04
2.204e-04
7.713e-04
5.509e-04
9.916e-04
2.093e-03
6.611e-04
9.916e-04
8.814e-04
9.916e-04
1.212e-03
6.611e-04
6.611e-04
1.763e-03
1.212e-03
9.916e-04
1.543e-03
1.102e-03
1.212e-03
7.713e-04
2.314e-03
1.212e-03
1.322e-03
1.432e-03
1.543e-03
7.713e-04
1.102e-03
7.713e-04
9.916e-04
1.102e-03
1.322e-03
9.916e-04
1.102e-03
1.322e-03
1.543e-03
1.102e-03
1.763e-03
1.102e-03
1.653e-03
1.653e-03
1.543e-03
1.763e-03
2.093e-03
2.314e-03
2.644e-03
3.636e-03
2.204e-03
3.746e-03
3.526e-03
3.526e-03
4.517e-03
6.611e-03
3.856e-03
5.509e-03
5.399e-03
5.178e-03
