4.631e-02
1.715e-02
1.887e-02
1.029e-02
1.887e-02
2.058e-02
1.715e-03
8.576e-03
3.431e-03
1.715e-03
1.715e-03
1.372e-02
1.715e-03
3.431e-03
0.000e+00
6.861e-03
1.715e-03
5.146e-03
5.146e-03
3.431e-03
1.715e-03
0.000e+00
0.000e+00
1.715e-03
1.715e-03
6.861e-03
5.146e-03
0.000e+00
1.715e-03
3.431e-03
3.431e-03
0.000e+00
1.715e-03
0.000e+00
0.000e+00
0.000e+00
0.000e+00
0.000e+00
3.431e-03
0.000e+00
0.000e+00
0.000e+00
0.000e+00
0.000e+00
0.000e+00
0.000e+00
0.000e+00
0.000e+00
0.000e+00
0.000e+00
0.000e+00
0.000e+00
0.000e+00
0.000e+00
0.000e+00
0.000e+00
0.000e+00
0.000e+00
0.000e+00
0.000e+00
0.000e+00
0.000e+00
0.000e+00
0.000e+00
0.000e+00
0.000e+00
0.000e+00
1.715e-03
0.000e+00
0.000e+00
0.000e+00
0.000e+00
0.000e+00
0.000e+00
0.000e+00
0.000e+00
0.000e+00
0.000e+00
0.000e+00
0.000e+00
0.000e+00
0.000e+00
0.000e+00
0.000e+00
0.000e+00
0.000e+00
0.000e+00
0.000e+00
0.000e+00
0.000e+00
0.000e+00
0.000e+00
0.000e+00
0.000e+00
0.000e+00
0.000e+00
0.000e+00
0.000e+00
0.000e+00
0.000e+00
0.000e+00
0.000e+00
0.000e+00
0.000e+00
0.000e+00
0.000e+00
0.000e+00
0.000e+00
0.000e+00
0.000e+00
0.000e+00
0.000e+00
0.000e+00
0.000e+00
0.000e+00
0.000e+00
0.000e+00
0.000e+00
0.000e+00
0.000e+00
0.000e+00
0.000e+00
0.000e+00
0.000e+00
0.000e+00
0.000e+00
0.000e+00
0.000e+00
0.000e+00
0.000e+00
0.000e+00
0.000e+00
0.000e+00
0.000e+00
0.000e+00
1.715e-03
0.000e+00
0.000e+00
0.000e+00
0.000e+00
0.000e+00
0.000e+00
1.715e-03
1.715e-03
1.715e-03
3.431e-03
0.000e+00
1.715e-03
1.715e-03
0.000e+00
3.431e-03
1.715e-03
3.431e-03
8.576e-03
6.861e-03
5.146e-03
1.715e-03
1.715e-03
3.431e-03
1.715e-03
3.431e-03
5.146e-03
3.431e-03
8.576e-03
5.146e-03
6.861e-03
3.431e-03
6.861e-03
6.861e-03
5.146e-03
1.372e-02
1.029e-02
1.544e-02
1.544e-02
1.887e-02
2.058e-02
2.230e-02
4.288e-02
2.058e-02
1.544e-02
3.602e-02
2.058e-02
2.058e-02
3.431e-02
2.230e-02
8.576e-03
1.201e-02
1.544e-02
1.372e-02
1.372e-02
1.201e-02
1.029e-02
1.029e-02
8.576e-03
1.372e-02
5.146e-03
0.000e+00
3.431e-03
5.146e-03
1.715e-03
1.715e-03
3.431e-03
1.715e-03
1.715e-03
0.000e+00
0.000e+00
1.715e-03
8.576e-03
3.431e-03
1.715e-03
3.431e-03
1.715e-03
3.431e-03
0.000e+00
0.000e+00
0.000e+00
5.146e-03
0.000e+00
0.000e+00
0.000e+00
0.000e+00
0.000e+00
0.000e+00
0.000e+00
1.715e-03
0.000e+00
0.000e+00
1.715e-03
0.000e+00
0.000e+00
0.000e+00
0.000e+00
0.000e+00
0.000e+00
0.000e+00
0.000e+00
0.000e+00
0.000e+00
0.000e+00
0.000e+00
0.000e+00
0.000e+00
0.000e+00
0.000e+00
0.000e+00
0.000e+00
0.000e+00
1.715e-03
0.000e+00
0.000e+00
0.000e+00
0.000e+00
0.000e+00
0.000e+00
0.000e+00
0.000e+00
0.000e+00
0.000e+00
0.000e+00
0.000e+00
0.000e+00
0.000e+00
0.000e+00
0.000e+00
0.000e+00
0.000e+00
0.000e+00
0.000e+00
0.000e+00
0.000e+00
0.000e+00
0.000e+00
0.000e+00
0.000e+00
0.000e+00
0.000e+00
0.000e+00
0.000e+00
0.000e+00
0.000e+00
0.000e+00
0.000e+00
0.000e+00
0.000e+00
0.000e+00
0.000e+00
0.000e+00
0.000e+00
0.000e+00
0.000e+00
0.000e+00
0.000e+00
0.000e+00
0.000e+00
0.000e+00
0.000e+00
0.000e+00
0.000e+00
0.000e+00
0.000e+00
0.000e+00
0.000e+00
0.000e+00
0.000e+00
0.000e+00
0.000e+00
0.000e+00
0.000e+00
0.000e+00
0.000e+00
0.000e+00
0.000e+00
0.000e+00
0.000e+00
0.000e+00
0.000e+00
0.000e+00
0.000e+00
1.715e-03
0.000e+00
0.000e+00
0.000e+00
0.000e+00
0.000e+00
0.000e+00
0.000e+00
0.000e+00
0.000e+00
0.000e+00
3.431e-03
0.000e+00
0.000e+00
0.000e+00
1.715e-03
5.146e-03
1.715e-03
1.715e-03
0.000e+00
1.715e-03
1.715e-03
3.431e-03
5.146e-03
6.861e-03
0.000e+00
6.861e-03
3.431e-03
1.201e-02
5.146e-03
5.146e-03
1.201e-02
8.576e-03
1.029e-02
3.431e-03
5.146e-03
6.861e-03
8.576e-03
1.201e-02
6.861e-03
1.201e-02
1.201e-02
