7.719e-03
5.146e-03
1.029e-02
6.003e-03
6.861e-03
6.003e-03
6.003e-03
4.288e-03
3.431e-03
3.431e-03
3.431e-03
1.715e-03
5.146e-03
1.715e-03
8.576e-04
4.288e-03
1.715e-03
0.000e+00
0.000e+00
8.576e-04
8.576e-04
8.576e-04
0.000e+00
2.573e-03
2.573e-03
1.715e-03
8.576e-04
0.000e+00
1.715e-03
0.000e+00
1.715e-03
0.000e+00
8.576e-04
0.000e+00
4.288e-03
0.000e+00
0.000e+00
0.000e+00
0.000e+00
0.000e+00
0.000e+00
0.000e+00
0.000e+00
0.000e+00
8.576e-04
0.000e+00
0.000e+00
8.576e-04
0.000e+00
0.000e+00
0.000e+00
0.000e+00
0.000e+00
0.000e+00
0.000e+00
0.000e+00
0.000e+00
8.576e-04
0.000e+00
0.000e+00
0.000e+00
0.000e+00
0.000e+00
0.000e+00
0.000e+00
0.000e+00
0.000e+00
0.000e+00
0.000e+00
0.000e+00
0.000e+00
0.000e+00
0.000e+00
0.000e+00
0.000e+00
0.000e+00
0.000e+00
0.000e+00
0.000e+00
0.000e+00
0.000e+00
0.000e+00
0.000e+00
8.576e-04
0.000e+00
0.000e+00
0.000e+00
0.000e+00
0.000e+00
0.000e+00
0.000e+00
0.000e+00
0.000e+00
0.000e+00
0.000e+00
0.000e+00
0.000e+00
0.000e+00
0.000e+00
0.000e+00
0.000e+00
0.000e+00
0.000e+00
0.000e+00
0.000e+00
0.000e+00
0.000e+00
0.000e+00
0.000e+00
0.000e+00
0.000e+00
0.000e+00
0.000e+00
0.000e+00
0.000e+00
0.000e+00
0.000e+00
8.576e-04
0.000e+00
0.000e+00
0.000e+00
0.000e+00
0.000e+00
0.000e+00
0.000e+00
0.000e+00
0.000e+00
0.000e+00
8.576e-04
0.000e+00
0.000e+00
0.000e+00
0.000e+00
0.000e+00
8.576e-04
0.000e+00
8.576e-04
8.576e-04
2.573e-03
0.000e+00
0.000e+00
0.000e+00
0.000e+00
0.000e+00
8.576e-04
8.576e-04
1.715e-03
2.573e-03
1.715e-03
3.431e-03
1.715e-03
1.715e-03
3.431e-03
1.715e-03
1.715e-03
1.715e-03
1.715e-03
3.431e-03
8.576e-04
3.431e-03
8.576e-04
2.573e-03
1.715e-03
3.431e-03
0.000e+00
3.431e-03
1.715e-03
5.146e-03
8.576e-04
4.288e-03
4.288e-03
7.719e-03
6.003e-03
1.029e-02
5.146e-03
1.029e-02
7.719e-03
9.434e-03
1.286e-02
1.544e-02
1.115e-02
9.434e-03
9.434e-03
1.115e-02
9.434e-03
1.029e-02
6.861e-03
7.719e-03
7.719e-03
6.003e-03
5.146e-03
5.146e-03
3.431e-03
1.715e-03
3.431e-03
7.719e-03
4.288e-03
3.431e-03
8.576e-04
8.576e-04
8.576e-04
3.431e-03
0.000e+00
1.715e-03
2.573e-03
2.573e-03
0.000e+00
2.573e-03
0.000e+00
0.000e+00
3.431e-03
1.715e-03
8.576e-04
2.573e-03
0.000e+00
1.715e-03
8.576e-04
8.576e-04
2.573e-03
8.576e-04
0.000e+00
8.576e-04
0.000e+00
8.576e-04
8.576e-04
0.000e+00
0.000e+00
0.000e+00
0.000e+00
0.000e+00
0.000e+00
0.000e+00
8.576e-04
0.000e+00
0.000e+00
0.000e+00
0.000e+00
0.000e+00
0.000e+00
0.000e+00
0.000e+00
0.000e+00
0.000e+00
0.000e+00
8.576e-04
0.000e+00
0.000e+00
0.000e+00
0.000e+00
0.000e+00
0.000e+00
0.000e+00
0.000e+00
0.000e+00
0.000e+00
0.000e+00
0.000e+00
0.000e+00
0.000e+00
0.000e+00
0.000e+00
0.000e+00
0.000e+00
0.000e+00
0.000e+00
0.000e+00
0.000e+00
0.000e+00
0.000e+00
0.000e+00
0.000e+00
0.000e+00
0.000e+00
0.000e+00
0.000e+00
0.000e+00
0.000e+00
0.000e+00
0.000e+00
0.000e+00
0.000e+00
0.000e+00
0.000e+00
0.000e+00
0.000e+00
0.000e+00
0.000e+00
0.000e+00
0.000e+00
0.000e+00
0.000e+00
0.000e+00
0.000e+00
0.000e+00
0.000e+00
0.000e+00
0.000e+00
0.000e+00
0.000e+00
0.000e+00
0.000e+00
0.000e+00
0.000e+00
0.000e+00
0.000e+00
0.000e+00
0.000e+00
0.000e+00
0.000e+00
0.000e+00
8.576e-04
0.000e+00
0.000e+00
0.000e+00
0.000e+00
0.000e+00
0.000e+00
0.000e+00
0.000e+00
0.000e+00
0.000e+00
0.000e+00
0.000e+00
0.000e+00
0.000e+00
0.000e+00
0.000e+00
0.000e+00
0.000e+00
8.576e-04
8.576e-04
0.000e+00
0.000e+00
0.000e+00
0.000e+00
1.715e-03
8.576e-04
8.576e-04
0.000e+00
2.573e-03
2.573e-03
1.715e-03
0.000e+00
2.573e-03
2.573e-03
0.000e+00
4.288e-03
2.573e-03
2.573e-03
5.146e-03
3.431e-03
5.146e-03
1.715e-03
7.719e-03
7.719e-03
5.146e-03
5.146e-03
7.719e-03
6.003e-03
6.003e-03
