1.587e-02
1.020e-02
8.503e-03
1.134e-02
1.020e-02
5.669e-03
6.803e-03
6.236e-03
6.236e-03
5.102e-03
4.535e-03
3.968e-03
3.968e-03
1.134e-03
2.834e-03
5.669e-03
1.701e-03
1.701e-03
5.669e-04
2.834e-03
1.701e-03
5.669e-04
1.701e-03
2.834e-03
1.701e-03
5.669e-04
5.669e-04
0.000e+00
1.701e-03
1.701e-03
1.134e-03
5.669e-04
0.000e+00
0.000e+00
0.000e+00
0.000e+00
0.000e+00
5.669e-04
0.000e+00
5.669e-04
0.000e+00
0.000e+00
0.000e+00
0.000e+00
0.000e+00
0.000e+00
0.000e+00
0.000e+00
0.000e+00
0.000e+00
0.000e+00
1.134e-03
5.669e-04
0.000e+00
0.000e+00
0.000e+00
0.000e+00
0.000e+00
0.000e+00
0.000e+00
0.000e+00
0.000e+00
0.000e+00
0.000e+00
0.000e+00
0.000e+00
0.000e+00
0.000e+00
0.000e+00
0.000e+00
0.000e+00
0.000e+00
0.000e+00
5.669e-04
0.000e+00
0.000e+00
0.000e+00
0.000e+00
0.000e+00
0.000e+00
0.000e+00
0.000e+00
0.000e+00
0.000e+00
0.000e+00
0.000e+00
0.000e+00
0.000e+00
0.000e+00
0.000e+00
0.000e+00
0.000e+00
0.000e+00
0.000e+00
0.000e+00
0.000e+00
0.000e+00
0.000e+00
0.000e+00
0.000e+00
0.000e+00
0.000e+00
0.000e+00
0.000e+00
0.000e+00
0.000e+00
0.000e+00
0.000e+00
0.000e+00
0.000e+00
0.000e+00
0.000e+00
0.000e+00
5.669e-04
0.000e+00
0.000e+00
0.000e+00
0.000e+00
5.669e-04
0.000e+00
0.000e+00
5.669e-04
0.000e+00
0.000e+00
0.000e+00
5.669e-04
0.000e+00
0.000e+00
1.134e-03
5.669e-04
0.000e+00
0.000e+00
0.000e+00
0.000e+00
1.701e-03
0.000e+00
3.401e-03
1.134e-03
3.401e-03
1.134e-03
1.701e-03
5.669e-04
1.134e-03
5.669e-04
1.134e-03
1.134e-03
2.834e-03
1.134e-03
5.669e-04
2.268e-03
5.669e-04
2.834e-03
2.834e-03
1.134e-03
1.701e-03
1.701e-03
2.834e-03
3.401e-03
1.701e-03
2.834e-03
5.669e-04
2.834e-03
2.834e-03
4.535e-03
0.000e+00
3.968e-03
5.102e-03
5.669e-03
3.401e-03
4.535e-03
6.236e-03
3.401e-03
5.669e-03
6.236e-03
5.102e-03
3.401e-03
3.968e-03
2.834e-03
6.803e-03
4.535e-03
3.401e-03
3.401e-03
3.968e-03
3.968e-03
6.803e-03
2.834e-03
2.834e-03
5.102e-03
6.236e-03
2.268e-03
4.535e-03
5.669e-03
3.401e-03
2.268e-03
3.401e-03
5.102e-03
3.401e-03
5.669e-03
5.669e-04
5.669e-04
4.535e-03
1.701e-03
2.268e-03
1.701e-03
2.834e-03
1.701e-03
1.701e-03
2.834e-03
2.268e-03
5.669e-04
2.268e-03
1.701e-03
5.669e-04
2.834e-03
2.268e-03
5.669e-04
5.669e-04
5.669e-04
3.401e-03
5.669e-04
0.000e+00
5.669e-04
5.669e-04
5.669e-04
5.669e-04
5.669e-04
0.000e+00
0.000e+00
0.000e+00
0.000e+00
5.669e-04
0.000e+00
5.669e-04
0.000e+00
0.000e+00
5.669e-04
0.000e+00
0.000e+00
0.000e+00
5.669e-04
0.000e+00
0.000e+00
5.669e-04
0.000e+00
0.000e+00
0.000e+00
0.000e+00
0.000e+00
0.000e+00
0.000e+00
5.669e-04
0.000e+00
0.000e+00
0.000e+00
0.000e+00
0.000e+00
0.000e+00
0.000e+00
0.000e+00
0.000e+00
0.000e+00
0.000e+00
0.000e+00
0.000e+00
0.000e+00
0.000e+00
0.000e+00
0.000e+00
0.000e+00
0.000e+00
0.000e+00
0.000e+00
0.000e+00
0.000e+00
0.000e+00
0.000e+00
0.000e+00
0.000e+00
0.000e+00
0.000e+00
0.000e+00
0.000e+00
0.000e+00
0.000e+00
0.000e+00
0.000e+00
0.000e+00
0.000e+00
0.000e+00
0.000e+00
0.000e+00
0.000e+00
0.000e+00
0.000e+00
0.000e+00
0.000e+00
0.000e+00
0.000e+00
0.000e+00
0.000e+00
0.000e+00
0.000e+00
0.000e+00
0.000e+00
0.000e+00
0.000e+00
0.000e+00
0.000e+00
0.000e+00
0.000e+00
0.000e+00
5.669e-04
0.000e+00
5.669e-04
0.000e+00
0.000e+00
0.000e+00
0.000e+00
0.000e+00
5.669e-04
0.000e+00
0.000e+00
0.000e+00
0.000e+00
0.000e+00
5.669e-04
0.000e+00
1.134e-03
1.134e-03
5.669e-04
1.134e-03
1.701e-03
0.000e+00
5.669e-04
1.134e-03
1.134e-03
1.701e-03
0.000e+00
5.669e-04
1.701e-03
0.000e+00
1.134e-03
1.134e-03
2.834e-03
5.669e-03
5.669e-04
3.968e-03
2.834e-03
3.968e-03
5.102e-03
4.535e-03
6.236e-03
5.102e-03
7.937e-03
8.503e-03
5.669e-03
5.669e-03
8.503e-03
1.247e-02
1.020e-02
