1.701e-02
2.721e-02
2.494e-02
2.154e-02
1.474e-02
1.927e-02
1.020e-02
2.041e-02
1.134e-02
6.803e-03
4.535e-03
9.070e-03
1.474e-02
9.070e-03
9.070e-03
2.268e-03
2.268e-03
4.535e-03
4.535e-03
7.937e-03
1.134e-03
2.268e-03
1.134e-03
2.268e-03
0.000e+00
1.134e-03
4.535e-03
0.000e+00
0.000e+00
2.268e-03
0.000e+00
0.000e+00
0.000e+00
0.000e+00
1.134e-03
0.000e+00
0.000e+00
0.000e+00
0.000e+00
0.000e+00
0.000e+00
0.000e+00
1.134e-03
2.268e-03
0.000e+00
0.000e+00
0.000e+00
0.000e+00
1.134e-03
0.000e+00
0.000e+00
0.000e+00
0.000e+00
0.000e+00
0.000e+00
0.000e+00
0.000e+00
0.000e+00
0.000e+00
0.000e+00
0.000e+00
0.000e+00
0.000e+00
0.000e+00
0.000e+00
0.000e+00
0.000e+00
0.000e+00
0.000e+00
0.000e+00
0.000e+00
0.000e+00
0.000e+00
0.000e+00
0.000e+00
0.000e+00
0.000e+00
0.000e+00
0.000e+00
0.000e+00
0.000e+00
0.000e+00
0.000e+00
0.000e+00
0.000e+00
0.000e+00
0.000e+00
0.000e+00
0.000e+00
0.000e+00
0.000e+00
0.000e+00
0.000e+00
0.000e+00
0.000e+00
0.000e+00
0.000e+00
0.000e+00
0.000e+00
0.000e+00
0.000e+00
0.000e+00
0.000e+00
0.000e+00
0.000e+00
0.000e+00
0.000e+00
0.000e+00
0.000e+00
0.000e+00
0.000e+00
0.000e+00
0.000e+00
0.000e+00
1.134e-03
0.000e+00
0.000e+00
0.000e+00
0.000e+00
0.000e+00
0.000e+00
0.000e+00
0.000e+00
0.000e+00
0.000e+00
0.000e+00
0.000e+00
0.000e+00
0.000e+00
1.134e-03
0.000e+00
3.401e-03
0.000e+00
0.000e+00
1.134e-03
0.000e+00
0.000e+00
0.000e+00
2.268e-03
0.000e+00
0.000e+00
1.134e-03
1.134e-03
0.000e+00
3.401e-03
3.401e-03
3.401e-03
5.669e-03
2.268e-03
3.401e-03
5.669e-03
4.535e-03
2.268e-03
1.020e-02
2.268e-03
4.535e-03
3.401e-03
3.401e-03
4.535e-03
2.268e-03
4.535e-03
2.268e-03
9.070e-03
3.401e-03
9.070e-03
1.134e-02
9.070e-03
3.401e-03
6.803e-03
9.070e-03
1.247e-02
7.937e-03
1.134e-02
1.134e-02
1.134e-02
9.070e-03
1.587e-02
1.361e-02
9.070e-03
1.701e-02
1.587e-02
1.701e-02
9.070e-03
1.134e-02
5.669e-03
1.020e-02
1.134e-02
1.587e-02
6.803e-03
9.070e-03
3.401e-03
1.247e-02
1.134e-02
1.020e-02
1.361e-02
3.401e-03
1.134e-03
6.803e-03
6.803e-03
3.401e-03
3.401e-03
4.535e-03
2.268e-03
5.669e-03
2.268e-03
5.669e-03
6.803e-03
2.268e-03
4.535e-03
3.401e-03
1.134e-03
0.000e+00
4.535e-03
0.000e+00
0.000e+00
0.000e+00
0.000e+00
0.000e+00
1.134e-03
0.000e+00
0.000e+00
0.000e+00
0.000e+00
0.000e+00
0.000e+00
0.000e+00
0.000e+00
0.000e+00
0.000e+00
2.268e-03
2.268e-03
0.000e+00
0.000e+00
0.000e+00
0.000e+00
0.000e+00
0.000e+00
0.000e+00
0.000e+00
0.000e+00
0.000e+00
0.000e+00
0.000e+00
0.000e+00
0.000e+00
0.000e+00
0.000e+00
0.000e+00
0.000e+00
0.000e+00
0.000e+00
0.000e+00
0.000e+00
0.000e+00
0.000e+00
0.000e+00
0.000e+00
0.000e+00
0.000e+00
0.000e+00
0.000e+00
0.000e+00
0.000e+00
0.000e+00
0.000e+00
0.000e+00
0.000e+00
0.000e+00
0.000e+00
0.000e+00
0.000e+00
0.000e+00
0.000e+00
0.000e+00
0.000e+00
0.000e+00
0.000e+00
0.000e+00
0.000e+00
0.000e+00
0.000e+00
0.000e+00
0.000e+00
0.000e+00
0.000e+00
0.000e+00
0.000e+00
0.000e+00
0.000e+00
0.000e+00
0.000e+00
0.000e+00
0.000e+00
0.000e+00
0.000e+00
0.000e+00
0.000e+00
0.000e+00
0.000e+00
0.000e+00
0.000e+00
0.000e+00
0.000e+00
0.000e+00
0.000e+00
0.000e+00
0.000e+00
0.000e+00
0.000e+00
0.000e+00
0.000e+00
0.000e+00
1.134e-03
1.134e-03
0.000e+00
1.134e-03
1.134e-03
0.000e+00
0.000e+00
0.000e+00
0.000e+00
0.000e+00
0.000e+00
0.000e+00
0.000e+00
0.000e+00
0.000e+00
0.000e+00
1.134e-03
1.134e-03
2.268e-03
0.000e+00
0.000e+00
1.134e-03
4.535e-03
1.134e-03
1.134e-03
3.401e-03
0.000e+00
2.268e-03
2.268e-03
3.401e-03
3.401e-03
6.803e-03
1.134e-03
5.669e-03
7.937e-03
5.669e-03
6.803e-03
5.669e-03
1.587e-02
1.134e-02
7.937e-03
1.134e-02
1.587e-02
2.041e-02
1.474e-02
2.494e-02
2.494e-02
1.927e-02
