4.138e-02
2.765e-02
2.442e-02
2.019e-02
1.756e-02
1.998e-02
1.595e-02
1.635e-02
1.413e-02
8.680e-03
6.056e-03
9.689e-03
6.258e-03
5.652e-03
6.459e-03
3.432e-03
3.028e-03
2.826e-03
2.422e-03
2.624e-03
2.220e-03
2.019e-03
8.074e-04
1.817e-03
6.056e-04
1.615e-03
2.019e-03
6.056e-04
6.056e-04
1.009e-03
1.009e-03
2.019e-04
6.056e-04
0.000e+00
6.056e-04
0.000e+00
4.037e-04
0.000e+00
4.037e-04
2.019e-04
2.019e-04
2.019e-04
4.037e-04
6.056e-04
2.019e-04
2.019e-04
4.037e-04
2.019e-04
2.019e-04
0.000e+00
2.019e-04
0.000e+00
2.019e-04
0.000e+00
0.000e+00
0.000e+00
0.000e+00
0.000e+00
2.019e-04
0.000e+00
0.000e+00
0.000e+00
0.000e+00
0.000e+00
0.000e+00
0.000e+00
0.000e+00
2.019e-04
0.000e+00
0.000e+00
0.000e+00
0.000e+00
0.000e+00
0.000e+00
0.000e+00
0.000e+00
0.000e+00
0.000e+00
0.000e+00
0.000e+00
0.000e+00
0.000e+00
0.000e+00
0.000e+00
0.000e+00
0.000e+00
0.000e+00
0.000e+00
0.000e+00
0.000e+00
0.000e+00
0.000e+00
2.019e-04
0.000e+00
0.000e+00
0.000e+00
2.019e-04
0.000e+00
0.000e+00
0.000e+00
0.000e+00
0.000e+00
0.000e+00
0.000e+00
0.000e+00
0.000e+00
2.019e-04
0.000e+00
0.000e+00
0.000e+00
0.000e+00
0.000e+00
0.000e+00
0.000e+00
2.019e-04
0.000e+00
0.000e+00
0.000e+00
2.019e-04
0.000e+00
2.019e-04
2.019e-04
0.000e+00
0.000e+00
0.000e+00
0.000e+00
0.000e+00
0.000e+00
0.000e+00
2.019e-04
0.000e+00
8.074e-04
2.019e-04
2.019e-04
6.056e-04
2.019e-04
2.019e-04
4.037e-04
6.056e-04
4.037e-04
2.019e-04
8.074e-04
4.037e-04
6.056e-04
1.009e-03
1.413e-03
1.615e-03
1.615e-03
8.074e-04
8.074e-04
1.817e-03
2.019e-03
2.019e-03
4.239e-03
2.019e-03
2.422e-03
1.211e-03
2.220e-03
2.220e-03
2.019e-03
2.220e-03
3.230e-03
4.643e-03
2.422e-03
4.441e-03
5.450e-03
5.854e-03
3.633e-03
4.845e-03
7.872e-03
9.084e-03
8.478e-03
1.029e-02
1.615e-02
1.474e-02
1.534e-02
2.160e-02
2.140e-02
2.342e-02
2.180e-02
3.654e-02
2.342e-02
2.342e-02
1.918e-02
1.413e-02
1.252e-02
1.574e-02
1.312e-02
8.680e-03
9.285e-03
8.882e-03
6.863e-03
6.056e-03
5.248e-03
4.845e-03
3.633e-03
3.230e-03
3.230e-03
3.230e-03
2.422e-03
3.230e-03
3.432e-03
8.074e-04
2.220e-03
1.211e-03
1.615e-03
1.817e-03
1.413e-03
2.220e-03
1.211e-03
1.413e-03
1.009e-03
1.211e-03
2.019e-04
2.019e-04
6.056e-04
1.009e-03
8.074e-04
4.037e-04
8.074e-04
0.000e+00
8.074e-04
2.019e-04
4.037e-04
2.019e-04
2.019e-04
2.019e-04
6.056e-04
4.037e-04
8.074e-04
4.037e-04
0.000e+00
0.000e+00
0.000e+00
0.000e+00
2.019e-04
0.000e+00
0.000e+00
2.019e-04
4.037e-04
2.019e-04
0.000e+00
0.000e+00
0.000e+00
0.000e+00
2.019e-04
0.000e+00
2.019e-04
0.000e+00
0.000e+00
0.000e+00
0.000e+00
0.000e+00
2.019e-04
0.000e+00
0.000e+00
0.000e+00
0.000e+00
0.000e+00
0.000e+00
0.000e+00
0.000e+00
0.000e+00
0.000e+00
0.000e+00
0.000e+00
0.000e+00
0.000e+00
0.000e+00
0.000e+00
0.000e+00
0.000e+00
0.000e+00
0.000e+00
0.000e+00
0.000e+00
0.000e+00
2.019e-04
0.000e+00
0.000e+00
0.000e+00
0.000e+00
0.000e+00
0.000e+00
0.000e+00
0.000e+00
0.000e+00
0.000e+00
0.000e+00
0.000e+00
2.019e-04
0.000e+00
0.000e+00
0.000e+00
0.000e+00
0.000e+00
0.000e+00
2.019e-04
0.000e+00
0.000e+00
2.019e-04
0.000e+00
2.019e-04
0.000e+00
0.000e+00
0.000e+00
0.000e+00
0.000e+00
0.000e+00
0.000e+00
0.000e+00
0.000e+00
2.019e-04
4.037e-04
0.000e+00
8.074e-04
2.019e-04
4.037e-04
2.019e-04
0.000e+00
2.019e-04
0.000e+00
4.037e-04
0.000e+00
6.056e-04
4.037e-04
0.000e+00
6.056e-04
6.056e-04
6.056e-04
6.056e-04
0.000e+00
8.074e-04
2.019e-04
1.817e-03
1.211e-03
1.009e-03
2.220e-03
1.615e-03
1.817e-03
2.220e-03
2.624e-03
2.826e-03
2.220e-03
3.230e-03
3.230e-03
5.652e-03
4.037e-03
5.046e-03
6.661e-03
1.231e-02
1.171e-02
8.276e-03
1.332e-02
1.595e-02
1.413e-02
1.897e-02
2.321e-02
2.483e-02
2.665e-02
