1.373e-02
1.322e-02
1.272e-02
1.130e-02
9.184e-03
8.175e-03
8.074e-03
5.551e-03
6.459e-03
5.248e-03
3.129e-03
3.331e-03
3.532e-03
2.826e-03
2.119e-03
2.826e-03
1.918e-03
1.918e-03
8.074e-04
9.084e-04
1.110e-03
5.046e-04
1.110e-03
1.009e-03
1.514e-03
5.046e-04
8.074e-04
3.028e-04
6.056e-04
7.065e-04
5.046e-04
3.028e-04
4.037e-04
5.046e-04
8.074e-04
0.000e+00
1.009e-04
5.046e-04
1.009e-04
2.019e-04
2.019e-04
1.009e-04
1.009e-04
1.009e-04
1.009e-04
1.009e-04
0.000e+00
1.009e-04
1.009e-04
1.009e-04
0.000e+00
2.019e-04
1.009e-04
0.000e+00
0.000e+00
0.000e+00
0.000e+00
1.009e-04
1.009e-04
0.000e+00
1.009e-04
1.009e-04
0.000e+00
1.009e-04
0.000e+00
1.009e-04
0.000e+00
0.000e+00
0.000e+00
0.000e+00
1.009e-04
0.000e+00
0.000e+00
1.009e-04
1.009e-04
0.000e+00
0.000e+00
0.000e+00
0.000e+00
0.000e+00
0.000e+00
0.000e+00
0.000e+00
1.009e-04
1.009e-04
0.000e+00
0.000e+00
0.000e+00
0.000e+00
1.009e-04
0.000e+00
0.000e+00
0.000e+00
0.000e+00
0.000e+00
0.000e+00
0.000e+00
0.000e+00
0.000e+00
0.000e+00
0.000e+00
0.000e+00
0.000e+00
0.000e+00
0.000e+00
0.000e+00
0.000e+00
0.000e+00
0.000e+00
1.009e-04
0.000e+00
1.009e-04
0.000e+00
1.009e-04
0.000e+00
2.019e-04
0.000e+00
2.019e-04
1.009e-04
0.000e+00
0.000e+00
2.019e-04
2.019e-04
1.009e-04
3.028e-04
2.019e-04
1.009e-04
1.009e-04
3.028e-04
2.019e-04
0.000e+00
1.009e-04
0.000e+00
0.000e+00
4.037e-04
2.019e-04
9.084e-04
3.028e-04
8.074e-04
5.046e-04
4.037e-04
2.019e-04
3.028e-04
3.028e-04
7.065e-04
6.056e-04
1.110e-03
7.065e-04
4.037e-04
1.110e-03
6.056e-04
9.084e-04
1.716e-03
8.074e-04
9.084e-04
9.084e-04
1.211e-03
1.211e-03
7.065e-04
1.918e-03
1.312e-03
1.211e-03
2.523e-03
2.624e-03
1.817e-03
2.624e-03
2.624e-03
4.037e-03
3.129e-03
3.936e-03
4.542e-03
4.643e-03
6.358e-03
6.661e-03
7.267e-03
7.570e-03
7.973e-03
1.019e-02
9.992e-03
1.019e-02
9.689e-03
8.276e-03
9.386e-03
1.110e-02
8.175e-03
5.450e-03
7.469e-03
6.762e-03
5.046e-03
4.340e-03
5.248e-03
4.239e-03
3.532e-03
2.119e-03
2.119e-03
3.432e-03
2.321e-03
2.725e-03
1.211e-03
1.312e-03
1.312e-03
1.413e-03
1.211e-03
1.009e-03
1.817e-03
9.084e-04
7.065e-04
9.084e-04
7.065e-04
5.046e-04
8.074e-04
7.065e-04
8.074e-04
1.110e-03
9.084e-04
6.056e-04
3.028e-04
5.046e-04
9.084e-04
3.028e-04
2.019e-04
4.037e-04
3.028e-04
4.037e-04
2.019e-04
1.009e-04
0.000e+00
3.028e-04
0.000e+00
1.009e-04
1.009e-04
1.009e-04
1.009e-04
1.009e-04
1.009e-04
2.019e-04
0.000e+00
0.000e+00
1.009e-04
3.028e-04
1.009e-04
3.028e-04
2.019e-04
1.009e-04
2.019e-04
0.000e+00
0.000e+00
0.000e+00
0.000e+00
0.000e+00
2.019e-04
1.009e-04
0.000e+00
0.000e+00
1.009e-04
0.000e+00
0.000e+00
0.000e+00
0.000e+00
0.000e+00
0.000e+00
0.000e+00
0.000e+00
1.009e-04
0.000e+00
0.000e+00
0.000e+00
0.000e+00
0.000e+00
0.000e+00
0.000e+00
1.009e-04
0.000e+00
1.009e-04
0.000e+00
0.000e+00
0.000e+00
0.000e+00
0.000e+00
1.009e-04
0.000e+00
0.000e+00
0.000e+00
0.000e+00
0.000e+00
0.000e+00
0.000e+00
0.000e+00
0.000e+00
0.000e+00
1.009e-04
0.000e+00
1.009e-04
1.009e-04
0.000e+00
0.000e+00
0.000e+00
1.009e-04
1.009e-04
1.009e-04
0.000e+00
1.009e-04
0.000e+00
1.009e-04
0.000e+00
1.009e-04
0.000e+00
0.000e+00
1.009e-04
0.000e+00
1.009e-04
1.009e-04
1.009e-04
2.019e-04
1.009e-04
0.000e+00
1.009e-04
2.019e-04
0.000e+00
4.037e-04
1.009e-04
1.009e-04
0.000e+00
1.009e-04
0.000e+00
2.019e-04
2.019e-04
4.037e-04
4.037e-04
4.037e-04
4.037e-04
1.009e-03
0.000e+00
7.065e-04
3.028e-04
5.046e-04
7.065e-04
5.046e-04
2.019e-04
8.074e-04
1.211e-03
1.413e-03
1.716e-03
2.321e-03
2.422e-03
2.019e-03
2.725e-03
2.725e-03
2.826e-03
3.633e-03
5.652e-03
4.441e-03
6.056e-03
6.560e-03
7.872e-03
9.285e-03
9.386e-03
1.080e-02
1.453e-02
1.191e-02
