1.931e-03
9.653e-04
1.931e-03
0.000e+00
0.000e+00
0.000e+00
9.653e-04
9.653e-04
0.000e+00
0.000e+00
0.000e+00
0.000e+00
0.000e+00
0.000e+00
0.000e+00
0.000e+00
0.000e+00
0.000e+00
0.000e+00
0.000e+00
9.653e-04
9.653e-04
0.000e+00
0.000e+00
0.000e+00
9.653e-04
9.653e-04
0.000e+00
9.653e-04
9.653e-04
9.653e-04
9.653e-04
1.931e-03
1.931e-03
3.861e-03
2.896e-03
9.653e-04
9.653e-04
2.896e-03
7.722e-03
7.722e-03
5.792e-03
5.792e-03
7.722e-03
1.544e-02
7.722e-03
1.062e-02
6.757e-03
7.722e-03
2.896e-03
6.757e-03
7.722e-03
5.792e-03
1.931e-03
0.000e+00
3.861e-03
2.896e-03
7.722e-03
1.931e-03
2.896e-03
2.896e-03
4.826e-03
4.826e-03
7.722e-03
3.861e-03
0.000e+00
4.826e-03
1.931e-03
3.861e-03
4.826e-03
2.896e-03
0.000e+00
1.931e-03
3.861e-03
9.653e-04
2.896e-03
5.792e-03
9.653e-04
2.896e-03
9.653e-04
2.896e-03
1.931e-03
2.896e-03
0.000e+00
9.653e-04
3.861e-03
6.757e-03
7.722e-03
5.792e-03
8.687e-03
6.757e-03
4.826e-03
2.896e-03
9.653e-04
1.931e-03
1.931e-03
0.000e+00
5.792e-03
1.931e-03
2.896e-03
9.653e-04
1.931e-03
1.931e-03
0.000e+00
1.931e-03
1.931e-03
0.000e+00
2.896e-03
9.653e-04
2.896e-03
2.896e-03
2.896e-03
6.757e-03
3.861e-03
1.931e-03
5.792e-03
2.896e-03
1.931e-03
3.861e-03
1.931e-03
3.861e-03
1.931e-03
5.792e-03
4.826e-03
3.861e-03
3.861e-03
9.653e-04
2.896e-03
3.861e-03
4.826e-03
4.826e-03
5.792e-03
6.757e-03
1.544e-02
1.158e-02
5.792e-03
7.722e-03
7.722e-03
4.826e-03
3.861e-03
7.722e-03
4.826e-03
1.931e-03
9.653e-04
9.653e-04
2.896e-03
9.653e-04
9.653e-04
2.896e-03
1.931e-03
1.931e-03
9.653e-04
0.000e+00
9.653e-04
9.653e-04
0.000e+00
0.000e+00
0.000e+00
0.000e+00
9.653e-04
0.000e+00
0.000e+00
9.653e-04
9.653e-04
0.000e+00
0.000e+00
9.653e-04
0.000e+00
9.653e-04
9.653e-04
9.653e-04
1.931e-03
9.653e-04
0.000e+00
0.000e+00
0.000e+00
0.000e+00
1.931e-03
0.000e+00
4.826e-03
1.931e-03
9.653e-04
1.931e-03
0.000e+00
0.000e+00
0.000e+00
9.653e-04
9.653e-04
0.000e+00
0.000e+00
0.000e+00
0.000e+00
0.000e+00
0.000e+00
0.000e+00
0.000e+00
0.000e+00
0.000e+00
9.653e-04
9.653e-04
0.000e+00
0.000e+00
0.000e+00
0.000e+00
9.653e-04
0.000e+00
0.000e+00
2.896e-03
0.000e+00
0.000e+00
9.653e-04
9.653e-04
2.896e-03
1.931e-03
2.896e-03
1.931e-03
1.931e-03
3.861e-03
2.896e-03
7.722e-03
4.826e-03
4.826e-03
6.757e-03
1.158e-02
1.158e-02
6.757e-03
6.757e-03
8.687e-03
5.792e-03
1.158e-02
6.757e-03
5.792e-03
4.826e-03
1.931e-03
0.000e+00
3.861e-03
2.896e-03
1.931e-03
3.861e-03
3.861e-03
3.861e-03
6.757e-03
1.931e-03
5.792e-03
4.826e-03
2.896e-03
3.861e-03
2.896e-03
2.896e-03
4.826e-03
2.896e-03
0.000e+00
1.931e-03
1.931e-03
3.861e-03
2.896e-03
2.896e-03
1.931e-03
3.861e-03
9.653e-04
9.653e-04
1.931e-03
7.722e-03
0.000e+00
0.000e+00
3.861e-03
9.653e-03
2.896e-03
8.687e-03
3.861e-03
6.757e-03
7.722e-03
4.826e-03
0.000e+00
3.861e-03
1.931e-03
0.000e+00
1.931e-03
9.653e-04
1.931e-03
1.931e-03
3.861e-03
0.000e+00
2.896e-03
9.653e-04
9.653e-04
0.000e+00
1.931e-03
9.653e-04
4.826e-03
3.861e-03
3.861e-03
2.896e-03
2.896e-03
5.792e-03
3.861e-03
2.896e-03
9.653e-04
3.861e-03
3.861e-03
9.653e-04
6.757e-03
3.861e-03
2.896e-03
4.826e-03
3.861e-03
2.896e-03
9.653e-04
5.792e-03
3.861e-03
7.722e-03
3.861e-03
5.792e-03
1.737e-02
1.158e-02
6.757e-03
4.826e-03
7.722e-03
4.826e-03
6.757e-03
6.757e-03
2.896e-03
1.931e-03
1.931e-03
9.653e-04
9.653e-04
1.931e-03
9.653e-04
2.896e-03
0.000e+00
1.931e-03
1.931e-03
9.653e-04
0.000e+00
1.931e-03
0.000e+00
0.000e+00
9.653e-04
0.000e+00
9.653e-04
0.000e+00
9.653e-04
0.000e+00
0.000e+00
0.000e+00
0.000e+00
9.653e-04
0.000e+00
0.000e+00
1.931e-03
9.653e-04
1.931e-03
9.653e-04
0.000e+00
0.000e+00
0.000e+00
0.000e+00
1.931e-03
9.653e-04
3.861e-03
