0.000e+00
0.000e+00
0.000e+00
0.000e+00
1.448e-03
0.000e+00
0.000e+00
0.000e+00
0.000e+00
0.000e+00
4.826e-04
4.826e-04
0.000e+00
9.653e-04
4.826e-04
0.000e+00
0.000e+00
0.000e+00
0.000e+00
0.000e+00
4.826e-04
4.826e-04
0.000e+00
0.000e+00
0.000e+00
0.000e+00
4.826e-04
0.000e+00
4.826e-04
0.000e+00
4.826e-04
0.000e+00
0.000e+00
0.000e+00
9.653e-04
4.826e-04
4.826e-04
0.000e+00
4.826e-04
0.000e+00
9.653e-04
0.000e+00
4.826e-04
2.413e-03
1.448e-03
9.653e-04
1.931e-03
1.931e-03
4.826e-04
1.931e-03
3.378e-03
1.448e-03
9.653e-04
1.448e-03
4.826e-03
1.931e-03
1.931e-03
1.448e-03
1.931e-03
3.861e-03
2.413e-03
3.861e-03
2.896e-03
1.448e-03
1.448e-03
1.931e-03
2.413e-03
2.896e-03
2.896e-03
2.896e-03
1.931e-03
1.448e-03
4.826e-03
2.896e-03
2.896e-03
2.896e-03
3.861e-03
9.653e-04
2.413e-03
1.448e-03
2.896e-03
3.861e-03
3.378e-03
1.931e-03
3.378e-03
3.861e-03
3.378e-03
1.931e-03
4.344e-03
1.931e-03
3.378e-03
2.896e-03
2.413e-03
4.344e-03
1.448e-03
2.413e-03
4.344e-03
2.413e-03
1.931e-03
3.378e-03
2.413e-03
3.861e-03
2.413e-03
3.861e-03
4.826e-04
2.896e-03
5.309e-03
1.448e-03
2.413e-03
1.931e-03
1.448e-03
2.896e-03
3.378e-03
3.378e-03
9.653e-04
2.413e-03
9.653e-04
1.931e-03
3.378e-03
1.931e-03
1.931e-03
1.448e-03
4.826e-04
3.378e-03
1.931e-03
2.413e-03
1.931e-03
2.413e-03
3.378e-03
2.896e-03
1.448e-03
1.448e-03
1.448e-03
9.653e-04
1.448e-03
1.448e-03
2.896e-03
9.653e-04
0.000e+00
4.826e-04
2.413e-03
9.653e-04
0.000e+00
0.000e+00
0.000e+00
4.826e-04
4.826e-04
4.826e-04
0.000e+00
0.000e+00
0.000e+00
0.000e+00
4.826e-04
4.826e-04
0.000e+00
0.000e+00
0.000e+00
0.000e+00
0.000e+00
4.826e-04
9.653e-04
0.000e+00
0.000e+00
0.000e+00
4.826e-04
0.000e+00
0.000e+00
4.826e-04
0.000e+00
9.653e-04
0.000e+00
4.826e-04
0.000e+00
0.000e+00
0.000e+00
4.826e-04
4.826e-04
0.000e+00
0.000e+00
0.000e+00
0.000e+00
0.000e+00
0.000e+00
0.000e+00
4.826e-04
4.826e-04
4.826e-04
0.000e+00
4.826e-04
0.000e+00
0.000e+00
4.826e-04
4.826e-04
4.826e-04
4.826e-04
0.000e+00
0.000e+00
0.000e+00
0.000e+00
0.000e+00
9.653e-04
0.000e+00
0.000e+00
0.000e+00
0.000e+00
4.826e-04
0.000e+00
4.826e-04
0.000e+00
0.000e+00
0.000e+00
0.000e+00
4.826e-04
9.653e-04
0.000e+00
9.653e-04
4.826e-04
0.000e+00
0.000e+00
4.826e-04
0.000e+00
4.826e-04
2.413e-03
1.448e-03
9.653e-04
4.826e-04
1.448e-03
4.826e-04
2.413e-03
2.413e-03
2.413e-03
1.931e-03
9.653e-04
2.896e-03
1.931e-03
2.413e-03
1.448e-03
3.861e-03
2.413e-03
1.448e-03
2.413e-03
2.413e-03
2.896e-03
2.896e-03
4.344e-03
9.653e-04
3.378e-03
4.344e-03
1.931e-03
0.000e+00
1.931e-03
3.861e-03
1.931e-03
6.757e-03
3.378e-03
1.931e-03
9.653e-04
1.448e-03
1.931e-03
2.896e-03
2.896e-03
2.413e-03
5.309e-03
1.448e-03
3.861e-03
1.931e-03
2.413e-03
2.413e-03
4.826e-03
3.378e-03
2.413e-03
3.861e-03
4.344e-03
3.378e-03
2.413e-03
0.000e+00
3.378e-03
1.931e-03
2.896e-03
4.344e-03
9.653e-04
2.896e-03
3.861e-03
3.861e-03
9.653e-04
1.931e-03
2.413e-03
3.378e-03
3.378e-03
9.653e-04
3.861e-03
1.931e-03
2.413e-03
2.896e-03
2.413e-03
4.344e-03
1.448e-03
9.653e-04
1.448e-03
1.448e-03
3.378e-03
1.931e-03
4.826e-04
1.931e-03
2.896e-03
2.896e-03
9.653e-04
1.931e-03
1.931e-03
3.861e-03
2.413e-03
0.000e+00
2.413e-03
1.448e-03
2.896e-03
4.826e-04
2.413e-03
4.826e-04
9.653e-04
1.448e-03
9.653e-04
9.653e-04
0.000e+00
4.826e-04
4.826e-04
0.000e+00
4.826e-04
0.000e+00
0.000e+00
0.000e+00
4.826e-04
0.000e+00
0.000e+00
0.000e+00
4.826e-04
0.000e+00
0.000e+00
4.826e-04
4.826e-04
4.826e-04
0.000e+00
0.000e+00
0.000e+00
0.000e+00
4.826e-04
4.826e-04
0.000e+00
0.000e+00
0.000e+00
9.653e-04
4.826e-04
0.000e+00
0.000e+00
0.000e+00
4.826e-04
0.000e+00
0.000e+00
4.826e-04
0.000e+00
0.000e+00
