5.882e-03
8.824e-03
1.176e-02
5.882e-03
2.941e-03
5.882e-03
2.941e-03
0.000e+00
2.941e-03
2.941e-03
0.000e+00
0.000e+00
5.882e-03
0.000e+00
2.941e-03
2.941e-03
2.941e-03
0.000e+00
8.824e-03
0.000e+00
2.941e-03
2.941e-03
0.000e+00
0.000e+00
2.941e-03
5.882e-03
2.941e-03
0.000e+00
0.000e+00
2.941e-03
0.000e+00
2.941e-03
8.824e-03
0.000e+00
0.000e+00
0.000e+00
0.000e+00
5.882e-03
8.824e-03
0.000e+00
0.000e+00
0.000e+00
0.000e+00
5.882e-03
0.000e+00
2.941e-03
5.882e-03
5.882e-03
0.000e+00
0.000e+00
0.000e+00
8.824e-03
5.882e-03
0.000e+00
2.941e-03
0.000e+00
1.471e-02
0.000e+00
0.000e+00
0.000e+00
0.000e+00
0.000e+00
2.941e-03
2.941e-03
2.941e-03
0.000e+00
2.941e-03
2.941e-03
2.941e-03
2.941e-03
0.000e+00
0.000e+00
2.941e-03
0.000e+00
5.882e-03
0.000e+00
0.000e+00
0.000e+00
0.000e+00
5.882e-03
0.000e+00
2.941e-03
2.941e-03
5.882e-03
2.941e-03
5.882e-03
2.941e-03
8.824e-03
0.000e+00
2.941e-03
1.471e-02
5.882e-03
2.941e-03
0.000e+00
5.882e-03
0.000e+00
0.000e+00
0.000e+00
2.941e-03
2.941e-03
2.941e-03
0.000e+00
2.941e-03
0.000e+00
0.000e+00
2.941e-03
0.000e+00
0.000e+00
2.941e-03
2.941e-03
0.000e+00
0.000e+00
0.000e+00
0.000e+00
0.000e+00
2.941e-03
2.941e-03
2.941e-03
2.941e-03
2.941e-03
0.000e+00
2.941e-03
2.941e-03
5.882e-03
8.824e-03
2.941e-03
0.000e+00
0.000e+00
0.000e+00
0.000e+00
2.941e-03
0.000e+00
2.941e-03
5.882e-03
2.941e-03
2.941e-03
0.000e+00
5.882e-03
2.941e-03
2.941e-03
0.000e+00
5.882e-03
0.000e+00
5.882e-03
2.941e-03
0.000e+00
5.882e-03
2.941e-03
5.882e-03
2.941e-03
2.941e-03
0.000e+00
2.941e-03
2.941e-03
0.000e+00
2.941e-03
2.941e-03
5.882e-03
0.000e+00
0.000e+00
5.882e-03
5.882e-03
0.000e+00
5.882e-03
2.941e-03
0.000e+00
2.941e-03
0.000e+00
0.000e+00
2.941e-03
0.000e+00
2.941e-03
5.882e-03
5.882e-03
2.941e-03
0.000e+00
2.941e-03
1.176e-02
1.471e-02
1.176e-02
2.941e-03
1.471e-02
8.824e-03
8.824e-03
0.000e+00
5.882e-03
2.941e-03
0.000e+00
0.000e+00
5.882e-03
0.000e+00
0.000e+00
2.941e-03
5.882e-03
5.882e-03
2.941e-03
0.000e+00
0.000e+00
2.941e-03
5.882e-03
2.941e-03
0.000e+00
0.000e+00
2.941e-03
2.941e-03
2.941e-03
2.941e-03
0.000e+00
2.941e-03
2.941e-03
0.000e+00
2.941e-03
5.882e-03
0.000e+00
2.941e-03
0.000e+00
5.882e-03
5.882e-03
0.000e+00
0.000e+00
0.000e+00
2.941e-03
2.941e-03
0.000e+00
2.941e-03
2.941e-03
5.882e-03
2.941e-03
0.000e+00
2.941e-03
2.941e-03
5.882e-03
2.941e-03
5.882e-03
2.941e-03
2.941e-03
2.941e-03
0.000e+00
2.941e-03
0.000e+00
0.000e+00
0.000e+00
2.941e-03
2.941e-03
2.941e-03
0.000e+00
0.000e+00
5.882e-03
2.941e-03
0.000e+00
0.000e+00
2.941e-03
0.000e+00
2.941e-03
5.882e-03
0.000e+00
0.000e+00
0.000e+00
5.882e-03
0.000e+00
0.000e+00
2.941e-03
0.000e+00
8.824e-03
5.882e-03
0.000e+00
2.941e-03
1.176e-02
2.941e-03
8.824e-03
8.824e-03
2.941e-03
0.000e+00
0.000e+00
5.882e-03
2.941e-03
0.000e+00
0.000e+00
5.882e-03
0.000e+00
0.000e+00
2.941e-03
0.000e+00
2.941e-03
0.000e+00
2.941e-03
0.000e+00
0.000e+00
0.000e+00
2.941e-03
0.000e+00
2.941e-03
0.000e+00
0.000e+00
0.000e+00
2.941e-03
0.000e+00
2.941e-03
8.824e-03
0.000e+00
0.000e+00
0.000e+00
8.824e-03
8.824e-03
2.941e-03
0.000e+00
0.000e+00
2.941e-03
2.941e-03
0.000e+00
2.941e-03
2.941e-03
2.941e-03
5.882e-03
0.000e+00
0.000e+00
0.000e+00
8.824e-03
2.941e-03
0.000e+00
2.941e-03
2.941e-03
2.941e-03
2.941e-03
5.882e-03
2.941e-03
5.882e-03
2.941e-03
0.000e+00
2.941e-03
0.000e+00
5.882e-03
0.000e+00
5.882e-03
2.941e-03
2.941e-03
0.000e+00
2.941e-03
2.941e-03
5.882e-03
2.941e-03
0.000e+00
5.882e-03
0.000e+00
0.000e+00
2.941e-03
2.941e-03
0.000e+00
2.941e-03
2.941e-03
2.941e-03
0.000e+00
5.882e-03
0.000e+00
0.000e+00
5.882e-03
2.941e-03
8.824e-03
1.765e-02
1.176e-02
