2.336e-02
1.371e-02
6.602e-03
6.094e-03
3.555e-03
3.555e-03
6.094e-03
1.524e-03
5.079e-03
6.094e-03
4.571e-03
7.110e-03
7.110e-03
4.571e-03
3.047e-03
4.063e-03
5.079e-04
5.079e-03
5.079e-03
2.539e-03
3.047e-03
2.031e-03
2.031e-03
2.031e-03
1.524e-03
3.555e-03
1.524e-03
5.079e-04
5.079e-04
1.016e-03
2.539e-03
1.016e-03
2.031e-03
1.524e-03
2.539e-03
2.539e-03
1.016e-03
4.063e-03
2.539e-03
5.079e-03
3.555e-03
5.587e-03
4.571e-03
5.587e-03
5.587e-03
5.587e-03
7.110e-03
6.094e-03
8.126e-03
3.555e-03
2.539e-03
4.571e-03
2.031e-03
1.016e-03
5.079e-04
1.016e-03
1.016e-03
2.539e-03
2.539e-03
2.539e-03
1.016e-03
2.539e-03
1.016e-03
1.016e-03
5.079e-04
1.016e-03
1.016e-03
5.079e-04
1.016e-03
1.524e-03
5.079e-04
0.000e+00
0.000e+00
5.079e-04
5.079e-04
5.079e-04
1.016e-03
0.000e+00
5.079e-04
5.079e-04
0.000e+00
5.079e-04
5.079e-04
1.016e-03
5.079e-04
5.079e-04
1.524e-03
1.016e-03
0.000e+00
5.079e-04
2.539e-03
1.016e-03
1.016e-03
5.079e-04
1.016e-03
1.524e-03
0.000e+00
0.000e+00
1.016e-03
0.000e+00
1.016e-03
5.079e-04
0.000e+00
0.000e+00
1.016e-03
5.079e-04
1.016e-03
5.079e-04
1.016e-03
1.016e-03
5.079e-04
1.016e-03
5.079e-04
0.000e+00
1.016e-03
1.524e-03
5.079e-04
2.031e-03
5.079e-04
1.524e-03
5.079e-04
1.016e-03
2.539e-03
2.031e-03
5.079e-04
1.016e-03
2.031e-03
1.524e-03
2.539e-03
3.555e-03
5.079e-03
2.031e-03
2.539e-03
7.618e-03
7.618e-03
4.571e-03
6.602e-03
6.602e-03
5.079e-03
2.031e-03
4.063e-03
3.047e-03
3.047e-03
2.031e-03
2.539e-03
1.524e-03
1.016e-03
2.539e-03
2.031e-03
3.047e-03
1.016e-03
3.555e-03
1.524e-03
3.555e-03
2.031e-03
3.047e-03
1.524e-03
2.031e-03
2.539e-03
0.000e+00
2.539e-03
3.047e-03
2.539e-03
3.555e-03
3.047e-03
1.524e-03
4.571e-03
4.571e-03
1.524e-03
6.094e-03
2.539e-03
5.079e-03
4.063e-03
4.063e-03
3.555e-03
2.539e-03
5.587e-03
8.634e-03
8.634e-03
1.828e-02
2.235e-02
9.142e-03
1.016e-02
5.587e-03
4.063e-03
5.587e-03
7.110e-03
2.539e-03
6.602e-03
5.587e-03
3.047e-03
3.047e-03
2.539e-03
3.555e-03
4.571e-03
3.047e-03
4.571e-03
4.063e-03
6.602e-03
4.571e-03
5.079e-03
1.524e-03
3.555e-03
2.031e-03
3.555e-03
2.031e-03
3.555e-03
2.031e-03
0.000e+00
2.031e-03
4.063e-03
1.524e-03
1.524e-03
3.047e-03
2.539e-03
2.031e-03
2.539e-03
2.539e-03
3.047e-03
4.571e-03
4.063e-03
3.047e-03
5.079e-03
6.602e-03
7.110e-03
4.571e-03
1.016e-02
5.079e-03
2.539e-03
6.602e-03
3.047e-03
6.094e-03
3.555e-03
2.539e-03
2.539e-03
1.524e-03
5.079e-04
5.079e-04
1.016e-03
1.524e-03
5.079e-04
5.079e-04
1.016e-03
1.016e-03
5.079e-04
1.016e-03
1.524e-03
1.016e-03
0.000e+00
5.079e-04
1.524e-03
5.079e-04
0.000e+00
1.016e-03
1.524e-03
5.079e-04
0.000e+00
5.079e-04
5.079e-04
5.079e-04
1.016e-03
1.524e-03
0.000e+00
0.000e+00
5.079e-04
1.524e-03
1.016e-03
0.000e+00
1.524e-03
0.000e+00
3.047e-03
0.000e+00
5.079e-04
5.079e-04
1.016e-03
0.000e+00
5.079e-04
5.079e-04
0.000e+00
5.079e-04
0.000e+00
0.000e+00
0.000e+00
0.000e+00
5.079e-04
5.079e-04
5.079e-04
0.000e+00
0.000e+00
5.079e-04
5.079e-04
1.524e-03
1.524e-03
1.016e-03
1.016e-03
2.539e-03
5.079e-04
1.016e-03
1.524e-03
1.016e-03
1.016e-03
1.016e-03
2.539e-03
1.016e-03
1.524e-03
2.031e-03
1.524e-03
3.047e-03
2.031e-03
3.555e-03
5.079e-03
5.587e-03
5.079e-03
8.634e-03
5.587e-03
4.571e-03
3.555e-03
4.571e-03
3.555e-03
2.539e-03
7.110e-03
3.047e-03
2.539e-03
2.539e-03
1.016e-03
2.031e-03
1.016e-03
3.047e-03
2.539e-03
3.047e-03
1.016e-03
1.016e-03
1.524e-03
2.031e-03
1.016e-03
2.031e-03
4.063e-03
3.555e-03
3.047e-03
2.031e-03
1.524e-03
3.555e-03
3.047e-03
3.555e-03
2.539e-03
4.063e-03
6.094e-03
3.047e-03
3.555e-03
5.079e-03
5.079e-03
2.539e-03
6.094e-03
5.587e-03
5.587e-03
3.555e-03
2.539e-03
4.571e-03
1.168e-02
1.625e-02
