3.047e-03
2.539e-03
4.317e-03
1.270e-03
2.539e-03
3.047e-03
2.793e-03
3.301e-03
1.016e-03
2.539e-03
3.555e-03
2.539e-03
1.524e-03
2.031e-03
3.047e-03
2.285e-03
1.270e-03
1.016e-03
1.778e-03
1.778e-03
5.079e-04
1.270e-03
2.031e-03
7.618e-04
1.016e-03
5.079e-04
7.618e-04
1.016e-03
1.270e-03
5.079e-04
5.079e-04
1.270e-03
5.079e-04
1.016e-03
1.524e-03
0.000e+00
1.016e-03
1.016e-03
5.079e-04
7.618e-04
7.618e-04
1.016e-03
1.016e-03
1.778e-03
1.524e-03
1.270e-03
1.524e-03
2.031e-03
1.270e-03
1.524e-03
7.618e-04
1.524e-03
1.270e-03
1.778e-03
2.539e-03
1.524e-03
1.270e-03
1.270e-03
2.031e-03
1.524e-03
1.016e-03
2.031e-03
1.524e-03
7.618e-04
1.016e-03
7.618e-04
1.270e-03
1.270e-03
1.016e-03
2.031e-03
5.079e-04
7.618e-04
7.618e-04
0.000e+00
1.016e-03
7.618e-04
2.285e-03
1.016e-03
1.270e-03
2.539e-04
1.016e-03
1.524e-03
1.016e-03
2.539e-04
1.270e-03
1.016e-03
1.270e-03
1.016e-03
1.016e-03
5.079e-04
7.618e-04
7.618e-04
1.270e-03
2.031e-03
1.016e-03
1.270e-03
2.539e-04
1.016e-03
7.618e-04
1.270e-03
1.016e-03
5.079e-04
5.079e-04
1.270e-03
7.618e-04
5.079e-04
1.524e-03
1.524e-03
1.016e-03
1.016e-03
5.079e-04
1.016e-03
1.778e-03
1.778e-03
7.618e-04
1.016e-03
1.270e-03
1.016e-03
7.618e-04
1.524e-03
7.618e-04
1.524e-03
1.270e-03
1.270e-03
1.270e-03
1.270e-03
7.618e-04
2.031e-03
1.778e-03
2.285e-03
7.618e-04
5.079e-04
1.524e-03
1.270e-03
1.016e-03
1.270e-03
1.270e-03
1.778e-03
1.270e-03
1.270e-03
1.016e-03
2.539e-04
5.079e-04
2.539e-04
2.539e-04
1.270e-03
1.778e-03
1.016e-03
1.016e-03
7.618e-04
7.618e-04
2.539e-04
2.539e-04
1.016e-03
1.524e-03
1.016e-03
5.079e-04
1.524e-03
1.524e-03
1.016e-03
1.270e-03
2.031e-03
2.031e-03
1.778e-03
5.079e-04
1.524e-03
5.079e-04
1.270e-03
1.524e-03
2.031e-03
2.031e-03
4.063e-03
3.047e-03
1.778e-03
2.285e-03
4.317e-03
3.301e-03
4.571e-03
2.539e-03
2.793e-03
3.047e-03
2.793e-03
3.809e-03
1.524e-03
2.285e-03
3.047e-03
3.047e-03
1.016e-03
2.285e-03
2.793e-03
3.555e-03
1.778e-03
1.270e-03
2.285e-03
2.031e-03
7.618e-04
1.778e-03
1.524e-03
1.524e-03
1.778e-03
1.524e-03
1.270e-03
2.285e-03
1.778e-03
1.778e-03
1.524e-03
1.016e-03
1.016e-03
7.618e-04
1.016e-03
1.270e-03
1.270e-03
2.285e-03
7.618e-04
1.524e-03
5.079e-04
1.524e-03
1.016e-03
1.016e-03
1.270e-03
7.618e-04
1.016e-03
1.016e-03
7.618e-04
1.270e-03
7.618e-04
0.000e+00
1.524e-03
5.079e-04
2.285e-03
1.524e-03
2.285e-03
1.270e-03
2.793e-03
1.778e-03
2.793e-03
1.270e-03
1.524e-03
7.618e-04
1.016e-03
2.285e-03
1.524e-03
7.618e-04
1.524e-03
2.285e-03
7.618e-04
7.618e-04
1.778e-03
1.270e-03
7.618e-04
5.079e-04
1.016e-03
7.618e-04
7.618e-04
7.618e-04
1.524e-03
2.539e-04
2.539e-04
5.079e-04
1.270e-03
1.016e-03
1.016e-03
1.270e-03
5.079e-04
5.079e-04
1.016e-03
5.079e-04
1.016e-03
2.539e-04
1.270e-03
1.270e-03
1.016e-03
1.270e-03
2.539e-04
1.524e-03
2.539e-04
1.270e-03
7.618e-04
1.016e-03
1.524e-03
1.016e-03
7.618e-04
5.079e-04
1.778e-03
5.079e-04
1.016e-03
1.270e-03
2.539e-04
1.524e-03
1.016e-03
1.016e-03
7.618e-04
1.778e-03
1.270e-03
7.618e-04
7.618e-04
1.016e-03
5.079e-04
1.270e-03
5.079e-04
2.285e-03
7.618e-04
1.016e-03
1.016e-03
3.301e-03
2.031e-03
7.618e-04
1.016e-03
1.016e-03
1.778e-03
1.778e-03
5.079e-04
1.778e-03
7.618e-04
5.079e-04
1.524e-03
1.270e-03
1.016e-03
5.079e-04
1.016e-03
1.270e-03
2.031e-03
1.016e-03
1.270e-03
2.539e-04
2.539e-04
1.016e-03
1.524e-03
1.016e-03
2.031e-03
7.618e-04
1.016e-03
1.016e-03
2.539e-04
1.016e-03
1.016e-03
7.618e-04
1.270e-03
2.793e-03
1.270e-03
1.270e-03
2.285e-03
7.618e-04
1.016e-03
1.524e-03
1.778e-03
3.809e-03
2.793e-03
3.047e-03
2.285e-03
3.301e-03
2.031e-03
3.047e-03
3.555e-03
2.285e-03
1.524e-03
2.539e-03
3.047e-03
3.047e-03
4.317e-03
