8.032e-03
7.028e-03
9.538e-03
6.777e-03
5.522e-03
8.283e-03
5.271e-03
4.518e-03
5.020e-03
4.267e-03
3.514e-03
4.267e-03
2.510e-03
3.514e-03
1.506e-03
2.761e-03
1.757e-03
1.506e-03
2.510e-03
2.259e-03
5.020e-04
5.020e-04
2.008e-03
5.020e-04
5.020e-04
1.255e-03
1.004e-03
1.506e-03
1.255e-03
2.510e-04
2.510e-04
7.530e-04
2.510e-04
1.004e-03
5.020e-04
0.000e+00
2.510e-04
7.530e-04
5.020e-04
7.530e-04
7.530e-04
5.020e-04
2.510e-04
2.510e-04
2.510e-04
7.530e-04
0.000e+00
2.510e-04
1.004e-03
2.510e-04
0.000e+00
2.510e-04
5.020e-04
1.506e-03
2.510e-04
7.530e-04
7.530e-04
2.510e-04
1.004e-03
5.020e-04
1.004e-03
5.020e-04
2.510e-04
5.020e-04
7.530e-04
1.004e-03
1.004e-03
2.510e-04
2.510e-04
7.530e-04
5.020e-04
5.020e-04
0.000e+00
5.020e-04
5.020e-04
0.000e+00
1.255e-03
7.530e-04
2.510e-04
0.000e+00
7.530e-04
7.530e-04
5.020e-04
5.020e-04
2.510e-04
1.004e-03
1.004e-03
0.000e+00
2.510e-04
7.530e-04
5.020e-04
7.530e-04
7.530e-04
7.530e-04
2.510e-04
2.510e-04
2.510e-04
0.000e+00
7.530e-04
2.510e-04
0.000e+00
0.000e+00
5.020e-04
2.510e-04
1.004e-03
2.510e-04
7.530e-04
5.020e-04
0.000e+00
2.510e-04
5.020e-04
0.000e+00
2.510e-04
7.530e-04
5.020e-04
7.530e-04
2.510e-04
1.004e-03
7.530e-04
2.510e-04
1.255e-03
2.510e-04
2.510e-04
0.000e+00
5.020e-04
7.530e-04
5.020e-04
7.530e-04
2.510e-04
2.510e-04
5.020e-04
2.510e-04
7.530e-04
5.020e-04
2.510e-04
5.020e-04
0.000e+00
1.004e-03
0.000e+00
0.000e+00
2.510e-04
2.510e-04
5.020e-04
7.530e-04
0.000e+00
1.004e-03
1.255e-03
7.530e-04
1.255e-03
7.530e-04
5.020e-04
2.510e-04
0.000e+00
5.020e-04
1.004e-03
1.506e-03
1.004e-03
1.004e-03
7.530e-04
7.530e-04
1.004e-03
2.008e-03
2.510e-03
3.514e-03
1.506e-03
2.008e-03
2.008e-03
2.510e-03
2.259e-03
3.765e-03
3.514e-03
5.271e-03
7.028e-03
4.267e-03
3.765e-03
5.020e-03
7.028e-03
8.283e-03
5.522e-03
6.275e-03
1.029e-02
1.155e-02
7.781e-03
4.016e-03
4.518e-03
5.773e-03
6.777e-03
4.267e-03
6.526e-03
6.526e-03
3.263e-03
5.773e-03
2.761e-03
2.761e-03
1.255e-03
1.004e-03
1.004e-03
3.263e-03
1.004e-03
1.506e-03
2.259e-03
1.004e-03
1.255e-03
7.530e-04
1.506e-03
1.004e-03
7.530e-04
1.004e-03
1.255e-03
1.004e-03
0.000e+00
2.510e-04
1.506e-03
5.020e-04
1.255e-03
2.510e-04
5.020e-04
5.020e-04
7.530e-04
0.000e+00
5.020e-04
1.004e-03
5.020e-04
0.000e+00
2.510e-04
2.510e-04
0.000e+00
1.757e-03
0.000e+00
5.020e-04
0.000e+00
5.020e-04
5.020e-04
1.004e-03
5.020e-04
1.004e-03
5.020e-04
7.530e-04
0.000e+00
7.530e-04
5.020e-04
2.510e-04
0.000e+00
7.530e-04
2.510e-04
5.020e-04
7.530e-04
1.255e-03
5.020e-04
7.530e-04
0.000e+00
5.020e-04
5.020e-04
5.020e-04
1.004e-03
1.004e-03
0.000e+00
7.530e-04
7.530e-04
1.506e-03
0.000e+00
7.530e-04
2.510e-04
0.000e+00
0.000e+00
5.020e-04
7.530e-04
0.000e+00
0.000e+00
2.510e-04
7.530e-04
7.530e-04
7.530e-04
0.000e+00
5.020e-04
2.510e-04
1.004e-03
0.000e+00
5.020e-04
2.510e-04
2.510e-04
2.510e-04
2.510e-04
1.004e-03
5.020e-04
5.020e-04
1.004e-03
7.530e-04
2.510e-04
2.510e-04
2.510e-04
7.530e-04
1.004e-03
7.530e-04
2.510e-04
2.510e-04
2.510e-04
5.020e-04
2.510e-04
0.000e+00
1.004e-03
1.004e-03
0.000e+00
5.020e-04
7.530e-04
2.510e-04
0.000e+00
2.510e-04
2.510e-04
2.510e-04
7.530e-04
5.020e-04
2.510e-04
0.000e+00
2.510e-04
0.000e+00
5.020e-04
5.020e-04
0.000e+00
0.000e+00
7.530e-04
7.530e-04
5.020e-04
0.000e+00
2.510e-04
7.530e-04
5.020e-04
1.004e-03
5.020e-04
1.004e-03
2.510e-04
5.020e-04
7.530e-04
5.020e-04
1.757e-03
5.020e-04
7.530e-04
1.255e-03
1.506e-03
1.506e-03
2.510e-03
3.012e-03
1.255e-03
1.255e-03
1.255e-03
3.263e-03
3.012e-03
3.012e-03
4.769e-03
3.012e-03
3.765e-03
2.008e-03
4.769e-03
6.526e-03
4.769e-03
7.279e-03
7.028e-03
6.275e-03
8.032e-03
7.279e-03
