1.104e-02
1.004e-02
6.024e-03
6.526e-03
7.028e-03
4.016e-03
6.526e-03
1.155e-02
1.305e-02
1.757e-02
1.305e-02
1.004e-02
1.004e-02
6.526e-03
6.024e-03
7.028e-03
4.518e-03
1.104e-02
5.522e-03
5.020e-03
4.518e-03
2.008e-03
2.008e-03
2.510e-03
1.506e-03
3.012e-03
1.506e-03
1.506e-03
1.506e-03
5.020e-04
2.008e-03
1.004e-03
4.016e-03
1.506e-03
1.004e-03
2.510e-03
5.020e-04
2.510e-03
1.004e-03
5.020e-04
1.004e-03
2.008e-03
3.514e-03
5.020e-04
5.020e-04
2.008e-03
2.510e-03
1.004e-03
2.008e-03
5.020e-04
1.506e-03
1.506e-03
1.004e-03
0.000e+00
1.004e-03
2.008e-03
5.020e-04
1.004e-03
2.008e-03
1.004e-03
5.020e-04
2.510e-03
5.020e-04
5.020e-04
5.020e-04
1.506e-03
0.000e+00
5.020e-04
1.004e-03
5.020e-04
5.020e-04
5.020e-04
0.000e+00
0.000e+00
0.000e+00
1.004e-03
2.510e-03
5.020e-04
0.000e+00
1.004e-03
0.000e+00
5.020e-04
0.000e+00
1.004e-03
0.000e+00
5.020e-04
0.000e+00
5.020e-04
0.000e+00
5.020e-04
1.506e-03
0.000e+00
0.000e+00
0.000e+00
1.506e-03
2.008e-03
0.000e+00
0.000e+00
5.020e-04
0.000e+00
1.004e-03
5.020e-04
5.020e-04
5.020e-04
5.020e-04
1.004e-03
0.000e+00
5.020e-04
5.020e-04
0.000e+00
0.000e+00
1.506e-03
5.020e-04
0.000e+00
5.020e-04
5.020e-04
0.000e+00
5.020e-04
5.020e-04
1.004e-03
5.020e-04
2.008e-03
1.004e-03
0.000e+00
1.004e-03
0.000e+00
3.012e-03
1.004e-03
1.004e-03
1.004e-03
1.004e-03
0.000e+00
1.506e-03
1.506e-03
0.000e+00
2.510e-03
5.020e-04
5.020e-04
3.012e-03
2.008e-03
0.000e+00
5.020e-04
3.514e-03
1.004e-03
1.506e-03
1.506e-03
1.506e-03
2.510e-03
0.000e+00
1.004e-03
1.004e-03
2.008e-03
1.004e-03
3.514e-03
2.008e-03
2.008e-03
1.506e-03
5.020e-04
3.012e-03
2.008e-03
2.008e-03
4.016e-03
3.012e-03
3.012e-03
4.016e-03
7.530e-03
8.032e-03
9.036e-03
7.028e-03
1.255e-02
1.406e-02
1.707e-02
1.305e-02
8.032e-03
8.032e-03
6.024e-03
5.522e-03
7.028e-03
6.024e-03
6.024e-03
1.104e-02
4.016e-03
7.530e-03
6.526e-03
6.024e-03
6.024e-03
1.004e-02
1.054e-02
1.958e-02
1.958e-02
1.606e-02
1.255e-02
1.155e-02
9.036e-03
5.522e-03
7.028e-03
4.518e-03
5.522e-03
6.024e-03
4.016e-03
4.016e-03
1.004e-03
5.020e-03
3.514e-03
1.506e-03
1.506e-03
2.510e-03
5.020e-04
5.020e-04
2.008e-03
3.012e-03
1.506e-03
5.020e-04
1.506e-03
1.506e-03
2.008e-03
2.008e-03
1.506e-03
1.004e-03
2.008e-03
1.004e-03
1.004e-03
2.008e-03
1.004e-03
5.020e-04
2.008e-03
3.012e-03
1.506e-03
1.004e-03
1.506e-03
0.000e+00
1.506e-03
2.510e-03
3.012e-03
2.510e-03
1.506e-03
1.004e-03
0.000e+00
0.000e+00
0.000e+00
5.020e-04
1.506e-03
0.000e+00
0.000e+00
1.506e-03
0.000e+00
2.008e-03
1.506e-03
0.000e+00
0.000e+00
1.004e-03
5.020e-04
1.004e-03
1.004e-03
5.020e-04
5.020e-04
1.506e-03
1.004e-03
0.000e+00
5.020e-04
0.000e+00
5.020e-04
0.000e+00
5.020e-04
5.020e-04
0.000e+00
5.020e-04
0.000e+00
5.020e-04
5.020e-04
1.004e-03
0.000e+00
0.000e+00
0.000e+00
5.020e-04
5.020e-04
0.000e+00
5.020e-04
0.000e+00
5.020e-04
0.000e+00
5.020e-04
0.000e+00
0.000e+00
5.020e-04
1.004e-03
5.020e-04
0.000e+00
5.020e-04
5.020e-04
5.020e-04
1.004e-03
2.008e-03
5.020e-04
0.000e+00
5.020e-04
5.020e-04
5.020e-04
0.000e+00
1.506e-03
5.020e-04
1.004e-03
1.004e-03
1.506e-03
0.000e+00
5.020e-04
5.020e-04
1.506e-03
1.004e-03
2.008e-03
1.004e-03
3.514e-03
1.506e-03
1.506e-03
5.020e-04
2.008e-03
1.506e-03
5.020e-04
1.506e-03
3.514e-03
2.008e-03
1.004e-03
2.510e-03
2.008e-03
0.000e+00
1.506e-03
3.012e-03
3.514e-03
5.020e-04
2.510e-03
1.004e-03
1.506e-03
2.008e-03
3.012e-03
1.004e-03
2.008e-03
5.020e-03
4.518e-03
2.008e-03
2.008e-03
5.522e-03
6.024e-03
3.514e-03
4.518e-03
3.514e-03
5.522e-03
1.054e-02
7.530e-03
1.054e-02
9.036e-03
1.406e-02
2.209e-02
1.406e-02
1.054e-02
9.538e-03
7.028e-03
6.024e-03
7.530e-03
7.530e-03
1.205e-02
