8.757e-04
0.000e+00
0.000e+00
0.000e+00
0.000e+00
8.757e-04
0.000e+00
8.757e-04
8.757e-04
0.000e+00
0.000e+00
8.757e-04
0.000e+00
0.000e+00
8.757e-04
0.000e+00
0.000e+00
1.751e-03
0.000e+00
0.000e+00
0.000e+00
0.000e+00
2.627e-03
0.000e+00
8.757e-04
0.000e+00
0.000e+00
1.751e-03
0.000e+00
8.757e-04
0.000e+00
8.757e-04
8.757e-04
0.000e+00
0.000e+00
0.000e+00
0.000e+00
0.000e+00
8.757e-04
0.000e+00
0.000e+00
8.757e-04
8.757e-04
8.757e-04
0.000e+00
8.757e-04
8.757e-04
0.000e+00
0.000e+00
0.000e+00
1.751e-03
8.757e-04
0.000e+00
1.751e-03
1.751e-03
0.000e+00
8.757e-04
8.757e-04
8.757e-04
8.757e-04
0.000e+00
3.503e-03
6.130e-03
1.751e-03
1.751e-03
3.503e-03
2.627e-03
2.627e-03
3.503e-03
2.627e-03
1.751e-03
7.005e-03
0.000e+00
1.751e-03
8.757e-04
8.757e-04
1.751e-03
1.751e-03
2.627e-03
1.751e-03
8.757e-04
5.254e-03
8.757e-04
8.757e-04
8.757e-04
1.751e-03
3.503e-03
8.757e-04
0.000e+00
1.751e-03
0.000e+00
2.627e-03
8.757e-04
8.757e-04
2.627e-03
0.000e+00
8.757e-04
0.000e+00
1.751e-03
1.751e-03
0.000e+00
8.757e-04
0.000e+00
0.000e+00
1.751e-03
8.757e-04
1.751e-03
8.757e-04
3.503e-03
8.757e-04
8.757e-04
1.751e-03
1.751e-03
8.757e-04
8.757e-04
0.000e+00
8.757e-04
8.757e-04
0.000e+00
8.757e-04
8.757e-04
1.751e-03
8.757e-04
1.751e-03
8.757e-04
1.751e-03
0.000e+00
0.000e+00
0.000e+00
1.751e-03
8.757e-04
0.000e+00
1.751e-03
2.627e-03
8.757e-04
0.000e+00
8.757e-04
0.000e+00
0.000e+00
8.757e-04
8.757e-04
0.000e+00
8.757e-04
8.757e-04
8.757e-04
0.000e+00
8.757e-04
8.757e-04
1.751e-03
8.757e-04
8.757e-04
8.757e-04
8.757e-04
1.751e-03
8.757e-04
1.751e-03
2.627e-03
1.751e-03
4.378e-03
3.503e-03
4.378e-03
8.757e-04
8.757e-03
1.751e-03
6.130e-03
2.627e-03
7.005e-03
4.378e-03
2.627e-03
4.378e-03
3.503e-03
0.000e+00
8.757e-04
3.503e-03
2.627e-03
0.000e+00
3.503e-03
6.130e-03
0.000e+00
3.503e-03
1.751e-03
2.627e-03
0.000e+00
1.751e-03
3.503e-03
2.627e-03
1.751e-03
8.757e-04
3.503e-03
3.503e-03
6.130e-03
1.751e-03
8.757e-04
2.627e-03
3.503e-03
3.503e-03
4.378e-03
7.005e-03
3.503e-03
8.757e-03
1.751e-03
1.751e-03
4.378e-03
2.627e-03
2.627e-03
1.751e-03
0.000e+00
1.751e-03
8.757e-04
1.751e-03
2.627e-03
8.757e-04
8.757e-04
0.000e+00
2.627e-03
1.751e-03
1.751e-03
0.000e+00
0.000e+00
1.751e-03
8.757e-04
0.000e+00
0.000e+00
0.000e+00
8.757e-04
0.000e+00
0.000e+00
0.000e+00
1.751e-03
8.757e-04
8.757e-04
0.000e+00
8.757e-04
0.000e+00
8.757e-04
8.757e-04
8.757e-04
8.757e-04
1.751e-03
2.627e-03
3.503e-03
0.000e+00
8.757e-04
0.000e+00
8.757e-04
1.751e-03
1.751e-03
8.757e-04
0.000e+00
8.757e-04
8.757e-04
8.757e-04
8.757e-04
3.503e-03
1.751e-03
1.751e-03
8.757e-04
2.627e-03
8.757e-04
8.757e-04
0.000e+00
1.751e-03
3.503e-03
3.503e-03
3.503e-03
8.757e-04
8.757e-04
2.627e-03
8.757e-04
5.254e-03
8.757e-04
1.751e-03
1.751e-03
1.751e-03
8.757e-04
0.000e+00
2.627e-03
2.627e-03
0.000e+00
1.751e-03
1.751e-03
8.757e-04
1.751e-03
3.503e-03
1.751e-03
3.503e-03
3.503e-03
8.757e-04
4.378e-03
5.254e-03
4.378e-03
1.751e-03
8.757e-04
0.000e+00
3.503e-03
2.627e-03
3.503e-03
8.757e-04
1.751e-03
2.627e-03
8.757e-04
4.378e-03
3.503e-03
8.757e-04
8.757e-04
0.000e+00
0.000e+00
8.757e-04
0.000e+00
8.757e-04
0.000e+00
0.000e+00
8.757e-04
0.000e+00
0.000e+00
0.000e+00
0.000e+00
0.000e+00
0.000e+00
8.757e-04
0.000e+00
1.751e-03
0.000e+00
0.000e+00
8.757e-04
0.000e+00
8.757e-04
1.751e-03
0.000e+00
8.757e-04
8.757e-04
0.000e+00
0.000e+00
0.000e+00
8.757e-04
1.751e-03
0.000e+00
1.751e-03
1.751e-03
0.000e+00
0.000e+00
8.757e-04
0.000e+00
2.627e-03
0.000e+00
0.000e+00
8.757e-04
8.757e-04
2.627e-03
8.757e-04
8.757e-04
0.000e+00
1.751e-03
8.757e-04
1.751e-03
0.000e+00
8.757e-04
0.000e+00
0.000e+00
8.757e-04
