1.051e-02
0.000e+00
0.000e+00
0.000e+00
0.000e+00
1.751e-03
3.503e-03
1.751e-03
3.503e-03
1.751e-03
1.751e-03
0.000e+00
1.751e-03
0.000e+00
3.503e-03
0.000e+00
1.751e-03
1.751e-03
0.000e+00
1.751e-03
3.503e-03
1.751e-03
0.000e+00
1.751e-03
3.503e-03
0.000e+00
1.751e-03
0.000e+00
0.000e+00
1.751e-03
1.751e-03
0.000e+00
0.000e+00
1.751e-03
3.503e-03
3.503e-03
0.000e+00
0.000e+00
1.751e-03
1.751e-03
1.751e-03
1.751e-03
0.000e+00
0.000e+00
1.751e-03
0.000e+00
1.751e-03
3.503e-03
0.000e+00
0.000e+00
1.751e-03
3.503e-03
1.751e-03
1.051e-02
1.751e-03
0.000e+00
1.751e-03
5.254e-03
0.000e+00
1.051e-02
7.005e-03
7.005e-03
7.005e-03
7.005e-03
8.757e-03
7.005e-03
5.254e-03
0.000e+00
3.503e-03
1.751e-03
3.503e-03
0.000e+00
1.751e-03
3.503e-03
0.000e+00
1.751e-03
5.254e-03
3.503e-03
3.503e-03
1.751e-03
3.503e-03
5.254e-03
1.751e-03
1.751e-03
0.000e+00
3.503e-03
0.000e+00
0.000e+00
0.000e+00
0.000e+00
0.000e+00
3.503e-03
1.751e-03
0.000e+00
3.503e-03
0.000e+00
0.000e+00
1.751e-03
0.000e+00
0.000e+00
3.503e-03
1.751e-03
3.503e-03
1.751e-03
3.503e-03
3.503e-03
1.751e-03
0.000e+00
0.000e+00
1.751e-03
3.503e-03
0.000e+00
0.000e+00
0.000e+00
1.751e-03
0.000e+00
0.000e+00
1.751e-03
0.000e+00
5.254e-03
1.751e-03
0.000e+00
3.503e-03
0.000e+00
1.751e-03
0.000e+00
3.503e-03
1.751e-03
0.000e+00
1.751e-03
3.503e-03
3.503e-03
3.503e-03
0.000e+00
0.000e+00
7.005e-03
0.000e+00
0.000e+00
0.000e+00
3.503e-03
0.000e+00
0.000e+00
3.503e-03
0.000e+00
0.000e+00
1.751e-03
0.000e+00
1.751e-03
1.751e-03
0.000e+00
3.503e-03
5.254e-03
5.254e-03
1.751e-03
1.751e-03
7.005e-03
1.226e-02
8.757e-03
1.226e-02
1.226e-02
3.503e-03
1.226e-02
3.503e-03
1.401e-02
7.005e-03
8.757e-03
8.757e-03
1.751e-03
8.757e-03
3.503e-03
0.000e+00
5.254e-03
1.226e-02
5.254e-03
5.254e-03
5.254e-03
1.751e-03
5.254e-03
3.503e-03
1.751e-03
1.401e-02
0.000e+00
3.503e-03
5.254e-03
8.757e-03
3.503e-03
1.751e-03
1.051e-02
5.254e-03
7.005e-03
1.401e-02
3.503e-03
3.503e-03
1.751e-03
3.503e-03
5.254e-03
7.005e-03
0.000e+00
7.005e-03
5.254e-03
3.503e-03
3.503e-03
1.926e-02
1.401e-02
1.751e-02
7.005e-03
5.254e-03
1.751e-03
5.254e-03
1.751e-03
1.751e-03
1.751e-03
3.503e-03
3.503e-03
1.751e-03
3.503e-03
0.000e+00
1.751e-03
3.503e-03
1.751e-03
8.757e-03
0.000e+00
0.000e+00
1.751e-03
0.000e+00
0.000e+00
3.503e-03
1.751e-03
1.751e-03
0.000e+00
0.000e+00
0.000e+00
0.000e+00
0.000e+00
1.751e-03
0.000e+00
3.503e-03
0.000e+00
0.000e+00
0.000e+00
0.000e+00
0.000e+00
0.000e+00
1.751e-03
1.751e-03
1.751e-03
1.751e-03
0.000e+00
0.000e+00
7.005e-03
0.000e+00
1.751e-03
1.751e-03
1.751e-03
5.254e-03
1.751e-03
5.254e-03
5.254e-03
3.503e-03
5.254e-03
3.503e-03
3.503e-03
3.503e-03
0.000e+00
0.000e+00
0.000e+00
7.005e-03
3.503e-03
3.503e-03
1.751e-03
1.751e-03
0.000e+00
1.751e-03
0.000e+00
3.503e-03
1.751e-03
0.000e+00
3.503e-03
0.000e+00
0.000e+00
0.000e+00
0.000e+00
3.503e-03
1.751e-03
0.000e+00
1.751e-03
3.503e-03
1.751e-03
5.254e-03
0.000e+00
1.751e-03
0.000e+00
1.751e-03
1.751e-03
5.254e-03
8.757e-03
8.757e-03
1.051e-02
5.254e-03
1.051e-02
5.254e-03
5.254e-03
8.757e-03
3.503e-03
5.254e-03
0.000e+00
8.757e-03
3.503e-03
3.503e-03
3.503e-03
0.000e+00
3.503e-03
5.254e-03
0.000e+00
3.503e-03
3.503e-03
0.000e+00
0.000e+00
1.751e-03
0.000e+00
0.000e+00
3.503e-03
0.000e+00
0.000e+00
3.503e-03
1.751e-03
1.751e-03
3.503e-03
0.000e+00
0.000e+00
1.751e-03
1.751e-03
0.000e+00
3.503e-03
1.751e-03
0.000e+00
3.503e-03
1.751e-03
0.000e+00
1.751e-03
3.503e-03
7.005e-03
1.751e-03
1.751e-03
0.000e+00
3.503e-03
0.000e+00
1.751e-03
0.000e+00
1.751e-03
3.503e-03
1.751e-03
0.000e+00
3.503e-03
1.751e-03
0.000e+00
1.751e-03
0.000e+00
1.751e-03
0.000e+00
