0.000e+00
2.083e-03
0.000e+00
4.167e-03
6.250e-03
0.000e+00
2.083e-03
0.000e+00
2.083e-03
0.000e+00
0.000e+00
2.083e-03
0.000e+00
0.000e+00
0.000e+00
2.083e-03
0.000e+00
2.083e-03
2.083e-03
0.000e+00
0.000e+00
0.000e+00
0.000e+00
0.000e+00
0.000e+00
2.083e-03
0.000e+00
0.000e+00
2.083e-03
0.000e+00
2.083e-03
2.083e-03
4.167e-03
2.083e-03
0.000e+00
0.000e+00
0.000e+00
0.000e+00
4.167e-03
2.083e-03
0.000e+00
0.000e+00
0.000e+00
0.000e+00
0.000e+00
0.000e+00
2.083e-03
0.000e+00
0.000e+00
0.000e+00
0.000e+00
0.000e+00
0.000e+00
0.000e+00
0.000e+00
0.000e+00
0.000e+00
0.000e+00
0.000e+00
0.000e+00
2.083e-03
2.083e-03
0.000e+00
0.000e+00
2.083e-03
0.000e+00
0.000e+00
0.000e+00
0.000e+00
0.000e+00
0.000e+00
2.083e-03
0.000e+00
4.167e-03
2.083e-03
2.083e-03
6.250e-03
4.167e-03
6.250e-03
6.250e-03
4.167e-03
4.167e-03
6.250e-03
0.000e+00
0.000e+00
4.167e-03
4.167e-03
0.000e+00
4.167e-03
4.167e-03
1.250e-02
8.333e-03
6.250e-03
4.167e-03
2.083e-03
2.083e-03
4.167e-03
4.167e-03
8.333e-03
0.000e+00
0.000e+00
4.167e-03
0.000e+00
2.083e-03
2.083e-03
2.083e-03
2.083e-03
2.083e-03
8.333e-03
0.000e+00
2.083e-03
0.000e+00
0.000e+00
0.000e+00
4.167e-03
2.083e-03
2.083e-03
4.167e-03
2.083e-03
0.000e+00
2.083e-03
4.167e-03
0.000e+00
0.000e+00
0.000e+00
2.083e-03
2.083e-03
0.000e+00
2.083e-03
0.000e+00
0.000e+00
2.083e-03
0.000e+00
0.000e+00
0.000e+00
0.000e+00
2.083e-03
0.000e+00
0.000e+00
2.083e-03
2.083e-03
0.000e+00
0.000e+00
0.000e+00
0.000e+00
0.000e+00
2.083e-03
0.000e+00
0.000e+00
4.167e-03
0.000e+00
0.000e+00
0.000e+00
0.000e+00
0.000e+00
0.000e+00
0.000e+00
0.000e+00
0.000e+00
0.000e+00
0.000e+00
0.000e+00
0.000e+00
0.000e+00
4.167e-03
0.000e+00
0.000e+00
0.000e+00
0.000e+00
0.000e+00
2.083e-03
4.167e-03
2.083e-03
0.000e+00
2.083e-03
0.000e+00
4.167e-03
2.083e-03
2.083e-03
0.000e+00
2.083e-03
0.000e+00
2.083e-03
6.250e-03
4.167e-03
0.000e+00
4.167e-03
0.000e+00
0.000e+00
2.083e-03
0.000e+00
0.000e+00
0.000e+00
0.000e+00
0.000e+00
2.083e-03
0.000e+00
0.000e+00
0.000e+00
0.000e+00
0.000e+00
0.000e+00
0.000e+00
0.000e+00
0.000e+00
0.000e+00
0.000e+00
0.000e+00
0.000e+00
0.000e+00
0.000e+00
0.000e+00
0.000e+00
0.000e+00
0.000e+00
0.000e+00
0.000e+00
0.000e+00
4.167e-03
2.083e-03
0.000e+00
0.000e+00
2.083e-03
0.000e+00
0.000e+00
2.083e-03
4.167e-03
0.000e+00
4.167e-03
0.000e+00
0.000e+00
2.083e-03
2.083e-03
0.000e+00
6.250e-03
0.000e+00
2.083e-03
6.250e-03
2.083e-03
0.000e+00
0.000e+00
0.000e+00
0.000e+00
2.083e-03
0.000e+00
0.000e+00
2.083e-03
2.083e-03
0.000e+00
2.083e-03
6.250e-03
0.000e+00
4.167e-03
2.083e-03
0.000e+00
2.083e-03
0.000e+00
2.083e-03
4.167e-03
0.000e+00
2.083e-03
0.000e+00
2.083e-03
0.000e+00
1.042e-02
6.250e-03
4.167e-03
1.458e-02
2.083e-03
4.167e-03
1.042e-02
6.250e-03
4.167e-03
2.083e-03
4.167e-03
6.250e-03
4.167e-03
2.083e-03
2.083e-03
2.083e-03
2.083e-03
4.167e-03
0.000e+00
2.083e-03
0.000e+00
0.000e+00
0.000e+00
2.083e-03
4.167e-03
2.083e-03
2.083e-03
0.000e+00
0.000e+00
8.333e-03
0.000e+00
4.167e-03
0.000e+00
0.000e+00
0.000e+00
2.083e-03
0.000e+00
0.000e+00
0.000e+00
0.000e+00
2.083e-03
0.000e+00
0.000e+00
0.000e+00
2.083e-03
0.000e+00
0.000e+00
0.000e+00
0.000e+00
0.000e+00
0.000e+00
0.000e+00
0.000e+00
0.000e+00
0.000e+00
0.000e+00
0.000e+00
0.000e+00
0.000e+00
2.083e-03
0.000e+00
2.083e-03
0.000e+00
2.083e-03
0.000e+00
0.000e+00
0.000e+00
0.000e+00
0.000e+00
2.083e-03
0.000e+00
0.000e+00
2.083e-03
0.000e+00
0.000e+00
2.083e-03
0.000e+00
0.000e+00
2.083e-03
0.000e+00
0.000e+00
0.000e+00
0.000e+00
2.083e-03
0.000e+00
2.083e-03
0.000e+00
0.000e+00
0.000e+00
0.000e+00
0.000e+00
0.000e+00
0.000e+00
0.000e+00
0.000e+00
2.083e-03
