9.527e-03
7.410e-03
4.587e-03
4.940e-03
5.293e-03
3.176e-03
5.999e-03
9.527e-03
9.527e-03
1.306e-02
9.880e-03
7.410e-03
7.763e-03
5.999e-03
6.351e-03
5.646e-03
4.940e-03
8.469e-03
3.881e-03
3.881e-03
4.587e-03
3.529e-03
2.470e-03
3.176e-03
2.117e-03
2.823e-03
2.470e-03
1.411e-03
1.059e-03
2.117e-03
1.411e-03
7.057e-04
3.176e-03
1.411e-03
1.059e-03
2.470e-03
7.057e-04
1.764e-03
7.057e-04
7.057e-04
2.470e-03
1.411e-03
2.470e-03
3.529e-04
1.059e-03
1.411e-03
2.117e-03
1.411e-03
1.764e-03
3.529e-04
1.411e-03
2.470e-03
1.411e-03
1.411e-03
1.059e-03
2.470e-03
3.529e-04
1.764e-03
1.411e-03
2.823e-03
1.411e-03
2.823e-03
1.411e-03
2.117e-03
2.117e-03
2.117e-03
1.411e-03
3.529e-04
1.059e-03
7.057e-04
7.057e-04
3.529e-04
7.057e-04
1.059e-03
3.529e-04
2.117e-03
2.470e-03
1.411e-03
1.411e-03
1.411e-03
1.059e-03
1.411e-03
3.529e-04
2.470e-03
1.059e-03
1.411e-03
3.529e-04
7.057e-04
7.057e-04
1.059e-03
2.823e-03
3.529e-04
2.117e-03
1.059e-03
2.823e-03
1.764e-03
1.411e-03
7.057e-04
7.057e-04
3.529e-04
2.117e-03
7.057e-04
1.411e-03
1.059e-03
7.057e-04
1.764e-03
7.057e-04
3.529e-04
1.059e-03
1.411e-03
1.411e-03
1.059e-03
7.057e-04
0.000e+00
1.411e-03
1.411e-03
1.764e-03
7.057e-04
7.057e-04
1.059e-03
2.117e-03
1.411e-03
2.823e-03
7.057e-04
1.411e-03
7.057e-04
2.470e-03
2.470e-03
1.059e-03
7.057e-04
1.764e-03
3.529e-04
1.059e-03
1.059e-03
3.529e-04
2.823e-03
3.529e-04
7.057e-04
2.117e-03
2.470e-03
3.529e-04
7.057e-04
3.529e-03
1.411e-03
1.411e-03
1.059e-03
1.059e-03
1.764e-03
3.529e-04
1.059e-03
1.059e-03
2.117e-03
1.411e-03
2.823e-03
2.117e-03
2.117e-03
2.823e-03
1.764e-03
4.587e-03
1.764e-03
2.823e-03
4.234e-03
2.470e-03
4.587e-03
4.940e-03
6.351e-03
6.704e-03
6.704e-03
6.704e-03
9.880e-03
1.129e-02
1.306e-02
9.174e-03
7.410e-03
6.704e-03
6.351e-03
5.646e-03
6.351e-03
5.646e-03
5.293e-03
1.588e-02
4.234e-03
5.646e-03
5.646e-03
6.351e-03
5.646e-03
8.469e-03
9.527e-03
1.376e-02
1.447e-02
1.306e-02
9.174e-03
8.469e-03
7.057e-03
5.999e-03
5.646e-03
4.587e-03
4.234e-03
4.940e-03
4.234e-03
3.176e-03
1.059e-03
6.704e-03
4.234e-03
3.529e-03
2.823e-03
2.823e-03
1.411e-03
1.764e-03
2.470e-03
2.823e-03
1.059e-03
1.059e-03
2.470e-03
2.117e-03
2.117e-03
1.764e-03
1.411e-03
1.411e-03
2.117e-03
1.764e-03
1.411e-03
1.411e-03
7.057e-04
3.529e-04
1.411e-03
2.470e-03
1.411e-03
1.059e-03
1.764e-03
1.411e-03
1.059e-03
2.117e-03
2.470e-03
2.117e-03
1.059e-03
1.764e-03
3.529e-04
7.057e-04
0.000e+00
1.059e-03
1.059e-03
7.057e-04
1.059e-03
1.411e-03
0.000e+00
1.764e-03
1.764e-03
7.057e-04
7.057e-04
1.411e-03
1.411e-03
1.059e-03
1.411e-03
1.059e-03
1.764e-03
2.117e-03
1.764e-03
1.059e-03
1.059e-03
7.057e-04
2.470e-03
1.411e-03
1.059e-03
3.529e-04
1.059e-03
2.470e-03
1.059e-03
1.059e-03
1.059e-03
1.764e-03
1.411e-03
1.764e-03
0.000e+00
1.411e-03
1.411e-03
1.059e-03
2.117e-03
7.057e-04
7.057e-04
0.000e+00
1.764e-03
7.057e-04
1.764e-03
3.529e-04
2.117e-03
1.411e-03
0.000e+00
1.059e-03
7.057e-04
7.057e-04
1.764e-03
1.764e-03
1.059e-03
1.059e-03
1.411e-03
2.470e-03
2.117e-03
3.529e-04
2.117e-03
1.411e-03
1.059e-03
1.411e-03
1.411e-03
7.057e-04
1.059e-03
1.764e-03
1.411e-03
1.764e-03
2.470e-03
2.117e-03
3.176e-03
2.470e-03
1.411e-03
1.059e-03
2.117e-03
1.059e-03
7.057e-04
1.059e-03
2.823e-03
1.411e-03
1.059e-03
2.117e-03
1.411e-03
3.529e-04
1.059e-03
2.117e-03
3.529e-03
7.057e-04
2.117e-03
1.059e-03
2.117e-03
1.411e-03
2.823e-03
1.411e-03
2.823e-03
4.587e-03
4.234e-03
1.764e-03
3.529e-03
5.293e-03
6.704e-03
3.176e-03
4.234e-03
3.176e-03
4.587e-03
8.116e-03
6.351e-03
8.821e-03
7.057e-03
1.059e-02
1.588e-02
1.023e-02
8.821e-03
8.116e-03
4.940e-03
4.234e-03
5.646e-03
5.646e-03
9.174e-03
