6.351e-03
5.293e-03
6.881e-03
5.646e-03
4.587e-03
6.351e-03
4.058e-03
3.352e-03
3.705e-03
3.352e-03
2.470e-03
3.176e-03
1.764e-03
2.470e-03
1.235e-03
2.294e-03
1.235e-03
1.411e-03
1.941e-03
1.764e-03
3.529e-04
3.529e-04
1.764e-03
3.529e-04
3.529e-04
1.059e-03
7.057e-04
1.235e-03
1.059e-03
3.529e-04
3.529e-04
8.821e-04
5.293e-04
8.821e-04
3.529e-04
0.000e+00
1.764e-04
5.293e-04
7.057e-04
7.057e-04
5.293e-04
3.529e-04
1.764e-04
1.764e-04
1.764e-04
7.057e-04
1.764e-04
1.764e-04
7.057e-04
1.764e-04
1.764e-04
3.529e-04
3.529e-04
1.059e-03
3.529e-04
7.057e-04
7.057e-04
1.764e-04
8.821e-04
5.293e-04
8.821e-04
1.235e-03
1.235e-03
7.057e-04
1.059e-03
1.235e-03
1.235e-03
5.293e-04
8.821e-04
1.059e-03
7.057e-04
1.941e-03
0.000e+00
1.059e-03
7.057e-04
3.529e-04
1.764e-03
1.235e-03
1.235e-03
1.059e-03
8.821e-04
1.941e-03
1.059e-03
5.293e-04
3.529e-04
1.235e-03
1.764e-03
1.764e-04
5.293e-04
1.235e-03
1.411e-03
1.764e-03
1.235e-03
1.059e-03
8.821e-04
3.529e-04
7.057e-04
3.529e-04
1.588e-03
5.293e-04
0.000e+00
5.293e-04
3.529e-04
3.529e-04
1.411e-03
5.293e-04
1.059e-03
7.057e-04
1.235e-03
1.764e-04
8.821e-04
3.529e-04
5.293e-04
7.057e-04
8.821e-04
7.057e-04
5.293e-04
1.235e-03
7.057e-04
3.529e-04
1.235e-03
8.821e-04
3.529e-04
1.764e-04
5.293e-04
1.059e-03
5.293e-04
5.293e-04
3.529e-04
5.293e-04
5.293e-04
3.529e-04
8.821e-04
7.057e-04
3.529e-04
3.529e-04
3.529e-04
7.057e-04
0.000e+00
3.529e-04
5.293e-04
1.764e-04
5.293e-04
7.057e-04
1.764e-04
7.057e-04
1.411e-03
7.057e-04
1.235e-03
1.059e-03
5.293e-04
5.293e-04
5.293e-04
7.057e-04
8.821e-04
1.235e-03
1.235e-03
1.059e-03
1.411e-03
1.235e-03
1.588e-03
1.764e-03
2.646e-03
3.352e-03
2.470e-03
1.764e-03
2.823e-03
2.646e-03
2.117e-03
3.529e-03
2.999e-03
4.587e-03
5.469e-03
3.881e-03
3.529e-03
4.411e-03
6.704e-03
7.057e-03
5.293e-03
6.528e-03
8.998e-03
9.527e-03
6.351e-03
4.411e-03
4.234e-03
4.940e-03
5.293e-03
3.705e-03
4.940e-03
5.469e-03
2.823e-03
4.764e-03
2.646e-03
2.646e-03
1.411e-03
1.588e-03
1.764e-03
3.529e-03
1.411e-03
2.294e-03
1.941e-03
1.059e-03
1.764e-03
8.821e-04
1.588e-03
1.059e-03
7.057e-04
8.821e-04
1.059e-03
1.235e-03
5.293e-04
3.529e-04
1.235e-03
3.529e-04
1.411e-03
5.293e-04
7.057e-04
3.529e-04
1.059e-03
5.293e-04
5.293e-04
7.057e-04
5.293e-04
0.000e+00
3.529e-04
3.529e-04
3.529e-04
1.235e-03
7.057e-04
5.293e-04
1.764e-04
5.293e-04
5.293e-04
8.821e-04
8.821e-04
8.821e-04
7.057e-04
1.235e-03
5.293e-04
1.059e-03
1.059e-03
1.764e-04
1.764e-04
7.057e-04
3.529e-04
8.821e-04
1.059e-03
1.235e-03
3.529e-04
8.821e-04
7.057e-04
5.293e-04
8.821e-04
1.235e-03
1.059e-03
1.235e-03
1.764e-04
1.235e-03
1.059e-03
1.235e-03
1.764e-04
8.821e-04
1.059e-03
7.057e-04
1.588e-03
1.059e-03
1.059e-03
1.764e-03
3.529e-04
1.588e-03
1.588e-03
1.411e-03
1.235e-03
5.293e-04
8.821e-04
7.057e-04
1.588e-03
7.057e-04
5.293e-04
7.057e-04
7.057e-04
7.057e-04
5.293e-04
1.411e-03
7.057e-04
1.059e-03
1.059e-03
8.821e-04
1.411e-03
1.235e-03
1.059e-03
8.821e-04
8.821e-04
1.235e-03
8.821e-04
7.057e-04
5.293e-04
5.293e-04
3.529e-04
7.057e-04
8.821e-04
1.588e-03
7.057e-04
5.293e-04
8.821e-04
1.764e-04
0.000e+00
3.529e-04
3.529e-04
3.529e-04
5.293e-04
3.529e-04
3.529e-04
0.000e+00
1.764e-04
0.000e+00
3.529e-04
3.529e-04
0.000e+00
1.764e-04
5.293e-04
5.293e-04
3.529e-04
1.764e-04
3.529e-04
7.057e-04
5.293e-04
1.059e-03
3.529e-04
7.057e-04
3.529e-04
3.529e-04
5.293e-04
5.293e-04
1.411e-03
3.529e-04
8.821e-04
1.059e-03
1.059e-03
1.411e-03
1.764e-03
2.294e-03
1.059e-03
1.235e-03
8.821e-04
2.470e-03
2.294e-03
2.294e-03
4.058e-03
2.470e-03
2.823e-03
1.411e-03
3.529e-03
4.587e-03
3.705e-03
5.469e-03
5.293e-03
4.764e-03
6.351e-03
5.293e-03
