1.517e-02
3.794e-03
7.587e-04
2.276e-03
0.000e+00
2.276e-03
1.517e-03
7.587e-04
0.000e+00
7.587e-04
0.000e+00
0.000e+00
1.517e-03
0.000e+00
7.587e-04
0.000e+00
0.000e+00
3.035e-03
3.035e-03
3.035e-03
7.587e-04
1.517e-03
3.794e-03
2.276e-03
2.276e-03
7.587e-03
1.517e-03
1.517e-03
4.552e-03
6.829e-03
2.276e-03
7.587e-03
9.863e-03
9.863e-03
1.442e-02
1.442e-02
1.290e-02
1.669e-02
2.807e-02
1.745e-02
1.442e-02
1.214e-02
3.794e-03
5.311e-03
7.587e-03
4.552e-03
4.552e-03
2.276e-03
5.311e-03
1.517e-03
3.794e-03
2.276e-03
1.517e-03
1.517e-03
7.587e-04
0.000e+00
1.517e-03
0.000e+00
1.517e-03
7.587e-04
1.517e-03
0.000e+00
1.517e-03
0.000e+00
0.000e+00
7.587e-04
0.000e+00
0.000e+00
0.000e+00
0.000e+00
7.587e-04
0.000e+00
0.000e+00
0.000e+00
0.000e+00
1.517e-03
0.000e+00
0.000e+00
7.587e-04
0.000e+00
0.000e+00
0.000e+00
0.000e+00
0.000e+00
7.587e-04
0.000e+00
7.587e-04
0.000e+00
0.000e+00
7.587e-04
7.587e-04
2.276e-03
1.517e-03
7.587e-04
0.000e+00
0.000e+00
0.000e+00
0.000e+00
0.000e+00
0.000e+00
0.000e+00
7.587e-04
0.000e+00
0.000e+00
0.000e+00
0.000e+00
0.000e+00
0.000e+00
0.000e+00
7.587e-04
0.000e+00
0.000e+00
0.000e+00
0.000e+00
7.587e-04
0.000e+00
0.000e+00
0.000e+00
0.000e+00
0.000e+00
0.000e+00
7.587e-04
0.000e+00
7.587e-04
7.587e-04
1.517e-03
2.276e-03
0.000e+00
7.587e-04
1.517e-03
0.000e+00
2.276e-03
1.517e-03
3.794e-03
2.276e-03
2.276e-03
5.311e-03
6.070e-03
4.552e-03
8.346e-03
1.062e-02
1.214e-02
9.863e-03
2.504e-02
1.366e-02
5.311e-03
7.587e-03
6.829e-03
7.587e-03
3.035e-03
4.552e-03
3.035e-03
3.035e-03
4.552e-03
3.035e-03
3.035e-03
4.552e-03
3.035e-03
3.794e-03
2.276e-03
5.311e-03
1.517e-03
7.587e-04
2.276e-03
3.035e-03
7.587e-04
1.517e-03
2.276e-03
3.794e-03
7.587e-04
2.276e-03
2.276e-03
7.587e-04
7.587e-04
0.000e+00
2.276e-03
7.587e-04
7.587e-04
2.276e-03
3.035e-03
1.745e-02
1.517e-03
7.587e-04
1.517e-03
7.587e-04
2.276e-03
1.517e-03
2.276e-03
1.517e-03
0.000e+00
1.517e-03
7.587e-04
1.517e-03
2.276e-03
1.517e-03
3.035e-03
3.035e-03
1.517e-03
0.000e+00
3.035e-03
1.517e-03
1.517e-03
3.035e-03
2.276e-03
1.517e-03
3.794e-03
7.587e-04
1.517e-03
2.276e-03
6.070e-03
3.035e-03
2.276e-03
7.587e-03
6.070e-03
1.669e-02
8.346e-03
1.517e-02
1.745e-02
2.656e-02
1.821e-02
1.138e-02
1.062e-02
4.552e-03
3.035e-03
6.829e-03
4.552e-03
3.794e-03
7.587e-04
1.517e-03
0.000e+00
7.587e-04
3.035e-03
4.552e-03
1.517e-03
7.587e-04
0.000e+00
7.587e-04
1.517e-03
1.517e-03
0.000e+00
7.587e-04
0.000e+00
1.517e-03
0.000e+00
0.000e+00
0.000e+00
7.587e-04
0.000e+00
0.000e+00
0.000e+00
7.587e-04
7.587e-04
0.000e+00
0.000e+00
7.587e-04
0.000e+00
0.000e+00
0.000e+00
0.000e+00
0.000e+00
7.587e-04
7.587e-04
0.000e+00
0.000e+00
0.000e+00
7.587e-04
0.000e+00
0.000e+00
1.517e-03
0.000e+00
3.794e-03
0.000e+00
7.587e-04
7.587e-04
0.000e+00
0.000e+00
0.000e+00
0.000e+00
0.000e+00
0.000e+00
7.587e-04
0.000e+00
0.000e+00
0.000e+00
0.000e+00
0.000e+00
7.587e-04
0.000e+00
0.000e+00
0.000e+00
0.000e+00
0.000e+00
0.000e+00
7.587e-04
1.517e-03
1.517e-03
0.000e+00
7.587e-04
0.000e+00
0.000e+00
0.000e+00
0.000e+00
7.587e-04
7.587e-04
7.587e-04
1.517e-03
3.035e-03
1.517e-03
7.587e-04
1.517e-03
0.000e+00
1.517e-03
7.587e-04
2.276e-03
1.517e-03
4.552e-03
4.552e-03
3.794e-03
5.311e-03
7.587e-03
6.829e-03
9.863e-03
1.593e-02
2.656e-02
1.669e-02
6.070e-03
6.829e-03
3.794e-03
8.346e-03
7.587e-03
6.829e-03
4.552e-03
1.517e-03
3.794e-03
4.552e-03
4.552e-03
7.587e-04
2.276e-03
4.552e-03
1.517e-03
1.517e-03
7.587e-04
1.517e-03
2.276e-03
2.276e-03
1.517e-03
0.000e+00
7.587e-04
0.000e+00
1.517e-03
7.587e-04
0.000e+00
7.587e-04
1.517e-03
7.587e-04
2.276e-03
0.000e+00
1.517e-03
2.276e-03
1.517e-03
