7.587e-04
1.517e-03
1.517e-03
3.794e-04
1.138e-03
1.138e-03
1.138e-03
1.517e-03
3.794e-04
7.587e-04
7.587e-04
3.794e-04
1.517e-03
1.517e-03
0.000e+00
1.517e-03
3.794e-04
1.517e-03
7.587e-04
1.138e-03
1.138e-03
1.138e-03
1.897e-03
1.138e-03
2.656e-03
1.517e-03
7.587e-04
1.517e-03
7.587e-04
2.656e-03
1.138e-03
2.276e-03
2.276e-03
1.517e-03
2.656e-03
2.656e-03
4.932e-03
2.276e-03
2.276e-03
3.035e-03
3.794e-04
3.414e-03
4.932e-03
3.035e-03
3.035e-03
7.587e-04
7.587e-04
3.414e-03
2.656e-03
3.035e-03
2.276e-03
3.035e-03
1.517e-03
7.587e-04
1.517e-03
1.897e-03
1.517e-03
2.276e-03
1.138e-03
1.517e-03
3.794e-04
1.138e-03
3.035e-03
7.587e-04
1.138e-03
3.794e-04
3.794e-04
0.000e+00
1.897e-03
1.897e-03
0.000e+00
3.794e-04
7.587e-04
1.517e-03
7.587e-04
7.587e-04
1.517e-03
3.794e-04
3.794e-04
3.794e-04
0.000e+00
1.138e-03
3.794e-04
1.138e-03
3.794e-04
0.000e+00
1.517e-03
3.794e-04
0.000e+00
0.000e+00
0.000e+00
3.794e-04
3.794e-04
3.794e-04
1.138e-03
1.138e-03
3.794e-04
7.587e-04
3.794e-04
3.794e-04
1.138e-03
7.587e-04
1.138e-03
3.794e-04
0.000e+00
0.000e+00
2.656e-03
3.794e-04
7.587e-04
0.000e+00
7.587e-04
7.587e-04
7.587e-04
7.587e-04
1.138e-03
7.587e-04
1.517e-03
1.138e-03
1.517e-03
3.035e-03
2.276e-03
1.138e-03
2.656e-03
2.276e-03
1.897e-03
1.138e-03
7.587e-04
1.138e-03
3.035e-03
2.276e-03
3.794e-03
2.276e-03
1.897e-03
1.517e-03
1.138e-03
2.656e-03
1.517e-03
1.138e-03
3.794e-03
4.552e-03
1.138e-03
1.138e-03
3.414e-03
3.035e-03
1.517e-03
2.656e-03
7.587e-04
1.897e-03
7.587e-04
3.414e-03
1.517e-03
3.414e-03
1.897e-03
1.517e-03
1.897e-03
7.587e-04
3.794e-04
7.587e-04
1.517e-03
1.517e-03
3.035e-03
1.138e-03
1.517e-03
7.587e-04
1.138e-03
0.000e+00
1.517e-03
1.517e-03
1.517e-03
0.000e+00
1.517e-03
7.587e-04
2.656e-03
1.517e-03
2.276e-03
1.138e-03
7.587e-04
1.138e-03
0.000e+00
1.138e-03
1.897e-03
2.276e-03
1.897e-03
3.794e-04
3.794e-04
3.794e-04
1.517e-03
0.000e+00
1.138e-03
7.587e-04
2.276e-03
7.587e-04
1.517e-03
1.897e-03
7.587e-04
7.587e-04
1.517e-03
0.000e+00
2.276e-03
1.517e-03
1.138e-03
1.517e-03
7.587e-04
1.138e-03
3.794e-04
2.656e-03
3.794e-04
1.517e-03
2.656e-03
3.794e-04
1.517e-03
5.690e-03
1.897e-03
1.138e-03
2.276e-03
3.035e-03
3.414e-03
1.897e-03
3.794e-03
4.552e-03
3.414e-03
1.897e-03
2.276e-03
1.517e-03
3.035e-03
1.517e-03
2.656e-03
1.517e-03
2.656e-03
7.587e-04
2.276e-03
2.656e-03
3.035e-03
2.656e-03
1.517e-03
1.517e-03
2.276e-03
1.897e-03
1.517e-03
1.517e-03
1.138e-03
1.517e-03
1.517e-03
1.138e-03
3.794e-04
1.138e-03
0.000e+00
3.794e-04
0.000e+00
3.794e-04
3.794e-04
1.138e-03
7.587e-04
1.897e-03
3.794e-04
1.517e-03
3.794e-04
0.000e+00
7.587e-04
3.794e-04
1.138e-03
0.000e+00
3.794e-04
1.138e-03
0.000e+00
3.794e-04
0.000e+00
3.794e-04
7.587e-04
3.794e-04
7.587e-04
0.000e+00
0.000e+00
0.000e+00
7.587e-04
3.794e-04
3.794e-04
1.517e-03
7.587e-04
3.794e-04
3.794e-04
0.000e+00
3.794e-04
1.138e-03
1.138e-03
7.587e-04
3.794e-04
7.587e-04
1.517e-03
7.587e-04
1.138e-03
7.587e-04
7.587e-04
7.587e-04
1.517e-03
7.587e-04
7.587e-04
1.138e-03
3.794e-04
1.517e-03
1.897e-03
1.517e-03
1.517e-03
2.656e-03
1.138e-03
1.138e-03
1.138e-03
1.897e-03
1.897e-03
1.897e-03
2.656e-03
3.035e-03
1.138e-03
4.173e-03
1.897e-03
7.587e-04
3.414e-03
1.897e-03
3.035e-03
2.656e-03
1.138e-03
2.276e-03
1.138e-03
3.035e-03
2.276e-03
1.517e-03
2.656e-03
7.587e-04
2.656e-03
1.138e-03
3.035e-03
1.517e-03
3.794e-04
1.138e-03
3.794e-04
1.897e-03
1.517e-03
2.276e-03
1.138e-03
1.517e-03
1.517e-03
7.587e-04
3.035e-03
1.138e-03
1.138e-03
1.517e-03
7.587e-04
7.587e-04
1.897e-03
1.517e-03
1.138e-03
1.897e-03
1.138e-03
3.794e-04
3.794e-04
0.000e+00
1.138e-03
1.138e-03
7.587e-04
1.138e-03
