6.161e-02
2.370e-02
1.896e-02
1.422e-02
0.000e+00
0.000e+00
0.000e+00
4.739e-03
9.479e-03
0.000e+00
1.896e-02
0.000e+00
1.422e-02
1.422e-02
9.479e-03
4.739e-03
4.739e-03
9.479e-03
1.896e-02
1.422e-02
4.739e-03
1.422e-02
4.739e-03
2.844e-02
1.422e-02
9.479e-03
0.000e+00
9.479e-03
4.739e-03
4.739e-03
4.739e-03
0.000e+00
9.479e-03
0.000e+00
0.000e+00
0.000e+00
4.739e-03
4.739e-03
9.479e-03
9.479e-03
9.479e-03
4.739e-03
0.000e+00
9.479e-03
0.000e+00
4.739e-03
4.739e-03
4.739e-03
0.000e+00
0.000e+00
0.000e+00
0.000e+00
0.000e+00
0.000e+00
0.000e+00
0.000e+00
0.000e+00
0.000e+00
0.000e+00
0.000e+00
0.000e+00
0.000e+00
0.000e+00
0.000e+00
0.000e+00
9.479e-03
0.000e+00
0.000e+00
0.000e+00
0.000e+00
4.739e-03
0.000e+00
0.000e+00
0.000e+00
0.000e+00
0.000e+00
0.000e+00
0.000e+00
0.000e+00
0.000e+00
0.000e+00
0.000e+00
4.739e-03
0.000e+00
0.000e+00
0.000e+00
0.000e+00
0.000e+00
4.739e-03
0.000e+00
0.000e+00
0.000e+00
0.000e+00
4.739e-03
4.739e-03
0.000e+00
4.739e-03
0.000e+00
4.739e-03
4.739e-03
0.000e+00
0.000e+00
0.000e+00
0.000e+00
0.000e+00
0.000e+00
0.000e+00
4.739e-03
0.000e+00
0.000e+00
0.000e+00
0.000e+00
0.000e+00
0.000e+00
4.739e-03
0.000e+00
4.739e-03
0.000e+00
0.000e+00
9.479e-03
0.000e+00
0.000e+00
0.000e+00
0.000e+00
0.000e+00
1.422e-02
4.739e-03
1.422e-02
1.422e-02
0.000e+00
0.000e+00
0.000e+00
0.000e+00
4.739e-03
9.479e-03
0.000e+00
0.000e+00
4.739e-03
0.000e+00
1.422e-02
0.000e+00
0.000e+00
4.739e-03
4.739e-03
0.000e+00
0.000e+00
0.000e+00
0.000e+00
0.000e+00
0.000e+00
0.000e+00
0.000e+00
0.000e+00
0.000e+00
4.739e-03
0.000e+00
0.000e+00
0.000e+00
0.000e+00
0.000e+00
0.000e+00
0.000e+00
0.000e+00
0.000e+00
0.000e+00
0.000e+00
0.000e+00
0.000e+00
0.000e+00
0.000e+00
0.000e+00
0.000e+00
0.000e+00
0.000e+00
0.000e+00
0.000e+00
0.000e+00
0.000e+00
0.000e+00
0.000e+00
0.000e+00
0.000e+00
0.000e+00
0.000e+00
0.000e+00
0.000e+00
0.000e+00
0.000e+00
0.000e+00
0.000e+00
0.000e+00
0.000e+00
0.000e+00
0.000e+00
0.000e+00
0.000e+00
0.000e+00
0.000e+00
0.000e+00
9.479e-03
0.000e+00
0.000e+00
0.000e+00
0.000e+00
4.739e-03
0.000e+00
0.000e+00
0.000e+00
0.000e+00
0.000e+00
0.000e+00
0.000e+00
0.000e+00
0.000e+00
0.000e+00
4.739e-03
0.000e+00
4.739e-03
0.000e+00
0.000e+00
0.000e+00
0.000e+00
4.739e-03
4.739e-03
0.000e+00
4.739e-03
4.739e-03
0.000e+00
4.739e-03
0.000e+00
0.000e+00
1.896e-02
0.000e+00
9.479e-03
4.739e-03
9.479e-03
0.000e+00
4.739e-03
0.000e+00
0.000e+00
0.000e+00
0.000e+00
0.000e+00
0.000e+00
0.000e+00
0.000e+00
0.000e+00
0.000e+00
0.000e+00
0.000e+00
0.000e+00
0.000e+00
4.739e-03
0.000e+00
0.000e+00
0.000e+00
0.000e+00
0.000e+00
0.000e+00
0.000e+00
4.739e-03
0.000e+00
4.739e-03
4.739e-03
0.000e+00
4.739e-03
0.000e+00
0.000e+00
0.000e+00
0.000e+00
0.000e+00
0.000e+00
0.000e+00
0.000e+00
0.000e+00
0.000e+00
0.000e+00
0.000e+00
0.000e+00
0.000e+00
0.000e+00
4.739e-03
4.739e-03
0.000e+00
0.000e+00
0.000e+00
0.000e+00
0.000e+00
4.739e-03
4.739e-03
0.000e+00
0.000e+00
0.000e+00
0.000e+00
0.000e+00
0.000e+00
0.000e+00
0.000e+00
4.739e-03
0.000e+00
0.000e+00
0.000e+00
0.000e+00
4.739e-03
0.000e+00
0.000e+00
0.000e+00
0.000e+00
0.000e+00
0.000e+00
0.000e+00
0.000e+00
0.000e+00
4.739e-03
0.000e+00
0.000e+00
4.739e-03
0.000e+00
0.000e+00
1.422e-02
0.000e+00
0.000e+00
4.739e-03
4.739e-03
9.479e-03
0.000e+00
0.000e+00
2.370e-02
9.479e-03
4.739e-03
0.000e+00
9.479e-03
0.000e+00
0.000e+00
0.000e+00
4.739e-03
4.739e-03
1.896e-02
0.000e+00
9.479e-03
1.422e-02
9.479e-03
1.422e-02
4.739e-03
4.739e-03
9.479e-03
4.739e-03
9.479e-03
9.479e-03
0.000e+00
9.479e-03
4.739e-03
0.000e+00
4.739e-03
4.739e-03
0.000e+00
0.000e+00
1.422e-02
1.422e-02
9.479e-03
