3.098e-03
7.746e-04
3.873e-03
2.324e-03
7.746e-04
7.746e-04
7.746e-04
1.549e-03
0.000e+00
7.746e-04
0.000e+00
7.746e-04
0.000e+00
7.746e-04
0.000e+00
0.000e+00
1.549e-03
1.549e-03
3.098e-03
1.549e-03
7.746e-04
0.000e+00
7.746e-04
7.746e-04
0.000e+00
1.549e-03
0.000e+00
1.549e-03
1.549e-03
0.000e+00
1.549e-03
7.746e-04
0.000e+00
1.549e-03
7.746e-04
0.000e+00
7.746e-04
7.746e-04
2.324e-03
5.422e-03
4.648e-03
1.549e-03
7.746e-04
2.324e-03
1.549e-03
1.549e-03
4.648e-03
3.098e-03
3.098e-03
2.324e-03
0.000e+00
2.324e-03
2.324e-03
7.746e-04
1.084e-02
5.422e-03
3.873e-03
4.648e-03
1.007e-02
7.746e-03
3.873e-03
3.098e-03
3.098e-03
1.549e-03
0.000e+00
7.746e-04
1.549e-03
7.746e-04
0.000e+00
7.746e-04
7.746e-04
0.000e+00
0.000e+00
1.549e-03
7.746e-04
1.549e-03
7.746e-04
0.000e+00
0.000e+00
0.000e+00
7.746e-04
0.000e+00
1.549e-03
0.000e+00
0.000e+00
1.549e-03
0.000e+00
0.000e+00
7.746e-04
7.746e-04
7.746e-04
0.000e+00
0.000e+00
0.000e+00
0.000e+00
0.000e+00
0.000e+00
0.000e+00
1.549e-03
7.746e-04
0.000e+00
0.000e+00
0.000e+00
1.549e-03
0.000e+00
0.000e+00
0.000e+00
0.000e+00
0.000e+00
0.000e+00
0.000e+00
0.000e+00
0.000e+00
1.549e-03
7.746e-04
7.746e-04
0.000e+00
0.000e+00
3.098e-03
2.324e-03
2.324e-03
2.324e-03
7.746e-03
2.324e-03
3.098e-03
2.324e-03
3.098e-03
4.648e-03
4.648e-03
1.549e-03
0.000e+00
0.000e+00
7.746e-04
7.746e-04
7.746e-04
3.098e-03
3.098e-03
3.873e-03
2.324e-03
1.549e-03
7.746e-04
2.324e-03
7.746e-04
1.549e-03
0.000e+00
7.746e-04
1.549e-03
0.000e+00
7.746e-04
7.746e-04
2.324e-03
1.549e-03
0.000e+00
7.746e-04
3.098e-03
1.549e-03
3.098e-03
4.648e-03
3.098e-03
3.873e-03
1.549e-03
3.873e-03
4.648e-03
3.873e-03
1.549e-03
0.000e+00
5.422e-03
1.549e-03
1.549e-03
4.648e-03
9.295e-03
7.746e-03
7.746e-03
8.521e-03
1.317e-02
1.162e-02
1.394e-02
1.472e-02
3.021e-02
3.950e-02
1.596e-01
4.570e-02
1.936e-02
1.936e-02
1.394e-02
1.162e-02
1.007e-02
9.295e-03
8.521e-03
6.197e-03
4.648e-03
6.971e-03
4.648e-03
2.324e-03
3.098e-03
2.324e-03
2.324e-03
4.648e-03
5.422e-03
3.873e-03
2.324e-03
1.549e-03
3.098e-03
1.549e-03
0.000e+00
1.549e-03
3.098e-03
1.549e-03
3.098e-03
1.549e-03
0.000e+00
7.746e-04
7.746e-04
0.000e+00
7.746e-04
0.000e+00
0.000e+00
1.549e-03
1.549e-03
1.549e-03
0.000e+00
1.549e-03
7.746e-04
7.746e-04
1.549e-03
1.549e-03
1.549e-03
0.000e+00
2.324e-03
0.000e+00
0.000e+00
7.746e-04
4.648e-03
4.648e-03
3.098e-03
3.098e-03
9.295e-03
6.197e-03
6.197e-03
7.746e-04
7.746e-04
1.549e-03
1.549e-03
0.000e+00
7.746e-04
7.746e-04
1.549e-03
0.000e+00
0.000e+00
1.549e-03
0.000e+00
0.000e+00
1.549e-03
1.549e-03
1.549e-03
0.000e+00
0.000e+00
0.000e+00
1.549e-03
7.746e-04
0.000e+00
7.746e-04
7.746e-04
0.000e+00
0.000e+00
0.000e+00
7.746e-04
0.000e+00
7.746e-04
0.000e+00
1.549e-03
2.324e-03
0.000e+00
0.000e+00
7.746e-04
0.000e+00
0.000e+00
0.000e+00
0.000e+00
1.549e-03
0.000e+00
7.746e-04
0.000e+00
0.000e+00
0.000e+00
7.746e-04
0.000e+00
0.000e+00
0.000e+00
0.000e+00
0.000e+00
0.000e+00
7.746e-04
0.000e+00
1.549e-03
7.746e-04
0.000e+00
2.324e-03
3.873e-03
2.324e-03
7.746e-03
5.422e-03
4.648e-03
1.084e-02
1.007e-02
7.746e-03
6.197e-03
1.549e-03
0.000e+00
7.746e-04
2.324e-03
2.324e-03
1.549e-03
1.549e-03
3.873e-03
6.197e-03
4.648e-03
2.324e-03
3.873e-03
7.746e-04
1.549e-03
2.324e-03
1.549e-03
7.746e-04
7.746e-04
7.746e-04
1.549e-03
3.098e-03
7.746e-04
0.000e+00
7.746e-04
0.000e+00
1.549e-03
0.000e+00
0.000e+00
0.000e+00
7.746e-04
7.746e-04
7.746e-04
0.000e+00
7.746e-04
0.000e+00
0.000e+00
7.746e-04
0.000e+00
0.000e+00
0.000e+00
1.549e-03
7.746e-04
0.000e+00
0.000e+00
1.549e-03
0.000e+00
0.000e+00
7.746e-04
7.746e-04
2.324e-03
0.000e+00
7.746e-04
3.873e-03
