1.081e-02
4.054e-03
0.000e+00
2.703e-03
4.054e-03
5.405e-03
1.351e-03
1.351e-03
1.351e-03
1.351e-03
0.000e+00
4.054e-03
1.351e-03
1.351e-03
0.000e+00
1.351e-03
0.000e+00
0.000e+00
0.000e+00
1.351e-03
0.000e+00
0.000e+00
0.000e+00
0.000e+00
0.000e+00
1.351e-03
0.000e+00
0.000e+00
0.000e+00
1.351e-03
0.000e+00
0.000e+00
0.000e+00
0.000e+00
1.351e-03
0.000e+00
1.351e-03
0.000e+00
0.000e+00
0.000e+00
0.000e+00
0.000e+00
0.000e+00
0.000e+00
0.000e+00
0.000e+00
0.000e+00
0.000e+00
0.000e+00
0.000e+00
0.000e+00
1.351e-03
0.000e+00
0.000e+00
0.000e+00
0.000e+00
0.000e+00
0.000e+00
0.000e+00
0.000e+00
0.000e+00
0.000e+00
0.000e+00
0.000e+00
0.000e+00
0.000e+00
0.000e+00
0.000e+00
0.000e+00
0.000e+00
0.000e+00
0.000e+00
0.000e+00
0.000e+00
0.000e+00
0.000e+00
0.000e+00
0.000e+00
0.000e+00
0.000e+00
0.000e+00
0.000e+00
0.000e+00
0.000e+00
0.000e+00
0.000e+00
0.000e+00
0.000e+00
0.000e+00
0.000e+00
0.000e+00
1.351e-03
0.000e+00
0.000e+00
0.000e+00
0.000e+00
0.000e+00
0.000e+00
0.000e+00
0.000e+00
0.000e+00
0.000e+00
0.000e+00
0.000e+00
0.000e+00
0.000e+00
0.000e+00
0.000e+00
0.000e+00
0.000e+00
0.000e+00
0.000e+00
0.000e+00
0.000e+00
0.000e+00
0.000e+00
0.000e+00
0.000e+00
0.000e+00
0.000e+00
0.000e+00
0.000e+00
0.000e+00
0.000e+00
0.000e+00
0.000e+00
0.000e+00
2.703e-03
0.000e+00
0.000e+00
0.000e+00
0.000e+00
0.000e+00
0.000e+00
0.000e+00
0.000e+00
0.000e+00
1.351e-03
0.000e+00
1.351e-03
0.000e+00
0.000e+00
1.351e-03
0.000e+00
0.000e+00
0.000e+00
0.000e+00
1.351e-03
0.000e+00
1.351e-03
2.703e-03
1.351e-03
0.000e+00
0.000e+00
0.000e+00
1.351e-03
0.000e+00
2.703e-03
0.000e+00
2.703e-03
0.000e+00
4.054e-03
2.703e-03
1.351e-03
0.000e+00
2.703e-03
2.703e-03
5.405e-03
4.054e-03
2.703e-03
4.054e-03
8.108e-03
1.351e-02
1.081e-02
1.351e-02
1.757e-02
1.892e-02
3.378e-02
1.757e-02
2.162e-02
2.703e-02
1.622e-02
1.622e-02
1.757e-02
2.162e-02
8.108e-03
1.081e-02
6.757e-03
1.216e-02
9.459e-03
1.351e-02
6.757e-03
6.757e-03
6.757e-03
4.054e-03
0.000e+00
4.054e-03
1.351e-03
2.703e-03
2.703e-03
0.000e+00
0.000e+00
0.000e+00
4.054e-03
1.351e-03
0.000e+00
2.703e-03
0.000e+00
1.351e-03
0.000e+00
0.000e+00
2.703e-03
0.000e+00
2.703e-03
1.351e-03
0.000e+00
2.703e-03
0.000e+00
0.000e+00
0.000e+00
0.000e+00
0.000e+00
0.000e+00
0.000e+00
0.000e+00
0.000e+00
0.000e+00
0.000e+00
0.000e+00
0.000e+00
0.000e+00
0.000e+00
0.000e+00
0.000e+00
0.000e+00
0.000e+00
0.000e+00
0.000e+00
0.000e+00
0.000e+00
0.000e+00
0.000e+00
1.351e-03
0.000e+00
0.000e+00
0.000e+00
0.000e+00
0.000e+00
0.000e+00
0.000e+00
0.000e+00
0.000e+00
0.000e+00
0.000e+00
0.000e+00
0.000e+00
0.000e+00
0.000e+00
0.000e+00
0.000e+00
0.000e+00
0.000e+00
0.000e+00
0.000e+00
0.000e+00
0.000e+00
0.000e+00
0.000e+00
0.000e+00
0.000e+00
0.000e+00
0.000e+00
0.000e+00
0.000e+00
0.000e+00
0.000e+00
0.000e+00
0.000e+00
0.000e+00
0.000e+00
0.000e+00
0.000e+00
0.000e+00
0.000e+00
0.000e+00
0.000e+00
0.000e+00
0.000e+00
0.000e+00
0.000e+00
0.000e+00
0.000e+00
0.000e+00
0.000e+00
0.000e+00
0.000e+00
0.000e+00
0.000e+00
0.000e+00
0.000e+00
0.000e+00
0.000e+00
0.000e+00
0.000e+00
0.000e+00
0.000e+00
0.000e+00
0.000e+00
0.000e+00
0.000e+00
0.000e+00
0.000e+00
0.000e+00
0.000e+00
0.000e+00
0.000e+00
0.000e+00
0.000e+00
0.000e+00
0.000e+00
0.000e+00
0.000e+00
0.000e+00
0.000e+00
2.703e-03
0.000e+00
0.000e+00
1.351e-03
0.000e+00
0.000e+00
0.000e+00
0.000e+00
0.000e+00
0.000e+00
0.000e+00
0.000e+00
0.000e+00
0.000e+00
0.000e+00
0.000e+00
0.000e+00
1.351e-03
0.000e+00
0.000e+00
0.000e+00
0.000e+00
1.351e-03
0.000e+00
0.000e+00
2.703e-03
0.000e+00
1.351e-03
1.351e-03
1.351e-03
1.351e-03
2.703e-03
2.703e-03
2.703e-03
4.054e-03
2.703e-03
