5.462e-04
3.642e-04
7.283e-04
0.000e+00
1.639e-03
5.462e-04
7.283e-04
7.283e-04
5.462e-04
3.642e-04
5.462e-04
1.092e-03
3.642e-04
7.283e-04
7.283e-04
1.821e-04
5.462e-04
3.642e-04
5.462e-04
3.642e-04
3.642e-04
1.821e-04
5.462e-04
3.642e-04
1.821e-04
1.821e-04
3.642e-04
1.821e-04
3.642e-04
1.821e-04
3.642e-04
0.000e+00
3.642e-04
1.821e-04
5.462e-04
5.462e-04
5.462e-04
3.642e-04
5.462e-04
7.283e-04
9.104e-04
7.283e-04
3.642e-04
2.185e-03
1.275e-03
7.283e-04
2.003e-03
1.639e-03
1.092e-03
1.639e-03
2.367e-03
2.185e-03
2.367e-03
1.639e-03
4.188e-03
2.367e-03
2.003e-03
2.003e-03
2.003e-03
2.549e-03
2.185e-03
3.824e-03
2.185e-03
1.639e-03
2.003e-03
1.457e-03
2.003e-03
2.185e-03
2.367e-03
2.185e-03
2.185e-03
2.185e-03
2.913e-03
2.185e-03
2.185e-03
2.367e-03
3.824e-03
2.913e-03
2.549e-03
1.092e-03
2.549e-03
2.367e-03
2.003e-03
2.003e-03
2.731e-03
2.185e-03
2.185e-03
1.457e-03
2.185e-03
1.821e-03
2.185e-03
1.639e-03
2.731e-03
3.277e-03
2.367e-03
1.457e-03
2.731e-03
2.185e-03
1.639e-03
2.549e-03
2.367e-03
2.367e-03
2.003e-03
3.824e-03
1.457e-03
2.367e-03
3.277e-03
2.367e-03
2.913e-03
1.639e-03
2.003e-03
2.367e-03
2.913e-03
4.370e-03
1.639e-03
1.275e-03
2.003e-03
1.639e-03
2.913e-03
3.095e-03
1.457e-03
2.913e-03
2.367e-03
2.549e-03
1.821e-03
2.731e-03
2.367e-03
2.367e-03
1.639e-03
2.731e-03
1.639e-03
7.283e-04
1.457e-03
1.275e-03
2.003e-03
1.821e-03
1.821e-03
1.275e-03
1.275e-03
9.104e-04
2.185e-03
7.283e-04
5.462e-04
0.000e+00
1.821e-04
5.462e-04
3.642e-04
5.462e-04
1.821e-04
3.642e-04
7.283e-04
5.462e-04
1.821e-04
5.462e-04
1.821e-04
0.000e+00
3.642e-04
0.000e+00
3.642e-04
1.821e-04
0.000e+00
5.462e-04
1.821e-04
3.642e-04
1.821e-04
1.821e-04
1.821e-04
3.642e-04
3.642e-04
1.821e-04
9.104e-04
9.104e-04
7.283e-04
1.821e-04
5.462e-04
7.283e-04
9.104e-04
7.283e-04
7.283e-04
5.462e-04
1.092e-03
7.283e-04
0.000e+00
3.642e-04
1.275e-03
9.104e-04
3.642e-04
5.462e-04
7.283e-04
3.642e-04
1.821e-04
1.275e-03
7.283e-04
7.283e-04
3.642e-04
7.283e-04
5.462e-04
0.000e+00
7.283e-04
3.642e-04
5.462e-04
0.000e+00
3.642e-04
5.462e-04
1.821e-04
1.821e-04
1.821e-04
1.821e-04
0.000e+00
3.642e-04
7.283e-04
0.000e+00
9.104e-04
3.642e-04
1.821e-04
5.462e-04
5.462e-04
9.104e-04
5.462e-04
9.104e-04
5.462e-04
9.104e-04
1.457e-03
3.642e-04
1.821e-03
7.283e-04
1.275e-03
1.457e-03
2.003e-03
2.367e-03
2.367e-03
2.367e-03
1.821e-03
2.549e-03
2.549e-03
2.731e-03
2.003e-03
2.367e-03
2.185e-03
1.639e-03
1.821e-03
2.731e-03
2.913e-03
2.731e-03
2.549e-03
1.275e-03
2.185e-03
2.549e-03
2.367e-03
1.821e-03
1.457e-03
2.367e-03
2.731e-03
3.095e-03
2.549e-03
1.821e-03
2.367e-03
2.367e-03
1.821e-03
2.913e-03
1.821e-03
2.549e-03
2.913e-03
1.275e-03
2.367e-03
1.275e-03
2.185e-03
2.185e-03
2.731e-03
2.549e-03
2.003e-03
2.185e-03
3.277e-03
2.367e-03
1.821e-03
1.639e-03
2.731e-03
1.275e-03
2.549e-03
2.731e-03
2.549e-03
1.821e-03
2.913e-03
2.731e-03
1.821e-03
1.275e-03
2.913e-03
2.549e-03
2.367e-03
2.549e-03
2.913e-03
2.913e-03
2.367e-03
2.731e-03
3.095e-03
2.731e-03
1.821e-03
1.821e-03
2.731e-03
2.185e-03
2.913e-03
2.731e-03
2.003e-03
2.003e-03
2.913e-03
2.731e-03
1.092e-03
2.003e-03
2.185e-03
2.367e-03
2.731e-03
7.283e-04
1.639e-03
1.457e-03
1.457e-03
1.275e-03
2.731e-03
1.275e-03
7.283e-04
9.104e-04
5.462e-04
1.092e-03
0.000e+00
9.104e-04
3.642e-04
3.642e-04
3.642e-04
3.642e-04
3.642e-04
7.283e-04
3.642e-04
1.821e-04
3.642e-04
1.821e-04
3.642e-04
1.821e-04
0.000e+00
3.642e-04
3.642e-04
1.821e-04
0.000e+00
1.821e-04
1.821e-04
3.642e-04
3.642e-04
1.821e-04
1.821e-04
5.462e-04
3.642e-04
1.821e-04
9.104e-04
7.283e-04
3.642e-04
7.283e-04
5.462e-04
3.642e-04
7.283e-04
5.462e-04
7.283e-04
1.092e-03
