1.571e-01
3.107e-02
1.829e-02
1.609e-02
1.432e-02
9.476e-03
7.713e-03
3.746e-03
3.526e-03
3.305e-03
2.865e-03
1.983e-03
2.644e-03
1.102e-03
1.322e-03
6.611e-04
1.543e-03
3.085e-03
2.865e-03
1.983e-03
1.102e-03
6.611e-04
4.407e-04
6.611e-04
8.814e-04
1.102e-03
6.611e-04
1.102e-03
1.543e-03
2.204e-04
6.611e-04
2.204e-04
6.611e-04
6.611e-04
2.204e-04
6.611e-04
4.407e-04
2.204e-04
1.102e-03
1.543e-03
1.543e-03
4.407e-04
2.204e-04
8.814e-04
4.407e-04
4.407e-04
1.322e-03
1.102e-03
8.814e-04
6.611e-04
2.204e-04
6.611e-04
6.611e-04
2.204e-04
3.305e-03
1.543e-03
1.102e-03
1.322e-03
2.865e-03
2.204e-03
1.102e-03
8.814e-04
8.814e-04
4.407e-04
2.204e-04
2.204e-04
8.814e-04
2.204e-04
0.000e+00
2.204e-04
2.204e-04
0.000e+00
0.000e+00
4.407e-04
4.407e-04
4.407e-04
2.204e-04
0.000e+00
0.000e+00
0.000e+00
4.407e-04
0.000e+00
6.611e-04
0.000e+00
0.000e+00
4.407e-04
0.000e+00
0.000e+00
2.204e-04
2.204e-04
2.204e-04
0.000e+00
0.000e+00
0.000e+00
0.000e+00
0.000e+00
2.204e-04
0.000e+00
4.407e-04
2.204e-04
0.000e+00
0.000e+00
0.000e+00
4.407e-04
2.204e-04
0.000e+00
0.000e+00
0.000e+00
0.000e+00
0.000e+00
0.000e+00
0.000e+00
0.000e+00
4.407e-04
2.204e-04
2.204e-04
2.204e-04
0.000e+00
8.814e-04
6.611e-04
6.611e-04
6.611e-04
2.865e-03
6.611e-04
2.204e-03
3.085e-03
1.983e-03
1.983e-03
1.543e-03
6.611e-04
2.204e-04
4.407e-04
1.102e-03
6.611e-04
4.407e-04
1.543e-03
1.543e-03
1.543e-03
1.102e-03
8.814e-04
4.407e-04
6.611e-04
4.407e-04
8.814e-04
0.000e+00
8.814e-04
8.814e-04
0.000e+00
4.407e-04
6.611e-04
1.322e-03
6.611e-04
4.407e-04
4.407e-04
1.322e-03
6.611e-04
1.322e-03
1.543e-03
1.322e-03
1.983e-03
4.407e-04
1.102e-03
1.763e-03
1.763e-03
4.407e-04
8.814e-04
2.644e-03
6.611e-04
1.543e-03
1.983e-03
3.967e-03
3.746e-03
3.526e-03
4.187e-03
5.068e-03
6.611e-03
7.272e-03
1.543e-02
1.983e-02
3.702e-02
1.617e-01
3.438e-02
1.917e-02
1.917e-02
9.916e-03
7.713e-03
5.289e-03
5.509e-03
3.967e-03
3.085e-03
2.204e-03
2.644e-03
1.763e-03
1.102e-03
1.543e-03
2.424e-03
1.322e-03
2.204e-03
1.983e-03
1.322e-03
6.611e-04
6.611e-04
1.102e-03
6.611e-04
1.102e-03
1.102e-03
1.322e-03
6.611e-04
1.543e-03
8.814e-04
2.204e-04
4.407e-04
6.611e-04
0.000e+00
4.407e-04
6.611e-04
6.611e-04
8.814e-04
4.407e-04
1.763e-03
6.611e-04
6.611e-04
4.407e-04
6.611e-04
6.611e-04
6.611e-04
1.102e-03
2.204e-04
8.814e-04
2.204e-04
1.102e-03
4.407e-04
1.543e-03
2.424e-03
1.763e-03
8.814e-04
2.865e-03
1.983e-03
1.983e-03
4.407e-04
4.407e-04
8.814e-04
4.407e-04
2.204e-04
4.407e-04
2.204e-04
4.407e-04
0.000e+00
2.204e-04
4.407e-04
0.000e+00
2.204e-04
4.407e-04
4.407e-04
4.407e-04
0.000e+00
0.000e+00
0.000e+00
4.407e-04
2.204e-04
0.000e+00
2.204e-04
2.204e-04
0.000e+00
0.000e+00
0.000e+00
2.204e-04
0.000e+00
2.204e-04
0.000e+00
4.407e-04
8.814e-04
0.000e+00
0.000e+00
2.204e-04
0.000e+00
0.000e+00
0.000e+00
0.000e+00
4.407e-04
0.000e+00
2.204e-04
0.000e+00
0.000e+00
0.000e+00
2.204e-04
0.000e+00
0.000e+00
0.000e+00
0.000e+00
0.000e+00
0.000e+00
2.204e-04
0.000e+00
4.407e-04
2.204e-04
0.000e+00
6.611e-04
1.102e-03
6.611e-04
2.204e-03
1.543e-03
1.322e-03
3.085e-03
3.085e-03
2.204e-03
1.763e-03
4.407e-04
2.204e-04
2.204e-04
1.102e-03
6.611e-04
4.407e-04
4.407e-04
1.102e-03
1.763e-03
1.322e-03
1.102e-03
1.322e-03
2.204e-04
6.611e-04
1.102e-03
6.611e-04
4.407e-04
4.407e-04
4.407e-04
1.102e-03
1.102e-03
8.814e-04
2.204e-04
4.407e-04
0.000e+00
8.814e-04
0.000e+00
1.763e-03
1.102e-03
1.322e-03
1.322e-03
1.543e-03
8.814e-04
1.543e-03
1.322e-03
1.322e-03
6.611e-04
8.814e-04
1.322e-03
1.543e-03
1.543e-03
2.424e-03
2.865e-03
3.085e-03
3.746e-03
4.187e-03
3.305e-03
4.407e-03
6.611e-03
1.278e-02
1.432e-02
1.829e-02
3.680e-02
