2.049e-03
3.074e-03
4.098e-03
2.049e-03
4.098e-03
4.098e-03
4.098e-03
2.049e-03
0.000e+00
1.025e-03
1.025e-03
2.049e-03
2.049e-03
5.123e-03
0.000e+00
2.049e-03
3.074e-03
1.025e-03
1.025e-03
5.123e-03
0.000e+00
1.025e-03
0.000e+00
0.000e+00
1.025e-03
3.074e-03
1.025e-03
2.049e-03
1.025e-03
1.025e-03
0.000e+00
0.000e+00
4.098e-03
0.000e+00
0.000e+00
0.000e+00
0.000e+00
0.000e+00
1.025e-03
0.000e+00
0.000e+00
1.025e-03
0.000e+00
2.049e-03
0.000e+00
0.000e+00
1.025e-03
0.000e+00
1.025e-03
0.000e+00
0.000e+00
1.025e-03
2.049e-03
0.000e+00
0.000e+00
1.025e-03
0.000e+00
0.000e+00
4.098e-03
0.000e+00
0.000e+00
3.074e-03
0.000e+00
1.025e-03
1.025e-03
1.025e-03
0.000e+00
0.000e+00
0.000e+00
2.049e-03
2.049e-03
0.000e+00
0.000e+00
0.000e+00
3.074e-03
1.025e-03
3.074e-03
1.025e-03
1.025e-03
2.049e-03
3.074e-03
3.074e-03
2.049e-03
2.049e-03
1.025e-03
4.098e-03
5.123e-03
3.074e-03
1.025e-03
1.025e-03
9.221e-03
6.148e-03
4.098e-03
3.074e-03
2.049e-03
2.049e-03
4.098e-03
2.049e-03
4.098e-03
1.025e-03
0.000e+00
0.000e+00
3.074e-03
1.025e-03
1.025e-03
1.025e-03
4.098e-03
1.025e-03
3.074e-03
2.049e-03
2.049e-03
4.098e-03
1.025e-03
0.000e+00
1.025e-03
0.000e+00
1.025e-03
0.000e+00
0.000e+00
0.000e+00
0.000e+00
0.000e+00
0.000e+00
1.025e-03
1.025e-03
0.000e+00
0.000e+00
0.000e+00
0.000e+00
0.000e+00
0.000e+00
1.025e-03
0.000e+00
0.000e+00
0.000e+00
1.025e-03
0.000e+00
0.000e+00
0.000e+00
1.025e-03
0.000e+00
0.000e+00
1.025e-03
0.000e+00
0.000e+00
0.000e+00
2.049e-03
1.025e-03
1.025e-03
0.000e+00
0.000e+00
2.049e-03
0.000e+00
1.025e-03
2.049e-03
0.000e+00
0.000e+00
0.000e+00
1.025e-03
2.049e-03
1.025e-03
2.049e-03
1.025e-03
7.172e-03
1.025e-03
0.000e+00
1.025e-03
2.049e-03
1.025e-03
3.074e-03
2.049e-03
0.000e+00
1.025e-03
6.148e-03
1.025e-03
3.074e-03
2.049e-03
2.049e-03
3.074e-03
4.098e-03
4.098e-03
1.025e-03
1.025e-03
5.123e-03
3.074e-03
4.098e-03
4.098e-03
2.049e-03
1.025e-03
1.025e-03
2.049e-03
3.074e-03
3.074e-03
2.049e-03
0.000e+00
2.049e-03
3.074e-03
2.049e-03
0.000e+00
1.025e-03
2.049e-03
0.000e+00
0.000e+00
0.000e+00
3.074e-03
2.049e-03
1.025e-03
1.025e-03
1.025e-03
3.074e-03
0.000e+00
0.000e+00
2.049e-03
1.025e-03
0.000e+00
1.025e-03
0.000e+00
1.025e-03
0.000e+00
0.000e+00
1.025e-03
0.000e+00
1.025e-03
1.025e-03
0.000e+00
1.025e-03
0.000e+00
1.025e-03
1.025e-03
1.025e-03
0.000e+00
1.025e-03
0.000e+00
2.049e-03
0.000e+00
0.000e+00
2.049e-03
1.025e-03
0.000e+00
1.025e-03
1.025e-03
0.000e+00
2.049e-03
1.025e-03
1.025e-03
1.025e-03
0.000e+00
1.025e-03
0.000e+00
1.025e-03
2.049e-03
1.025e-03
1.025e-03
2.049e-03
1.025e-03
0.000e+00
1.025e-03
2.049e-03
1.025e-03
3.074e-03
3.074e-03
3.074e-03
3.074e-03
1.025e-03
4.098e-03
4.098e-03
4.098e-03
7.172e-03
1.025e-03
8.197e-03
6.148e-03
5.123e-03
2.049e-03
2.049e-03
3.074e-03
1.025e-03
4.098e-03
2.049e-03
1.025e-03
1.025e-03
0.000e+00
0.000e+00
2.049e-03
2.049e-03
1.025e-03
1.025e-03
2.049e-03
1.025e-03
2.049e-03
2.049e-03
1.025e-03
0.000e+00
3.074e-03
3.074e-03
0.000e+00
1.025e-03
0.000e+00
0.000e+00
0.000e+00
0.000e+00
0.000e+00
0.000e+00
0.000e+00
1.025e-03
0.000e+00
1.025e-03
0.000e+00
0.000e+00
0.000e+00
0.000e+00
0.000e+00
0.000e+00
1.025e-03
0.000e+00
0.000e+00
0.000e+00
0.000e+00
1.025e-03
0.000e+00
0.000e+00
0.000e+00
1.025e-03
0.000e+00
0.000e+00
1.025e-03
0.000e+00
1.025e-03
1.025e-03
1.025e-03
1.025e-03
1.025e-03
0.000e+00
1.025e-03
1.025e-03
1.025e-03
0.000e+00
1.025e-03
0.000e+00
2.049e-03
0.000e+00
3.074e-03
2.049e-03
6.148e-03
1.025e-03
0.000e+00
1.025e-03
0.000e+00
2.049e-03
1.025e-03
6.148e-03
2.049e-03
1.025e-03
0.000e+00
3.074e-03
3.074e-03
1.025e-03
2.049e-03
3.074e-03
0.000e+00
5.123e-03
