2.049e-02
2.049e-03
8.197e-03
2.049e-03
2.049e-03
2.049e-03
8.197e-03
6.148e-03
6.148e-03
2.049e-03
4.098e-03
6.148e-03
2.049e-03
4.098e-03
4.098e-03
2.049e-03
4.098e-03
4.098e-03
6.148e-03
2.049e-03
4.098e-03
0.000e+00
2.049e-03
4.098e-03
0.000e+00
0.000e+00
0.000e+00
4.098e-03
0.000e+00
2.049e-03
4.098e-03
6.148e-03
6.148e-03
2.049e-03
0.000e+00
4.098e-03
2.049e-03
2.049e-03
2.049e-03
6.148e-03
0.000e+00
2.049e-03
2.049e-03
0.000e+00
0.000e+00
0.000e+00
0.000e+00
2.049e-03
2.049e-03
0.000e+00
2.049e-03
2.049e-03
0.000e+00
0.000e+00
2.049e-03
6.148e-03
0.000e+00
2.049e-03
0.000e+00
2.049e-03
0.000e+00
0.000e+00
0.000e+00
0.000e+00
2.049e-03
2.049e-03
0.000e+00
0.000e+00
2.049e-03
4.098e-03
0.000e+00
0.000e+00
6.148e-03
2.049e-03
2.049e-03
4.098e-03
6.148e-03
0.000e+00
0.000e+00
2.049e-03
2.049e-03
2.049e-03
6.148e-03
6.148e-03
2.049e-03
6.148e-03
2.049e-03
4.098e-03
8.197e-03
8.197e-03
6.148e-03
2.049e-03
8.197e-03
0.000e+00
1.025e-02
2.049e-03
2.049e-03
6.148e-03
2.049e-03
0.000e+00
4.098e-03
6.148e-03
4.098e-03
2.049e-03
2.049e-03
4.098e-03
0.000e+00
4.098e-03
4.098e-03
2.049e-03
0.000e+00
2.049e-03
0.000e+00
0.000e+00
2.049e-03
8.197e-03
2.049e-03
4.098e-03
0.000e+00
0.000e+00
4.098e-03
2.049e-03
2.049e-03
0.000e+00
0.000e+00
0.000e+00
0.000e+00
2.049e-03
0.000e+00
2.049e-03
6.148e-03
2.049e-03
0.000e+00
0.000e+00
0.000e+00
2.049e-03
0.000e+00
0.000e+00
2.049e-03
2.049e-03
0.000e+00
2.049e-03
0.000e+00
0.000e+00
0.000e+00
6.148e-03
2.049e-03
2.049e-03
0.000e+00
2.049e-03
2.049e-03
4.098e-03
0.000e+00
8.197e-03
2.049e-03
6.148e-03
2.049e-03
2.049e-03
0.000e+00
2.049e-03
0.000e+00
4.098e-03
2.049e-03
4.098e-03
4.098e-03
2.049e-03
2.049e-03
2.049e-03
6.148e-03
1.434e-02
0.000e+00
6.148e-03
4.098e-03
0.000e+00
2.049e-03
0.000e+00
4.098e-03
4.098e-03
6.148e-03
1.639e-02
1.844e-02
6.148e-03
4.098e-03
4.098e-03
2.049e-03
4.098e-03
8.197e-03
8.197e-03
2.049e-03
2.049e-03
8.197e-03
2.049e-03
2.049e-03
8.197e-03
4.098e-03
6.148e-03
2.049e-03
2.049e-03
2.049e-03
6.148e-03
0.000e+00
0.000e+00
2.049e-03
0.000e+00
6.148e-03
4.098e-03
0.000e+00
0.000e+00
8.197e-03
2.049e-03
0.000e+00
2.049e-03
2.049e-03
6.148e-03
2.049e-03
4.098e-03
2.049e-03
2.049e-03
2.049e-03
4.098e-03
2.049e-03
0.000e+00
2.049e-03
2.049e-03
0.000e+00
0.000e+00
0.000e+00
2.049e-03
0.000e+00
4.098e-03
0.000e+00
0.000e+00
2.049e-03
0.000e+00
4.098e-03
2.049e-03
2.049e-03
0.000e+00
0.000e+00
2.049e-03
0.000e+00
0.000e+00
0.000e+00
0.000e+00
2.049e-03
2.049e-03
2.049e-03
4.098e-03
2.049e-03
2.049e-03
2.049e-03
2.049e-03
2.049e-03
4.098e-03
4.098e-03
0.000e+00
4.098e-03
6.148e-03
0.000e+00
2.049e-03
0.000e+00
6.148e-03
2.049e-03
2.049e-03
8.197e-03
2.049e-03
1.434e-02
1.025e-02
2.049e-03
6.148e-03
6.148e-03
2.049e-03
8.197e-03
0.000e+00
8.197e-03
6.148e-03
4.098e-03
2.049e-03
0.000e+00
2.049e-03
0.000e+00
4.098e-03
0.000e+00
6.148e-03
4.098e-03
0.000e+00
4.098e-03
2.049e-03
0.000e+00
2.049e-03
2.049e-03
0.000e+00
0.000e+00
2.049e-03
2.049e-03
2.049e-03
4.098e-03
0.000e+00
0.000e+00
8.197e-03
0.000e+00
2.049e-03
0.000e+00
2.049e-03
0.000e+00
0.000e+00
0.000e+00
4.098e-03
2.049e-03
0.000e+00
0.000e+00
2.049e-03
2.049e-03
2.049e-03
0.000e+00
0.000e+00
0.000e+00
0.000e+00
6.148e-03
0.000e+00
2.049e-03
0.000e+00
2.049e-03
0.000e+00
0.000e+00
2.049e-03
2.049e-03
4.098e-03
0.000e+00
6.148e-03
0.000e+00
4.098e-03
8.197e-03
4.098e-03
2.049e-03
0.000e+00
2.049e-03
4.098e-03
2.049e-03
0.000e+00
2.049e-03
6.148e-03
2.049e-03
2.049e-03
0.000e+00
4.098e-03
6.148e-03
2.049e-03
2.049e-03
1.434e-02
2.049e-03
2.049e-03
4.098e-03
0.000e+00
4.098e-03
0.000e+00
4.098e-03
0.000e+00
8.197e-03
1.639e-02
