5.559e-03
5.678e-03
5.593e-03
4.661e-03
5.119e-03
4.237e-03
3.508e-03
3.475e-03
3.186e-03
2.831e-03
2.525e-03
2.203e-03
2.322e-03
2.017e-03
1.780e-03
1.898e-03
1.254e-03
1.712e-03
1.424e-03
1.508e-03
7.797e-04
1.119e-03
1.102e-03
8.814e-04
1.051e-03
8.983e-04
8.644e-04
1.017e-03
1.017e-03
1.271e-03
8.475e-04
8.475e-04
1.153e-03
9.322e-04
1.339e-03
7.966e-04
1.051e-03
8.475e-04
1.068e-03
9.831e-04
7.966e-04
9.831e-04
9.492e-04
9.153e-04
1.068e-03
9.322e-04
9.153e-04
1.034e-03
1.085e-03
9.322e-04
9.322e-04
1.000e-03
1.119e-03
7.119e-04
1.119e-03
9.322e-04
9.661e-04
9.153e-04
8.983e-04
9.492e-04
6.949e-04
1.085e-03
1.034e-03
7.119e-04
1.000e-03
7.458e-04
6.949e-04
7.797e-04
8.644e-04
8.814e-04
7.627e-04
8.644e-04
8.305e-04
7.288e-04
8.475e-04
5.932e-04
1.288e-03
9.661e-04
7.797e-04
7.458e-04
8.983e-04
1.000e-03
9.661e-04
7.458e-04
6.780e-04
8.983e-04
1.051e-03
8.983e-04
1.034e-03
1.034e-03
1.102e-03
1.051e-03
1.051e-03
1.000e-03
8.814e-04
7.966e-04
8.814e-04
7.288e-04
9.153e-04
8.305e-04
7.627e-04
8.305e-04
6.271e-04
1.169e-03
7.458e-04
8.475e-04
8.814e-04
7.458e-04
1.119e-03
8.475e-04
7.797e-04
8.644e-04
1.017e-03
8.305e-04
7.119e-04
7.797e-04
7.119e-04
1.017e-03
9.153e-04
1.000e-03
8.983e-04
7.458e-04
8.136e-04
7.966e-04
8.136e-04
9.153e-04
6.610e-04
7.288e-04
7.119e-04
9.153e-04
9.492e-04
8.136e-04
7.288e-04
1.119e-03
8.475e-04
1.186e-03
8.305e-04
7.797e-04
8.983e-04
1.051e-03
8.644e-04
6.949e-04
9.661e-04
8.814e-04
9.322e-04
7.797e-04
9.322e-04
1.068e-03
7.458e-04
1.051e-03
9.492e-04
1.102e-03
8.983e-04
8.644e-04
6.610e-04
8.644e-04
8.305e-04
1.169e-03
1.153e-03
1.220e-03
1.220e-03
1.373e-03
1.475e-03
1.153e-03
1.339e-03
1.475e-03
2.119e-03
2.237e-03
2.424e-03
2.288e-03
2.559e-03
3.136e-03
3.475e-03
3.322e-03
4.169e-03
4.424e-03
4.881e-03
5.542e-03
5.729e-03
5.322e-03
6.661e-03
5.661e-03
5.407e-03
4.763e-03
5.288e-03
4.407e-03
3.763e-03
3.136e-03
3.356e-03
2.864e-03
2.508e-03
2.424e-03
2.322e-03
2.000e-03
1.712e-03
1.542e-03
1.576e-03
1.525e-03
1.237e-03
1.458e-03
1.237e-03
1.034e-03
9.153e-04
1.322e-03
8.983e-04
9.831e-04
8.814e-04
1.051e-03
7.966e-04
9.661e-04
1.102e-03
1.153e-03
1.102e-03
8.475e-04
1.000e-03
9.492e-04
1.356e-03
8.644e-04
1.085e-03
1.051e-03
9.153e-04
1.034e-03
1.051e-03
9.322e-04
1.000e-03
8.475e-04
8.814e-04
8.475e-04
9.322e-04
1.034e-03
8.475e-04
8.644e-04
9.322e-04
9.492e-04
8.136e-04
1.034e-03
9.322e-04
7.627e-04
8.814e-04
9.153e-04
7.458e-04
1.034e-03
8.644e-04
1.085e-03
8.644e-04
5.763e-04
6.949e-04
7.627e-04
7.627e-04
8.136e-04
6.610e-04
7.119e-04
9.153e-04
9.661e-04
8.475e-04
7.627e-04
7.797e-04
8.983e-04
7.966e-04
1.000e-03
8.136e-04
1.136e-03
8.136e-04
5.932e-04
9.492e-04
8.644e-04
8.814e-04
9.831e-04
9.831e-04
1.102e-03
9.492e-04
1.220e-03
9.831e-04
9.322e-04
1.051e-03
8.136e-04
8.475e-04
7.458e-04
9.153e-04
7.627e-04
9.492e-04
6.949e-04
8.475e-04
8.983e-04
8.983e-04
8.644e-04
9.153e-04
8.136e-04
1.000e-03
9.492e-04
8.983e-04
9.322e-04
7.627e-04
7.966e-04
1.068e-03
8.305e-04
9.153e-04
7.119e-04
8.136e-04
8.475e-04
9.322e-04
9.831e-04
8.814e-04
8.814e-04
8.644e-04
6.780e-04
7.119e-04
6.271e-04
9.153e-04
1.051e-03
1.034e-03
7.966e-04
7.966e-04
9.322e-04
1.068e-03
7.966e-04
9.831e-04
1.136e-03
7.797e-04
8.136e-04
8.305e-04
1.085e-03
8.475e-04
8.644e-04
1.153e-03
7.119e-04
8.475e-04
1.169e-03
1.068e-03
7.966e-04
1.017e-03
7.458e-04
7.627e-04
1.000e-03
8.305e-04
8.305e-04
1.000e-03
1.102e-03
1.153e-03
1.169e-03
1.356e-03
1.288e-03
1.271e-03
1.237e-03
1.237e-03
1.678e-03
2.051e-03
2.339e-03
2.322e-03
2.610e-03
2.424e-03
2.881e-03
3.169e-03
3.559e-03
3.966e-03
4.729e-03
4.661e-03
4.898e-03
5.373e-03
5.864e-03
