1.812e-02
3.623e-03
1.812e-03
0.000e+00
3.623e-03
0.000e+00
0.000e+00
0.000e+00
1.812e-03
1.812e-03
1.812e-03
1.812e-03
0.000e+00
1.812e-03
0.000e+00
1.812e-03
1.812e-03
3.623e-03
3.623e-03
0.000e+00
9.058e-03
1.812e-03
1.449e-02
3.623e-03
3.623e-03
3.623e-03
3.623e-03
9.058e-03
3.623e-03
5.435e-03
1.812e-03
1.630e-02
3.623e-03
1.449e-02
2.536e-02
1.630e-02
1.087e-02
7.246e-03
7.246e-03
3.623e-03
1.993e-02
0.000e+00
1.268e-02
3.623e-03
5.435e-03
7.246e-03
1.812e-03
1.812e-03
7.246e-03
0.000e+00
3.623e-03
3.623e-03
0.000e+00
1.812e-03
1.812e-03
0.000e+00
0.000e+00
0.000e+00
0.000e+00
0.000e+00
0.000e+00
0.000e+00
0.000e+00
0.000e+00
0.000e+00
0.000e+00
0.000e+00
0.000e+00
0.000e+00
0.000e+00
0.000e+00
0.000e+00
0.000e+00
0.000e+00
0.000e+00
0.000e+00
0.000e+00
0.000e+00
0.000e+00
0.000e+00
0.000e+00
1.812e-03
0.000e+00
0.000e+00
0.000e+00
0.000e+00
0.000e+00
0.000e+00
0.000e+00
0.000e+00
0.000e+00
3.623e-03
1.812e-03
0.000e+00
0.000e+00
0.000e+00
0.000e+00
0.000e+00
0.000e+00
0.000e+00
0.000e+00
0.000e+00
0.000e+00
0.000e+00
0.000e+00
0.000e+00
0.000e+00
0.000e+00
0.000e+00
0.000e+00
0.000e+00
0.000e+00
0.000e+00
0.000e+00
0.000e+00
0.000e+00
0.000e+00
0.000e+00
0.000e+00
0.000e+00
0.000e+00
1.812e-03
0.000e+00
0.000e+00
0.000e+00
0.000e+00
0.000e+00
0.000e+00
0.000e+00
1.812e-03
0.000e+00
1.812e-03
1.812e-03
0.000e+00
3.623e-03
3.623e-03
1.812e-03
9.058e-03
1.812e-03
1.812e-03
5.435e-03
5.435e-03
5.435e-03
5.435e-03
1.449e-02
7.246e-03
5.435e-03
7.246e-03
5.435e-03
1.812e-02
9.058e-03
7.246e-03
9.058e-03
1.087e-02
7.246e-03
3.623e-03
3.623e-03
5.435e-03
0.000e+00
3.623e-03
3.623e-03
7.246e-03
1.812e-03
3.623e-03
0.000e+00
1.812e-03
0.000e+00
3.623e-03
1.812e-03
0.000e+00
0.000e+00
3.623e-03
0.000e+00
0.000e+00
0.000e+00
1.812e-03
0.000e+00
0.000e+00
0.000e+00
5.435e-03
9.058e-03
7.246e-03
0.000e+00
1.812e-03
0.000e+00
1.812e-03
1.812e-03
0.000e+00
1.812e-03
1.812e-03
0.000e+00
0.000e+00
0.000e+00
0.000e+00
3.623e-03
1.812e-03
7.246e-03
0.000e+00
5.435e-03
1.812e-03
7.246e-03
3.623e-03
1.268e-02
7.246e-03
1.812e-03
1.087e-02
7.246e-03
3.623e-03
1.087e-02
1.449e-02
1.812e-02
1.449e-02
5.435e-03
1.087e-02
3.623e-03
1.812e-03
1.087e-02
1.630e-02
3.623e-03
9.058e-03
3.623e-03
0.000e+00
7.246e-03
5.435e-03
1.087e-02
1.812e-03
0.000e+00
1.812e-03
7.246e-03
0.000e+00
0.000e+00
0.000e+00
0.000e+00
0.000e+00
0.000e+00
0.000e+00
0.000e+00
0.000e+00
0.000e+00
0.000e+00
0.000e+00
0.000e+00
0.000e+00
0.000e+00
0.000e+00
0.000e+00
0.000e+00
0.000e+00
0.000e+00
0.000e+00
0.000e+00
0.000e+00
0.000e+00
0.000e+00
0.000e+00
0.000e+00
1.812e-03
0.000e+00
0.000e+00
0.000e+00
0.000e+00
0.000e+00
1.812e-03
0.000e+00
0.000e+00
0.000e+00
0.000e+00
1.812e-03
3.623e-03
1.812e-03
1.812e-03
0.000e+00
0.000e+00
0.000e+00
0.000e+00
0.000e+00
0.000e+00
0.000e+00
0.000e+00
0.000e+00
0.000e+00
0.000e+00
0.000e+00
0.000e+00
0.000e+00
0.000e+00
0.000e+00
0.000e+00
0.000e+00
0.000e+00
0.000e+00
0.000e+00
0.000e+00
0.000e+00
0.000e+00
1.812e-03
0.000e+00
1.812e-03
0.000e+00
0.000e+00
0.000e+00
0.000e+00
0.000e+00
0.000e+00
0.000e+00
0.000e+00
0.000e+00
0.000e+00
1.812e-03
0.000e+00
3.623e-03
1.812e-03
7.246e-03
1.812e-03
1.812e-03
3.623e-03
3.623e-03
1.812e-03
7.246e-03
1.812e-03
1.268e-02
1.449e-02
1.812e-03
9.058e-03
1.993e-02
1.087e-02
2.174e-02
1.087e-02
5.435e-03
7.246e-03
3.623e-03
0.000e+00
3.623e-03
7.246e-03
7.246e-03
3.623e-03
3.623e-03
1.812e-03
1.812e-03
5.435e-03
0.000e+00
1.812e-03
3.623e-03
1.812e-03
1.812e-03
0.000e+00
1.812e-03
1.812e-03
0.000e+00
3.623e-03
0.000e+00
0.000e+00
1.812e-03
1.812e-03
0.000e+00
1.812e-03
1.812e-03
5.435e-03
3.623e-03
1.268e-02
