4.529e-03
9.058e-04
9.058e-04
9.058e-04
2.717e-03
2.717e-03
0.000e+00
9.058e-04
2.717e-03
3.623e-03
9.058e-04
9.058e-04
2.717e-03
1.812e-03
1.812e-03
1.812e-03
9.058e-04
9.058e-04
0.000e+00
0.000e+00
0.000e+00
9.058e-04
9.058e-04
0.000e+00
1.812e-03
3.623e-03
1.812e-03
2.717e-03
9.058e-04
1.812e-03
9.058e-04
2.717e-03
1.812e-03
1.812e-03
0.000e+00
0.000e+00
9.058e-04
2.717e-03
9.058e-04
1.812e-03
0.000e+00
1.812e-03
9.058e-04
0.000e+00
2.717e-03
0.000e+00
0.000e+00
1.812e-03
2.717e-03
1.812e-03
0.000e+00
9.058e-04
9.058e-04
0.000e+00
0.000e+00
9.058e-04
9.058e-04
9.058e-04
0.000e+00
2.717e-03
0.000e+00
9.058e-04
1.812e-03
9.058e-04
9.058e-04
9.058e-04
2.717e-03
0.000e+00
9.058e-04
1.812e-03
9.058e-04
0.000e+00
0.000e+00
9.058e-04
1.812e-03
0.000e+00
1.812e-03
0.000e+00
1.812e-03
9.058e-04
9.058e-04
9.058e-04
0.000e+00
1.812e-03
3.623e-03
9.058e-04
1.812e-03
2.717e-03
0.000e+00
2.717e-03
9.058e-04
1.812e-03
0.000e+00
1.812e-03
9.058e-04
9.058e-04
1.812e-03
9.058e-04
9.058e-04
9.058e-04
2.717e-03
9.058e-04
0.000e+00
9.058e-04
0.000e+00
1.812e-03
2.717e-03
1.812e-03
1.812e-03
2.717e-03
9.058e-04
1.812e-03
9.058e-04
9.058e-04
9.058e-04
1.812e-03
9.058e-04
9.058e-04
1.812e-03
0.000e+00
1.812e-03
0.000e+00
1.812e-03
1.812e-03
9.058e-04
1.812e-03
9.058e-04
0.000e+00
9.058e-04
2.717e-03
1.812e-03
9.058e-04
0.000e+00
0.000e+00
0.000e+00
1.812e-03
0.000e+00
2.717e-03
1.812e-03
9.058e-04
2.717e-03
1.812e-03
1.812e-03
0.000e+00
3.623e-03
1.812e-03
9.058e-04
9.058e-04
1.812e-03
9.058e-04
9.058e-04
1.812e-03
9.058e-04
1.812e-03
1.812e-03
2.717e-03
3.623e-03
9.058e-04
0.000e+00
4.529e-03
1.812e-03
1.812e-03
9.058e-04
2.717e-03
1.812e-03
2.717e-03
9.058e-04
1.812e-03
1.812e-03
1.812e-03
9.058e-04
3.623e-03
1.812e-03
1.812e-03
2.717e-03
9.058e-04
9.058e-04
1.812e-03
1.812e-03
1.812e-03
1.812e-03
3.623e-03
0.000e+00
9.058e-04
2.717e-03
3.623e-03
9.058e-04
4.529e-03
1.812e-03
0.000e+00
1.812e-03
0.000e+00
9.058e-04
2.717e-03
1.812e-03
1.812e-03
1.812e-03
1.812e-03
0.000e+00
2.717e-03
3.623e-03
0.000e+00
1.812e-03
0.000e+00
0.000e+00
1.812e-03
1.812e-03
0.000e+00
2.717e-03
2.717e-03
1.812e-03
1.812e-03
2.717e-03
9.058e-04
9.058e-04
3.623e-03
1.812e-03
4.529e-03
2.717e-03
1.812e-03
1.812e-03
0.000e+00
1.812e-03
1.812e-03
1.812e-03
9.058e-04
4.529e-03
0.000e+00
1.812e-03
1.812e-03
0.000e+00
9.058e-04
9.058e-04
1.812e-03
1.812e-03
0.000e+00
4.529e-03
1.812e-03
9.058e-04
2.717e-03
9.058e-04
1.812e-03
2.717e-03
0.000e+00
9.058e-04
1.812e-03
9.058e-04
2.717e-03
3.623e-03
3.623e-03
2.717e-03
3.623e-03
9.058e-04
9.058e-04
1.812e-03
0.000e+00
9.058e-04
9.058e-04
1.812e-03
3.623e-03
9.058e-04
2.717e-03
2.717e-03
0.000e+00
0.000e+00
1.812e-03
0.000e+00
9.058e-04
1.812e-03
2.717e-03
9.058e-04
0.000e+00
9.058e-04
0.000e+00
1.812e-03
2.717e-03
9.058e-04
1.812e-03
1.812e-03
1.812e-03
0.000e+00
9.058e-04
0.000e+00
1.812e-03
9.058e-04
0.000e+00
0.000e+00
9.058e-04
1.812e-03
9.058e-04
9.058e-04
3.623e-03
2.717e-03
0.000e+00
2.717e-03
0.000e+00
1.812e-03
0.000e+00
0.000e+00
0.000e+00
2.717e-03
1.812e-03
1.812e-03
9.058e-04
9.058e-04
0.000e+00
1.812e-03
0.000e+00
9.058e-04
0.000e+00
0.000e+00
0.000e+00
9.058e-04
9.058e-04
0.000e+00
0.000e+00
9.058e-04
2.717e-03
0.000e+00
0.000e+00
0.000e+00
9.058e-04
9.058e-04
0.000e+00
1.812e-03
2.717e-03
3.623e-03
1.812e-03
0.000e+00
0.000e+00
0.000e+00
0.000e+00
9.058e-04
9.058e-04
0.000e+00
1.812e-03
3.623e-03
2.717e-03
9.058e-04
9.058e-04
9.058e-04
0.000e+00
9.058e-04
9.058e-04
2.717e-03
2.717e-03
3.623e-03
1.812e-03
0.000e+00
9.058e-04
9.058e-04
9.058e-04
0.000e+00
0.000e+00
1.812e-03
2.717e-03
9.058e-04
9.058e-04
1.812e-03
5.435e-03
