1.969e-03
1.181e-02
1.575e-02
9.843e-03
0.000e+00
1.181e-02
5.906e-03
1.969e-03
1.969e-03
9.843e-03
3.937e-03
0.000e+00
3.937e-03
0.000e+00
1.969e-03
1.969e-03
0.000e+00
3.937e-03
1.969e-03
3.937e-03
0.000e+00
0.000e+00
0.000e+00
1.969e-03
1.969e-03
1.969e-03
0.000e+00
0.000e+00
1.969e-03
3.937e-03
0.000e+00
1.969e-03
0.000e+00
0.000e+00
3.937e-03
1.969e-03
0.000e+00
0.000e+00
1.969e-03
0.000e+00
1.969e-03
0.000e+00
0.000e+00
0.000e+00
0.000e+00
0.000e+00
0.000e+00
0.000e+00
0.000e+00
1.969e-03
1.969e-03
0.000e+00
0.000e+00
0.000e+00
0.000e+00
0.000e+00
0.000e+00
0.000e+00
0.000e+00
0.000e+00
0.000e+00
0.000e+00
0.000e+00
1.969e-03
0.000e+00
0.000e+00
0.000e+00
0.000e+00
0.000e+00
0.000e+00
0.000e+00
0.000e+00
0.000e+00
0.000e+00
0.000e+00
0.000e+00
1.969e-03
0.000e+00
0.000e+00
0.000e+00
0.000e+00
0.000e+00
0.000e+00
0.000e+00
0.000e+00
0.000e+00
0.000e+00
0.000e+00
1.969e-03
0.000e+00
0.000e+00
1.969e-03
0.000e+00
0.000e+00
0.000e+00
1.969e-03
0.000e+00
0.000e+00
0.000e+00
0.000e+00
0.000e+00
0.000e+00
1.969e-03
0.000e+00
0.000e+00
0.000e+00
0.000e+00
0.000e+00
0.000e+00
0.000e+00
1.969e-03
0.000e+00
0.000e+00
0.000e+00
0.000e+00
0.000e+00
0.000e+00
0.000e+00
0.000e+00
0.000e+00
0.000e+00
1.969e-03
0.000e+00
0.000e+00
0.000e+00
0.000e+00
0.000e+00
0.000e+00
0.000e+00
0.000e+00
0.000e+00
0.000e+00
1.969e-03
0.000e+00
0.000e+00
1.969e-03
0.000e+00
0.000e+00
0.000e+00
1.969e-03
0.000e+00
0.000e+00
3.937e-03
0.000e+00
1.969e-03
0.000e+00
0.000e+00
0.000e+00
3.937e-03
0.000e+00
0.000e+00
0.000e+00
1.969e-03
0.000e+00
1.969e-03
1.969e-03
0.000e+00
0.000e+00
0.000e+00
1.969e-03
1.969e-03
3.937e-03
0.000e+00
0.000e+00
1.969e-03
3.937e-03
1.969e-03
0.000e+00
1.969e-03
1.181e-02
1.969e-03
0.000e+00
3.937e-03
1.969e-03
7.874e-03
5.906e-03
1.181e-02
9.843e-03
1.575e-02
1.378e-02
9.843e-03
5.906e-03
9.843e-03
1.181e-02
1.969e-03
9.843e-03
5.906e-03
1.969e-03
7.874e-03
3.937e-03
1.969e-03
1.969e-03
5.906e-03
1.969e-03
1.969e-03
1.969e-03
0.000e+00
0.000e+00
1.969e-03
0.000e+00
3.937e-03
0.000e+00
0.000e+00
0.000e+00
0.000e+00
3.937e-03
0.000e+00
1.969e-03
0.000e+00
1.969e-03
0.000e+00
0.000e+00
1.969e-03
3.937e-03
0.000e+00
0.000e+00
0.000e+00
0.000e+00
0.000e+00
0.000e+00
0.000e+00
0.000e+00
0.000e+00
1.969e-03
0.000e+00
0.000e+00
0.000e+00
0.000e+00
0.000e+00
0.000e+00
0.000e+00
0.000e+00
1.969e-03
0.000e+00
1.969e-03
0.000e+00
1.969e-03
0.000e+00
0.000e+00
0.000e+00
0.000e+00
0.000e+00
0.000e+00
0.000e+00
0.000e+00
0.000e+00
0.000e+00
0.000e+00
0.000e+00
0.000e+00
1.969e-03
0.000e+00
0.000e+00
0.000e+00
0.000e+00
0.000e+00
0.000e+00
0.000e+00
0.000e+00
0.000e+00
1.969e-03
0.000e+00
0.000e+00
0.000e+00
0.000e+00
0.000e+00
0.000e+00
0.000e+00
0.000e+00
0.000e+00
0.000e+00
1.969e-03
0.000e+00
0.000e+00
0.000e+00
3.937e-03
0.000e+00
0.000e+00
0.000e+00
0.000e+00
0.000e+00
0.000e+00
0.000e+00
0.000e+00
0.000e+00
0.000e+00
0.000e+00
0.000e+00
0.000e+00
0.000e+00
0.000e+00
0.000e+00
0.000e+00
0.000e+00
0.000e+00
0.000e+00
0.000e+00
0.000e+00
0.000e+00
0.000e+00
0.000e+00
0.000e+00
0.000e+00
0.000e+00
1.969e-03
0.000e+00
0.000e+00
0.000e+00
0.000e+00
0.000e+00
0.000e+00
0.000e+00
0.000e+00
0.000e+00
0.000e+00
0.000e+00
0.000e+00
0.000e+00
1.969e-03
1.969e-03
1.969e-03
0.000e+00
3.937e-03
0.000e+00
1.969e-03
3.937e-03
3.937e-03
0.000e+00
0.000e+00
0.000e+00
0.000e+00
1.969e-03
0.000e+00
0.000e+00
0.000e+00
1.969e-03
1.969e-03
0.000e+00
3.937e-03
1.969e-03
0.000e+00
3.937e-03
1.969e-03
0.000e+00
1.969e-03
3.937e-03
3.937e-03
1.969e-03
0.000e+00
0.000e+00
1.969e-03
3.937e-03
5.906e-03
1.969e-03
1.969e-03
9.843e-03
7.874e-03
9.843e-03
9.843e-03
1.378e-02
