1.024e-01
1.969e-02
1.575e-02
1.181e-02
0.000e+00
3.937e-03
1.969e-02
3.937e-03
0.000e+00
7.874e-03
3.937e-03
0.000e+00
0.000e+00
3.937e-03
0.000e+00
7.874e-03
7.874e-03
0.000e+00
3.937e-03
3.937e-03
0.000e+00
0.000e+00
7.874e-03
3.937e-03
3.937e-03
0.000e+00
7.874e-03
7.874e-03
0.000e+00
3.937e-03
0.000e+00
0.000e+00
0.000e+00
0.000e+00
0.000e+00
3.937e-03
0.000e+00
7.874e-03
0.000e+00
3.937e-03
0.000e+00
0.000e+00
3.937e-03
0.000e+00
0.000e+00
0.000e+00
0.000e+00
3.937e-03
0.000e+00
0.000e+00
0.000e+00
0.000e+00
0.000e+00
0.000e+00
7.874e-03
0.000e+00
0.000e+00
0.000e+00
0.000e+00
0.000e+00
0.000e+00
0.000e+00
0.000e+00
0.000e+00
0.000e+00
0.000e+00
0.000e+00
3.937e-03
0.000e+00
0.000e+00
0.000e+00
0.000e+00
0.000e+00
0.000e+00
0.000e+00
0.000e+00
0.000e+00
0.000e+00
0.000e+00
0.000e+00
0.000e+00
0.000e+00
0.000e+00
0.000e+00
0.000e+00
3.937e-03
0.000e+00
3.937e-03
0.000e+00
0.000e+00
0.000e+00
0.000e+00
0.000e+00
0.000e+00
0.000e+00
0.000e+00
0.000e+00
0.000e+00
0.000e+00
0.000e+00
0.000e+00
0.000e+00
3.937e-03
0.000e+00
0.000e+00
0.000e+00
3.937e-03
0.000e+00
0.000e+00
0.000e+00
0.000e+00
0.000e+00
0.000e+00
0.000e+00
0.000e+00
0.000e+00
0.000e+00
0.000e+00
0.000e+00
0.000e+00
0.000e+00
0.000e+00
0.000e+00
0.000e+00
0.000e+00
0.000e+00
0.000e+00
0.000e+00
0.000e+00
0.000e+00
0.000e+00
0.000e+00
0.000e+00
0.000e+00
0.000e+00
0.000e+00
0.000e+00
0.000e+00
0.000e+00
3.937e-03
0.000e+00
0.000e+00
0.000e+00
0.000e+00
3.937e-03
0.000e+00
0.000e+00
0.000e+00
0.000e+00
3.937e-03
0.000e+00
3.937e-03
0.000e+00
7.874e-03
3.937e-03
3.937e-03
0.000e+00
0.000e+00
0.000e+00
0.000e+00
3.937e-03
7.874e-03
7.874e-03
1.181e-02
3.937e-03
7.874e-03
7.874e-03
7.874e-03
7.874e-03
1.181e-02
3.937e-03
3.937e-03
3.937e-03
3.937e-03
0.000e+00
1.575e-02
1.575e-02
0.000e+00
7.874e-03
2.756e-02
1.142e-01
1.575e-02
1.181e-02
7.874e-03
1.575e-02
3.937e-03
7.874e-03
1.575e-02
3.937e-03
0.000e+00
0.000e+00
0.000e+00
7.874e-03
7.874e-03
7.874e-03
0.000e+00
7.874e-03
0.000e+00
3.937e-03
0.000e+00
0.000e+00
7.874e-03
3.937e-03
0.000e+00
0.000e+00
0.000e+00
3.937e-03
0.000e+00
3.937e-03
7.874e-03
0.000e+00
0.000e+00
0.000e+00
0.000e+00
0.000e+00
0.000e+00
0.000e+00
3.937e-03
0.000e+00
0.000e+00
0.000e+00
0.000e+00
0.000e+00
0.000e+00
0.000e+00
0.000e+00
0.000e+00
7.874e-03
0.000e+00
0.000e+00
0.000e+00
0.000e+00
0.000e+00
3.937e-03
0.000e+00
0.000e+00
0.000e+00
3.937e-03
0.000e+00
0.000e+00
0.000e+00
0.000e+00
0.000e+00
3.937e-03
0.000e+00
0.000e+00
0.000e+00
0.000e+00
0.000e+00
0.000e+00
3.937e-03
0.000e+00
0.000e+00
0.000e+00
0.000e+00
0.000e+00
0.000e+00
0.000e+00
0.000e+00
0.000e+00
0.000e+00
0.000e+00
0.000e+00
0.000e+00
0.000e+00
0.000e+00
0.000e+00
0.000e+00
0.000e+00
3.937e-03
0.000e+00
3.937e-03
0.000e+00
0.000e+00
0.000e+00
3.937e-03
0.000e+00
0.000e+00
0.000e+00
0.000e+00
0.000e+00
0.000e+00
0.000e+00
0.000e+00
0.000e+00
0.000e+00
0.000e+00
0.000e+00
3.937e-03
0.000e+00
0.000e+00
0.000e+00
0.000e+00
0.000e+00
0.000e+00
0.000e+00
0.000e+00
0.000e+00
0.000e+00
0.000e+00
0.000e+00
0.000e+00
0.000e+00
0.000e+00
0.000e+00
0.000e+00
0.000e+00
0.000e+00
0.000e+00
0.000e+00
0.000e+00
0.000e+00
0.000e+00
0.000e+00
0.000e+00
0.000e+00
0.000e+00
0.000e+00
0.000e+00
0.000e+00
0.000e+00
0.000e+00
3.937e-03
0.000e+00
0.000e+00
0.000e+00
0.000e+00
3.937e-03
3.937e-03
1.575e-02
7.874e-03
3.937e-03
3.937e-03
7.874e-03
0.000e+00
7.874e-03
0.000e+00
3.937e-03
7.874e-03
0.000e+00
0.000e+00
3.937e-03
0.000e+00
0.000e+00
0.000e+00
0.000e+00
0.000e+00
3.937e-03
3.937e-03
3.937e-03
3.937e-03
7.874e-03
1.181e-02
0.000e+00
1.181e-02
0.000e+00
3.937e-03
7.874e-03
3.543e-02
3.150e-02
