4.494e-02
1.404e-02
1.685e-02
1.685e-02
2.809e-03
8.427e-03
1.404e-02
1.404e-02
2.809e-03
1.124e-02
5.618e-03
1.685e-02
2.809e-03
8.427e-03
2.809e-03
5.618e-03
1.404e-02
2.809e-03
8.427e-03
2.809e-03
0.000e+00
0.000e+00
5.618e-03
2.809e-03
5.618e-03
2.809e-03
0.000e+00
2.809e-03
0.000e+00
0.000e+00
0.000e+00
5.618e-03
5.618e-03
0.000e+00
5.618e-03
0.000e+00
0.000e+00
0.000e+00
0.000e+00
0.000e+00
0.000e+00
0.000e+00
0.000e+00
0.000e+00
2.809e-03
2.809e-03
0.000e+00
0.000e+00
0.000e+00
0.000e+00
0.000e+00
0.000e+00
0.000e+00
0.000e+00
0.000e+00
0.000e+00
0.000e+00
0.000e+00
0.000e+00
0.000e+00
0.000e+00
0.000e+00
0.000e+00
0.000e+00
0.000e+00
0.000e+00
0.000e+00
0.000e+00
0.000e+00
0.000e+00
0.000e+00
0.000e+00
0.000e+00
0.000e+00
0.000e+00
0.000e+00
0.000e+00
0.000e+00
0.000e+00
0.000e+00
0.000e+00
0.000e+00
0.000e+00
0.000e+00
0.000e+00
0.000e+00
0.000e+00
0.000e+00
0.000e+00
0.000e+00
0.000e+00
0.000e+00
0.000e+00
0.000e+00
0.000e+00
0.000e+00
0.000e+00
0.000e+00
0.000e+00
0.000e+00
0.000e+00
0.000e+00
0.000e+00
0.000e+00
0.000e+00
0.000e+00
0.000e+00
0.000e+00
0.000e+00
0.000e+00
0.000e+00
0.000e+00
0.000e+00
0.000e+00
0.000e+00
0.000e+00
0.000e+00
0.000e+00
0.000e+00
0.000e+00
0.000e+00
0.000e+00
0.000e+00
0.000e+00
0.000e+00
0.000e+00
0.000e+00
0.000e+00
0.000e+00
0.000e+00
0.000e+00
0.000e+00
2.809e-03
0.000e+00
0.000e+00
0.000e+00
0.000e+00
0.000e+00
0.000e+00
0.000e+00
0.000e+00
0.000e+00
0.000e+00
0.000e+00
0.000e+00
0.000e+00
5.618e-03
0.000e+00
2.809e-03
0.000e+00
0.000e+00
0.000e+00
0.000e+00
0.000e+00
2.809e-03
0.000e+00
0.000e+00
0.000e+00
0.000e+00
2.809e-03
5.618e-03
5.618e-03
2.809e-03
5.618e-03
0.000e+00
0.000e+00
2.809e-03
5.618e-03
8.427e-03
8.427e-03
8.427e-03
5.618e-03
8.427e-03
1.404e-02
8.427e-03
2.528e-02
1.685e-02
1.685e-02
3.652e-02
2.247e-02
3.371e-02
2.247e-02
2.809e-02
2.528e-02
1.685e-02
1.966e-02
2.809e-02
1.966e-02
2.809e-03
8.427e-03
1.404e-02
8.427e-03
8.427e-03
2.809e-03
0.000e+00
5.618e-03
0.000e+00
2.809e-03
2.809e-03
5.618e-03
2.809e-03
2.809e-03
2.809e-03
0.000e+00
2.809e-03
0.000e+00
0.000e+00
0.000e+00
2.809e-03
0.000e+00
0.000e+00
0.000e+00
0.000e+00
0.000e+00
5.618e-03
0.000e+00
0.000e+00
0.000e+00
0.000e+00
0.000e+00
0.000e+00
0.000e+00
0.000e+00
0.000e+00
0.000e+00
0.000e+00
0.000e+00
0.000e+00
0.000e+00
0.000e+00
0.000e+00
0.000e+00
0.000e+00
0.000e+00
0.000e+00
0.000e+00
0.000e+00
0.000e+00
0.000e+00
0.000e+00
0.000e+00
0.000e+00
0.000e+00
0.000e+00
0.000e+00
0.000e+00
0.000e+00
0.000e+00
0.000e+00
0.000e+00
0.000e+00
0.000e+00
0.000e+00
0.000e+00
0.000e+00
0.000e+00
0.000e+00
0.000e+00
0.000e+00
0.000e+00
0.000e+00
0.000e+00
0.000e+00
0.000e+00
0.000e+00
0.000e+00
0.000e+00
0.000e+00
0.000e+00
0.000e+00
0.000e+00
0.000e+00
0.000e+00
0.000e+00
0.000e+00
0.000e+00
0.000e+00
0.000e+00
0.000e+00
0.000e+00
0.000e+00
0.000e+00
0.000e+00
0.000e+00
0.000e+00
0.000e+00
0.000e+00
0.000e+00
0.000e+00
0.000e+00
0.000e+00
0.000e+00
0.000e+00
0.000e+00
0.000e+00
0.000e+00
0.000e+00
0.000e+00
0.000e+00
0.000e+00
0.000e+00
0.000e+00
0.000e+00
2.809e-03
0.000e+00
0.000e+00
0.000e+00
0.000e+00
0.000e+00
0.000e+00
0.000e+00
0.000e+00
0.000e+00
0.000e+00
0.000e+00
5.618e-03
0.000e+00
0.000e+00
0.000e+00
0.000e+00
0.000e+00
0.000e+00
0.000e+00
0.000e+00
0.000e+00
0.000e+00
2.809e-03
2.809e-03
0.000e+00
0.000e+00
0.000e+00
0.000e+00
0.000e+00
2.809e-03
5.618e-03
2.809e-03
5.618e-03
0.000e+00
5.618e-03
0.000e+00
0.000e+00
2.809e-03
2.809e-03
5.618e-03
1.685e-02
2.809e-03
5.618e-03
1.124e-02
2.809e-03
5.618e-03
8.427e-03
5.618e-03
1.124e-02
8.427e-03
1.685e-02
8.427e-03
1.966e-02
1.404e-02
2.809e-02
2.809e-02
