1.264e-02
1.545e-02
8.427e-03
8.427e-03
7.022e-03
4.213e-03
5.618e-03
4.213e-03
8.427e-03
8.427e-03
2.809e-03
4.213e-03
0.000e+00
2.809e-03
1.404e-03
2.809e-03
1.404e-03
2.809e-03
0.000e+00
1.404e-03
4.213e-03
1.404e-03
2.809e-03
0.000e+00
2.809e-03
0.000e+00
4.213e-03
0.000e+00
0.000e+00
0.000e+00
0.000e+00
1.404e-03
1.404e-03
0.000e+00
1.404e-03
0.000e+00
0.000e+00
0.000e+00
0.000e+00
1.404e-03
1.404e-03
0.000e+00
0.000e+00
0.000e+00
0.000e+00
0.000e+00
0.000e+00
1.404e-03
1.404e-03
0.000e+00
0.000e+00
0.000e+00
0.000e+00
0.000e+00
0.000e+00
0.000e+00
0.000e+00
0.000e+00
0.000e+00
0.000e+00
0.000e+00
0.000e+00
0.000e+00
0.000e+00
0.000e+00
0.000e+00
0.000e+00
0.000e+00
0.000e+00
0.000e+00
0.000e+00
0.000e+00
0.000e+00
0.000e+00
0.000e+00
0.000e+00
0.000e+00
0.000e+00
0.000e+00
0.000e+00
0.000e+00
0.000e+00
0.000e+00
0.000e+00
0.000e+00
0.000e+00
0.000e+00
0.000e+00
0.000e+00
0.000e+00
0.000e+00
0.000e+00
0.000e+00
0.000e+00
0.000e+00
0.000e+00
0.000e+00
0.000e+00
0.000e+00
0.000e+00
0.000e+00
0.000e+00
0.000e+00
0.000e+00
0.000e+00
0.000e+00
0.000e+00
0.000e+00
0.000e+00
0.000e+00
0.000e+00
0.000e+00
0.000e+00
0.000e+00
0.000e+00
0.000e+00
0.000e+00
0.000e+00
0.000e+00
0.000e+00
0.000e+00
0.000e+00
0.000e+00
0.000e+00
0.000e+00
0.000e+00
0.000e+00
0.000e+00
0.000e+00
0.000e+00
0.000e+00
0.000e+00
0.000e+00
0.000e+00
0.000e+00
1.404e-03
0.000e+00
0.000e+00
0.000e+00
0.000e+00
0.000e+00
0.000e+00
0.000e+00
0.000e+00
0.000e+00
1.404e-03
0.000e+00
0.000e+00
0.000e+00
0.000e+00
0.000e+00
0.000e+00
1.404e-03
1.404e-03
0.000e+00
0.000e+00
0.000e+00
0.000e+00
0.000e+00
0.000e+00
7.022e-03
0.000e+00
0.000e+00
0.000e+00
0.000e+00
1.404e-03
2.809e-03
2.809e-03
5.618e-03
2.809e-03
4.213e-03
4.213e-03
4.213e-03
5.618e-03
1.404e-02
4.213e-03
8.427e-03
9.831e-03
1.545e-02
1.685e-02
1.685e-02
1.545e-02
8.427e-03
1.264e-02
9.831e-03
9.831e-03
7.022e-03
7.022e-03
7.022e-03
4.213e-03
7.022e-03
2.809e-03
4.213e-03
4.213e-03
2.809e-03
1.404e-03
0.000e+00
0.000e+00
2.809e-03
0.000e+00
0.000e+00
1.404e-03
1.404e-03
0.000e+00
1.404e-03
0.000e+00
0.000e+00
1.404e-03
1.404e-03
1.404e-03
1.404e-03
1.404e-03
0.000e+00
0.000e+00
0.000e+00
0.000e+00
0.000e+00
0.000e+00
0.000e+00
0.000e+00
0.000e+00
0.000e+00
0.000e+00
0.000e+00
0.000e+00
0.000e+00
0.000e+00
0.000e+00
0.000e+00
0.000e+00
0.000e+00
0.000e+00
0.000e+00
0.000e+00
0.000e+00
0.000e+00
0.000e+00
0.000e+00
0.000e+00
0.000e+00
0.000e+00
0.000e+00
0.000e+00
0.000e+00
0.000e+00
0.000e+00
0.000e+00
0.000e+00
0.000e+00
0.000e+00
0.000e+00
0.000e+00
0.000e+00
0.000e+00
0.000e+00
0.000e+00
0.000e+00
0.000e+00
0.000e+00
0.000e+00
0.000e+00
0.000e+00
0.000e+00
0.000e+00
0.000e+00
0.000e+00
0.000e+00
0.000e+00
0.000e+00
0.000e+00
0.000e+00
0.000e+00
0.000e+00
0.000e+00
0.000e+00
0.000e+00
0.000e+00
0.000e+00
0.000e+00
0.000e+00
0.000e+00
0.000e+00
0.000e+00
0.000e+00
0.000e+00
0.000e+00
0.000e+00
0.000e+00
0.000e+00
0.000e+00
0.000e+00
0.000e+00
0.000e+00
0.000e+00
0.000e+00
0.000e+00
0.000e+00
0.000e+00
0.000e+00
1.404e-03
0.000e+00
0.000e+00
0.000e+00
0.000e+00
0.000e+00
0.000e+00
0.000e+00
0.000e+00
0.000e+00
0.000e+00
0.000e+00
0.000e+00
0.000e+00
1.404e-03
0.000e+00
0.000e+00
1.404e-03
0.000e+00
0.000e+00
0.000e+00
0.000e+00
0.000e+00
0.000e+00
0.000e+00
0.000e+00
0.000e+00
0.000e+00
0.000e+00
0.000e+00
0.000e+00
1.404e-03
0.000e+00
0.000e+00
0.000e+00
2.809e-03
0.000e+00
0.000e+00
1.404e-03
1.404e-03
1.404e-03
1.404e-03
0.000e+00
4.213e-03
2.809e-03
2.809e-03
2.809e-03
5.618e-03
4.213e-03
4.213e-03
1.404e-03
4.213e-03
7.022e-03
8.427e-03
1.264e-02
1.124e-02
2.809e-03
2.809e-03
1.124e-02
7.022e-03
1.264e-02
