1.942e-01
3.120e-02
1.248e-02
1.014e-02
1.092e-02
7.020e-03
6.240e-03
1.560e-02
2.340e-03
9.360e-03
0.000e+00
1.560e-03
4.680e-03
3.900e-03
7.800e-04
1.560e-03
4.680e-03
7.800e-04
1.560e-03
7.800e-04
0.000e+00
7.800e-04
0.000e+00
0.000e+00
7.800e-04
0.000e+00
1.560e-03
0.000e+00
0.000e+00
0.000e+00
0.000e+00
0.000e+00
0.000e+00
7.800e-04
7.800e-04
0.000e+00
7.800e-04
0.000e+00
7.800e-04
1.560e-03
7.800e-04
0.000e+00
0.000e+00
0.000e+00
7.800e-04
0.000e+00
0.000e+00
0.000e+00
7.800e-04
3.120e-03
0.000e+00
7.800e-04
7.800e-04
7.800e-04
7.800e-04
1.560e-03
0.000e+00
0.000e+00
0.000e+00
0.000e+00
0.000e+00
0.000e+00
0.000e+00
0.000e+00
0.000e+00
0.000e+00
0.000e+00
0.000e+00
0.000e+00
0.000e+00
0.000e+00
0.000e+00
0.000e+00
0.000e+00
0.000e+00
0.000e+00
0.000e+00
0.000e+00
0.000e+00
0.000e+00
0.000e+00
0.000e+00
0.000e+00
0.000e+00
0.000e+00
0.000e+00
0.000e+00
0.000e+00
0.000e+00
0.000e+00
0.000e+00
0.000e+00
0.000e+00
0.000e+00
0.000e+00
0.000e+00
0.000e+00
0.000e+00
0.000e+00
0.000e+00
0.000e+00
0.000e+00
0.000e+00
0.000e+00
0.000e+00
0.000e+00
0.000e+00
0.000e+00
0.000e+00
0.000e+00
0.000e+00
0.000e+00
0.000e+00
0.000e+00
0.000e+00
0.000e+00
0.000e+00
0.000e+00
0.000e+00
0.000e+00
0.000e+00
0.000e+00
0.000e+00
0.000e+00
0.000e+00
0.000e+00
0.000e+00
0.000e+00
0.000e+00
0.000e+00
0.000e+00
0.000e+00
0.000e+00
0.000e+00
0.000e+00
0.000e+00
0.000e+00
0.000e+00
0.000e+00
0.000e+00
7.800e-04
7.800e-04
0.000e+00
0.000e+00
0.000e+00
0.000e+00
0.000e+00
0.000e+00
0.000e+00
0.000e+00
0.000e+00
0.000e+00
0.000e+00
0.000e+00
0.000e+00
0.000e+00
0.000e+00
0.000e+00
0.000e+00
7.800e-04
0.000e+00
7.800e-04
0.000e+00
3.900e-03
2.340e-03
1.560e-03
0.000e+00
2.340e-03
3.120e-03
1.560e-03
3.120e-03
4.680e-03
6.240e-03
1.638e-02
9.360e-03
9.360e-03
1.404e-02
1.482e-02
1.716e-02
3.822e-02
1.981e-01
2.886e-02
2.184e-02
2.262e-02
1.326e-02
1.560e-02
1.404e-02
7.800e-03
7.800e-03
1.014e-02
3.120e-03
5.460e-03
3.120e-03
1.560e-03
7.800e-04
7.800e-04
7.800e-04
2.340e-03
1.560e-03
0.000e+00
7.800e-04
0.000e+00
0.000e+00
7.800e-04
7.800e-04
0.000e+00
0.000e+00
0.000e+00
0.000e+00
0.000e+00
0.000e+00
0.000e+00
0.000e+00
0.000e+00
0.000e+00
0.000e+00
0.000e+00
0.000e+00
0.000e+00
0.000e+00
0.000e+00
0.000e+00
0.000e+00
0.000e+00
0.000e+00
0.000e+00
0.000e+00
0.000e+00
0.000e+00
0.000e+00
0.000e+00
0.000e+00
0.000e+00
0.000e+00
0.000e+00
0.000e+00
0.000e+00
0.000e+00
0.000e+00
0.000e+00
0.000e+00
0.000e+00
0.000e+00
0.000e+00
0.000e+00
0.000e+00
0.000e+00
0.000e+00
0.000e+00
0.000e+00
0.000e+00
0.000e+00
0.000e+00
0.000e+00
0.000e+00
0.000e+00
0.000e+00
0.000e+00
0.000e+00
0.000e+00
0.000e+00
0.000e+00
0.000e+00
0.000e+00
0.000e+00
0.000e+00
0.000e+00
0.000e+00
0.000e+00
0.000e+00
0.000e+00
0.000e+00
0.000e+00
0.000e+00
0.000e+00
0.000e+00
0.000e+00
0.000e+00
0.000e+00
0.000e+00
0.000e+00
0.000e+00
0.000e+00
0.000e+00
0.000e+00
0.000e+00
0.000e+00
0.000e+00
0.000e+00
0.000e+00
0.000e+00
7.800e-04
0.000e+00
0.000e+00
0.000e+00
0.000e+00
0.000e+00
0.000e+00
7.800e-04
0.000e+00
0.000e+00
0.000e+00
0.000e+00
0.000e+00
0.000e+00
7.800e-04
2.340e-03
1.560e-03
7.800e-04
7.800e-04
0.000e+00
7.800e-04
0.000e+00
7.800e-04
0.000e+00
0.000e+00
7.800e-04
0.000e+00
7.800e-04
0.000e+00
1.560e-03
1.560e-03
7.800e-04
0.000e+00
7.800e-04
0.000e+00
0.000e+00
0.000e+00
0.000e+00
0.000e+00
0.000e+00
7.800e-04
0.000e+00
1.560e-03
0.000e+00
7.800e-04
0.000e+00
0.000e+00
0.000e+00
0.000e+00
7.800e-04
0.000e+00
0.000e+00
7.800e-04
7.800e-04
7.800e-04
7.800e-04
2.340e-03
3.900e-03
2.340e-03
6.240e-03
6.240e-03
2.340e-03
9.360e-03
7.020e-03
5.460e-03
7.020e-03
1.014e-02
2.184e-02
4.212e-02
