1.092e-02
1.560e-02
1.677e-02
1.443e-02
1.287e-02
7.020e-03
1.014e-02
5.460e-03
7.800e-03
5.460e-03
3.120e-03
1.950e-03
1.950e-03
1.560e-03
3.900e-04
2.340e-03
3.900e-04
7.800e-04
0.000e+00
3.900e-04
3.900e-04
0.000e+00
0.000e+00
7.800e-04
0.000e+00
0.000e+00
0.000e+00
0.000e+00
0.000e+00
0.000e+00
0.000e+00
0.000e+00
0.000e+00
0.000e+00
0.000e+00
0.000e+00
0.000e+00
0.000e+00
0.000e+00
0.000e+00
0.000e+00
0.000e+00
0.000e+00
0.000e+00
0.000e+00
0.000e+00
0.000e+00
0.000e+00
0.000e+00
3.900e-04
3.900e-04
0.000e+00
7.800e-04
0.000e+00
0.000e+00
0.000e+00
3.900e-04
0.000e+00
7.800e-04
0.000e+00
0.000e+00
0.000e+00
0.000e+00
0.000e+00
0.000e+00
0.000e+00
0.000e+00
3.900e-04
0.000e+00
0.000e+00
0.000e+00
3.900e-04
0.000e+00
0.000e+00
0.000e+00
3.900e-04
0.000e+00
0.000e+00
0.000e+00
3.900e-04
0.000e+00
0.000e+00
0.000e+00
0.000e+00
0.000e+00
0.000e+00
0.000e+00
7.800e-04
0.000e+00
0.000e+00
0.000e+00
0.000e+00
0.000e+00
0.000e+00
0.000e+00
0.000e+00
0.000e+00
0.000e+00
0.000e+00
0.000e+00
0.000e+00
0.000e+00
0.000e+00
0.000e+00
0.000e+00
0.000e+00
0.000e+00
0.000e+00
0.000e+00
0.000e+00
0.000e+00
0.000e+00
0.000e+00
0.000e+00
0.000e+00
0.000e+00
0.000e+00
0.000e+00
0.000e+00
0.000e+00
0.000e+00
0.000e+00
0.000e+00
0.000e+00
0.000e+00
0.000e+00
0.000e+00
0.000e+00
0.000e+00
0.000e+00
0.000e+00
0.000e+00
0.000e+00
3.900e-04
0.000e+00
0.000e+00
0.000e+00
3.900e-04
0.000e+00
0.000e+00
0.000e+00
0.000e+00
0.000e+00
0.000e+00
0.000e+00
0.000e+00
0.000e+00
0.000e+00
0.000e+00
0.000e+00
0.000e+00
0.000e+00
0.000e+00
0.000e+00
0.000e+00
0.000e+00
0.000e+00
3.900e-04
0.000e+00
3.900e-04
0.000e+00
0.000e+00
0.000e+00
0.000e+00
3.900e-04
7.800e-04
7.800e-04
7.800e-04
1.170e-03
1.560e-03
3.120e-03
5.070e-03
5.850e-03
7.800e-03
7.020e-03
8.580e-03
1.365e-02
2.067e-02
2.535e-02
1.950e-02
2.340e-02
2.028e-02
1.755e-02
1.638e-02
1.560e-02
1.053e-02
8.580e-03
5.070e-03
3.900e-03
4.680e-03
3.120e-03
2.340e-03
1.170e-03
1.560e-03
7.800e-04
7.800e-04
3.900e-04
3.900e-04
0.000e+00
0.000e+00
7.800e-04
0.000e+00
3.900e-04
0.000e+00
0.000e+00
0.000e+00
0.000e+00
0.000e+00
0.000e+00
0.000e+00
0.000e+00
0.000e+00
0.000e+00
0.000e+00
0.000e+00
0.000e+00
0.000e+00
0.000e+00
0.000e+00
0.000e+00
3.900e-04
0.000e+00
0.000e+00
0.000e+00
0.000e+00
0.000e+00
0.000e+00
3.900e-04
0.000e+00
0.000e+00
0.000e+00
0.000e+00
0.000e+00
0.000e+00
0.000e+00
0.000e+00
0.000e+00
0.000e+00
0.000e+00
0.000e+00
0.000e+00
0.000e+00
0.000e+00
0.000e+00
0.000e+00
0.000e+00
0.000e+00
0.000e+00
0.000e+00
0.000e+00
0.000e+00
0.000e+00
0.000e+00
0.000e+00
0.000e+00
0.000e+00
0.000e+00
0.000e+00
0.000e+00
0.000e+00
0.000e+00
3.900e-04
0.000e+00
0.000e+00
0.000e+00
0.000e+00
0.000e+00
0.000e+00
0.000e+00
0.000e+00
0.000e+00
0.000e+00
0.000e+00
0.000e+00
3.900e-04
0.000e+00
0.000e+00
0.000e+00
0.000e+00
0.000e+00
0.000e+00
0.000e+00
0.000e+00
0.000e+00
0.000e+00
0.000e+00
0.000e+00
0.000e+00
0.000e+00
0.000e+00
0.000e+00
0.000e+00
0.000e+00
0.000e+00
7.800e-04
3.900e-04
0.000e+00
3.900e-04
3.900e-04
3.900e-04
7.800e-04
1.170e-03
0.000e+00
0.000e+00
7.800e-04
3.900e-04
0.000e+00
7.800e-04
0.000e+00
0.000e+00
3.900e-04
0.000e+00
0.000e+00
0.000e+00
0.000e+00
0.000e+00
0.000e+00
0.000e+00
0.000e+00
0.000e+00
0.000e+00
0.000e+00
0.000e+00
0.000e+00
0.000e+00
0.000e+00
0.000e+00
0.000e+00
0.000e+00
0.000e+00
0.000e+00
3.900e-04
0.000e+00
0.000e+00
0.000e+00
0.000e+00
0.000e+00
3.900e-04
0.000e+00
0.000e+00
7.800e-04
0.000e+00
7.800e-04
0.000e+00
3.900e-04
1.560e-03
1.560e-03
7.800e-04
2.340e-03
7.800e-04
2.730e-03
5.070e-03
4.290e-03
6.240e-03
1.209e-02
1.014e-02
1.170e-02
1.014e-02
1.677e-02
1.599e-02
