0.000e+00
0.000e+00
0.000e+00
0.000e+00
0.000e+00
0.000e+00
0.000e+00
0.000e+00
0.000e+00
0.000e+00
0.000e+00
0.000e+00
0.000e+00
0.000e+00
0.000e+00
0.000e+00
0.000e+00
0.000e+00
2.571e-04
0.000e+00
0.000e+00
0.000e+00
0.000e+00
0.000e+00
0.000e+00
0.000e+00
0.000e+00
0.000e+00
0.000e+00
0.000e+00
0.000e+00
0.000e+00
0.000e+00
0.000e+00
0.000e+00
0.000e+00
0.000e+00
0.000e+00
0.000e+00
2.571e-04
2.571e-04
0.000e+00
0.000e+00
0.000e+00
0.000e+00
2.571e-04
0.000e+00
0.000e+00
2.571e-04
2.571e-04
2.571e-04
0.000e+00
2.571e-04
0.000e+00
2.571e-04
0.000e+00
2.571e-04
5.141e-04
2.571e-04
2.571e-04
5.141e-04
5.141e-04
7.712e-04
1.799e-03
1.028e-03
2.057e-03
5.141e-04
2.057e-03
7.712e-04
2.571e-03
3.085e-03
4.113e-03
4.884e-03
3.599e-03
4.370e-03
4.627e-03
5.398e-03
5.141e-03
5.656e-03
6.941e-03
6.427e-03
8.226e-03
6.170e-03
5.913e-03
5.913e-03
6.427e-03
6.427e-03
7.969e-03
9.769e-03
9.512e-03
4.627e-03
8.226e-03
3.599e-03
8.226e-03
4.884e-03
5.398e-03
6.427e-03
4.884e-03
4.627e-03
4.370e-03
5.141e-03
4.884e-03
4.113e-03
2.828e-03
3.856e-03
3.599e-03
2.314e-03
1.799e-03
1.285e-03
2.571e-03
2.057e-03
2.571e-03
2.314e-03
0.000e+00
7.712e-04
5.141e-04
1.028e-03
1.028e-03
1.028e-03
2.571e-04
5.141e-04
2.571e-04
7.712e-04
2.571e-04
7.712e-04
2.571e-04
5.141e-04
5.141e-04
2.571e-04
7.712e-04
7.712e-04
0.000e+00
2.571e-04
0.000e+00
5.141e-04
7.712e-04
0.000e+00
0.000e+00
0.000e+00
7.712e-04
0.000e+00
0.000e+00
2.571e-04
2.571e-04
0.000e+00
5.141e-04
2.571e-04
5.141e-04
0.000e+00
0.000e+00
0.000e+00
0.000e+00
0.000e+00
5.141e-04
2.571e-04
0.000e+00
0.000e+00
0.000e+00
0.000e+00
0.000e+00
0.000e+00
2.571e-04
0.000e+00
5.141e-04
2.571e-04
0.000e+00
2.571e-04
2.571e-04
0.000e+00
0.000e+00
0.000e+00
5.141e-04
0.000e+00
2.571e-04
0.000e+00
5.141e-04
0.000e+00
2.571e-04
0.000e+00
2.571e-04
0.000e+00
0.000e+00
0.000e+00
0.000e+00
0.000e+00
5.141e-04
0.000e+00
0.000e+00
0.000e+00
0.000e+00
0.000e+00
0.000e+00
0.000e+00
0.000e+00
0.000e+00
0.000e+00
0.000e+00
0.000e+00
0.000e+00
2.571e-04
0.000e+00
5.141e-04
0.000e+00
0.000e+00
0.000e+00
2.571e-04
0.000e+00
0.000e+00
2.571e-04
0.000e+00
0.000e+00
0.000e+00
0.000e+00
2.571e-04
0.000e+00
0.000e+00
2.571e-04
0.000e+00
2.571e-04
0.000e+00
0.000e+00
0.000e+00
0.000e+00
2.571e-04
2.571e-04
7.712e-04
2.571e-04
5.141e-04
0.000e+00
2.571e-04
7.712e-04
2.571e-04
2.571e-04
5.141e-04
2.571e-04
1.028e-03
7.712e-04
5.141e-04
2.571e-04
0.000e+00
2.571e-04
0.000e+00
2.571e-04
2.057e-03
2.057e-03
7.712e-04
1.285e-03
1.799e-03
1.028e-03
7.712e-04
1.799e-03
2.571e-03
1.799e-03
2.571e-03
3.599e-03
3.342e-03
4.627e-03
3.085e-03
5.656e-03
3.599e-03
4.627e-03
8.740e-03
4.113e-03
5.141e-03
5.913e-03
5.141e-03
4.113e-03
5.398e-03
5.656e-03
6.684e-03
7.198e-03
8.997e-03
8.740e-03
7.198e-03
8.997e-03
8.226e-03
9.512e-03
7.198e-03
5.656e-03
8.740e-03
6.941e-03
4.370e-03
6.170e-03
6.170e-03
4.113e-03
4.370e-03
4.113e-03
4.113e-03
3.342e-03
4.113e-03
2.828e-03
1.799e-03
1.285e-03
1.028e-03
5.141e-04
1.285e-03
1.285e-03
7.712e-04
0.000e+00
0.000e+00
1.028e-03
2.571e-04
0.000e+00
2.571e-04
0.000e+00
2.571e-04
2.571e-04
0.000e+00
0.000e+00
0.000e+00
2.571e-04
0.000e+00
2.571e-04
2.571e-04
2.571e-04
0.000e+00
0.000e+00
0.000e+00
0.000e+00
0.000e+00
0.000e+00
0.000e+00
0.000e+00
0.000e+00
0.000e+00
0.000e+00
0.000e+00
0.000e+00
0.000e+00
0.000e+00
0.000e+00
0.000e+00
0.000e+00
0.000e+00
0.000e+00
0.000e+00
0.000e+00
0.000e+00
0.000e+00
0.000e+00
0.000e+00
0.000e+00
0.000e+00
0.000e+00
0.000e+00
0.000e+00
0.000e+00
0.000e+00
0.000e+00
0.000e+00
0.000e+00
0.000e+00
0.000e+00
0.000e+00
0.000e+00
0.000e+00
0.000e+00
0.000e+00
0.000e+00
0.000e+00
