5.141e-04
0.000e+00
0.000e+00
0.000e+00
5.141e-04
0.000e+00
0.000e+00
0.000e+00
0.000e+00
0.000e+00
0.000e+00
0.000e+00
0.000e+00
5.141e-04
0.000e+00
0.000e+00
0.000e+00
0.000e+00
0.000e+00
0.000e+00
0.000e+00
0.000e+00
5.141e-04
0.000e+00
0.000e+00
0.000e+00
0.000e+00
0.000e+00
0.000e+00
0.000e+00
0.000e+00
0.000e+00
0.000e+00
0.000e+00
0.000e+00
0.000e+00
5.141e-04
0.000e+00
0.000e+00
0.000e+00
0.000e+00
1.028e-03
1.028e-03
5.141e-04
2.057e-03
1.028e-03
5.141e-04
1.028e-03
2.571e-03
1.028e-03
5.141e-04
5.141e-04
2.057e-03
1.028e-03
1.542e-03
1.028e-03
3.599e-03
1.028e-03
1.028e-03
1.542e-03
4.113e-03
7.712e-03
4.627e-03
5.656e-03
5.141e-03
4.113e-03
5.656e-03
8.226e-03
6.170e-03
9.254e-03
6.684e-03
4.627e-03
6.170e-03
7.712e-03
8.226e-03
6.684e-03
1.234e-02
5.656e-03
1.285e-02
7.712e-03
1.028e-02
8.226e-03
1.183e-02
8.740e-03
6.684e-03
1.028e-02
1.388e-02
2.674e-02
1.285e-02
2.365e-02
9.769e-03
8.226e-03
1.285e-02
8.740e-03
6.170e-03
1.028e-02
5.141e-03
4.113e-03
6.684e-03
9.254e-03
3.599e-03
6.170e-03
4.113e-03
8.740e-03
8.226e-03
5.656e-03
8.226e-03
3.085e-03
5.656e-03
5.141e-03
3.599e-03
5.656e-03
3.085e-03
2.057e-03
3.085e-03
4.113e-03
1.542e-03
3.085e-03
1.542e-03
1.028e-03
1.542e-03
2.571e-03
3.599e-03
1.542e-03
1.028e-03
1.028e-03
3.599e-03
5.141e-04
5.141e-04
1.028e-03
0.000e+00
5.141e-04
0.000e+00
1.542e-03
0.000e+00
5.141e-04
0.000e+00
5.141e-04
0.000e+00
1.028e-03
5.141e-04
0.000e+00
0.000e+00
1.028e-03
5.141e-04
0.000e+00
0.000e+00
1.028e-03
5.141e-04
0.000e+00
0.000e+00
0.000e+00
0.000e+00
0.000e+00
0.000e+00
0.000e+00
0.000e+00
0.000e+00
0.000e+00
0.000e+00
0.000e+00
0.000e+00
5.141e-04
0.000e+00
5.141e-04
5.141e-04
0.000e+00
0.000e+00
0.000e+00
1.028e-03
0.000e+00
0.000e+00
5.141e-04
0.000e+00
0.000e+00
0.000e+00
0.000e+00
1.542e-03
0.000e+00
5.141e-04
4.113e-03
5.141e-04
5.141e-04
0.000e+00
1.028e-03
0.000e+00
5.141e-04
0.000e+00
0.000e+00
5.141e-04
0.000e+00
5.141e-04
5.141e-04
0.000e+00
0.000e+00
0.000e+00
0.000e+00
0.000e+00
0.000e+00
0.000e+00
0.000e+00
0.000e+00
0.000e+00
5.141e-04
0.000e+00
0.000e+00
0.000e+00
0.000e+00
0.000e+00
0.000e+00
0.000e+00
0.000e+00
0.000e+00
0.000e+00
1.028e-03
5.141e-04
0.000e+00
0.000e+00
0.000e+00
0.000e+00
1.028e-03
5.141e-04
0.000e+00
5.141e-04
5.141e-04
5.141e-04
1.542e-03
5.141e-04
5.141e-04
5.141e-04
5.141e-04
2.571e-03
2.571e-03
5.141e-04
0.000e+00
0.000e+00
2.057e-03
0.000e+00
1.542e-03
2.057e-03
5.141e-04
1.542e-03
1.542e-03
4.113e-03
4.113e-03
5.141e-04
4.113e-03
4.627e-03
4.627e-03
3.085e-03
5.141e-03
4.627e-03
6.170e-03
6.684e-03
8.226e-03
5.141e-03
7.198e-03
4.113e-03
5.141e-03
3.599e-03
6.170e-03
6.684e-03
9.769e-03
9.254e-03
8.740e-03
1.285e-02
6.684e-03
9.769e-03
1.285e-02
1.440e-02
1.337e-02
1.851e-02
2.262e-02
2.314e-02
1.337e-02
1.028e-02
5.141e-03
5.656e-03
8.740e-03
7.198e-03
8.226e-03
9.254e-03
8.226e-03
1.080e-02
7.198e-03
1.028e-02
9.254e-03
7.198e-03
4.627e-03
4.113e-03
8.740e-03
9.769e-03
5.141e-03
8.226e-03
5.141e-03
5.656e-03
3.599e-03
5.656e-03
4.627e-03
5.141e-03
2.571e-03
1.028e-03
2.571e-03
3.085e-03
2.057e-03
1.542e-03
1.542e-03
1.028e-03
1.028e-03
1.028e-03
5.141e-04
0.000e+00
1.542e-03
5.141e-04
5.141e-04
0.000e+00
0.000e+00
1.028e-03
5.141e-04
0.000e+00
0.000e+00
0.000e+00
0.000e+00
5.141e-04
0.000e+00
0.000e+00
0.000e+00
0.000e+00
0.000e+00
0.000e+00
0.000e+00
0.000e+00
0.000e+00
0.000e+00
0.000e+00
0.000e+00
0.000e+00
0.000e+00
0.000e+00
0.000e+00
0.000e+00
0.000e+00
0.000e+00
0.000e+00
0.000e+00
0.000e+00
0.000e+00
0.000e+00
0.000e+00
0.000e+00
0.000e+00
0.000e+00
0.000e+00
0.000e+00
0.000e+00
0.000e+00
0.000e+00
0.000e+00
0.000e+00
0.000e+00
