1.506e-03
9.036e-04
3.012e-04
3.012e-04
3.012e-04
0.000e+00
3.012e-04
0.000e+00
3.012e-04
3.012e-04
0.000e+00
0.000e+00
0.000e+00
6.024e-04
3.012e-04
0.000e+00
0.000e+00
0.000e+00
0.000e+00
0.000e+00
0.000e+00
0.000e+00
3.012e-04
0.000e+00
0.000e+00
0.000e+00
0.000e+00
0.000e+00
0.000e+00
0.000e+00
0.000e+00
0.000e+00
0.000e+00
0.000e+00
0.000e+00
0.000e+00
6.024e-04
3.012e-04
0.000e+00
6.024e-04
0.000e+00
9.036e-04
9.036e-04
3.012e-04
2.410e-03
9.036e-04
6.024e-04
9.036e-04
1.506e-03
1.205e-03
9.036e-04
6.024e-04
2.108e-03
1.205e-03
1.506e-03
9.036e-04
3.614e-03
1.205e-03
1.807e-03
1.205e-03
3.313e-03
5.120e-03
3.012e-03
3.614e-03
3.916e-03
4.217e-03
5.120e-03
7.229e-03
6.024e-03
9.337e-03
7.831e-03
4.217e-03
5.120e-03
6.627e-03
9.036e-03
8.133e-03
1.114e-02
6.325e-03
1.205e-02
7.530e-03
9.036e-03
7.831e-03
9.036e-03
7.530e-03
8.735e-03
1.114e-02
1.295e-02
2.139e-02
1.416e-02
1.988e-02
9.036e-03
9.036e-03
1.265e-02
7.530e-03
9.036e-03
9.036e-03
6.024e-03
6.627e-03
8.434e-03
9.036e-03
5.422e-03
6.024e-03
4.217e-03
1.054e-02
7.530e-03
6.627e-03
7.530e-03
3.614e-03
5.422e-03
6.024e-03
5.422e-03
6.928e-03
6.325e-03
3.313e-03
4.217e-03
4.217e-03
2.711e-03
3.614e-03
3.313e-03
2.410e-03
1.807e-03
1.807e-03
3.012e-03
1.205e-03
1.205e-03
9.036e-04
2.410e-03
3.012e-04
9.036e-04
9.036e-04
0.000e+00
6.024e-04
0.000e+00
1.205e-03
0.000e+00
6.024e-04
3.012e-04
6.024e-04
0.000e+00
6.024e-04
6.024e-04
0.000e+00
0.000e+00
6.024e-04
3.012e-04
3.012e-04
0.000e+00
6.024e-04
3.012e-04
0.000e+00
0.000e+00
0.000e+00
3.012e-04
0.000e+00
0.000e+00
0.000e+00
0.000e+00
0.000e+00
0.000e+00
0.000e+00
0.000e+00
0.000e+00
3.012e-04
0.000e+00
3.012e-04
3.012e-04
0.000e+00
0.000e+00
0.000e+00
6.024e-04
0.000e+00
0.000e+00
3.012e-04
3.012e-04
3.012e-04
0.000e+00
0.000e+00
9.036e-04
3.012e-04
3.012e-04
2.410e-03
6.024e-04
3.012e-04
0.000e+00
6.024e-04
0.000e+00
3.012e-04
3.012e-04
0.000e+00
3.012e-04
0.000e+00
6.024e-04
3.012e-04
0.000e+00
0.000e+00
0.000e+00
0.000e+00
0.000e+00
0.000e+00
0.000e+00
0.000e+00
3.012e-04
0.000e+00
3.012e-04
0.000e+00
0.000e+00
0.000e+00
0.000e+00
0.000e+00
0.000e+00
0.000e+00
0.000e+00
0.000e+00
0.000e+00
6.024e-04
3.012e-04
0.000e+00
0.000e+00
0.000e+00
0.000e+00
6.024e-04
6.024e-04
0.000e+00
6.024e-04
3.012e-04
3.012e-04
1.506e-03
6.024e-04
6.024e-04
3.012e-04
6.024e-04
2.410e-03
1.807e-03
6.024e-04
3.012e-04
3.012e-04
2.108e-03
6.024e-04
2.711e-03
1.506e-03
1.506e-03
1.807e-03
2.410e-03
3.614e-03
3.614e-03
1.807e-03
4.217e-03
6.928e-03
3.313e-03
5.422e-03
5.120e-03
5.422e-03
7.831e-03
5.723e-03
8.735e-03
5.422e-03
7.831e-03
4.518e-03
5.422e-03
4.819e-03
8.133e-03
7.530e-03
8.735e-03
8.735e-03
8.133e-03
1.145e-02
6.928e-03
9.940e-03
1.265e-02
1.114e-02
1.325e-02
1.536e-02
1.867e-02
1.777e-02
1.145e-02
1.325e-02
7.831e-03
5.723e-03
7.530e-03
8.133e-03
7.831e-03
8.133e-03
7.229e-03
1.054e-02
6.024e-03
9.337e-03
7.530e-03
8.133e-03
5.120e-03
4.217e-03
8.434e-03
7.831e-03
5.120e-03
9.940e-03
5.723e-03
4.518e-03
4.819e-03
5.422e-03
3.916e-03
5.120e-03
2.108e-03
1.205e-03
2.711e-03
3.012e-03
2.108e-03
1.506e-03
2.410e-03
9.036e-04
6.024e-04
9.036e-04
9.036e-04
3.012e-04
9.036e-04
1.205e-03
6.024e-04
0.000e+00
9.036e-04
9.036e-04
3.012e-04
6.024e-04
0.000e+00
9.036e-04
6.024e-04
3.012e-04
0.000e+00
3.012e-04
6.024e-04
6.024e-04
0.000e+00
3.012e-04
0.000e+00
0.000e+00
0.000e+00
0.000e+00
0.000e+00
0.000e+00
0.000e+00
0.000e+00
0.000e+00
0.000e+00
0.000e+00
0.000e+00
3.012e-04
3.012e-04
0.000e+00
3.012e-04
3.012e-04
0.000e+00
3.012e-04
0.000e+00
0.000e+00
0.000e+00
0.000e+00
6.024e-04
0.000e+00
0.000e+00
6.024e-04
6.024e-04
6.024e-04
6.024e-04
