1.506e-04
0.000e+00
0.000e+00
0.000e+00
1.506e-04
0.000e+00
1.506e-04
3.012e-04
0.000e+00
1.506e-04
0.000e+00
0.000e+00
0.000e+00
3.012e-04
0.000e+00
0.000e+00
1.506e-04
0.000e+00
1.506e-04
0.000e+00
0.000e+00
0.000e+00
1.506e-04
0.000e+00
0.000e+00
3.012e-04
0.000e+00
0.000e+00
0.000e+00
3.012e-04
0.000e+00
0.000e+00
0.000e+00
0.000e+00
1.506e-04
3.012e-04
0.000e+00
0.000e+00
0.000e+00
3.012e-04
1.506e-04
0.000e+00
0.000e+00
1.506e-04
1.506e-04
3.012e-04
3.012e-04
1.506e-04
1.506e-04
1.506e-04
3.012e-04
4.518e-04
4.518e-04
1.506e-04
4.518e-04
4.518e-04
1.054e-03
6.024e-04
9.036e-04
6.024e-04
4.518e-04
9.036e-04
6.024e-04
1.807e-03
1.807e-03
1.657e-03
1.506e-03
1.657e-03
1.355e-03
2.410e-03
2.410e-03
3.313e-03
5.120e-03
3.614e-03
3.916e-03
5.271e-03
4.518e-03
4.518e-03
4.669e-03
5.271e-03
5.723e-03
7.229e-03
5.271e-03
5.271e-03
6.024e-03
5.723e-03
6.476e-03
5.723e-03
7.530e-03
7.831e-03
5.723e-03
7.380e-03
4.970e-03
6.627e-03
5.120e-03
6.175e-03
5.873e-03
4.669e-03
5.120e-03
4.217e-03
5.723e-03
4.518e-03
4.367e-03
3.012e-03
4.217e-03
2.861e-03
3.163e-03
2.259e-03
2.108e-03
2.861e-03
2.711e-03
2.560e-03
2.259e-03
4.518e-04
1.355e-03
1.506e-03
1.054e-03
1.205e-03
1.355e-03
1.506e-04
1.054e-03
9.036e-04
7.530e-04
7.530e-04
1.506e-03
7.530e-04
6.024e-04
6.024e-04
1.506e-04
4.518e-04
6.024e-04
1.506e-04
3.012e-04
1.506e-04
6.024e-04
4.518e-04
1.506e-04
1.506e-04
1.506e-04
4.518e-04
0.000e+00
0.000e+00
1.506e-04
1.506e-04
0.000e+00
3.012e-04
3.012e-04
3.012e-04
0.000e+00
0.000e+00
0.000e+00
0.000e+00
0.000e+00
3.012e-04
4.518e-04
0.000e+00
0.000e+00
0.000e+00
0.000e+00
0.000e+00
0.000e+00
1.506e-04
0.000e+00
3.012e-04
1.506e-04
0.000e+00
1.506e-04
1.506e-04
1.506e-04
0.000e+00
0.000e+00
4.518e-04
0.000e+00
3.012e-04
0.000e+00
4.518e-04
0.000e+00
1.506e-04
0.000e+00
1.506e-04
0.000e+00
0.000e+00
0.000e+00
0.000e+00
0.000e+00
4.518e-04
0.000e+00
1.506e-04
0.000e+00
0.000e+00
1.506e-04
1.506e-04
0.000e+00
0.000e+00
0.000e+00
0.000e+00
0.000e+00
0.000e+00
0.000e+00
1.506e-04
1.506e-04
4.518e-04
0.000e+00
0.000e+00
0.000e+00
3.012e-04
0.000e+00
0.000e+00
3.012e-04
0.000e+00
0.000e+00
0.000e+00
0.000e+00
1.506e-04
0.000e+00
0.000e+00
1.506e-04
0.000e+00
1.506e-04
3.012e-04
0.000e+00
1.506e-04
0.000e+00
4.518e-04
1.506e-04
6.024e-04
1.506e-04
3.012e-04
0.000e+00
3.012e-04
6.024e-04
1.506e-04
3.012e-04
4.518e-04
6.024e-04
1.205e-03
1.054e-03
6.024e-04
7.530e-04
1.506e-04
6.024e-04
3.012e-04
4.518e-04
2.108e-03
1.355e-03
1.205e-03
1.205e-03
1.657e-03
1.506e-03
1.657e-03
2.410e-03
2.560e-03
2.108e-03
2.108e-03
4.217e-03
3.012e-03
4.669e-03
3.163e-03
5.422e-03
3.916e-03
4.066e-03
6.777e-03
5.422e-03
5.120e-03
5.271e-03
5.873e-03
4.970e-03
5.271e-03
6.175e-03
6.928e-03
6.627e-03
7.681e-03
6.928e-03
6.024e-03
7.681e-03
5.873e-03
8.283e-03
6.024e-03
5.271e-03
6.325e-03
5.873e-03
3.012e-03
4.367e-03
5.271e-03
3.916e-03
4.970e-03
3.916e-03
3.765e-03
3.614e-03
3.464e-03
2.861e-03
2.259e-03
1.958e-03
1.205e-03
1.506e-03
2.410e-03
1.205e-03
1.506e-03
1.506e-04
7.530e-04
9.036e-04
7.530e-04
1.054e-03
9.036e-04
6.024e-04
6.024e-04
4.518e-04
0.000e+00
1.506e-04
4.518e-04
4.518e-04
0.000e+00
4.518e-04
6.024e-04
1.506e-04
4.518e-04
3.012e-04
1.506e-04
0.000e+00
4.518e-04
0.000e+00
0.000e+00
1.506e-04
1.506e-04
1.506e-04
0.000e+00
1.506e-04
0.000e+00
1.506e-04
1.506e-04
0.000e+00
0.000e+00
0.000e+00
0.000e+00
1.506e-04
1.506e-04
1.506e-04
1.506e-04
0.000e+00
0.000e+00
0.000e+00
1.506e-04
1.506e-04
1.506e-04
3.012e-04
0.000e+00
0.000e+00
1.506e-04
1.506e-04
1.506e-04
0.000e+00
3.012e-04
1.506e-04
0.000e+00
3.012e-04
1.506e-04
0.000e+00
0.000e+00
0.000e+00
0.000e+00
