0.000e+00
0.000e+00
0.000e+00
0.000e+00
0.000e+00
0.000e+00
0.000e+00
0.000e+00
0.000e+00
0.000e+00
0.000e+00
0.000e+00
0.000e+00
0.000e+00
0.000e+00
0.000e+00
0.000e+00
0.000e+00
0.000e+00
0.000e+00
0.000e+00
0.000e+00
0.000e+00
0.000e+00
0.000e+00
0.000e+00
0.000e+00
0.000e+00
0.000e+00
0.000e+00
0.000e+00
0.000e+00
0.000e+00
0.000e+00
0.000e+00
0.000e+00
0.000e+00
0.000e+00
0.000e+00
0.000e+00
0.000e+00
0.000e+00
0.000e+00
0.000e+00
0.000e+00
0.000e+00
0.000e+00
0.000e+00
0.000e+00
0.000e+00
0.000e+00
0.000e+00
1.312e-03
1.312e-03
1.312e-03
0.000e+00
1.312e-03
0.000e+00
1.312e-03
2.625e-03
9.186e-03
2.625e-03
2.625e-03
2.625e-03
5.249e-03
1.181e-02
1.181e-02
9.186e-03
3.937e-03
6.562e-03
7.874e-03
1.444e-02
1.050e-02
2.625e-03
1.181e-02
1.050e-02
1.444e-02
6.562e-03
9.186e-03
1.181e-02
1.444e-02
7.874e-03
7.874e-03
5.249e-03
5.249e-03
3.937e-03
6.562e-03
5.249e-03
7.874e-03
2.625e-03
2.625e-03
9.186e-03
1.312e-03
2.625e-03
0.000e+00
6.562e-03
0.000e+00
2.625e-03
1.312e-03
0.000e+00
2.625e-03
2.625e-03
1.312e-03
0.000e+00
2.625e-03
1.312e-03
1.312e-03
0.000e+00
0.000e+00
0.000e+00
0.000e+00
0.000e+00
0.000e+00
2.625e-03
0.000e+00
2.625e-03
1.312e-03
0.000e+00
0.000e+00
0.000e+00
1.312e-03
0.000e+00
0.000e+00
1.312e-03
0.000e+00
0.000e+00
1.312e-03
5.249e-03
1.312e-03
1.312e-03
2.625e-03
2.625e-03
1.312e-03
1.312e-03
0.000e+00
0.000e+00
1.312e-03
2.625e-03
0.000e+00
2.625e-03
1.312e-03
2.625e-03
2.625e-03
5.249e-03
2.625e-03
2.625e-03
3.937e-03
3.937e-03
5.249e-03
3.937e-03
1.312e-02
7.874e-03
2.625e-03
3.937e-03
1.312e-03
3.937e-03
0.000e+00
1.181e-02
7.874e-03
5.249e-03
2.625e-03
9.186e-03
7.874e-03
6.562e-03
1.050e-02
5.249e-03
7.874e-03
6.562e-03
1.312e-03
5.249e-03
3.937e-03
1.312e-03
1.312e-03
1.312e-03
2.625e-03
2.625e-03
6.562e-03
3.937e-03
3.937e-03
3.937e-03
2.625e-03
2.625e-03
2.625e-03
2.625e-03
5.249e-03
1.312e-03
1.312e-03
5.249e-03
3.937e-03
3.937e-03
2.625e-03
3.937e-03
5.249e-03
7.874e-03
3.937e-03
2.625e-03
5.249e-03
7.874e-03
5.249e-03
2.625e-03
7.874e-03
1.181e-02
1.050e-02
6.562e-03
3.937e-03
5.249e-03
5.249e-03
7.874e-03
1.312e-02
6.562e-03
7.874e-03
3.937e-03
1.312e-03
1.312e-03
3.937e-03
5.249e-03
3.937e-03
3.937e-03
1.050e-02
2.625e-03
1.312e-03
1.312e-03
2.625e-03
2.625e-03
1.312e-03
5.249e-03
0.000e+00
1.312e-03
2.625e-03
1.312e-03
0.000e+00
1.312e-03
0.000e+00
0.000e+00
1.312e-03
0.000e+00
0.000e+00
0.000e+00
0.000e+00
0.000e+00
1.312e-03
1.312e-03
0.000e+00
0.000e+00
0.000e+00
1.312e-03
0.000e+00
1.312e-03
0.000e+00
0.000e+00
1.312e-03
0.000e+00
0.000e+00
1.312e-03
0.000e+00
5.249e-03
0.000e+00
1.312e-03
1.312e-03
2.625e-03
1.312e-03
1.312e-03
2.625e-03
0.000e+00
2.625e-03
0.000e+00
2.625e-03
1.312e-03
1.312e-03
2.625e-03
2.625e-03
1.312e-03
3.937e-03
5.249e-03
2.625e-03
1.050e-02
9.186e-03
5.249e-03
6.562e-03
6.562e-03
5.249e-03
6.562e-03
1.312e-02
9.186e-03
5.249e-03
1.575e-02
5.249e-03
7.874e-03
1.050e-02
1.312e-02
6.562e-03
5.249e-03
1.181e-02
1.575e-02
2.625e-03
1.706e-02
9.186e-03
3.937e-03
5.249e-03
1.312e-03
6.562e-03
0.000e+00
0.000e+00
1.312e-03
1.312e-03
0.000e+00
0.000e+00
2.625e-03
0.000e+00
2.625e-03
1.312e-03
1.312e-03
0.000e+00
0.000e+00
0.000e+00
0.000e+00
0.000e+00
0.000e+00
0.000e+00
0.000e+00
0.000e+00
0.000e+00
0.000e+00
0.000e+00
0.000e+00
0.000e+00
0.000e+00
0.000e+00
0.000e+00
0.000e+00
0.000e+00
0.000e+00
0.000e+00
0.000e+00
0.000e+00
0.000e+00
0.000e+00
0.000e+00
0.000e+00
0.000e+00
0.000e+00
0.000e+00
1.312e-03
0.000e+00
0.000e+00
0.000e+00
0.000e+00
0.000e+00
0.000e+00
0.000e+00
0.000e+00
0.000e+00
0.000e+00
0.000e+00
0.000e+00
0.000e+00
0.000e+00
0.000e+00
0.000e+00
0.000e+00
