0.000e+00
0.000e+00
0.000e+00
0.000e+00
0.000e+00
0.000e+00
0.000e+00
0.000e+00
0.000e+00
0.000e+00
0.000e+00
0.000e+00
0.000e+00
0.000e+00
0.000e+00
0.000e+00
0.000e+00
0.000e+00
0.000e+00
0.000e+00
0.000e+00
0.000e+00
0.000e+00
0.000e+00
0.000e+00
0.000e+00
0.000e+00
0.000e+00
0.000e+00
0.000e+00
0.000e+00
0.000e+00
0.000e+00
0.000e+00
0.000e+00
0.000e+00
0.000e+00
0.000e+00
0.000e+00
0.000e+00
0.000e+00
0.000e+00
0.000e+00
0.000e+00
0.000e+00
0.000e+00
0.000e+00
0.000e+00
0.000e+00
6.562e-04
0.000e+00
0.000e+00
1.312e-03
1.969e-03
6.562e-04
0.000e+00
1.312e-03
6.562e-04
0.000e+00
1.312e-03
1.312e-03
1.969e-03
2.625e-03
5.249e-03
3.937e-03
3.281e-03
5.249e-03
4.593e-03
5.249e-03
4.593e-03
5.906e-03
4.593e-03
1.312e-03
7.218e-03
3.281e-03
3.937e-03
6.562e-03
5.249e-03
4.593e-03
5.906e-03
3.937e-03
3.937e-03
6.562e-04
5.249e-03
6.562e-04
3.937e-03
1.312e-03
6.562e-04
3.281e-03
6.562e-04
6.562e-04
1.312e-03
2.625e-03
1.312e-03
1.969e-03
2.625e-03
0.000e+00
0.000e+00
1.969e-03
6.562e-04
0.000e+00
6.562e-04
0.000e+00
0.000e+00
0.000e+00
0.000e+00
1.312e-03
6.562e-04
0.000e+00
0.000e+00
0.000e+00
6.562e-04
0.000e+00
0.000e+00
0.000e+00
0.000e+00
0.000e+00
6.562e-04
0.000e+00
1.312e-03
6.562e-04
0.000e+00
0.000e+00
0.000e+00
0.000e+00
0.000e+00
0.000e+00
0.000e+00
0.000e+00
0.000e+00
0.000e+00
0.000e+00
0.000e+00
0.000e+00
1.312e-03
6.562e-04
6.562e-04
1.312e-03
6.562e-04
6.562e-04
0.000e+00
6.562e-04
0.000e+00
1.312e-03
2.625e-03
1.312e-03
1.312e-03
1.312e-03
1.969e-03
1.312e-03
1.312e-03
2.625e-03
1.312e-03
5.249e-03
1.312e-03
1.312e-03
3.937e-03
3.281e-03
3.281e-03
1.969e-03
4.593e-03
1.969e-03
4.593e-03
3.937e-03
3.281e-03
1.312e-03
5.249e-03
3.937e-03
5.906e-03
1.969e-03
4.593e-03
3.281e-03
3.281e-03
2.625e-03
3.281e-03
4.593e-03
3.281e-03
6.562e-04
4.593e-03
3.937e-03
1.312e-03
1.969e-03
3.937e-03
3.281e-03
6.562e-04
5.906e-03
5.249e-03
6.562e-04
3.937e-03
3.937e-03
2.625e-03
3.937e-03
6.562e-03
4.593e-03
3.937e-03
4.593e-03
1.969e-03
2.625e-03
7.218e-03
3.937e-03
1.969e-03
2.625e-03
3.937e-03
1.969e-03
3.281e-03
5.249e-03
4.593e-03
1.312e-03
0.000e+00
1.312e-03
3.281e-03
1.969e-03
1.312e-03
6.562e-04
1.312e-03
1.969e-03
1.969e-03
0.000e+00
0.000e+00
6.562e-04
6.562e-04
1.969e-03
6.562e-04
1.312e-03
0.000e+00
0.000e+00
1.312e-03
0.000e+00
0.000e+00
0.000e+00
0.000e+00
0.000e+00
0.000e+00
1.312e-03
0.000e+00
0.000e+00
6.562e-04
0.000e+00
0.000e+00
0.000e+00
0.000e+00
6.562e-04
0.000e+00
0.000e+00
0.000e+00
0.000e+00
0.000e+00
0.000e+00
0.000e+00
6.562e-04
6.562e-04
0.000e+00
0.000e+00
0.000e+00
0.000e+00
6.562e-04
6.562e-04
6.562e-04
0.000e+00
6.562e-04
1.312e-03
1.312e-03
6.562e-04
6.562e-04
0.000e+00
1.312e-03
0.000e+00
0.000e+00
6.562e-04
0.000e+00
6.562e-04
0.000e+00
6.562e-04
6.562e-04
3.281e-03
4.593e-03
6.562e-04
4.593e-03
4.593e-03
5.249e-03
1.312e-03
7.218e-03
5.906e-03
5.249e-03
4.593e-03
5.249e-03
4.593e-03
1.969e-03
2.625e-03
3.937e-03
3.937e-03
3.937e-03
4.593e-03
5.249e-03
1.312e-03
1.312e-03
2.625e-03
4.593e-03
1.969e-03
3.937e-03
4.593e-03
3.281e-03
0.000e+00
5.249e-03
1.969e-03
6.562e-04
6.562e-04
0.000e+00
0.000e+00
0.000e+00
0.000e+00
0.000e+00
0.000e+00
6.562e-04
0.000e+00
0.000e+00
0.000e+00
0.000e+00
0.000e+00
0.000e+00
0.000e+00
0.000e+00
0.000e+00
0.000e+00
0.000e+00
0.000e+00
0.000e+00
0.000e+00
0.000e+00
0.000e+00
0.000e+00
0.000e+00
0.000e+00
0.000e+00
0.000e+00
0.000e+00
0.000e+00
0.000e+00
0.000e+00
0.000e+00
0.000e+00
0.000e+00
0.000e+00
0.000e+00
0.000e+00
0.000e+00
0.000e+00
0.000e+00
0.000e+00
0.000e+00
0.000e+00
0.000e+00
0.000e+00
0.000e+00
0.000e+00
0.000e+00
0.000e+00
0.000e+00
0.000e+00
0.000e+00
