0.000e+00
0.000e+00
0.000e+00
0.000e+00
0.000e+00
0.000e+00
0.000e+00
0.000e+00
0.000e+00
0.000e+00
0.000e+00
0.000e+00
0.000e+00
0.000e+00
0.000e+00
0.000e+00
0.000e+00
0.000e+00
0.000e+00
0.000e+00
0.000e+00
0.000e+00
0.000e+00
0.000e+00
0.000e+00
0.000e+00
0.000e+00
0.000e+00
0.000e+00
0.000e+00
3.394e-04
0.000e+00
0.000e+00
0.000e+00
0.000e+00
0.000e+00
0.000e+00
0.000e+00
0.000e+00
0.000e+00
0.000e+00
0.000e+00
0.000e+00
0.000e+00
0.000e+00
3.394e-04
0.000e+00
0.000e+00
0.000e+00
3.394e-04
0.000e+00
0.000e+00
6.789e-04
1.018e-03
6.789e-04
0.000e+00
6.789e-04
3.394e-04
3.394e-04
1.018e-03
1.358e-03
1.697e-03
2.037e-03
3.055e-03
3.055e-03
3.055e-03
3.734e-03
3.394e-03
2.716e-03
3.055e-03
3.394e-03
3.394e-03
1.358e-03
4.073e-03
4.752e-03
3.394e-03
4.752e-03
4.073e-03
4.752e-03
6.110e-03
3.734e-03
3.394e-03
1.697e-03
6.110e-03
2.716e-03
5.771e-03
5.771e-03
4.073e-03
7.128e-03
5.092e-03
7.807e-03
5.431e-03
7.807e-03
5.092e-03
5.431e-03
5.771e-03
6.449e-03
2.037e-03
4.413e-03
2.037e-03
3.055e-03
1.697e-03
1.697e-03
2.376e-03
1.358e-03
2.376e-03
1.018e-03
6.789e-04
1.018e-03
6.789e-04
3.394e-04
1.358e-03
3.394e-04
0.000e+00
0.000e+00
0.000e+00
3.394e-04
6.789e-04
3.394e-04
6.789e-04
6.789e-04
0.000e+00
3.394e-04
0.000e+00
3.394e-04
0.000e+00
3.394e-04
0.000e+00
0.000e+00
0.000e+00
0.000e+00
0.000e+00
0.000e+00
0.000e+00
6.789e-04
3.394e-04
3.394e-04
6.789e-04
6.789e-04
6.789e-04
0.000e+00
3.394e-04
0.000e+00
6.789e-04
1.358e-03
6.789e-04
6.789e-04
6.789e-04
1.018e-03
1.018e-03
6.789e-04
1.358e-03
6.789e-04
2.716e-03
6.789e-04
6.789e-04
2.037e-03
1.697e-03
1.697e-03
1.018e-03
2.376e-03
1.018e-03
2.376e-03
2.037e-03
1.697e-03
6.789e-04
2.716e-03
2.037e-03
3.055e-03
1.018e-03
2.376e-03
2.037e-03
1.697e-03
1.358e-03
1.697e-03
2.376e-03
1.697e-03
3.394e-04
2.376e-03
2.037e-03
6.789e-04
1.018e-03
2.037e-03
1.697e-03
6.789e-04
3.055e-03
2.716e-03
3.394e-04
2.037e-03
2.037e-03
1.358e-03
2.037e-03
3.394e-03
2.376e-03
2.376e-03
2.376e-03
1.018e-03
1.358e-03
3.734e-03
2.037e-03
1.018e-03
1.358e-03
2.037e-03
1.018e-03
1.697e-03
2.716e-03
2.376e-03
6.789e-04
0.000e+00
6.789e-04
1.697e-03
1.018e-03
6.789e-04
3.394e-04
6.789e-04
1.018e-03
1.018e-03
0.000e+00
0.000e+00
3.394e-04
3.394e-04
1.018e-03
3.394e-04
1.018e-03
3.394e-04
0.000e+00
6.789e-04
0.000e+00
0.000e+00
0.000e+00
0.000e+00
0.000e+00
0.000e+00
6.789e-04
0.000e+00
0.000e+00
3.394e-04
0.000e+00
0.000e+00
3.394e-04
3.394e-04
6.789e-04
0.000e+00
3.394e-04
3.394e-04
3.394e-04
1.018e-03
0.000e+00
0.000e+00
1.018e-03
1.018e-03
1.358e-03
1.018e-03
1.358e-03
1.358e-03
2.376e-03
1.358e-03
2.376e-03
2.376e-03
2.376e-03
3.055e-03
3.734e-03
3.055e-03
2.376e-03
4.752e-03
4.752e-03
5.431e-03
5.431e-03
5.092e-03
3.055e-03
4.413e-03
5.092e-03
5.431e-03
4.752e-03
6.789e-03
6.449e-03
3.055e-03
6.789e-03
5.771e-03
5.092e-03
2.716e-03
5.092e-03
3.394e-03
3.394e-03
4.073e-03
3.734e-03
3.055e-03
2.716e-03
2.376e-03
2.716e-03
2.716e-03
2.376e-03
3.734e-03
2.716e-03
1.358e-03
1.018e-03
1.697e-03
2.376e-03
1.697e-03
3.055e-03
2.376e-03
1.697e-03
0.000e+00
3.394e-03
1.358e-03
3.394e-04
3.394e-04
0.000e+00
0.000e+00
0.000e+00
0.000e+00
0.000e+00
0.000e+00
6.789e-04
0.000e+00
3.394e-04
0.000e+00
0.000e+00
0.000e+00
0.000e+00
0.000e+00
0.000e+00
0.000e+00
0.000e+00
0.000e+00
0.000e+00
0.000e+00
0.000e+00
3.394e-04
0.000e+00
0.000e+00
0.000e+00
0.000e+00
0.000e+00
0.000e+00
0.000e+00
0.000e+00
0.000e+00
0.000e+00
0.000e+00
0.000e+00
0.000e+00
0.000e+00
3.394e-04
0.000e+00
0.000e+00
0.000e+00
0.000e+00
0.000e+00
3.394e-04
3.394e-04
0.000e+00
0.000e+00
0.000e+00
0.000e+00
0.000e+00
3.394e-04
0.000e+00
0.000e+00
0.000e+00
