0.000e+00
0.000e+00
0.000e+00
0.000e+00
0.000e+00
0.000e+00
0.000e+00
0.000e+00
0.000e+00
0.000e+00
0.000e+00
0.000e+00
0.000e+00
0.000e+00
0.000e+00
0.000e+00
0.000e+00
0.000e+00
0.000e+00
0.000e+00
0.000e+00
0.000e+00
0.000e+00
0.000e+00
0.000e+00
0.000e+00
0.000e+00
0.000e+00
0.000e+00
0.000e+00
0.000e+00
0.000e+00
0.000e+00
0.000e+00
6.789e-04
6.789e-04
0.000e+00
0.000e+00
0.000e+00
0.000e+00
0.000e+00
0.000e+00
0.000e+00
0.000e+00
0.000e+00
0.000e+00
0.000e+00
0.000e+00
0.000e+00
0.000e+00
0.000e+00
6.789e-04
1.358e-03
1.358e-03
1.358e-03
6.789e-04
4.073e-03
2.037e-03
2.037e-03
1.358e-03
4.752e-03
2.716e-03
2.716e-03
2.037e-03
3.394e-03
6.789e-03
7.468e-03
6.110e-03
4.073e-03
4.752e-03
4.073e-03
1.222e-02
8.826e-03
5.431e-03
8.147e-03
7.468e-03
8.147e-03
4.073e-03
7.468e-03
1.018e-02
8.147e-03
4.752e-03
8.147e-03
6.789e-03
9.504e-03
1.358e-02
1.222e-02
1.018e-02
1.358e-02
1.290e-02
1.154e-02
4.345e-02
1.086e-02
6.110e-03
2.037e-03
9.504e-03
2.037e-03
3.394e-03
2.716e-03
4.752e-03
4.073e-03
8.826e-03
3.394e-03
5.431e-03
3.394e-03
7.468e-03
3.394e-03
2.037e-03
2.716e-03
1.358e-03
6.789e-04
6.789e-04
0.000e+00
1.358e-03
0.000e+00
2.037e-03
1.358e-03
0.000e+00
0.000e+00
6.789e-04
6.789e-04
0.000e+00
0.000e+00
6.789e-04
0.000e+00
0.000e+00
6.789e-04
2.716e-03
6.789e-04
6.789e-04
1.358e-03
2.037e-03
1.358e-03
1.358e-03
0.000e+00
0.000e+00
6.789e-04
1.358e-03
0.000e+00
1.358e-03
6.789e-04
1.358e-03
1.358e-03
2.716e-03
1.358e-03
1.358e-03
2.037e-03
2.037e-03
2.716e-03
2.037e-03
6.789e-03
4.073e-03
1.358e-03
2.037e-03
6.789e-04
2.037e-03
0.000e+00
6.110e-03
4.073e-03
2.716e-03
1.358e-03
4.752e-03
4.073e-03
3.394e-03
5.431e-03
2.716e-03
4.073e-03
3.394e-03
6.789e-04
2.716e-03
2.037e-03
6.789e-04
1.358e-03
6.789e-04
1.358e-03
1.358e-03
4.073e-03
2.037e-03
2.037e-03
2.037e-03
1.358e-03
2.037e-03
1.358e-03
1.358e-03
2.716e-03
6.789e-04
6.789e-04
2.716e-03
2.037e-03
2.037e-03
1.358e-03
2.037e-03
2.716e-03
4.073e-03
2.037e-03
1.358e-03
2.716e-03
4.073e-03
2.716e-03
1.358e-03
4.073e-03
6.110e-03
5.431e-03
3.394e-03
2.037e-03
2.716e-03
2.716e-03
4.752e-03
6.789e-03
3.394e-03
4.073e-03
2.037e-03
6.789e-04
6.789e-04
2.037e-03
2.716e-03
2.716e-03
2.037e-03
5.431e-03
1.358e-03
6.789e-04
6.789e-04
1.358e-03
1.358e-03
6.789e-04
2.716e-03
0.000e+00
6.789e-04
1.358e-03
6.789e-04
0.000e+00
1.358e-03
0.000e+00
0.000e+00
6.789e-04
0.000e+00
0.000e+00
6.789e-04
0.000e+00
0.000e+00
6.789e-04
6.789e-04
0.000e+00
1.358e-03
6.789e-04
1.358e-03
0.000e+00
2.037e-03
0.000e+00
1.358e-03
1.358e-03
6.789e-04
6.789e-04
1.358e-03
2.716e-03
5.431e-03
3.394e-03
5.431e-03
6.789e-03
9.504e-03
4.752e-03
2.716e-03
2.716e-03
2.037e-03
2.716e-03
5.431e-03
2.716e-03
6.789e-03
1.358e-02
3.598e-02
1.561e-02
9.504e-03
1.222e-02
1.018e-02
9.504e-03
1.222e-02
9.504e-03
7.468e-03
6.110e-03
5.431e-03
4.752e-03
8.147e-03
8.147e-03
7.468e-03
8.826e-03
1.154e-02
8.826e-03
7.468e-03
8.826e-03
1.222e-02
8.826e-03
4.752e-03
6.789e-03
1.018e-02
2.716e-03
9.504e-03
4.752e-03
2.716e-03
2.716e-03
1.358e-03
3.394e-03
0.000e+00
1.358e-03
3.394e-03
1.358e-03
0.000e+00
6.789e-04
2.037e-03
1.358e-03
1.358e-03
6.789e-04
6.789e-04
6.789e-04
0.000e+00
6.789e-04
0.000e+00
0.000e+00
0.000e+00
0.000e+00
0.000e+00
0.000e+00
0.000e+00
0.000e+00
0.000e+00
0.000e+00
0.000e+00
0.000e+00
0.000e+00
0.000e+00
6.789e-04
0.000e+00
0.000e+00
0.000e+00
0.000e+00
0.000e+00
0.000e+00
6.789e-04
0.000e+00
0.000e+00
0.000e+00
6.789e-04
0.000e+00
6.789e-04
0.000e+00
0.000e+00
0.000e+00
0.000e+00
6.789e-04
0.000e+00
0.000e+00
0.000e+00
0.000e+00
0.000e+00
0.000e+00
0.000e+00
0.000e+00
6.789e-04
0.000e+00
0.000e+00
0.000e+00
