0.000e+00
0.000e+00
0.000e+00
0.000e+00
0.000e+00
0.000e+00
0.000e+00
0.000e+00
0.000e+00
0.000e+00
0.000e+00
0.000e+00
0.000e+00
0.000e+00
0.000e+00
0.000e+00
0.000e+00
0.000e+00
0.000e+00
0.000e+00
0.000e+00
0.000e+00
0.000e+00
0.000e+00
0.000e+00
0.000e+00
0.000e+00
0.000e+00
0.000e+00
0.000e+00
0.000e+00
0.000e+00
0.000e+00
0.000e+00
0.000e+00
0.000e+00
0.000e+00
0.000e+00
0.000e+00
0.000e+00
0.000e+00
0.000e+00
0.000e+00
0.000e+00
5.353e-04
0.000e+00
0.000e+00
0.000e+00
5.353e-04
5.353e-04
0.000e+00
5.353e-04
1.606e-03
1.606e-03
1.606e-03
0.000e+00
1.071e-03
5.353e-04
1.071e-03
1.606e-03
2.141e-03
2.677e-03
3.212e-03
5.889e-03
4.818e-03
3.212e-03
5.353e-03
4.818e-03
4.283e-03
5.353e-03
6.424e-03
4.283e-03
1.071e-03
6.424e-03
2.677e-03
3.747e-03
5.353e-03
4.818e-03
4.283e-03
5.889e-03
3.212e-03
3.747e-03
1.071e-03
5.353e-03
5.353e-04
3.747e-03
1.071e-03
5.353e-04
2.677e-03
5.353e-04
1.071e-03
1.071e-03
2.141e-03
1.071e-03
1.606e-03
2.141e-03
0.000e+00
0.000e+00
1.606e-03
5.353e-04
0.000e+00
5.353e-04
0.000e+00
0.000e+00
0.000e+00
0.000e+00
1.071e-03
5.353e-04
0.000e+00
0.000e+00
0.000e+00
5.353e-04
0.000e+00
0.000e+00
0.000e+00
0.000e+00
0.000e+00
5.353e-04
0.000e+00
1.071e-03
5.353e-04
0.000e+00
0.000e+00
0.000e+00
0.000e+00
0.000e+00
0.000e+00
0.000e+00
0.000e+00
0.000e+00
0.000e+00
0.000e+00
5.353e-04
0.000e+00
1.071e-03
5.353e-04
5.353e-04
1.071e-03
5.353e-04
5.353e-04
0.000e+00
5.353e-04
0.000e+00
1.071e-03
2.141e-03
1.071e-03
1.606e-03
1.071e-03
2.677e-03
1.606e-03
1.606e-03
2.677e-03
1.071e-03
4.283e-03
1.071e-03
1.071e-03
3.747e-03
2.677e-03
2.677e-03
2.677e-03
3.747e-03
2.677e-03
4.283e-03
3.212e-03
3.747e-03
2.677e-03
4.283e-03
3.212e-03
5.889e-03
2.141e-03
5.353e-03
4.283e-03
2.677e-03
3.212e-03
3.747e-03
4.283e-03
3.212e-03
1.606e-03
3.747e-03
3.212e-03
1.606e-03
1.606e-03
3.747e-03
3.747e-03
1.071e-03
4.818e-03
5.889e-03
5.353e-04
3.747e-03
3.212e-03
2.677e-03
3.212e-03
5.889e-03
4.283e-03
4.283e-03
4.818e-03
2.141e-03
2.141e-03
5.889e-03
4.283e-03
1.606e-03
2.141e-03
3.212e-03
1.606e-03
3.212e-03
4.818e-03
3.747e-03
1.071e-03
0.000e+00
1.606e-03
2.677e-03
1.606e-03
1.606e-03
1.071e-03
1.606e-03
1.606e-03
1.606e-03
0.000e+00
0.000e+00
1.071e-03
5.353e-04
1.606e-03
5.353e-04
1.071e-03
0.000e+00
0.000e+00
1.071e-03
0.000e+00
0.000e+00
0.000e+00
0.000e+00
0.000e+00
0.000e+00
1.071e-03
0.000e+00
0.000e+00
5.353e-04
0.000e+00
0.000e+00
0.000e+00
0.000e+00
1.071e-03
0.000e+00
0.000e+00
0.000e+00
0.000e+00
5.353e-04
0.000e+00
0.000e+00
5.353e-04
5.353e-04
0.000e+00
0.000e+00
0.000e+00
0.000e+00
1.071e-03
5.353e-04
5.353e-04
0.000e+00
5.353e-04
1.071e-03
1.071e-03
5.353e-04
5.353e-04
0.000e+00
1.071e-03
0.000e+00
0.000e+00
5.353e-04
0.000e+00
5.353e-04
0.000e+00
5.353e-04
1.606e-03
2.677e-03
3.747e-03
1.071e-03
4.283e-03
4.818e-03
4.283e-03
2.141e-03
5.889e-03
5.889e-03
5.353e-03
4.283e-03
4.818e-03
5.889e-03
2.141e-03
2.677e-03
4.818e-03
5.353e-03
4.283e-03
4.283e-03
5.353e-03
2.141e-03
2.141e-03
4.818e-03
5.889e-03
3.212e-03
4.818e-03
4.818e-03
4.818e-03
1.071e-03
4.283e-03
2.141e-03
1.071e-03
5.353e-04
0.000e+00
5.353e-04
0.000e+00
5.353e-04
0.000e+00
0.000e+00
5.353e-04
0.000e+00
0.000e+00
0.000e+00
0.000e+00
0.000e+00
0.000e+00
0.000e+00
0.000e+00
0.000e+00
0.000e+00
0.000e+00
0.000e+00
0.000e+00
0.000e+00
0.000e+00
0.000e+00
0.000e+00
0.000e+00
0.000e+00
0.000e+00
0.000e+00
0.000e+00
0.000e+00
0.000e+00
0.000e+00
0.000e+00
0.000e+00
0.000e+00
0.000e+00
0.000e+00
0.000e+00
0.000e+00
0.000e+00
0.000e+00
0.000e+00
0.000e+00
0.000e+00
0.000e+00
0.000e+00
0.000e+00
0.000e+00
0.000e+00
0.000e+00
0.000e+00
0.000e+00
0.000e+00
