0.000e+00
0.000e+00
0.000e+00
0.000e+00
0.000e+00
0.000e+00
0.000e+00
0.000e+00
0.000e+00
0.000e+00
0.000e+00
0.000e+00
0.000e+00
0.000e+00
0.000e+00
0.000e+00
0.000e+00
0.000e+00
0.000e+00
0.000e+00
0.000e+00
0.000e+00
0.000e+00
0.000e+00
0.000e+00
0.000e+00
0.000e+00
0.000e+00
0.000e+00
0.000e+00
0.000e+00
0.000e+00
0.000e+00
1.071e-03
0.000e+00
0.000e+00
0.000e+00
0.000e+00
0.000e+00
0.000e+00
0.000e+00
0.000e+00
0.000e+00
0.000e+00
0.000e+00
0.000e+00
0.000e+00
0.000e+00
0.000e+00
0.000e+00
0.000e+00
0.000e+00
1.071e-03
1.071e-03
1.071e-03
1.071e-03
2.141e-03
0.000e+00
3.212e-03
4.283e-03
9.636e-03
2.141e-03
5.353e-03
7.495e-03
6.424e-03
1.178e-02
1.071e-02
9.636e-03
4.283e-03
7.495e-03
8.565e-03
1.499e-02
1.285e-02
4.283e-03
1.178e-02
1.071e-02
1.499e-02
5.353e-03
8.565e-03
1.071e-02
1.285e-02
6.424e-03
6.424e-03
4.283e-03
4.283e-03
3.212e-03
5.353e-03
4.283e-03
6.424e-03
2.141e-03
3.212e-03
7.495e-03
1.071e-03
2.141e-03
0.000e+00
5.353e-03
0.000e+00
2.141e-03
1.071e-03
1.071e-03
2.141e-03
2.141e-03
1.071e-03
0.000e+00
2.141e-03
1.071e-03
1.071e-03
0.000e+00
0.000e+00
0.000e+00
0.000e+00
0.000e+00
0.000e+00
2.141e-03
0.000e+00
2.141e-03
1.071e-03
0.000e+00
0.000e+00
0.000e+00
1.071e-03
0.000e+00
0.000e+00
1.071e-03
0.000e+00
0.000e+00
1.071e-03
4.283e-03
1.071e-03
1.071e-03
2.141e-03
2.141e-03
1.071e-03
2.141e-03
0.000e+00
0.000e+00
1.071e-03
2.141e-03
0.000e+00
2.141e-03
1.071e-03
2.141e-03
2.141e-03
4.283e-03
2.141e-03
3.212e-03
3.212e-03
3.212e-03
4.283e-03
3.212e-03
1.071e-02
7.495e-03
3.212e-03
8.565e-03
1.071e-03
5.353e-03
0.000e+00
9.636e-03
6.424e-03
4.283e-03
3.212e-03
8.565e-03
6.424e-03
5.353e-03
1.071e-02
6.424e-03
8.565e-03
1.071e-02
4.283e-03
4.283e-03
3.212e-03
2.141e-03
2.141e-03
3.212e-03
3.212e-03
2.141e-03
7.495e-03
5.353e-03
3.212e-03
3.212e-03
2.141e-03
3.212e-03
3.212e-03
2.141e-03
4.283e-03
1.071e-03
2.141e-03
5.353e-03
3.212e-03
3.212e-03
3.212e-03
4.283e-03
4.283e-03
7.495e-03
3.212e-03
3.212e-03
7.495e-03
6.424e-03
5.353e-03
3.212e-03
7.495e-03
1.071e-02
1.071e-02
6.424e-03
4.283e-03
5.353e-03
4.283e-03
7.495e-03
1.178e-02
5.353e-03
6.424e-03
3.212e-03
1.071e-03
1.071e-03
3.212e-03
4.283e-03
3.212e-03
3.212e-03
8.565e-03
2.141e-03
1.071e-03
1.071e-03
2.141e-03
2.141e-03
1.071e-03
4.283e-03
0.000e+00
2.141e-03
2.141e-03
1.071e-03
0.000e+00
1.071e-03
0.000e+00
0.000e+00
1.071e-03
0.000e+00
0.000e+00
0.000e+00
0.000e+00
0.000e+00
1.071e-03
1.071e-03
0.000e+00
0.000e+00
0.000e+00
1.071e-03
0.000e+00
1.071e-03
0.000e+00
0.000e+00
1.071e-03
0.000e+00
0.000e+00
1.071e-03
0.000e+00
4.283e-03
0.000e+00
1.071e-03
2.141e-03
2.141e-03
1.071e-03
1.071e-03
2.141e-03
0.000e+00
3.212e-03
0.000e+00
2.141e-03
1.071e-03
1.071e-03
2.141e-03
2.141e-03
1.071e-03
3.212e-03
4.283e-03
2.141e-03
8.565e-03
7.495e-03
4.283e-03
6.424e-03
6.424e-03
9.636e-03
5.353e-03
1.178e-02
7.495e-03
5.353e-03
1.499e-02
4.283e-03
7.495e-03
1.071e-02
1.285e-02
7.495e-03
6.424e-03
1.713e-02
1.606e-02
4.283e-03
1.820e-02
1.071e-02
8.565e-03
7.495e-03
5.353e-03
6.424e-03
1.071e-03
4.283e-03
1.071e-03
2.141e-03
1.071e-03
0.000e+00
2.141e-03
2.141e-03
2.141e-03
1.071e-03
1.071e-03
0.000e+00
0.000e+00
0.000e+00
0.000e+00
0.000e+00
0.000e+00
0.000e+00
0.000e+00
0.000e+00
0.000e+00
0.000e+00
0.000e+00
0.000e+00
0.000e+00
0.000e+00
0.000e+00
0.000e+00
0.000e+00
0.000e+00
0.000e+00
0.000e+00
0.000e+00
0.000e+00
0.000e+00
0.000e+00
0.000e+00
0.000e+00
0.000e+00
0.000e+00
0.000e+00
1.071e-03
0.000e+00
0.000e+00
0.000e+00
0.000e+00
0.000e+00
0.000e+00
0.000e+00
0.000e+00
0.000e+00
0.000e+00
0.000e+00
0.000e+00
0.000e+00
0.000e+00
0.000e+00
0.000e+00
0.000e+00
