0.000e+00
0.000e+00
0.000e+00
0.000e+00
0.000e+00
0.000e+00
0.000e+00
0.000e+00
0.000e+00
0.000e+00
0.000e+00
0.000e+00
0.000e+00
0.000e+00
0.000e+00
0.000e+00
0.000e+00
0.000e+00
0.000e+00
0.000e+00
0.000e+00
0.000e+00
0.000e+00
0.000e+00
0.000e+00
0.000e+00
0.000e+00
3.178e-04
0.000e+00
0.000e+00
0.000e+00
0.000e+00
0.000e+00
6.355e-04
6.355e-04
3.178e-04
3.178e-04
0.000e+00
0.000e+00
0.000e+00
0.000e+00
0.000e+00
6.355e-04
0.000e+00
3.178e-04
3.178e-04
3.178e-04
3.178e-04
0.000e+00
0.000e+00
3.178e-04
6.355e-04
6.355e-04
9.533e-04
1.907e-03
9.533e-04
2.542e-03
9.533e-04
2.542e-03
1.907e-03
4.131e-03
1.907e-03
3.178e-03
2.542e-03
2.542e-03
5.084e-03
4.766e-03
5.084e-03
4.766e-03
3.813e-03
3.495e-03
8.262e-03
7.309e-03
4.449e-03
8.262e-03
7.309e-03
7.944e-03
5.402e-03
6.037e-03
7.626e-03
7.309e-03
5.084e-03
6.673e-03
7.309e-03
7.944e-03
1.303e-02
1.176e-02
1.080e-02
1.335e-02
1.525e-02
1.366e-02
2.574e-02
9.851e-03
8.580e-03
4.449e-03
9.533e-03
5.720e-03
6.037e-03
5.084e-03
5.720e-03
5.402e-03
9.533e-03
5.720e-03
1.049e-02
5.720e-03
8.580e-03
4.131e-03
6.355e-03
4.449e-03
3.813e-03
3.495e-03
1.907e-03
1.907e-03
3.495e-03
3.495e-03
4.131e-03
3.495e-03
2.860e-03
1.271e-03
1.271e-03
9.533e-04
1.907e-03
2.542e-03
2.224e-03
1.271e-03
1.589e-03
1.271e-03
1.589e-03
3.178e-04
1.271e-03
9.533e-04
1.271e-03
1.589e-03
1.271e-03
0.000e+00
9.533e-04
6.355e-04
9.533e-04
6.355e-04
6.355e-04
3.178e-04
6.355e-04
6.355e-04
1.271e-03
6.355e-04
9.533e-04
1.271e-03
9.533e-04
1.589e-03
9.533e-04
3.495e-03
2.860e-03
1.907e-03
2.542e-03
6.355e-04
1.589e-03
0.000e+00
3.178e-03
1.907e-03
1.271e-03
9.533e-04
2.542e-03
2.224e-03
1.589e-03
3.178e-03
1.907e-03
3.178e-03
4.131e-03
1.589e-03
1.271e-03
9.533e-04
9.533e-04
1.271e-03
1.907e-03
9.533e-04
1.271e-03
3.178e-03
1.907e-03
1.907e-03
1.589e-03
9.533e-04
1.907e-03
9.533e-04
9.533e-04
1.589e-03
1.271e-03
1.589e-03
1.589e-03
1.271e-03
9.533e-04
1.271e-03
2.224e-03
1.589e-03
2.224e-03
1.589e-03
9.533e-04
2.542e-03
2.224e-03
1.589e-03
1.589e-03
2.542e-03
3.178e-03
3.178e-03
1.907e-03
1.271e-03
1.589e-03
1.271e-03
2.860e-03
3.495e-03
1.589e-03
2.224e-03
9.533e-04
3.178e-04
6.355e-04
9.533e-04
1.271e-03
1.907e-03
1.589e-03
3.178e-03
6.355e-04
6.355e-04
3.178e-04
1.271e-03
9.533e-04
6.355e-04
1.589e-03
3.178e-04
6.355e-04
1.271e-03
9.533e-04
0.000e+00
1.589e-03
3.178e-04
2.224e-03
1.589e-03
6.355e-04
1.907e-03
2.542e-03
9.533e-04
1.907e-03
1.907e-03
2.542e-03
1.907e-03
4.131e-03
1.271e-03
2.860e-03
2.224e-03
3.178e-03
1.589e-03
2.860e-03
3.178e-03
3.495e-03
3.178e-03
5.402e-03
3.495e-03
6.355e-03
4.766e-03
6.673e-03
8.580e-03
1.080e-02
7.626e-03
6.355e-03
5.720e-03
3.813e-03
5.720e-03
7.626e-03
7.309e-03
8.897e-03
1.303e-02
2.097e-02
1.335e-02
1.398e-02
1.303e-02
1.271e-02
7.309e-03
1.303e-02
7.626e-03
5.720e-03
6.991e-03
7.309e-03
7.944e-03
8.580e-03
6.037e-03
6.355e-03
9.215e-03
8.897e-03
7.944e-03
6.037e-03
6.991e-03
7.626e-03
7.626e-03
6.037e-03
6.673e-03
6.355e-03
1.907e-03
7.626e-03
3.495e-03
4.766e-03
2.542e-03
2.542e-03
1.907e-03
6.355e-04
2.224e-03
2.542e-03
9.533e-04
3.178e-04
9.533e-04
9.533e-04
1.271e-03
1.589e-03
1.271e-03
3.178e-04
3.178e-04
0.000e+00
3.178e-04
3.178e-04
0.000e+00
0.000e+00
0.000e+00
3.178e-04
3.178e-04
0.000e+00
6.355e-04
3.178e-04
0.000e+00
0.000e+00
0.000e+00
0.000e+00
0.000e+00
3.178e-04
0.000e+00
3.178e-04
0.000e+00
0.000e+00
0.000e+00
0.000e+00
3.178e-04
0.000e+00
0.000e+00
0.000e+00
3.178e-04
0.000e+00
3.178e-04
3.178e-04
0.000e+00
0.000e+00
0.000e+00
3.178e-04
0.000e+00
0.000e+00
0.000e+00
0.000e+00
0.000e+00
0.000e+00
0.000e+00
0.000e+00
3.178e-04
0.000e+00
0.000e+00
0.000e+00
