0.000e+00
0.000e+00
0.000e+00
0.000e+00
0.000e+00
0.000e+00
0.000e+00
0.000e+00
0.000e+00
0.000e+00
0.000e+00
0.000e+00
0.000e+00
0.000e+00
0.000e+00
0.000e+00
0.000e+00
0.000e+00
0.000e+00
0.000e+00
0.000e+00
0.000e+00
0.000e+00
0.000e+00
0.000e+00
0.000e+00
0.000e+00
0.000e+00
0.000e+00
0.000e+00
1.589e-04
0.000e+00
0.000e+00
0.000e+00
0.000e+00
0.000e+00
0.000e+00
0.000e+00
0.000e+00
0.000e+00
0.000e+00
0.000e+00
0.000e+00
1.589e-04
1.589e-04
1.589e-04
0.000e+00
0.000e+00
3.178e-04
1.589e-04
1.589e-04
3.178e-04
4.766e-04
4.766e-04
7.944e-04
1.589e-04
3.178e-04
3.178e-04
6.355e-04
1.112e-03
1.271e-03
1.589e-03
1.589e-03
2.224e-03
2.224e-03
1.907e-03
2.065e-03
1.907e-03
1.907e-03
3.019e-03
2.542e-03
2.065e-03
2.224e-03
3.178e-03
4.766e-03
3.495e-03
3.495e-03
3.337e-03
4.766e-03
5.561e-03
4.131e-03
5.243e-03
3.178e-03
6.991e-03
3.813e-03
5.720e-03
5.720e-03
6.037e-03
6.196e-03
4.925e-03
7.944e-03
5.879e-03
7.944e-03
5.879e-03
3.972e-03
6.355e-03
5.879e-03
3.495e-03
4.290e-03
3.019e-03
3.337e-03
2.860e-03
2.224e-03
2.383e-03
2.224e-03
2.224e-03
1.748e-03
1.430e-03
1.748e-03
1.271e-03
1.271e-03
2.065e-03
7.944e-04
9.533e-04
9.533e-04
4.766e-04
6.355e-04
4.766e-04
1.112e-03
6.355e-04
6.355e-04
1.589e-03
1.589e-04
4.766e-04
3.178e-04
1.589e-04
6.355e-04
4.766e-04
1.589e-04
1.589e-04
4.766e-04
0.000e+00
3.178e-04
0.000e+00
3.178e-04
3.178e-04
4.766e-04
7.944e-04
3.178e-04
4.766e-04
0.000e+00
6.355e-04
1.589e-04
4.766e-04
7.944e-04
3.178e-04
4.766e-04
3.178e-04
7.944e-04
6.355e-04
7.944e-04
9.533e-04
3.178e-04
1.271e-03
4.766e-04
4.766e-04
1.430e-03
1.112e-03
9.533e-04
9.533e-04
1.112e-03
7.944e-04
1.748e-03
1.430e-03
1.430e-03
9.533e-04
1.748e-03
1.271e-03
1.907e-03
9.533e-04
2.065e-03
1.748e-03
1.430e-03
1.112e-03
1.589e-03
2.383e-03
1.748e-03
1.430e-03
2.224e-03
1.589e-03
9.533e-04
2.542e-03
1.748e-03
2.224e-03
1.112e-03
2.065e-03
2.065e-03
7.944e-04
2.065e-03
1.271e-03
1.430e-03
9.533e-04
2.224e-03
1.748e-03
2.383e-03
1.748e-03
9.533e-04
7.944e-04
2.224e-03
1.271e-03
6.355e-04
1.112e-03
9.533e-04
7.944e-04
1.430e-03
1.430e-03
1.430e-03
4.766e-04
0.000e+00
6.355e-04
1.112e-03
6.355e-04
6.355e-04
3.178e-04
4.766e-04
6.355e-04
9.533e-04
0.000e+00
1.589e-04
4.766e-04
3.178e-04
6.355e-04
4.766e-04
7.944e-04
4.766e-04
0.000e+00
3.178e-04
0.000e+00
3.178e-04
0.000e+00
4.766e-04
3.178e-04
1.589e-04
3.178e-04
4.766e-04
1.589e-04
6.355e-04
3.178e-04
3.178e-04
7.944e-04
7.944e-04
6.355e-04
4.766e-04
1.589e-04
6.355e-04
1.112e-03
1.271e-03
9.533e-04
4.766e-04
1.589e-03
9.533e-04
1.430e-03
1.907e-03
1.748e-03
2.383e-03
2.701e-03
2.860e-03
3.019e-03
2.860e-03
3.019e-03
3.813e-03
4.131e-03
3.654e-03
4.449e-03
4.608e-03
4.290e-03
5.720e-03
6.037e-03
4.766e-03
5.243e-03
4.925e-03
5.084e-03
5.561e-03
6.673e-03
5.720e-03
6.355e-03
5.402e-03
7.309e-03
5.243e-03
5.243e-03
3.495e-03
3.813e-03
2.701e-03
3.813e-03
3.654e-03
3.972e-03
3.178e-03
2.542e-03
1.907e-03
2.860e-03
2.860e-03
1.907e-03
2.542e-03
1.907e-03
1.271e-03
1.112e-03
2.065e-03
2.224e-03
1.271e-03
2.065e-03
1.907e-03
1.430e-03
4.766e-04
1.748e-03
7.944e-04
3.178e-04
1.589e-04
0.000e+00
3.178e-04
0.000e+00
3.178e-04
0.000e+00
0.000e+00
3.178e-04
0.000e+00
1.589e-04
0.000e+00
0.000e+00
0.000e+00
0.000e+00
0.000e+00
0.000e+00
0.000e+00
0.000e+00
0.000e+00
0.000e+00
0.000e+00
0.000e+00
1.589e-04
0.000e+00
0.000e+00
0.000e+00
0.000e+00
0.000e+00
0.000e+00
0.000e+00
0.000e+00
0.000e+00
0.000e+00
0.000e+00
0.000e+00
0.000e+00
0.000e+00
1.589e-04
0.000e+00
0.000e+00
0.000e+00
0.000e+00
0.000e+00
1.589e-04
1.589e-04
0.000e+00
0.000e+00
0.000e+00
0.000e+00
0.000e+00
1.589e-04
0.000e+00
0.000e+00
0.000e+00
