0.000e+00
3.759e-03
3.759e-03
0.000e+00
0.000e+00
7.519e-03
0.000e+00
7.519e-03
7.519e-03
0.000e+00
0.000e+00
0.000e+00
0.000e+00
0.000e+00
0.000e+00
7.519e-03
0.000e+00
3.759e-03
0.000e+00
7.519e-03
7.519e-03
3.759e-03
1.880e-02
3.759e-03
1.128e-02
1.880e-02
1.128e-02
7.519e-03
7.519e-03
7.519e-03
7.519e-03
7.519e-03
1.128e-02
7.519e-03
2.632e-02
1.128e-02
3.759e-03
1.128e-02
3.759e-03
7.519e-03
1.504e-02
3.759e-03
7.519e-03
1.880e-02
1.504e-02
0.000e+00
3.759e-03
7.519e-03
7.519e-03
0.000e+00
0.000e+00
3.759e-03
0.000e+00
0.000e+00
7.519e-03
3.759e-03
0.000e+00
0.000e+00
3.759e-03
0.000e+00
0.000e+00
3.759e-03
0.000e+00
7.519e-03
0.000e+00
3.759e-03
0.000e+00
3.759e-03
0.000e+00
0.000e+00
0.000e+00
0.000e+00
0.000e+00
0.000e+00
0.000e+00
0.000e+00
0.000e+00
0.000e+00
0.000e+00
0.000e+00
0.000e+00
3.759e-03
0.000e+00
0.000e+00
0.000e+00
0.000e+00
0.000e+00
0.000e+00
0.000e+00
0.000e+00
0.000e+00
0.000e+00
3.759e-03
3.759e-03
3.759e-03
0.000e+00
0.000e+00
0.000e+00
0.000e+00
0.000e+00
3.759e-03
0.000e+00
0.000e+00
3.759e-03
0.000e+00
3.759e-03
0.000e+00
0.000e+00
0.000e+00
0.000e+00
0.000e+00
7.519e-03
0.000e+00
0.000e+00
0.000e+00
0.000e+00
3.759e-03
0.000e+00
0.000e+00
0.000e+00
0.000e+00
7.519e-03
0.000e+00
7.519e-03
0.000e+00
0.000e+00
0.000e+00
0.000e+00
3.759e-03
3.759e-03
0.000e+00
3.759e-03
7.519e-03
7.519e-03
3.759e-03
3.759e-03
3.759e-03
1.128e-02
0.000e+00
0.000e+00
0.000e+00
7.519e-03
1.504e-02
1.504e-02
1.128e-02
0.000e+00
3.759e-03
0.000e+00
3.759e-03
7.519e-03
3.759e-03
0.000e+00
0.000e+00
0.000e+00
3.759e-03
0.000e+00
0.000e+00
0.000e+00
0.000e+00
7.519e-03
0.000e+00
0.000e+00
0.000e+00
0.000e+00
0.000e+00
0.000e+00
0.000e+00
0.000e+00
0.000e+00
0.000e+00
0.000e+00
0.000e+00
0.000e+00
0.000e+00
0.000e+00
0.000e+00
0.000e+00
0.000e+00
0.000e+00
0.000e+00
0.000e+00
0.000e+00
0.000e+00
0.000e+00
0.000e+00
0.000e+00
0.000e+00
0.000e+00
0.000e+00
0.000e+00
0.000e+00
0.000e+00
0.000e+00
0.000e+00
0.000e+00
0.000e+00
0.000e+00
0.000e+00
0.000e+00
0.000e+00
0.000e+00
0.000e+00
0.000e+00
0.000e+00
0.000e+00
0.000e+00
0.000e+00
0.000e+00
0.000e+00
3.759e-03
0.000e+00
3.759e-03
0.000e+00
3.759e-03
3.759e-03
0.000e+00
3.759e-03
0.000e+00
7.519e-03
0.000e+00
7.519e-03
0.000e+00
3.759e-03
7.519e-03
1.128e-02
1.128e-02
3.759e-03
7.519e-03
3.759e-03
7.519e-03
0.000e+00
0.000e+00
0.000e+00
3.759e-03
0.000e+00
0.000e+00
0.000e+00
7.519e-03
3.759e-03
0.000e+00
3.759e-03
0.000e+00
0.000e+00
0.000e+00
3.759e-03
0.000e+00
0.000e+00
7.519e-03
0.000e+00
0.000e+00
0.000e+00
0.000e+00
0.000e+00
0.000e+00
0.000e+00
0.000e+00
0.000e+00
0.000e+00
0.000e+00
3.759e-03
0.000e+00
0.000e+00
0.000e+00
3.759e-03
0.000e+00
3.759e-03
0.000e+00
3.759e-03
0.000e+00
0.000e+00
0.000e+00
0.000e+00
3.759e-03
3.759e-03
7.519e-03
0.000e+00
3.759e-03
0.000e+00
0.000e+00
3.759e-03
0.000e+00
0.000e+00
3.759e-03
3.759e-03
0.000e+00
0.000e+00
0.000e+00
0.000e+00
0.000e+00
3.759e-03
7.519e-03
0.000e+00
0.000e+00
3.759e-03
0.000e+00
3.759e-03
3.759e-03
0.000e+00
0.000e+00
7.519e-03
0.000e+00
0.000e+00
0.000e+00
0.000e+00
3.759e-03
3.759e-03
3.759e-03
0.000e+00
0.000e+00
3.759e-03
0.000e+00
3.759e-03
3.759e-03
0.000e+00
7.519e-03
3.759e-03
7.519e-03
7.519e-03
0.000e+00
1.504e-02
3.759e-03
0.000e+00
7.519e-03
3.759e-03
1.128e-02
1.128e-02
1.128e-02
3.759e-03
1.504e-02
3.759e-03
1.504e-02
2.256e-02
1.504e-02
0.000e+00
3.759e-03
0.000e+00
1.128e-02
0.000e+00
1.128e-02
3.759e-03
3.759e-03
3.759e-03
3.759e-03
1.504e-02
1.128e-02
0.000e+00
0.000e+00
3.759e-03
3.759e-03
0.000e+00
0.000e+00
0.000e+00
0.000e+00
0.000e+00
0.000e+00
0.000e+00
0.000e+00
0.000e+00
0.000e+00
0.000e+00
