0.000e+00
0.000e+00
0.000e+00
0.000e+00
0.000e+00
0.000e+00
0.000e+00
0.000e+00
0.000e+00
0.000e+00
0.000e+00
0.000e+00
2.089e-04
0.000e+00
0.000e+00
0.000e+00
0.000e+00
2.089e-04
0.000e+00
0.000e+00
0.000e+00
0.000e+00
2.089e-04
0.000e+00
2.089e-04
0.000e+00
0.000e+00
0.000e+00
0.000e+00
0.000e+00
0.000e+00
0.000e+00
2.089e-04
0.000e+00
2.089e-04
0.000e+00
4.179e-04
4.179e-04
2.089e-04
2.089e-04
6.268e-04
8.358e-04
4.179e-04
0.000e+00
6.268e-04
1.463e-03
1.254e-03
0.000e+00
1.880e-03
1.880e-03
1.880e-03
1.254e-03
2.507e-03
1.880e-03
2.298e-03
1.880e-03
2.925e-03
2.716e-03
2.716e-03
2.716e-03
3.970e-03
4.388e-03
3.343e-03
4.179e-03
5.433e-03
5.224e-03
4.806e-03
4.179e-03
4.388e-03
5.015e-03
4.179e-03
3.761e-03
2.716e-03
5.224e-03
3.343e-03
2.507e-03
3.761e-03
4.179e-03
3.552e-03
3.970e-03
3.134e-03
2.925e-03
2.089e-03
3.343e-03
4.179e-04
3.343e-03
1.463e-03
1.045e-03
1.880e-03
1.045e-03
4.179e-04
8.358e-04
1.045e-03
1.045e-03
1.254e-03
1.045e-03
0.000e+00
2.089e-04
6.268e-04
4.179e-04
0.000e+00
1.672e-03
2.089e-04
2.089e-04
2.089e-04
2.089e-04
4.179e-04
4.179e-04
2.089e-04
4.179e-04
0.000e+00
6.268e-04
0.000e+00
4.179e-04
2.089e-04
2.089e-04
2.089e-04
2.089e-04
0.000e+00
6.268e-04
2.089e-04
4.179e-04
2.089e-04
0.000e+00
2.089e-04
0.000e+00
2.089e-04
2.089e-04
2.089e-04
4.179e-04
0.000e+00
6.268e-04
4.179e-04
0.000e+00
8.358e-04
2.089e-04
6.268e-04
8.358e-04
2.089e-04
8.358e-04
0.000e+00
4.179e-04
2.089e-04
6.268e-04
1.254e-03
1.463e-03
1.045e-03
8.358e-04
1.672e-03
1.463e-03
1.254e-03
1.880e-03
2.089e-03
1.672e-03
1.672e-03
6.268e-04
2.716e-03
1.880e-03
2.925e-03
2.298e-03
2.716e-03
1.672e-03
3.552e-03
2.089e-03
2.298e-03
2.925e-03
2.925e-03
2.089e-03
4.179e-03
1.672e-03
3.343e-03
3.761e-03
3.134e-03
2.925e-03
4.388e-03
3.970e-03
2.925e-03
2.925e-03
3.343e-03
4.179e-03
3.761e-03
2.507e-03
3.970e-03
2.716e-03
2.298e-03
3.761e-03
3.134e-03
2.507e-03
3.134e-03
3.343e-03
3.134e-03
2.925e-03
3.970e-03
3.134e-03
3.552e-03
2.716e-03
1.463e-03
1.463e-03
3.134e-03
2.925e-03
1.672e-03
1.880e-03
2.089e-03
1.672e-03
2.298e-03
2.925e-03
1.880e-03
1.880e-03
1.254e-03
1.045e-03
1.672e-03
1.880e-03
1.045e-03
1.254e-03
8.358e-04
6.268e-04
1.045e-03
4.179e-04
0.000e+00
4.179e-04
6.268e-04
6.268e-04
4.179e-04
8.358e-04
0.000e+00
0.000e+00
6.268e-04
2.089e-04
2.089e-04
6.268e-04
2.089e-04
0.000e+00
4.179e-04
8.358e-04
0.000e+00
4.179e-04
6.268e-04
0.000e+00
0.000e+00
2.089e-04
4.179e-04
8.358e-04
0.000e+00
4.179e-04
0.000e+00
2.089e-04
2.089e-04
4.179e-04
0.000e+00
4.179e-04
2.089e-04
0.000e+00
0.000e+00
0.000e+00
4.179e-04
4.179e-04
4.179e-04
2.089e-04
4.179e-04
4.179e-04
6.268e-04
8.358e-04
2.089e-04
8.358e-04
4.179e-04
6.268e-04
1.045e-03
4.179e-04
2.089e-04
2.089e-04
4.179e-04
1.463e-03
1.463e-03
8.358e-04
2.298e-03
2.298e-03
1.254e-03
2.298e-03
3.552e-03
2.925e-03
2.507e-03
5.015e-03
3.970e-03
3.970e-03
4.388e-03
3.970e-03
4.388e-03
2.298e-03
3.970e-03
4.597e-03
3.970e-03
5.224e-03
4.806e-03
4.597e-03
3.761e-03
2.925e-03
3.970e-03
6.895e-03
4.806e-03
5.015e-03
5.433e-03
4.597e-03
2.925e-03
4.388e-03
2.507e-03
2.089e-03
1.463e-03
2.089e-03
1.672e-03
1.463e-03
2.089e-03
2.716e-03
8.358e-04
1.254e-03
2.089e-03
6.268e-04
4.179e-04
6.268e-04
1.045e-03
6.268e-04
6.268e-04
2.089e-04
4.179e-04
2.089e-04
0.000e+00
2.089e-04
4.179e-04
2.089e-04
4.179e-04
0.000e+00
4.179e-04
0.000e+00
0.000e+00
4.179e-04
0.000e+00
0.000e+00
0.000e+00
0.000e+00
2.089e-04
0.000e+00
0.000e+00
2.089e-04
0.000e+00
0.000e+00
0.000e+00
0.000e+00
0.000e+00
0.000e+00
0.000e+00
0.000e+00
0.000e+00
0.000e+00
0.000e+00
0.000e+00
0.000e+00
0.000e+00
0.000e+00
0.000e+00
0.000e+00
0.000e+00
