0.000e+00
0.000e+00
0.000e+00
0.000e+00
0.000e+00
0.000e+00
0.000e+00
4.179e-04
0.000e+00
0.000e+00
4.179e-04
0.000e+00
8.358e-04
0.000e+00
0.000e+00
0.000e+00
4.179e-04
0.000e+00
4.179e-04
0.000e+00
0.000e+00
0.000e+00
0.000e+00
0.000e+00
0.000e+00
0.000e+00
0.000e+00
4.179e-04
4.179e-04
0.000e+00
0.000e+00
1.254e-03
4.179e-04
4.179e-04
4.179e-04
0.000e+00
4.179e-04
0.000e+00
0.000e+00
1.672e-03
1.254e-03
0.000e+00
0.000e+00
8.358e-04
4.179e-04
1.672e-03
2.089e-03
8.358e-04
2.507e-03
2.507e-03
2.925e-03
2.925e-03
3.761e-03
5.850e-03
3.761e-03
3.761e-03
4.597e-03
3.761e-03
5.015e-03
4.179e-03
8.776e-03
5.433e-03
8.358e-03
7.522e-03
8.776e-03
8.358e-03
7.940e-03
6.268e-03
8.358e-03
7.104e-03
8.776e-03
1.170e-02
9.611e-03
6.686e-03
8.776e-03
8.358e-03
8.776e-03
8.776e-03
8.776e-03
1.045e-02
7.940e-03
4.179e-03
5.015e-03
5.433e-03
4.179e-03
4.179e-03
3.761e-03
3.761e-03
4.597e-03
2.507e-03
2.507e-03
4.179e-03
4.179e-04
1.254e-03
4.179e-04
3.761e-03
1.254e-03
1.254e-03
4.179e-04
1.254e-03
1.254e-03
1.672e-03
1.672e-03
4.179e-04
1.672e-03
4.179e-04
4.179e-04
4.179e-04
1.254e-03
0.000e+00
0.000e+00
4.179e-04
0.000e+00
8.358e-04
1.254e-03
8.358e-04
1.254e-03
0.000e+00
1.254e-03
4.179e-04
4.179e-04
4.179e-04
0.000e+00
4.179e-04
8.358e-04
1.254e-03
4.179e-04
2.507e-03
8.358e-04
4.179e-04
1.254e-03
1.672e-03
1.254e-03
2.089e-03
0.000e+00
8.358e-04
8.358e-04
8.358e-04
4.179e-04
1.254e-03
1.254e-03
1.254e-03
1.672e-03
2.507e-03
1.254e-03
3.761e-03
2.507e-03
2.507e-03
3.343e-03
3.761e-03
4.597e-03
5.015e-03
5.850e-03
5.433e-03
2.507e-03
4.179e-03
2.089e-03
5.850e-03
4.179e-03
4.179e-03
4.597e-03
5.433e-03
5.015e-03
3.343e-03
6.268e-03
5.433e-03
6.268e-03
6.686e-03
4.179e-03
4.597e-03
5.850e-03
2.925e-03
3.343e-03
3.343e-03
4.179e-03
6.268e-03
4.597e-03
6.686e-03
5.015e-03
4.597e-03
5.433e-03
4.179e-03
6.268e-03
5.850e-03
3.761e-03
1.672e-03
4.179e-03
6.268e-03
5.015e-03
2.089e-03
3.761e-03
3.343e-03
5.433e-03
5.015e-03
4.179e-03
5.015e-03
5.433e-03
5.850e-03
3.343e-03
5.015e-03
4.597e-03
6.686e-03
6.686e-03
4.597e-03
4.179e-03
4.179e-03
4.179e-03
5.433e-03
6.686e-03
3.761e-03
5.433e-03
2.925e-03
1.254e-03
1.672e-03
3.761e-03
2.507e-03
1.672e-03
1.672e-03
4.179e-03
8.358e-04
4.179e-04
1.254e-03
1.254e-03
8.358e-04
8.358e-04
2.089e-03
4.179e-04
1.672e-03
8.358e-04
1.672e-03
8.358e-04
4.179e-04
0.000e+00
8.358e-04
4.179e-04
8.358e-04
0.000e+00
4.179e-04
1.254e-03
0.000e+00
8.358e-04
2.507e-03
0.000e+00
1.254e-03
0.000e+00
4.179e-04
0.000e+00
1.254e-03
8.358e-04
0.000e+00
8.358e-04
8.358e-04
4.179e-04
8.358e-04
0.000e+00
2.507e-03
0.000e+00
1.254e-03
1.254e-03
8.358e-04
1.254e-03
8.358e-04
1.254e-03
4.179e-04
1.672e-03
8.358e-04
2.507e-03
1.672e-03
1.254e-03
1.254e-03
2.507e-03
1.254e-03
3.761e-03
3.761e-03
2.507e-03
5.850e-03
5.433e-03
5.433e-03
6.268e-03
3.343e-03
6.268e-03
6.686e-03
9.193e-03
7.940e-03
7.940e-03
1.045e-02
6.686e-03
9.193e-03
9.193e-03
9.611e-03
6.268e-03
1.087e-02
1.128e-02
1.003e-02
8.358e-03
1.087e-02
7.104e-03
8.358e-03
7.522e-03
7.940e-03
8.358e-03
6.686e-03
4.597e-03
7.104e-03
4.179e-03
3.343e-03
4.179e-03
5.015e-03
6.268e-03
2.925e-03
2.925e-03
4.179e-03
2.925e-03
2.925e-03
3.343e-03
1.254e-03
1.254e-03
1.672e-03
1.254e-03
1.254e-03
8.358e-04
2.089e-03
8.358e-04
1.254e-03
8.358e-04
1.254e-03
0.000e+00
0.000e+00
0.000e+00
0.000e+00
0.000e+00
0.000e+00
0.000e+00
4.179e-04
0.000e+00
4.179e-04
0.000e+00
0.000e+00
0.000e+00
0.000e+00
4.179e-04
0.000e+00
4.179e-04
0.000e+00
0.000e+00
0.000e+00
0.000e+00
0.000e+00
0.000e+00
0.000e+00
0.000e+00
0.000e+00
0.000e+00
0.000e+00
0.000e+00
0.000e+00
4.179e-04
0.000e+00
0.000e+00
0.000e+00
