5.298e-05
1.060e-04
5.298e-05
1.060e-04
0.000e+00
5.298e-05
5.298e-05
0.000e+00
5.298e-05
0.000e+00
0.000e+00
1.060e-04
2.119e-04
0.000e+00
1.589e-04
0.000e+00
5.298e-05
1.060e-04
5.298e-05
0.000e+00
0.000e+00
0.000e+00
1.589e-04
1.060e-04
1.589e-04
1.060e-04
5.298e-05
1.589e-04
5.298e-05
1.589e-04
5.298e-05
5.298e-05
3.708e-04
0.000e+00
1.589e-04
5.298e-05
2.649e-04
1.589e-04
4.238e-04
4.238e-04
3.179e-04
3.179e-04
5.298e-04
3.708e-04
3.708e-04
7.417e-04
5.828e-04
2.649e-04
1.007e-03
9.006e-04
9.536e-04
6.357e-04
1.324e-03
1.218e-03
1.589e-03
2.066e-03
2.278e-03
1.801e-03
2.225e-03
2.702e-03
3.285e-03
3.549e-03
3.549e-03
3.338e-03
3.761e-03
3.549e-03
3.549e-03
2.914e-03
2.808e-03
3.179e-03
2.331e-03
2.490e-03
2.596e-03
2.384e-03
2.914e-03
2.649e-03
2.225e-03
2.967e-03
2.861e-03
3.232e-03
2.543e-03
2.967e-03
2.278e-03
3.338e-03
2.066e-03
3.073e-03
2.861e-03
2.755e-03
2.808e-03
2.437e-03
3.073e-03
2.755e-03
3.179e-03
2.914e-03
1.854e-03
3.020e-03
2.384e-03
2.278e-03
1.801e-03
1.960e-03
1.854e-03
1.960e-03
1.324e-03
1.960e-03
1.907e-03
1.430e-03
1.324e-03
1.324e-03
1.695e-03
1.536e-03
1.483e-03
1.271e-03
1.271e-03
1.430e-03
1.695e-03
1.324e-03
1.854e-03
1.113e-03
1.748e-03
1.801e-03
1.430e-03
1.854e-03
8.476e-04
9.006e-04
1.218e-03
1.060e-03
1.113e-03
1.218e-03
7.417e-04
1.113e-03
7.947e-04
1.218e-03
8.476e-04
7.947e-04
1.271e-03
1.218e-03
9.536e-04
1.060e-03
8.476e-04
1.166e-03
5.298e-04
7.947e-04
9.006e-04
9.006e-04
1.218e-03
1.060e-03
6.357e-04
1.166e-03
1.377e-03
8.476e-04
9.536e-04
1.589e-03
1.430e-03
1.589e-03
8.476e-04
6.887e-04
1.748e-03
1.007e-03
1.377e-03
1.324e-03
1.218e-03
9.536e-04
1.536e-03
1.589e-03
1.589e-03
1.271e-03
1.324e-03
1.166e-03
1.960e-03
1.007e-03
1.748e-03
2.066e-03
2.278e-03
1.430e-03
2.172e-03
2.278e-03
2.119e-03
2.119e-03
2.384e-03
2.649e-03
2.278e-03
2.437e-03
2.225e-03
2.384e-03
1.483e-03
2.066e-03
1.748e-03
1.642e-03
2.066e-03
1.642e-03
1.642e-03
1.324e-03
1.854e-03
1.854e-03
1.695e-03
1.324e-03
8.476e-04
7.947e-04
1.377e-03
1.218e-03
1.166e-03
1.430e-03
7.947e-04
1.113e-03
1.536e-03
1.324e-03
1.007e-03
1.060e-03
1.166e-03
7.417e-04
8.476e-04
9.006e-04
9.536e-04
9.006e-04
1.271e-03
5.828e-04
1.113e-03
7.947e-04
9.536e-04
7.947e-04
6.887e-04
8.476e-04
9.006e-04
6.887e-04
9.536e-04
8.476e-04
7.417e-04
6.357e-04
1.007e-03
1.113e-03
9.536e-04
1.483e-03
8.476e-04
1.007e-03
1.113e-03
9.006e-04
1.377e-03
1.166e-03
1.218e-03
1.113e-03
1.801e-03
1.060e-03
1.589e-03
1.166e-03
1.695e-03
1.748e-03
1.271e-03
1.695e-03
1.377e-03
1.695e-03
1.324e-03
1.589e-03
1.907e-03
1.324e-03
1.642e-03
1.536e-03
1.801e-03
1.907e-03
1.854e-03
1.854e-03
2.225e-03
2.596e-03
1.801e-03
2.278e-03
2.278e-03
2.119e-03
2.914e-03
2.808e-03
2.172e-03
2.543e-03
2.702e-03
2.649e-03
2.755e-03
2.914e-03
2.649e-03
3.073e-03
2.914e-03
3.497e-03
2.967e-03
2.702e-03
2.066e-03
2.808e-03
2.543e-03
2.437e-03
3.391e-03
2.967e-03
2.172e-03
1.801e-03
2.490e-03
2.967e-03
2.967e-03
3.549e-03
3.391e-03
2.808e-03
3.073e-03
3.020e-03
3.497e-03
4.344e-03
3.814e-03
4.344e-03
4.079e-03
3.444e-03
1.907e-03
2.967e-03
1.642e-03
2.278e-03
1.430e-03
1.483e-03
1.166e-03
9.536e-04
1.377e-03
1.377e-03
7.417e-04
7.947e-04
7.417e-04
4.238e-04
2.649e-04
3.708e-04
4.238e-04
3.708e-04
2.119e-04
1.589e-04
1.589e-04
2.649e-04
5.298e-05
1.060e-04
2.649e-04
5.298e-05
1.589e-04
5.298e-05
2.649e-04
1.589e-04
1.060e-04
1.060e-04
5.298e-05
1.060e-04
0.000e+00
1.589e-04
2.119e-04
1.589e-04
1.060e-04
5.298e-05
0.000e+00
5.298e-05
1.060e-04
5.298e-05
1.589e-04
5.298e-05
1.060e-04
1.060e-04
1.589e-04
5.298e-05
1.060e-04
5.298e-05
0.000e+00
1.060e-04
1.589e-04
5.298e-05
5.298e-05
5.298e-05
