2.119e-04
3.179e-04
4.238e-04
2.119e-04
1.060e-04
1.060e-04
8.476e-04
1.060e-04
2.119e-04
2.119e-04
4.238e-04
0.000e+00
4.238e-04
1.060e-04
0.000e+00
3.179e-04
4.238e-04
1.060e-04
3.179e-04
1.060e-04
1.060e-04
1.060e-04
3.179e-04
0.000e+00
4.238e-04
2.119e-04
2.119e-04
3.179e-04
5.298e-04
2.119e-04
4.238e-04
4.238e-04
4.238e-04
3.179e-04
6.357e-04
5.298e-04
4.238e-04
2.119e-04
3.179e-04
8.476e-04
1.060e-03
5.298e-04
1.166e-03
9.536e-04
8.476e-04
1.166e-03
1.166e-03
1.166e-03
2.013e-03
1.695e-03
2.331e-03
2.225e-03
2.543e-03
2.967e-03
2.225e-03
2.331e-03
3.920e-03
3.391e-03
4.874e-03
5.510e-03
9.536e-03
9.006e-03
9.536e-03
7.523e-03
5.722e-03
5.722e-03
5.192e-03
4.344e-03
4.450e-03
3.602e-03
4.026e-03
6.039e-03
5.510e-03
4.132e-03
5.722e-03
4.980e-03
5.616e-03
4.980e-03
4.344e-03
5.192e-03
4.238e-03
3.391e-03
4.450e-03
4.238e-03
4.344e-03
6.993e-03
5.722e-03
5.404e-03
5.933e-03
6.463e-03
6.463e-03
1.017e-02
3.920e-03
4.132e-03
2.649e-03
4.980e-03
3.179e-03
3.391e-03
2.649e-03
3.602e-03
3.391e-03
4.980e-03
3.708e-03
5.086e-03
3.391e-03
4.768e-03
2.649e-03
3.814e-03
2.649e-03
3.073e-03
3.497e-03
2.861e-03
2.225e-03
3.391e-03
4.662e-03
4.980e-03
4.980e-03
5.192e-03
7.735e-03
4.980e-03
4.132e-03
4.556e-03
3.920e-03
3.073e-03
2.861e-03
2.119e-03
2.967e-03
3.285e-03
2.543e-03
2.119e-03
2.013e-03
2.649e-03
2.861e-03
1.377e-03
1.695e-03
1.589e-03
1.271e-03
2.437e-03
1.483e-03
1.695e-03
1.271e-03
1.695e-03
1.907e-03
1.695e-03
1.589e-03
1.801e-03
1.801e-03
1.377e-03
1.907e-03
1.271e-03
2.119e-03
2.331e-03
2.437e-03
2.331e-03
1.695e-03
2.331e-03
1.695e-03
2.543e-03
1.801e-03
2.967e-03
2.543e-03
2.649e-03
2.225e-03
1.695e-03
2.437e-03
2.119e-03
2.437e-03
2.649e-03
2.119e-03
2.013e-03
2.755e-03
1.589e-03
1.907e-03
2.119e-03
3.073e-03
2.967e-03
2.755e-03
3.073e-03
3.602e-03
4.450e-03
7.629e-03
4.556e-03
4.132e-03
2.861e-03
2.967e-03
2.013e-03
2.755e-03
2.649e-03
2.225e-03
1.801e-03
2.013e-03
2.543e-03
2.543e-03
2.437e-03
2.331e-03
2.225e-03
3.179e-03
2.437e-03
1.483e-03
2.331e-03
3.285e-03
2.119e-03
2.649e-03
2.119e-03
1.907e-03
2.225e-03
2.013e-03
2.543e-03
2.437e-03
1.589e-03
2.119e-03
1.907e-03
1.166e-03
2.013e-03
1.695e-03
1.271e-03
2.331e-03
1.695e-03
2.649e-03
1.271e-03
1.166e-03
1.377e-03
1.589e-03
1.060e-03
2.013e-03
1.695e-03
1.907e-03
2.013e-03
1.907e-03
1.801e-03
1.695e-03
2.543e-03
1.695e-03
2.543e-03
2.543e-03
2.967e-03
2.967e-03
3.708e-03
3.179e-03
4.132e-03
4.556e-03
6.145e-03
6.781e-03
5.828e-03
3.497e-03
4.874e-03
3.602e-03
3.497e-03
2.755e-03
2.861e-03
2.967e-03
2.331e-03
2.755e-03
3.602e-03
2.967e-03
4.238e-03
2.225e-03
4.132e-03
4.450e-03
4.980e-03
4.132e-03
3.497e-03
3.073e-03
2.649e-03
3.708e-03
4.238e-03
3.602e-03
4.132e-03
6.569e-03
7.947e-03
6.569e-03
5.933e-03
5.933e-03
5.933e-03
3.602e-03
5.722e-03
3.920e-03
3.708e-03
4.768e-03
4.026e-03
4.662e-03
5.510e-03
4.238e-03
4.556e-03
6.781e-03
6.357e-03
5.298e-03
5.616e-03
5.192e-03
5.828e-03
4.980e-03
6.357e-03
5.933e-03
6.039e-03
5.404e-03
6.675e-03
6.039e-03
8.476e-03
8.370e-03
9.324e-03
8.794e-03
5.298e-03
5.404e-03
4.556e-03
2.967e-03
2.437e-03
3.497e-03
2.649e-03
3.497e-03
2.755e-03
3.179e-03
2.543e-03
2.119e-03
2.013e-03
2.119e-03
1.377e-03
1.377e-03
1.377e-03
7.417e-04
1.166e-03
9.536e-04
1.271e-03
1.060e-03
9.536e-04
7.417e-04
7.417e-04
8.476e-04
4.238e-04
1.060e-04
1.060e-04
0.000e+00
4.238e-04
4.238e-04
4.238e-04
2.119e-04
2.119e-04
2.119e-04
0.000e+00
3.179e-04
0.000e+00
2.119e-04
1.060e-04
2.119e-04
3.179e-04
2.119e-04
5.298e-04
0.000e+00
3.179e-04
1.060e-04
0.000e+00
2.119e-04
0.000e+00
1.060e-04
1.060e-04
2.119e-04
0.000e+00
4.238e-04
3.179e-04
3.179e-04
1.060e-04
