0.000e+00
0.000e+00
0.000e+00
0.000e+00
0.000e+00
0.000e+00
0.000e+00
0.000e+00
0.000e+00
0.000e+00
0.000e+00
0.000e+00
0.000e+00
0.000e+00
0.000e+00
0.000e+00
0.000e+00
0.000e+00
0.000e+00
0.000e+00
0.000e+00
0.000e+00
0.000e+00
0.000e+00
0.000e+00
0.000e+00
0.000e+00
0.000e+00
0.000e+00
0.000e+00
0.000e+00
0.000e+00
0.000e+00
0.000e+00
0.000e+00
0.000e+00
0.000e+00
0.000e+00
0.000e+00
0.000e+00
0.000e+00
0.000e+00
0.000e+00
3.731e-03
0.000e+00
0.000e+00
0.000e+00
0.000e+00
0.000e+00
0.000e+00
0.000e+00
0.000e+00
0.000e+00
0.000e+00
3.731e-03
0.000e+00
3.731e-03
3.731e-03
7.463e-03
3.731e-03
3.731e-03
0.000e+00
1.119e-02
3.731e-03
3.731e-03
3.731e-03
7.463e-03
1.119e-02
1.493e-02
7.463e-03
7.463e-03
1.866e-02
7.463e-03
3.731e-03
0.000e+00
1.119e-02
7.463e-03
3.731e-03
1.493e-02
3.731e-03
0.000e+00
3.731e-03
3.731e-03
3.731e-03
0.000e+00
0.000e+00
0.000e+00
0.000e+00
0.000e+00
7.463e-03
0.000e+00
3.731e-03
3.731e-03
0.000e+00
3.731e-03
3.731e-03
0.000e+00
0.000e+00
3.731e-03
3.731e-03
0.000e+00
0.000e+00
0.000e+00
0.000e+00
0.000e+00
0.000e+00
0.000e+00
0.000e+00
0.000e+00
3.731e-03
0.000e+00
0.000e+00
3.731e-03
0.000e+00
0.000e+00
0.000e+00
0.000e+00
7.463e-03
0.000e+00
0.000e+00
0.000e+00
0.000e+00
3.731e-03
0.000e+00
0.000e+00
0.000e+00
0.000e+00
0.000e+00
0.000e+00
0.000e+00
0.000e+00
3.731e-03
0.000e+00
3.731e-03
0.000e+00
3.731e-03
3.731e-03
0.000e+00
0.000e+00
0.000e+00
0.000e+00
0.000e+00
0.000e+00
0.000e+00
3.731e-03
0.000e+00
0.000e+00
3.731e-03
3.731e-03
0.000e+00
0.000e+00
3.731e-03
1.119e-02
3.731e-03
3.731e-03
3.731e-03
3.731e-03
3.731e-03
1.119e-02
3.731e-03
0.000e+00
0.000e+00
0.000e+00
3.731e-03
0.000e+00
3.731e-03
3.731e-03
3.731e-03
0.000e+00
7.463e-03
1.119e-02
3.731e-03
0.000e+00
1.119e-02
2.239e-02
1.493e-02
2.985e-02
1.119e-02
7.463e-03
2.239e-02
1.119e-02
1.866e-02
1.493e-02
7.463e-03
2.239e-02
1.119e-02
1.493e-02
1.866e-02
1.119e-02
3.731e-03
3.731e-03
1.119e-02
1.119e-02
1.119e-02
0.000e+00
3.731e-03
7.463e-03
3.731e-03
0.000e+00
0.000e+00
0.000e+00
0.000e+00
0.000e+00
7.463e-03
7.463e-03
1.119e-02
7.463e-03
7.463e-03
1.119e-02
1.493e-02
0.000e+00
0.000e+00
0.000e+00
7.463e-03
0.000e+00
0.000e+00
3.731e-03
7.463e-03
3.731e-03
0.000e+00
3.731e-03
3.731e-03
0.000e+00
0.000e+00
0.000e+00
0.000e+00
0.000e+00
0.000e+00
0.000e+00
0.000e+00
0.000e+00
0.000e+00
0.000e+00
0.000e+00
0.000e+00
0.000e+00
0.000e+00
0.000e+00
0.000e+00
0.000e+00
0.000e+00
0.000e+00
7.463e-03
3.731e-03
0.000e+00
0.000e+00
0.000e+00
0.000e+00
0.000e+00
0.000e+00
0.000e+00
0.000e+00
0.000e+00
0.000e+00
3.731e-03
0.000e+00
0.000e+00
0.000e+00
0.000e+00
0.000e+00
0.000e+00
3.731e-03
0.000e+00
0.000e+00
7.463e-03
0.000e+00
0.000e+00
0.000e+00
0.000e+00
0.000e+00
7.463e-03
0.000e+00
3.731e-03
0.000e+00
0.000e+00
3.731e-03
3.731e-03
3.731e-03
0.000e+00
3.731e-03
7.463e-03
3.731e-03
7.463e-03
7.463e-03
7.463e-03
0.000e+00
3.731e-03
7.463e-03
3.731e-03
3.731e-03
1.866e-02
3.731e-03
1.493e-02
3.731e-03
3.731e-03
1.866e-02
3.731e-03
1.119e-02
1.119e-02
0.000e+00
7.463e-03
7.463e-03
3.731e-03
3.731e-03
7.463e-03
1.119e-02
0.000e+00
1.119e-02
0.000e+00
0.000e+00
0.000e+00
0.000e+00
0.000e+00
3.731e-03
0.000e+00
0.000e+00
3.731e-03
0.000e+00
0.000e+00
0.000e+00
0.000e+00
0.000e+00
0.000e+00
0.000e+00
0.000e+00
0.000e+00
0.000e+00
0.000e+00
0.000e+00
0.000e+00
0.000e+00
0.000e+00
0.000e+00
0.000e+00
0.000e+00
0.000e+00
0.000e+00
0.000e+00
0.000e+00
0.000e+00
0.000e+00
0.000e+00
0.000e+00
0.000e+00
0.000e+00
0.000e+00
0.000e+00
0.000e+00
0.000e+00
0.000e+00
0.000e+00
0.000e+00
0.000e+00
0.000e+00
0.000e+00
0.000e+00
0.000e+00
0.000e+00
0.000e+00
0.000e+00
