0.000e+00
0.000e+00
0.000e+00
0.000e+00
0.000e+00
0.000e+00
0.000e+00
0.000e+00
0.000e+00
0.000e+00
0.000e+00
0.000e+00
0.000e+00
0.000e+00
0.000e+00
0.000e+00
0.000e+00
0.000e+00
0.000e+00
0.000e+00
0.000e+00
0.000e+00
0.000e+00
0.000e+00
0.000e+00
0.000e+00
0.000e+00
0.000e+00
0.000e+00
0.000e+00
0.000e+00
0.000e+00
0.000e+00
0.000e+00
0.000e+00
0.000e+00
0.000e+00
0.000e+00
0.000e+00
0.000e+00
0.000e+00
0.000e+00
0.000e+00
0.000e+00
0.000e+00
0.000e+00
0.000e+00
0.000e+00
0.000e+00
0.000e+00
0.000e+00
0.000e+00
0.000e+00
0.000e+00
0.000e+00
0.000e+00
1.866e-03
0.000e+00
1.866e-03
5.597e-03
0.000e+00
0.000e+00
1.866e-03
1.866e-03
1.866e-03
0.000e+00
1.866e-03
1.866e-03
1.866e-03
1.866e-03
5.597e-03
0.000e+00
1.866e-03
1.866e-03
1.866e-03
0.000e+00
1.866e-03
1.866e-03
0.000e+00
1.866e-03
3.731e-03
3.731e-03
0.000e+00
3.731e-03
1.866e-03
0.000e+00
0.000e+00
0.000e+00
0.000e+00
0.000e+00
3.731e-03
1.866e-03
0.000e+00
1.866e-03
1.866e-03
7.463e-03
0.000e+00
1.866e-03
1.866e-03
1.866e-03
0.000e+00
0.000e+00
1.866e-03
1.866e-03
1.866e-03
0.000e+00
0.000e+00
0.000e+00
0.000e+00
0.000e+00
0.000e+00
0.000e+00
0.000e+00
0.000e+00
0.000e+00
0.000e+00
0.000e+00
3.731e-03
0.000e+00
1.866e-03
0.000e+00
0.000e+00
1.866e-03
0.000e+00
0.000e+00
0.000e+00
1.866e-03
0.000e+00
0.000e+00
0.000e+00
0.000e+00
1.866e-03
1.866e-03
0.000e+00
0.000e+00
0.000e+00
0.000e+00
1.866e-03
0.000e+00
0.000e+00
0.000e+00
0.000e+00
0.000e+00
1.866e-03
0.000e+00
1.866e-03
1.866e-03
0.000e+00
1.866e-03
3.731e-03
0.000e+00
1.866e-03
1.866e-03
3.731e-03
0.000e+00
3.731e-03
5.597e-03
0.000e+00
0.000e+00
1.866e-03
1.866e-03
1.866e-03
3.731e-03
3.731e-03
5.597e-03
1.866e-03
5.597e-03
1.866e-03
1.493e-02
1.306e-02
5.597e-03
7.463e-03
3.731e-03
0.000e+00
9.328e-03
9.328e-03
1.866e-03
3.731e-03
7.463e-03
7.463e-03
1.866e-03
1.119e-02
7.463e-03
1.119e-02
3.731e-03
7.463e-03
1.119e-02
3.731e-03
7.463e-03
7.463e-03
7.463e-03
9.328e-03
3.731e-03
3.731e-03
9.328e-03
3.731e-03
5.597e-03
0.000e+00
5.597e-03
5.597e-03
1.866e-03
7.463e-03
3.731e-03
1.866e-03
0.000e+00
7.463e-03
1.866e-03
0.000e+00
3.731e-03
0.000e+00
3.731e-03
0.000e+00
0.000e+00
0.000e+00
3.731e-03
0.000e+00
5.597e-03
0.000e+00
1.866e-03
1.866e-03
0.000e+00
0.000e+00
0.000e+00
0.000e+00
3.731e-03
3.731e-03
0.000e+00
0.000e+00
0.000e+00
0.000e+00
0.000e+00
0.000e+00
1.866e-03
0.000e+00
3.731e-03
0.000e+00
3.731e-03
0.000e+00
0.000e+00
0.000e+00
1.866e-03
1.866e-03
0.000e+00
3.731e-03
0.000e+00
0.000e+00
1.866e-03
0.000e+00
0.000e+00
0.000e+00
0.000e+00
0.000e+00
0.000e+00
1.866e-03
0.000e+00
0.000e+00
1.866e-03
0.000e+00
5.597e-03
0.000e+00
1.866e-03
0.000e+00
1.866e-03
0.000e+00
1.866e-03
0.000e+00
1.866e-03
0.000e+00
1.866e-03
0.000e+00
0.000e+00
0.000e+00
0.000e+00
1.866e-03
0.000e+00
1.866e-03
0.000e+00
0.000e+00
0.000e+00
5.597e-03
0.000e+00
3.731e-03
1.866e-03
0.000e+00
1.866e-03
1.866e-03
1.866e-03
1.866e-03
5.597e-03
1.866e-03
0.000e+00
1.866e-03
1.866e-03
0.000e+00
5.597e-03
1.866e-03
0.000e+00
0.000e+00
0.000e+00
0.000e+00
0.000e+00
0.000e+00
0.000e+00
0.000e+00
3.731e-03
1.866e-03
0.000e+00
0.000e+00
1.866e-03
0.000e+00
0.000e+00
0.000e+00
0.000e+00
0.000e+00
0.000e+00
0.000e+00
0.000e+00
0.000e+00
0.000e+00
0.000e+00
0.000e+00
0.000e+00
0.000e+00
0.000e+00
0.000e+00
0.000e+00
0.000e+00
0.000e+00
0.000e+00
0.000e+00
0.000e+00
0.000e+00
0.000e+00
0.000e+00
0.000e+00
0.000e+00
0.000e+00
0.000e+00
0.000e+00
0.000e+00
0.000e+00
0.000e+00
0.000e+00
0.000e+00
0.000e+00
0.000e+00
0.000e+00
0.000e+00
0.000e+00
0.000e+00
0.000e+00
0.000e+00
0.000e+00
0.000e+00
0.000e+00
0.000e+00
0.000e+00
0.000e+00
0.000e+00
0.000e+00
