0.000e+00
0.000e+00
0.000e+00
0.000e+00
0.000e+00
0.000e+00
0.000e+00
0.000e+00
0.000e+00
0.000e+00
0.000e+00
0.000e+00
0.000e+00
0.000e+00
0.000e+00
0.000e+00
0.000e+00
0.000e+00
0.000e+00
0.000e+00
0.000e+00
0.000e+00
0.000e+00
0.000e+00
0.000e+00
0.000e+00
0.000e+00
0.000e+00
0.000e+00
0.000e+00
0.000e+00
7.008e-04
0.000e+00
7.008e-04
0.000e+00
0.000e+00
1.402e-03
0.000e+00
0.000e+00
0.000e+00
0.000e+00
0.000e+00
7.008e-04
7.008e-04
0.000e+00
1.402e-03
0.000e+00
0.000e+00
0.000e+00
7.008e-04
1.402e-03
1.402e-03
1.402e-03
0.000e+00
2.102e-03
1.402e-03
7.008e-04
1.402e-03
2.803e-03
2.803e-03
1.402e-03
2.102e-03
4.905e-03
4.205e-03
5.606e-03
3.504e-03
4.205e-03
3.504e-03
5.606e-03
3.504e-03
5.606e-03
9.110e-03
2.803e-03
4.905e-03
5.606e-03
4.905e-03
7.008e-03
4.205e-03
8.409e-03
7.008e-03
4.905e-03
4.205e-03
4.205e-03
2.102e-03
5.606e-03
6.307e-03
2.803e-03
2.803e-03
6.307e-03
7.008e-03
4.205e-03
4.205e-03
6.307e-03
8.409e-03
4.905e-03
9.110e-03
3.504e-03
8.409e-03
7.708e-03
9.110e-03
4.905e-03
4.905e-03
5.606e-03
1.121e-02
5.606e-03
9.110e-03
6.307e-03
7.708e-03
8.409e-03
1.472e-02
7.008e-03
5.606e-03
7.708e-03
4.205e-03
7.008e-03
7.008e-03
4.205e-03
4.205e-03
4.205e-03
1.402e-03
1.402e-03
6.307e-03
2.102e-03
3.504e-03
2.102e-03
4.205e-03
7.008e-04
7.008e-04
1.402e-03
1.402e-03
7.008e-04
2.803e-03
2.102e-03
1.402e-03
0.000e+00
2.102e-03
2.102e-03
1.402e-03
7.008e-04
0.000e+00
0.000e+00
0.000e+00
0.000e+00
1.402e-03
7.008e-04
7.008e-04
1.402e-03
7.008e-04
7.008e-04
0.000e+00
2.102e-03
2.102e-03
4.205e-03
2.803e-03
2.102e-03
7.008e-04
7.008e-04
7.008e-04
2.102e-03
2.102e-03
7.008e-04
1.402e-03
0.000e+00
2.803e-03
0.000e+00
1.402e-03
3.504e-03
2.102e-03
7.008e-04
1.402e-03
3.504e-03
2.102e-03
1.402e-03
5.606e-03
7.008e-03
9.110e-03
1.051e-02
5.606e-03
8.409e-03
1.261e-02
1.752e-02
1.051e-02
1.051e-02
4.905e-03
6.307e-03
6.307e-03
7.008e-03
4.905e-03
3.504e-03
1.402e-03
2.803e-03
5.606e-03
3.504e-03
2.803e-03
1.402e-03
7.008e-04
3.504e-03
1.402e-03
7.008e-04
2.102e-03
7.008e-04
7.008e-04
7.008e-04
1.402e-03
1.402e-03
2.102e-03
2.102e-03
2.803e-03
2.102e-03
3.504e-03
7.008e-04
7.008e-04
0.000e+00
2.102e-03
0.000e+00
0.000e+00
1.402e-03
2.102e-03
2.102e-03
7.008e-04
1.402e-03
7.008e-04
7.008e-04
0.000e+00
0.000e+00
1.402e-03
0.000e+00
0.000e+00
1.402e-03
1.402e-03
0.000e+00
2.102e-03
7.008e-04
2.803e-03
2.102e-03
1.402e-03
4.205e-03
5.606e-03
1.402e-03
4.205e-03
7.008e-04
7.708e-03
7.008e-03
8.409e-03
2.102e-03
3.504e-03
4.905e-03
5.606e-03
4.205e-03
4.905e-03
4.905e-03
1.051e-02
7.008e-03
8.409e-03
9.811e-03
6.307e-03
9.110e-03
2.102e-03
7.708e-03
8.409e-03
5.606e-03
9.110e-03
7.008e-03
4.205e-03
5.606e-03
6.307e-03
4.905e-03
9.110e-03
4.905e-03
5.606e-03
3.504e-03
3.504e-03
5.606e-03
4.905e-03
4.205e-03
6.307e-03
2.803e-03
2.102e-03
2.803e-03
6.307e-03
4.905e-03
4.905e-03
5.606e-03
5.606e-03
3.504e-03
4.205e-03
1.402e-03
3.504e-03
3.504e-03
3.504e-03
6.307e-03
2.102e-03
4.905e-03
2.803e-03
1.402e-03
7.708e-03
1.402e-03
4.205e-03
4.205e-03
2.803e-03
4.905e-03
3.504e-03
2.102e-03
2.102e-03
1.402e-03
2.102e-03
7.008e-04
2.803e-03
0.000e+00
7.008e-04
1.402e-03
2.102e-03
0.000e+00
7.008e-04
1.402e-03
7.008e-04
1.402e-03
7.008e-04
0.000e+00
7.008e-04
0.000e+00
0.000e+00
7.008e-04
0.000e+00
0.000e+00
0.000e+00
0.000e+00
7.008e-04
0.000e+00
0.000e+00
0.000e+00
0.000e+00
0.000e+00
0.000e+00
0.000e+00
7.008e-04
0.000e+00
0.000e+00
0.000e+00
0.000e+00
0.000e+00
0.000e+00
0.000e+00
7.008e-04
0.000e+00
0.000e+00
0.000e+00
0.000e+00
0.000e+00
0.000e+00
0.000e+00
0.000e+00
0.000e+00
0.000e+00
0.000e+00
0.000e+00
0.000e+00
0.000e+00
0.000e+00
0.000e+00
