0.000e+00
0.000e+00
0.000e+00
0.000e+00
0.000e+00
0.000e+00
0.000e+00
0.000e+00
0.000e+00
0.000e+00
0.000e+00
0.000e+00
0.000e+00
0.000e+00
0.000e+00
0.000e+00
0.000e+00
0.000e+00
0.000e+00
0.000e+00
0.000e+00
0.000e+00
0.000e+00
0.000e+00
0.000e+00
0.000e+00
0.000e+00
0.000e+00
0.000e+00
0.000e+00
0.000e+00
0.000e+00
0.000e+00
0.000e+00
0.000e+00
0.000e+00
0.000e+00
0.000e+00
0.000e+00
0.000e+00
0.000e+00
0.000e+00
0.000e+00
0.000e+00
0.000e+00
0.000e+00
0.000e+00
0.000e+00
0.000e+00
0.000e+00
0.000e+00
0.000e+00
0.000e+00
0.000e+00
3.504e-04
3.504e-04
3.504e-04
3.504e-04
3.504e-04
1.752e-03
3.504e-04
3.504e-04
1.752e-03
1.051e-03
1.051e-03
3.504e-04
1.051e-03
1.051e-03
2.102e-03
3.504e-03
1.402e-03
1.752e-03
2.453e-03
1.752e-03
4.205e-03
3.854e-03
2.803e-03
2.803e-03
2.803e-03
5.256e-03
1.402e-03
5.606e-03
3.153e-03
4.555e-03
4.905e-03
3.854e-03
3.153e-03
4.905e-03
4.555e-03
2.803e-03
4.555e-03
3.504e-03
4.555e-03
6.307e-03
1.752e-03
3.854e-03
2.803e-03
1.752e-03
1.402e-03
4.555e-03
2.803e-03
1.402e-03
2.102e-03
2.803e-03
7.008e-04
2.453e-03
7.008e-04
1.402e-03
2.102e-03
1.752e-03
2.453e-03
2.803e-03
1.402e-03
1.402e-03
1.752e-03
1.752e-03
3.504e-04
7.008e-04
3.504e-04
3.504e-04
7.008e-04
1.402e-03
7.008e-04
3.504e-04
7.008e-04
3.504e-04
1.402e-03
7.008e-04
3.504e-04
3.504e-04
1.051e-03
1.402e-03
7.008e-04
3.504e-04
7.008e-04
1.051e-03
1.051e-03
1.402e-03
7.008e-04
1.402e-03
0.000e+00
7.008e-04
0.000e+00
1.051e-03
3.504e-04
7.008e-04
7.008e-04
0.000e+00
3.504e-04
1.051e-03
1.051e-03
7.008e-04
1.752e-03
7.008e-04
3.504e-04
1.051e-03
3.153e-03
7.008e-04
3.504e-04
3.504e-04
7.008e-04
7.008e-04
1.752e-03
2.102e-03
1.752e-03
7.008e-04
2.453e-03
2.453e-03
4.205e-03
4.205e-03
3.854e-03
4.205e-03
4.205e-03
2.102e-03
5.256e-03
5.606e-03
4.555e-03
5.256e-03
7.008e-03
5.606e-03
4.555e-03
1.016e-02
4.555e-03
9.110e-03
5.256e-03
4.205e-03
4.205e-03
3.153e-03
4.905e-03
3.504e-03
4.905e-03
3.153e-03
1.752e-03
2.102e-03
4.905e-03
1.752e-03
2.102e-03
7.008e-04
2.102e-03
1.752e-03
1.051e-03
3.153e-03
1.402e-03
1.402e-03
1.051e-03
1.752e-03
1.051e-03
3.504e-04
1.402e-03
3.504e-04
1.752e-03
1.402e-03
3.504e-04
0.000e+00
1.402e-03
3.504e-04
2.453e-03
0.000e+00
1.402e-03
1.051e-03
0.000e+00
3.504e-04
7.008e-04
1.402e-03
1.402e-03
7.008e-04
0.000e+00
7.008e-04
0.000e+00
3.504e-04
7.008e-04
0.000e+00
7.008e-04
7.008e-04
1.752e-03
7.008e-04
1.051e-03
0.000e+00
0.000e+00
1.051e-03
1.051e-03
3.504e-04
7.008e-04
1.402e-03
3.504e-04
1.402e-03
1.402e-03
1.402e-03
7.008e-04
1.402e-03
1.051e-03
3.504e-04
1.402e-03
2.102e-03
2.453e-03
2.102e-03
2.803e-03
3.153e-03
3.504e-03
1.051e-03
2.803e-03
2.803e-03
2.102e-03
7.008e-04
2.453e-03
1.402e-03
3.153e-03
3.854e-03
1.752e-03
1.752e-03
3.854e-03
4.555e-03
1.752e-03
4.555e-03
4.555e-03
7.008e-03
3.854e-03
7.358e-03
4.555e-03
4.905e-03
2.453e-03
3.153e-03
1.051e-03
1.752e-03
1.402e-03
4.205e-03
1.402e-03
2.453e-03
2.102e-03
1.051e-03
1.402e-03
1.402e-03
1.752e-03
7.008e-04
2.453e-03
7.008e-04
1.051e-03
3.504e-04
3.504e-04
0.000e+00
1.051e-03
0.000e+00
0.000e+00
7.008e-04
7.008e-04
3.504e-04
0.000e+00
0.000e+00
3.504e-04
0.000e+00
3.504e-04
0.000e+00
0.000e+00
0.000e+00
0.000e+00
0.000e+00
0.000e+00
0.000e+00
0.000e+00
0.000e+00
0.000e+00
0.000e+00
0.000e+00
0.000e+00
0.000e+00
0.000e+00
0.000e+00
0.000e+00
0.000e+00
0.000e+00
0.000e+00
0.000e+00
0.000e+00
0.000e+00
0.000e+00
0.000e+00
0.000e+00
0.000e+00
0.000e+00
0.000e+00
0.000e+00
0.000e+00
0.000e+00
0.000e+00
0.000e+00
0.000e+00
0.000e+00
0.000e+00
0.000e+00
0.000e+00
0.000e+00
0.000e+00
0.000e+00
0.000e+00
0.000e+00
0.000e+00
0.000e+00
0.000e+00
0.000e+00
0.000e+00
