0.000e+00
0.000e+00
0.000e+00
0.000e+00
0.000e+00
0.000e+00
0.000e+00
0.000e+00
0.000e+00
0.000e+00
0.000e+00
0.000e+00
0.000e+00
0.000e+00
0.000e+00
0.000e+00
0.000e+00
0.000e+00
0.000e+00
0.000e+00
0.000e+00
0.000e+00
0.000e+00
0.000e+00
0.000e+00
0.000e+00
0.000e+00
0.000e+00
0.000e+00
0.000e+00
0.000e+00
0.000e+00
0.000e+00
0.000e+00
0.000e+00
0.000e+00
0.000e+00
0.000e+00
0.000e+00
0.000e+00
0.000e+00
0.000e+00
0.000e+00
0.000e+00
1.570e-04
0.000e+00
1.570e-04
0.000e+00
1.570e-04
1.570e-04
0.000e+00
3.141e-04
7.852e-04
7.852e-04
1.256e-03
7.852e-04
1.099e-03
1.413e-03
1.570e-03
2.827e-03
2.198e-03
2.827e-03
3.298e-03
5.025e-03
5.025e-03
3.612e-03
7.224e-03
5.025e-03
7.538e-03
5.967e-03
6.753e-03
5.810e-03
3.455e-03
5.339e-03
4.711e-03
4.554e-03
3.926e-03
3.769e-03
2.827e-03
3.926e-03
2.827e-03
2.198e-03
1.099e-03
2.356e-03
4.711e-04
1.884e-03
9.422e-04
3.141e-04
1.413e-03
1.570e-04
7.852e-04
9.422e-04
1.099e-03
7.852e-04
1.099e-03
1.413e-03
4.711e-04
3.141e-04
7.852e-04
7.852e-04
0.000e+00
1.570e-04
1.570e-04
7.852e-04
4.711e-04
4.711e-04
3.141e-04
4.711e-04
3.141e-04
0.000e+00
0.000e+00
1.570e-04
1.570e-04
0.000e+00
3.141e-04
1.570e-04
0.000e+00
6.281e-04
1.570e-04
6.281e-04
6.281e-04
3.141e-04
1.570e-04
1.570e-04
6.281e-04
0.000e+00
4.711e-04
0.000e+00
0.000e+00
3.141e-04
0.000e+00
6.281e-04
4.711e-04
1.570e-04
4.711e-04
4.711e-04
3.141e-04
6.281e-04
3.141e-04
6.281e-04
1.570e-04
4.711e-04
1.570e-04
6.281e-04
9.422e-04
7.852e-04
1.099e-03
4.711e-04
1.256e-03
1.256e-03
2.041e-03
1.884e-03
6.281e-04
2.670e-03
1.256e-03
1.884e-03
2.513e-03
3.141e-03
3.298e-03
2.827e-03
2.984e-03
3.298e-03
4.554e-03
3.612e-03
5.496e-03
4.397e-03
5.339e-03
3.769e-03
5.810e-03
4.397e-03
5.339e-03
5.025e-03
3.612e-03
4.240e-03
4.083e-03
3.926e-03
3.298e-03
2.670e-03
3.141e-03
2.198e-03
1.099e-03
2.356e-03
2.984e-03
3.612e-03
1.570e-03
3.926e-03
4.554e-03
3.141e-03
3.926e-03
6.124e-03
4.868e-03
5.653e-03
4.554e-03
5.025e-03
5.653e-03
4.711e-03
4.554e-03
3.141e-03
3.926e-03
3.612e-03
1.884e-03
3.455e-03
2.356e-03
2.513e-03
2.198e-03
2.513e-03
2.827e-03
6.281e-04
7.852e-04
6.281e-04
1.727e-03
1.413e-03
9.422e-04
6.281e-04
1.256e-03
6.281e-04
1.099e-03
6.281e-04
3.141e-04
6.281e-04
6.281e-04
6.281e-04
3.141e-04
7.852e-04
4.711e-04
4.711e-04
3.141e-04
0.000e+00
0.000e+00
3.141e-04
0.000e+00
1.570e-04
1.570e-04
4.711e-04
4.711e-04
0.000e+00
4.711e-04
4.711e-04
0.000e+00
0.000e+00
1.570e-04
7.852e-04
3.141e-04
4.711e-04
1.570e-04
3.141e-04
3.141e-04
1.570e-04
1.570e-04
1.570e-04
4.711e-04
0.000e+00
1.570e-04
3.141e-04
3.141e-04
4.711e-04
6.281e-04
3.141e-04
4.711e-04
1.570e-04
7.852e-04
3.141e-04
7.852e-04
4.711e-04
6.281e-04
6.281e-04
6.281e-04
0.000e+00
7.852e-04
4.711e-04
6.281e-04
1.570e-04
7.852e-04
9.422e-04
9.422e-04
1.727e-03
4.711e-04
2.198e-03
2.513e-03
2.513e-03
1.884e-03
4.083e-03
3.612e-03
3.298e-03
3.926e-03
4.240e-03
5.182e-03
6.438e-03
7.224e-03
7.067e-03
6.753e-03
7.067e-03
6.753e-03
6.281e-03
5.653e-03
4.397e-03
5.339e-03
4.083e-03
3.455e-03
4.397e-03
2.198e-03
2.356e-03
4.711e-04
2.198e-03
1.099e-03
4.711e-04
3.141e-04
1.570e-04
4.711e-04
3.141e-04
3.141e-04
1.570e-04
0.000e+00
3.141e-04
0.000e+00
0.000e+00
0.000e+00
0.000e+00
1.570e-04
0.000e+00
0.000e+00
0.000e+00
0.000e+00
0.000e+00
0.000e+00
0.000e+00
0.000e+00
0.000e+00
0.000e+00
0.000e+00
0.000e+00
0.000e+00
0.000e+00
0.000e+00
0.000e+00
0.000e+00
0.000e+00
0.000e+00
0.000e+00
0.000e+00
0.000e+00
0.000e+00
0.000e+00
0.000e+00
0.000e+00
0.000e+00
0.000e+00
0.000e+00
0.000e+00
0.000e+00
0.000e+00
0.000e+00
0.000e+00
0.000e+00
0.000e+00
0.000e+00
0.000e+00
0.000e+00
0.000e+00
0.000e+00
