0.000e+00
0.000e+00
0.000e+00
0.000e+00
0.000e+00
0.000e+00
0.000e+00
0.000e+00
0.000e+00
0.000e+00
0.000e+00
0.000e+00
0.000e+00
0.000e+00
0.000e+00
0.000e+00
0.000e+00
0.000e+00
0.000e+00
0.000e+00
0.000e+00
0.000e+00
0.000e+00
0.000e+00
0.000e+00
0.000e+00
0.000e+00
0.000e+00
0.000e+00
0.000e+00
0.000e+00
0.000e+00
0.000e+00
3.141e-04
0.000e+00
0.000e+00
3.141e-04
0.000e+00
0.000e+00
3.141e-04
0.000e+00
0.000e+00
0.000e+00
3.141e-04
0.000e+00
0.000e+00
0.000e+00
0.000e+00
0.000e+00
0.000e+00
6.281e-04
3.141e-04
1.570e-03
6.281e-04
1.570e-03
1.570e-03
2.198e-03
2.198e-03
4.711e-03
4.397e-03
6.281e-03
5.025e-03
1.131e-02
1.036e-02
1.319e-02
1.162e-02
1.633e-02
1.947e-02
1.665e-02
1.508e-02
1.319e-02
1.068e-02
1.193e-02
5.025e-03
7.852e-03
7.852e-03
8.794e-03
2.513e-03
4.711e-03
5.339e-03
4.397e-03
3.769e-03
3.141e-03
3.769e-03
3.769e-03
1.256e-03
2.827e-03
2.827e-03
2.513e-03
2.827e-03
3.141e-03
2.827e-03
6.281e-04
9.422e-04
9.422e-04
1.884e-03
9.422e-04
1.884e-03
9.422e-04
9.422e-04
9.422e-04
6.281e-04
3.141e-04
6.281e-04
9.422e-04
3.141e-04
6.281e-04
0.000e+00
0.000e+00
1.256e-03
9.422e-04
0.000e+00
6.281e-04
6.281e-04
0.000e+00
6.281e-04
9.422e-04
6.281e-04
0.000e+00
0.000e+00
3.141e-04
3.141e-04
3.141e-04
9.422e-04
3.141e-04
0.000e+00
9.422e-04
1.256e-03
6.281e-04
3.141e-04
6.281e-04
1.256e-03
6.281e-04
2.513e-03
3.141e-04
9.422e-04
9.422e-04
1.884e-03
0.000e+00
6.281e-04
6.281e-04
1.256e-03
1.256e-03
2.513e-03
1.570e-03
1.256e-03
2.198e-03
2.827e-03
1.884e-03
2.198e-03
4.711e-03
4.397e-03
2.513e-03
4.711e-03
2.513e-03
4.083e-03
3.141e-03
6.281e-03
6.910e-03
6.910e-03
5.653e-03
6.595e-03
9.736e-03
8.480e-03
5.967e-03
1.005e-02
8.480e-03
8.166e-03
1.099e-02
9.422e-03
1.193e-02
6.910e-03
7.224e-03
4.711e-03
5.339e-03
4.083e-03
4.711e-03
2.513e-03
1.570e-03
3.141e-03
3.141e-03
2.827e-03
3.455e-03
2.198e-03
4.397e-03
4.083e-03
3.455e-03
7.224e-03
6.281e-03
6.595e-03
9.108e-03
8.480e-03
9.736e-03
1.225e-02
7.538e-03
6.910e-03
7.538e-03
7.538e-03
8.794e-03
5.967e-03
5.967e-03
7.538e-03
5.653e-03
6.281e-03
4.711e-03
5.653e-03
5.025e-03
6.281e-03
5.653e-03
3.769e-03
3.141e-03
1.256e-03
9.422e-04
1.570e-03
1.256e-03
2.827e-03
1.884e-03
2.198e-03
3.455e-03
1.570e-03
1.256e-03
1.256e-03
1.570e-03
6.281e-04
1.256e-03
1.256e-03
6.281e-04
1.570e-03
9.422e-04
9.422e-04
3.141e-04
3.141e-04
0.000e+00
3.141e-04
6.281e-04
3.141e-04
3.141e-04
3.141e-04
0.000e+00
0.000e+00
6.281e-04
6.281e-04
1.570e-03
3.141e-04
3.141e-04
6.281e-04
3.141e-04
9.422e-04
3.141e-04
0.000e+00
3.141e-04
0.000e+00
3.141e-04
6.281e-04
9.422e-04
1.884e-03
3.141e-04
6.281e-04
9.422e-04
9.422e-04
3.141e-04
1.256e-03
9.422e-04
3.141e-04
1.570e-03
3.141e-04
9.422e-04
9.422e-04
9.422e-04
1.570e-03
2.827e-03
6.281e-04
1.570e-03
2.827e-03
1.884e-03
3.141e-03
3.141e-03
2.513e-03
4.083e-03
3.141e-03
4.397e-03
3.769e-03
5.653e-03
4.397e-03
5.967e-03
8.480e-03
6.595e-03
8.794e-03
1.099e-02
9.736e-03
1.508e-02
1.036e-02
2.010e-02
2.073e-02
1.445e-02
1.665e-02
1.351e-02
1.445e-02
9.736e-03
4.711e-03
5.025e-03
3.455e-03
2.827e-03
3.455e-03
3.141e-03
2.198e-03
1.256e-03
2.198e-03
6.281e-04
1.884e-03
3.141e-04
9.422e-04
3.141e-04
6.281e-04
3.141e-04
3.141e-04
3.141e-04
3.141e-04
0.000e+00
3.141e-04
3.141e-04
3.141e-04
0.000e+00
3.141e-04
0.000e+00
0.000e+00
0.000e+00
0.000e+00
0.000e+00
0.000e+00
0.000e+00
0.000e+00
0.000e+00
0.000e+00
0.000e+00
0.000e+00
0.000e+00
0.000e+00
0.000e+00
0.000e+00
0.000e+00
0.000e+00
3.141e-04
0.000e+00
0.000e+00
0.000e+00
0.000e+00
0.000e+00
0.000e+00
0.000e+00
0.000e+00
0.000e+00
0.000e+00
0.000e+00
0.000e+00
0.000e+00
0.000e+00
0.000e+00
0.000e+00
0.000e+00
