0.000e+00
0.000e+00
0.000e+00
0.000e+00
0.000e+00
0.000e+00
0.000e+00
5.709e-05
0.000e+00
0.000e+00
0.000e+00
0.000e+00
0.000e+00
0.000e+00
0.000e+00
0.000e+00
0.000e+00
0.000e+00
0.000e+00
0.000e+00
0.000e+00
0.000e+00
0.000e+00
5.709e-05
0.000e+00
0.000e+00
0.000e+00
0.000e+00
0.000e+00
0.000e+00
1.142e-04
0.000e+00
0.000e+00
5.709e-05
5.709e-05
0.000e+00
0.000e+00
5.709e-05
0.000e+00
5.709e-05
0.000e+00
5.709e-05
5.709e-05
5.709e-05
1.142e-04
1.713e-04
1.142e-04
1.713e-04
2.284e-04
1.142e-04
2.855e-04
3.425e-04
5.138e-04
4.567e-04
9.705e-04
3.996e-04
6.851e-04
1.085e-03
1.256e-03
2.112e-03
1.484e-03
1.998e-03
2.055e-03
2.912e-03
2.855e-03
2.512e-03
3.483e-03
3.197e-03
4.053e-03
3.597e-03
3.825e-03
3.540e-03
3.311e-03
3.825e-03
4.739e-03
4.282e-03
4.225e-03
3.882e-03
4.453e-03
5.138e-03
4.111e-03
4.567e-03
3.197e-03
4.624e-03
3.768e-03
3.654e-03
4.510e-03
3.825e-03
3.939e-03
3.311e-03
4.681e-03
4.053e-03
5.252e-03
4.111e-03
3.083e-03
4.053e-03
3.939e-03
3.026e-03
3.368e-03
2.797e-03
2.112e-03
1.941e-03
2.112e-03
2.398e-03
1.656e-03
1.941e-03
1.770e-03
1.827e-03
1.256e-03
1.142e-03
1.884e-03
1.484e-03
1.085e-03
9.135e-04
1.199e-03
7.422e-04
3.996e-04
7.422e-04
9.135e-04
6.851e-04
6.851e-04
1.199e-03
6.851e-04
6.851e-04
6.280e-04
2.284e-04
8.564e-04
5.138e-04
2.855e-04
3.425e-04
3.996e-04
5.709e-04
3.996e-04
2.855e-04
5.138e-04
3.996e-04
5.138e-04
5.138e-04
6.280e-04
6.280e-04
3.425e-04
4.567e-04
1.142e-04
3.996e-04
5.709e-04
5.709e-04
5.709e-04
3.996e-04
7.422e-04
6.851e-04
1.028e-03
7.422e-04
6.280e-04
9.705e-04
6.851e-04
7.993e-04
1.370e-03
1.427e-03
1.313e-03
1.199e-03
1.370e-03
1.313e-03
1.884e-03
1.770e-03
2.169e-03
1.656e-03
2.227e-03
1.827e-03
2.455e-03
1.884e-03
2.512e-03
2.398e-03
1.998e-03
2.112e-03
2.055e-03
2.112e-03
1.941e-03
1.713e-03
2.055e-03
1.484e-03
1.085e-03
2.169e-03
1.713e-03
2.512e-03
1.427e-03
1.941e-03
1.998e-03
1.713e-03
2.055e-03
2.569e-03
2.341e-03
2.398e-03
1.827e-03
2.055e-03
2.683e-03
1.941e-03
1.941e-03
1.370e-03
1.770e-03
1.484e-03
8.564e-04
1.770e-03
9.705e-04
1.085e-03
1.085e-03
9.705e-04
1.199e-03
3.996e-04
4.567e-04
3.996e-04
7.993e-04
7.993e-04
5.138e-04
3.425e-04
6.851e-04
3.996e-04
7.993e-04
2.855e-04
3.425e-04
5.138e-04
2.855e-04
3.996e-04
3.996e-04
7.993e-04
6.280e-04
3.996e-04
2.855e-04
4.567e-04
1.713e-04
4.567e-04
6.280e-04
6.851e-04
3.996e-04
5.709e-04
9.705e-04
6.851e-04
7.422e-04
4.567e-04
6.280e-04
1.028e-03
7.422e-04
1.199e-03
9.705e-04
5.138e-04
7.422e-04
1.199e-03
1.199e-03
9.705e-04
8.564e-04
1.313e-03
1.142e-03
8.564e-04
1.941e-03
1.827e-03
1.599e-03
1.998e-03
2.169e-03
2.398e-03
2.740e-03
2.683e-03
2.626e-03
2.855e-03
2.912e-03
3.140e-03
3.825e-03
2.512e-03
3.768e-03
3.939e-03
3.882e-03
3.197e-03
4.053e-03
4.168e-03
4.282e-03
4.681e-03
4.168e-03
4.453e-03
3.711e-03
6.109e-03
4.453e-03
4.225e-03
3.254e-03
3.939e-03
3.368e-03
4.510e-03
4.282e-03
3.825e-03
3.483e-03
4.396e-03
4.624e-03
3.654e-03
3.882e-03
4.168e-03
3.996e-03
3.140e-03
3.026e-03
2.569e-03
2.912e-03
2.912e-03
1.827e-03
2.284e-03
1.142e-03
1.313e-03
4.567e-04
1.199e-03
6.851e-04
5.138e-04
2.855e-04
3.425e-04
5.138e-04
3.425e-04
3.425e-04
3.996e-04
1.142e-04
2.855e-04
5.709e-05
5.709e-05
1.142e-04
0.000e+00
1.142e-04
5.709e-05
0.000e+00
0.000e+00
5.709e-05
0.000e+00
0.000e+00
0.000e+00
1.142e-04
0.000e+00
5.709e-05
0.000e+00
0.000e+00
0.000e+00
0.000e+00
0.000e+00
5.709e-05
0.000e+00
5.709e-05
0.000e+00
0.000e+00
0.000e+00
5.709e-05
0.000e+00
0.000e+00
5.709e-05
5.709e-05
0.000e+00
0.000e+00
0.000e+00
0.000e+00
5.709e-05
5.709e-05
0.000e+00
0.000e+00
5.709e-05
0.000e+00
0.000e+00
5.709e-05
1.142e-04
0.000e+00
0.000e+00
