3.425e-04
0.000e+00
0.000e+00
1.142e-04
1.142e-04
0.000e+00
0.000e+00
0.000e+00
1.142e-04
0.000e+00
0.000e+00
0.000e+00
0.000e+00
1.142e-04
0.000e+00
0.000e+00
0.000e+00
0.000e+00
0.000e+00
0.000e+00
1.142e-04
1.142e-04
0.000e+00
1.142e-04
0.000e+00
0.000e+00
1.142e-04
1.142e-04
1.142e-04
0.000e+00
0.000e+00
1.142e-04
0.000e+00
2.284e-04
4.567e-04
2.284e-04
3.425e-04
0.000e+00
1.142e-04
2.284e-04
2.284e-04
9.135e-04
5.709e-04
2.284e-04
2.284e-04
5.709e-04
9.135e-04
3.425e-04
4.567e-04
7.993e-04
9.135e-04
1.142e-03
1.599e-03
1.142e-03
1.827e-03
1.827e-03
2.740e-03
3.197e-03
4.453e-03
5.024e-03
3.654e-03
5.024e-03
7.650e-03
7.422e-03
7.422e-03
7.536e-03
9.135e-03
1.108e-02
1.073e-02
9.249e-03
7.993e-03
7.308e-03
7.079e-03
5.138e-03
6.851e-03
6.280e-03
6.508e-03
4.453e-03
5.823e-03
5.481e-03
5.024e-03
4.339e-03
5.823e-03
6.737e-03
6.394e-03
7.193e-03
7.193e-03
7.650e-03
9.135e-03
1.382e-02
8.335e-03
1.279e-02
5.823e-03
5.481e-03
4.225e-03
5.709e-03
4.111e-03
5.252e-03
3.996e-03
4.339e-03
4.567e-03
4.796e-03
3.197e-03
5.481e-03
5.367e-03
5.252e-03
4.681e-03
4.910e-03
4.111e-03
4.567e-03
3.311e-03
2.740e-03
3.197e-03
3.083e-03
3.996e-03
2.512e-03
3.654e-03
2.284e-03
2.169e-03
1.142e-03
7.993e-04
2.398e-03
2.398e-03
1.941e-03
1.599e-03
2.284e-03
1.484e-03
9.135e-04
5.709e-04
1.028e-03
5.709e-04
1.484e-03
1.028e-03
1.484e-03
4.567e-04
1.370e-03
1.142e-03
1.256e-03
3.425e-04
4.567e-04
2.284e-04
5.709e-04
9.135e-04
1.484e-03
7.993e-04
7.993e-04
1.599e-03
1.142e-03
1.142e-03
1.028e-03
2.169e-03
2.284e-03
1.599e-03
2.284e-03
1.484e-03
1.941e-03
1.484e-03
2.740e-03
2.969e-03
2.855e-03
2.512e-03
2.740e-03
3.654e-03
3.540e-03
2.398e-03
3.996e-03
3.768e-03
3.425e-03
4.339e-03
3.654e-03
4.796e-03
2.740e-03
3.083e-03
2.284e-03
2.512e-03
2.626e-03
2.740e-03
1.599e-03
2.055e-03
2.512e-03
3.996e-03
2.284e-03
2.512e-03
1.599e-03
1.941e-03
2.398e-03
2.055e-03
2.969e-03
2.512e-03
2.855e-03
3.654e-03
3.768e-03
4.111e-03
4.567e-03
3.083e-03
2.512e-03
3.083e-03
2.969e-03
3.540e-03
2.740e-03
2.740e-03
3.197e-03
2.398e-03
2.626e-03
1.941e-03
2.398e-03
2.055e-03
2.740e-03
2.284e-03
1.484e-03
1.484e-03
9.135e-04
3.425e-04
1.142e-03
4.567e-04
1.484e-03
1.028e-03
1.370e-03
1.599e-03
9.135e-04
9.135e-04
6.851e-04
1.142e-03
6.851e-04
1.713e-03
9.135e-04
9.135e-04
1.484e-03
6.851e-04
1.484e-03
7.993e-04
9.135e-04
1.142e-04
1.827e-03
9.135e-04
7.993e-04
1.370e-03
2.284e-03
9.135e-04
2.055e-03
2.055e-03
2.740e-03
2.855e-03
3.197e-03
2.398e-03
2.855e-03
2.626e-03
2.740e-03
2.398e-03
3.197e-03
2.512e-03
4.681e-03
2.969e-03
4.567e-03
3.996e-03
4.681e-03
3.768e-03
4.339e-03
5.367e-03
5.367e-03
5.481e-03
4.225e-03
3.996e-03
3.083e-03
3.425e-03
5.138e-03
5.709e-03
6.508e-03
6.280e-03
1.016e-02
8.792e-03
1.153e-02
1.016e-02
9.135e-03
5.481e-03
8.221e-03
5.595e-03
4.339e-03
5.481e-03
5.024e-03
5.138e-03
6.508e-03
6.052e-03
5.252e-03
6.737e-03
7.193e-03
6.851e-03
6.394e-03
7.993e-03
7.422e-03
9.934e-03
7.079e-03
1.130e-02
1.108e-02
7.422e-03
9.934e-03
7.422e-03
8.792e-03
6.737e-03
4.453e-03
5.937e-03
2.969e-03
2.969e-03
4.339e-03
2.055e-03
1.827e-03
1.941e-03
1.599e-03
1.599e-03
1.599e-03
6.851e-04
1.599e-03
6.851e-04
5.709e-04
1.028e-03
2.284e-04
4.567e-04
5.709e-04
1.142e-04
2.284e-04
3.425e-04
1.142e-04
4.567e-04
2.284e-04
0.000e+00
2.284e-04
0.000e+00
1.142e-04
1.142e-04
1.142e-04
1.142e-04
1.142e-04
0.000e+00
0.000e+00
0.000e+00
1.142e-04
1.142e-04
0.000e+00
0.000e+00
0.000e+00
1.142e-04
3.425e-04
1.142e-04
2.284e-04
0.000e+00
1.142e-04
1.142e-04
1.142e-04
1.142e-04
0.000e+00
0.000e+00
0.000e+00
1.142e-04
0.000e+00
0.000e+00
0.000e+00
1.142e-04
0.000e+00
1.142e-04
1.142e-04
