0.000e+00
0.000e+00
0.000e+00
0.000e+00
7.629e-05
0.000e+00
0.000e+00
1.526e-04
7.629e-05
0.000e+00
0.000e+00
7.629e-05
7.629e-05
7.629e-05
0.000e+00
0.000e+00
0.000e+00
7.629e-05
0.000e+00
7.629e-05
0.000e+00
0.000e+00
2.289e-04
2.289e-04
7.629e-05
7.629e-05
0.000e+00
0.000e+00
0.000e+00
7.629e-05
1.526e-04
2.289e-04
3.814e-04
0.000e+00
2.289e-04
2.289e-04
3.052e-04
3.052e-04
2.289e-04
3.814e-04
3.814e-04
9.155e-04
3.052e-04
2.289e-04
4.577e-04
6.866e-04
8.392e-04
3.052e-04
9.918e-04
9.918e-04
1.297e-03
8.392e-04
1.755e-03
1.297e-03
1.907e-03
1.907e-03
2.899e-03
2.212e-03
2.823e-03
3.052e-03
3.357e-03
3.586e-03
3.204e-03
3.814e-03
4.883e-03
4.196e-03
5.264e-03
4.348e-03
5.569e-03
5.417e-03
4.806e-03
4.730e-03
3.128e-03
4.120e-03
3.738e-03
3.509e-03
3.280e-03
3.204e-03
2.594e-03
2.975e-03
2.518e-03
1.984e-03
1.526e-03
2.365e-03
8.392e-04
1.984e-03
1.297e-03
7.629e-04
1.526e-03
7.629e-04
7.629e-04
1.449e-03
9.155e-04
1.068e-03
1.373e-03
8.392e-04
3.814e-04
4.577e-04
9.918e-04
6.103e-04
4.577e-04
1.068e-03
2.289e-04
8.392e-04
6.103e-04
7.629e-04
2.289e-04
6.103e-04
7.629e-04
4.577e-04
1.526e-04
5.340e-04
3.052e-04
4.577e-04
7.629e-04
3.814e-04
2.289e-04
5.340e-04
7.629e-04
7.629e-04
7.629e-04
6.103e-04
2.289e-04
5.340e-04
6.103e-04
3.052e-04
6.866e-04
3.052e-04
6.866e-04
6.866e-04
5.340e-04
9.155e-04
4.577e-04
4.577e-04
9.155e-04
6.866e-04
5.340e-04
6.866e-04
5.340e-04
9.155e-04
6.103e-04
9.155e-04
2.289e-04
7.629e-04
1.068e-03
1.297e-03
1.068e-03
7.629e-04
1.221e-03
1.297e-03
1.678e-03
1.449e-03
1.526e-03
1.678e-03
1.602e-03
1.373e-03
2.212e-03
2.518e-03
2.670e-03
2.594e-03
2.289e-03
2.289e-03
3.052e-03
2.289e-03
3.891e-03
3.204e-03
3.509e-03
2.823e-03
4.120e-03
3.052e-03
3.662e-03
3.738e-03
3.433e-03
3.204e-03
3.891e-03
3.509e-03
2.670e-03
2.975e-03
2.823e-03
3.204e-03
2.594e-03
2.365e-03
2.823e-03
3.357e-03
2.136e-03
3.052e-03
3.357e-03
3.280e-03
2.899e-03
4.348e-03
4.043e-03
4.348e-03
3.433e-03
3.204e-03
4.120e-03
2.899e-03
2.899e-03
2.060e-03
2.441e-03
2.823e-03
1.526e-03
2.518e-03
1.907e-03
1.984e-03
1.755e-03
1.984e-03
2.060e-03
1.144e-03
1.297e-03
9.918e-04
1.449e-03
1.602e-03
1.068e-03
9.918e-04
1.297e-03
9.918e-04
1.297e-03
5.340e-04
4.577e-04
5.340e-04
6.103e-04
4.577e-04
5.340e-04
8.392e-04
5.340e-04
3.052e-04
5.340e-04
3.052e-04
3.814e-04
6.866e-04
1.526e-04
2.289e-04
4.577e-04
8.392e-04
5.340e-04
9.155e-04
9.155e-04
3.814e-04
2.289e-04
7.629e-05
6.103e-04
7.629e-04
7.629e-04
5.340e-04
5.340e-04
6.866e-04
5.340e-04
4.577e-04
6.103e-04
5.340e-04
6.103e-04
4.577e-04
3.814e-04
4.577e-04
6.103e-04
6.866e-04
1.068e-03
4.577e-04
5.340e-04
6.103e-04
9.155e-04
9.918e-04
6.866e-04
9.155e-04
1.068e-03
9.918e-04
7.629e-04
6.103e-04
6.866e-04
7.629e-04
9.155e-04
1.068e-03
1.221e-03
9.155e-04
1.068e-03
1.907e-03
1.449e-03
1.755e-03
2.060e-03
2.212e-03
1.831e-03
3.509e-03
2.975e-03
3.280e-03
3.280e-03
3.357e-03
3.891e-03
4.425e-03
5.417e-03
5.340e-03
4.959e-03
5.798e-03
5.264e-03
4.577e-03
4.425e-03
3.967e-03
4.272e-03
4.730e-03
4.043e-03
4.272e-03
3.280e-03
3.357e-03
2.136e-03
2.823e-03
2.060e-03
1.602e-03
1.144e-03
1.373e-03
1.449e-03
1.449e-03
1.144e-03
1.526e-03
7.629e-04
9.918e-04
9.918e-04
3.052e-04
3.052e-04
4.577e-04
7.629e-04
4.577e-04
5.340e-04
1.526e-04
3.052e-04
3.052e-04
1.526e-04
1.526e-04
1.526e-04
3.052e-04
3.814e-04
0.000e+00
3.052e-04
0.000e+00
7.629e-05
1.526e-04
7.629e-05
0.000e+00
7.629e-05
2.289e-04
1.526e-04
0.000e+00
7.629e-05
2.289e-04
0.000e+00
0.000e+00
0.000e+00
0.000e+00
7.629e-05
0.000e+00
1.526e-04
0.000e+00
7.629e-05
0.000e+00
7.629e-05
0.000e+00
0.000e+00
0.000e+00
0.000e+00
0.000e+00
0.000e+00
0.000e+00
