1.526e-04
0.000e+00
1.526e-04
0.000e+00
1.526e-04
0.000e+00
0.000e+00
3.052e-04
0.000e+00
0.000e+00
1.526e-04
1.526e-04
3.052e-04
1.526e-04
0.000e+00
3.052e-04
1.526e-04
1.526e-04
3.052e-04
0.000e+00
3.052e-04
0.000e+00
1.526e-04
1.526e-04
0.000e+00
0.000e+00
0.000e+00
1.526e-04
1.526e-04
0.000e+00
0.000e+00
7.629e-04
3.052e-04
6.103e-04
3.052e-04
1.526e-04
6.103e-04
6.103e-04
4.577e-04
1.221e-03
7.629e-04
1.526e-04
1.221e-03
1.068e-03
7.629e-04
1.373e-03
1.068e-03
1.526e-03
1.526e-03
1.221e-03
2.289e-03
2.136e-03
3.204e-03
4.577e-03
3.357e-03
4.272e-03
4.120e-03
4.730e-03
6.103e-03
5.493e-03
7.476e-03
6.408e-03
9.918e-03
9.460e-03
1.068e-02
8.697e-03
1.099e-02
1.160e-02
1.282e-02
1.099e-02
1.083e-02
8.239e-03
9.002e-03
5.798e-03
6.256e-03
5.951e-03
6.408e-03
5.188e-03
5.493e-03
5.951e-03
4.425e-03
2.899e-03
4.883e-03
4.425e-03
3.662e-03
2.899e-03
2.899e-03
2.899e-03
3.967e-03
2.746e-03
3.357e-03
3.052e-03
9.155e-04
1.831e-03
1.526e-03
2.289e-03
1.373e-03
1.373e-03
4.577e-04
2.136e-03
1.068e-03
1.221e-03
1.221e-03
7.629e-04
1.373e-03
6.103e-04
9.155e-04
7.629e-04
1.068e-03
1.221e-03
4.577e-04
3.052e-04
9.155e-04
6.103e-04
1.068e-03
9.155e-04
1.221e-03
6.103e-04
9.155e-04
1.068e-03
3.052e-04
7.629e-04
6.103e-04
4.577e-04
9.155e-04
9.155e-04
9.155e-04
1.526e-03
6.103e-04
6.103e-04
9.155e-04
1.068e-03
1.068e-03
1.984e-03
1.068e-03
1.526e-03
1.373e-03
1.678e-03
4.577e-04
9.155e-04
2.289e-03
1.221e-03
1.678e-03
2.441e-03
1.678e-03
1.678e-03
2.136e-03
2.289e-03
2.441e-03
3.052e-03
3.052e-03
3.357e-03
3.967e-03
3.967e-03
3.967e-03
3.509e-03
3.052e-03
4.730e-03
6.256e-03
5.493e-03
5.035e-03
4.883e-03
6.561e-03
5.645e-03
4.883e-03
7.019e-03
6.561e-03
6.103e-03
8.239e-03
7.019e-03
8.544e-03
5.493e-03
4.883e-03
4.272e-03
4.730e-03
6.256e-03
4.425e-03
4.883e-03
4.425e-03
4.120e-03
4.120e-03
3.357e-03
6.713e-03
4.272e-03
4.730e-03
3.967e-03
3.662e-03
6.256e-03
5.188e-03
4.730e-03
6.256e-03
5.645e-03
8.087e-03
8.239e-03
6.561e-03
5.493e-03
4.883e-03
6.103e-03
5.188e-03
5.035e-03
4.272e-03
5.493e-03
5.035e-03
4.730e-03
3.967e-03
4.883e-03
4.120e-03
4.883e-03
4.425e-03
3.967e-03
3.052e-03
2.289e-03
1.678e-03
1.831e-03
2.289e-03
2.136e-03
1.984e-03
2.289e-03
2.594e-03
1.831e-03
9.155e-04
2.441e-03
1.221e-03
6.103e-04
1.221e-03
1.068e-03
1.373e-03
1.373e-03
7.629e-04
1.526e-03
9.155e-04
6.103e-04
1.526e-04
7.629e-04
7.629e-04
4.577e-04
3.052e-04
6.103e-04
9.155e-04
3.052e-04
9.155e-04
1.831e-03
1.221e-03
9.155e-04
9.155e-04
6.103e-04
4.577e-04
1.068e-03
7.629e-04
3.052e-04
9.155e-04
9.155e-04
1.221e-03
1.221e-03
9.155e-04
1.678e-03
3.052e-04
1.373e-03
1.221e-03
7.629e-04
1.221e-03
1.831e-03
1.221e-03
9.155e-04
1.678e-03
1.221e-03
2.136e-03
1.526e-03
1.373e-03
1.526e-03
2.289e-03
1.373e-03
2.746e-03
2.899e-03
2.136e-03
3.204e-03
4.883e-03
4.883e-03
4.272e-03
3.509e-03
5.188e-03
5.493e-03
5.188e-03
4.883e-03
5.493e-03
7.019e-03
5.645e-03
8.087e-03
9.002e-03
8.392e-03
1.099e-02
9.765e-03
1.297e-02
1.327e-02
1.114e-02
1.282e-02
9.612e-03
1.160e-02
8.697e-03
7.171e-03
7.934e-03
5.188e-03
4.577e-03
6.103e-03
4.272e-03
3.814e-03
3.509e-03
3.357e-03
3.357e-03
2.746e-03
1.373e-03
2.136e-03
1.526e-03
2.594e-03
1.984e-03
1.373e-03
1.678e-03
1.068e-03
1.068e-03
7.629e-04
4.577e-04
1.831e-03
6.103e-04
1.221e-03
3.052e-04
9.155e-04
3.052e-04
3.052e-04
3.052e-04
3.052e-04
3.052e-04
3.052e-04
0.000e+00
4.577e-04
0.000e+00
3.052e-04
0.000e+00
0.000e+00
0.000e+00
0.000e+00
1.526e-04
1.526e-04
6.103e-04
1.526e-04
0.000e+00
0.000e+00
4.577e-04
0.000e+00
1.526e-04
0.000e+00
1.526e-04
1.526e-04
1.526e-04
1.526e-04
0.000e+00
0.000e+00
1.526e-04
0.000e+00
1.526e-04
0.000e+00
