4.616e-04
2.564e-04
3.077e-04
2.564e-04
2.051e-04
1.026e-04
4.616e-04
1.026e-04
2.564e-04
2.564e-04
3.077e-04
2.051e-04
2.051e-04
2.564e-04
1.026e-04
3.590e-04
2.564e-04
2.564e-04
3.590e-04
1.026e-04
3.077e-04
2.051e-04
2.051e-04
2.051e-04
2.051e-04
2.051e-04
3.590e-04
2.051e-04
3.590e-04
3.077e-04
3.077e-04
4.103e-04
3.077e-04
5.128e-04
5.641e-04
4.616e-04
5.641e-04
5.641e-04
5.641e-04
8.206e-04
9.231e-04
1.077e-03
1.539e-03
9.231e-04
1.026e-03
1.231e-03
1.385e-03
1.898e-03
2.000e-03
1.641e-03
2.205e-03
2.154e-03
2.769e-03
3.026e-03
2.923e-03
3.077e-03
4.051e-03
4.923e-03
5.590e-03
6.616e-03
7.488e-03
8.257e-03
9.283e-03
8.154e-03
6.718e-03
6.872e-03
6.975e-03
7.129e-03
7.385e-03
6.513e-03
6.462e-03
5.744e-03
5.641e-03
4.718e-03
5.231e-03
4.513e-03
5.180e-03
4.462e-03
4.667e-03
4.564e-03
4.000e-03
3.077e-03
4.821e-03
4.616e-03
4.513e-03
5.282e-03
4.718e-03
4.975e-03
5.949e-03
7.590e-03
5.539e-03
7.282e-03
3.385e-03
4.103e-03
3.128e-03
3.949e-03
3.436e-03
3.539e-03
2.513e-03
3.590e-03
3.282e-03
3.385e-03
2.872e-03
3.692e-03
3.590e-03
3.692e-03
3.334e-03
3.334e-03
3.334e-03
3.180e-03
3.026e-03
2.718e-03
3.026e-03
3.231e-03
4.051e-03
3.641e-03
4.103e-03
3.641e-03
5.077e-03
3.539e-03
2.769e-03
3.692e-03
2.975e-03
2.462e-03
2.564e-03
2.616e-03
2.257e-03
2.308e-03
1.898e-03
1.949e-03
1.590e-03
2.051e-03
2.000e-03
1.487e-03
1.744e-03
1.744e-03
1.539e-03
2.462e-03
1.180e-03
1.436e-03
1.487e-03
1.436e-03
1.795e-03
1.744e-03
1.590e-03
1.385e-03
2.000e-03
1.487e-03
1.744e-03
1.539e-03
2.000e-03
2.000e-03
2.051e-03
2.308e-03
2.359e-03
2.410e-03
2.051e-03
2.410e-03
2.923e-03
3.077e-03
2.769e-03
2.667e-03
3.026e-03
2.872e-03
2.564e-03
3.128e-03
3.231e-03
2.872e-03
3.641e-03
3.231e-03
3.846e-03
2.667e-03
2.718e-03
2.462e-03
3.436e-03
3.795e-03
3.180e-03
3.077e-03
3.641e-03
4.103e-03
6.770e-03
3.539e-03
4.718e-03
3.282e-03
3.077e-03
2.616e-03
2.616e-03
3.231e-03
2.616e-03
2.616e-03
3.026e-03
3.077e-03
3.692e-03
3.539e-03
3.077e-03
2.718e-03
2.769e-03
2.821e-03
2.616e-03
2.718e-03
2.769e-03
2.616e-03
2.616e-03
2.359e-03
2.154e-03
2.667e-03
2.308e-03
2.718e-03
2.154e-03
1.949e-03
1.641e-03
1.795e-03
1.180e-03
1.898e-03
1.333e-03
1.436e-03
2.051e-03
1.795e-03
2.154e-03
1.590e-03
1.385e-03
1.846e-03
1.436e-03
1.026e-03
2.051e-03
1.282e-03
1.846e-03
2.154e-03
1.282e-03
1.949e-03
1.539e-03
2.051e-03
1.231e-03
2.667e-03
1.898e-03
2.205e-03
2.410e-03
2.769e-03
2.257e-03
3.231e-03
3.436e-03
4.462e-03
5.077e-03
4.462e-03
3.385e-03
3.590e-03
3.487e-03
2.975e-03
2.667e-03
2.872e-03
2.718e-03
3.334e-03
3.026e-03
3.487e-03
3.128e-03
3.539e-03
2.308e-03
3.487e-03
4.051e-03
3.385e-03
3.744e-03
3.128e-03
3.128e-03
2.462e-03
3.026e-03
3.692e-03
3.692e-03
4.000e-03
4.513e-03
5.436e-03
5.539e-03
6.359e-03
5.898e-03
5.487e-03
3.898e-03
4.821e-03
4.410e-03
3.898e-03
4.513e-03
3.949e-03
4.257e-03
5.385e-03
4.564e-03
4.257e-03
5.487e-03
5.795e-03
5.128e-03
5.539e-03
6.257e-03
5.846e-03
7.180e-03
6.154e-03
7.847e-03
7.949e-03
6.923e-03
8.411e-03
7.077e-03
9.590e-03
8.411e-03
8.308e-03
8.667e-03
4.923e-03
5.436e-03
5.077e-03
3.846e-03
2.923e-03
3.539e-03
2.667e-03
2.769e-03
2.359e-03
2.359e-03
2.410e-03
1.692e-03
2.103e-03
1.949e-03
1.436e-03
1.590e-03
1.180e-03
8.718e-04
9.231e-04
7.180e-04
1.333e-03
1.077e-03
9.744e-04
6.154e-04
8.718e-04
8.718e-04
3.590e-04
4.616e-04
4.103e-04
4.103e-04
6.154e-04
3.077e-04
8.206e-04
1.539e-04
2.564e-04
2.051e-04
1.539e-04
2.564e-04
3.590e-04
3.590e-04
3.077e-04
4.103e-04
4.103e-04
2.051e-04
4.103e-04
2.564e-04
2.051e-04
2.051e-04
1.539e-04
2.564e-04
2.564e-04
2.564e-04
2.051e-04
2.051e-04
1.026e-04
2.564e-04
3.590e-04
4.103e-04
3.077e-04
