7.693e-05
7.693e-05
1.026e-04
5.128e-05
7.693e-05
5.128e-05
7.693e-05
1.026e-04
7.693e-05
5.128e-05
5.128e-05
7.693e-05
1.282e-04
5.128e-05
1.282e-04
2.564e-05
7.693e-05
1.026e-04
5.128e-05
1.026e-04
5.128e-05
2.564e-05
2.564e-04
2.051e-04
1.539e-04
1.282e-04
1.026e-04
1.026e-04
1.026e-04
2.821e-04
1.282e-04
1.282e-04
3.590e-04
5.128e-05
1.795e-04
1.795e-04
3.077e-04
1.539e-04
3.334e-04
3.590e-04
2.821e-04
4.359e-04
4.359e-04
3.590e-04
3.846e-04
6.923e-04
5.898e-04
4.872e-04
7.949e-04
7.949e-04
1.128e-03
7.180e-04
1.205e-03
1.000e-03
1.667e-03
1.718e-03
2.128e-03
1.898e-03
2.231e-03
2.795e-03
2.949e-03
3.077e-03
3.231e-03
3.282e-03
3.667e-03
3.308e-03
3.616e-03
3.308e-03
3.616e-03
3.667e-03
3.051e-03
3.205e-03
2.872e-03
2.949e-03
3.410e-03
3.180e-03
2.975e-03
3.282e-03
2.923e-03
3.359e-03
2.846e-03
3.154e-03
2.333e-03
3.026e-03
2.462e-03
2.641e-03
2.769e-03
2.359e-03
2.641e-03
2.257e-03
2.692e-03
2.898e-03
3.026e-03
2.539e-03
2.051e-03
2.462e-03
2.308e-03
2.128e-03
2.077e-03
2.026e-03
1.615e-03
1.641e-03
1.385e-03
1.974e-03
1.667e-03
1.513e-03
1.410e-03
1.564e-03
1.385e-03
1.231e-03
1.692e-03
1.180e-03
1.154e-03
1.205e-03
1.539e-03
1.077e-03
1.231e-03
9.744e-04
1.487e-03
1.308e-03
1.231e-03
1.385e-03
9.231e-04
8.462e-04
1.000e-03
9.488e-04
1.154e-03
9.744e-04
8.462e-04
9.488e-04
7.949e-04
1.256e-03
7.180e-04
7.180e-04
1.077e-03
1.000e-03
9.231e-04
8.975e-04
9.231e-04
1.026e-03
7.436e-04
8.718e-04
6.154e-04
8.718e-04
1.026e-03
1.000e-03
7.180e-04
1.077e-03
1.051e-03
8.718e-04
1.051e-03
1.154e-03
1.205e-03
1.231e-03
1.026e-03
9.231e-04
1.615e-03
1.282e-03
1.282e-03
1.462e-03
1.256e-03
1.205e-03
1.513e-03
1.513e-03
2.000e-03
1.590e-03
1.821e-03
1.513e-03
2.026e-03
1.641e-03
2.103e-03
2.308e-03
2.257e-03
1.923e-03
2.282e-03
2.077e-03
1.846e-03
2.000e-03
2.282e-03
2.308e-03
2.077e-03
2.282e-03
2.000e-03
2.616e-03
1.923e-03
1.846e-03
1.821e-03
1.974e-03
1.923e-03
2.154e-03
2.077e-03
2.077e-03
1.744e-03
1.718e-03
2.103e-03
1.487e-03
1.359e-03
1.103e-03
1.385e-03
1.359e-03
1.077e-03
1.590e-03
8.975e-04
1.231e-03
1.180e-03
1.154e-03
1.154e-03
7.693e-04
1.051e-03
7.949e-04
1.000e-03
9.744e-04
9.231e-04
8.975e-04
1.205e-03
8.206e-04
1.103e-03
7.180e-04
7.693e-04
7.693e-04
7.180e-04
6.667e-04
8.718e-04
8.718e-04
9.488e-04
7.180e-04
6.411e-04
6.923e-04
8.975e-04
1.000e-03
8.462e-04
1.231e-03
8.975e-04
9.744e-04
1.077e-03
1.103e-03
1.154e-03
9.744e-04
9.744e-04
1.000e-03
1.308e-03
1.205e-03
1.462e-03
1.000e-03
1.359e-03
1.513e-03
1.256e-03
1.385e-03
1.282e-03
1.462e-03
1.333e-03
1.205e-03
1.692e-03
1.462e-03
1.359e-03
1.436e-03
1.821e-03
1.846e-03
1.923e-03
1.898e-03
2.128e-03
2.436e-03
1.872e-03
2.128e-03
2.436e-03
1.872e-03
2.359e-03
2.513e-03
2.385e-03
2.154e-03
2.590e-03
2.744e-03
2.616e-03
2.795e-03
2.564e-03
3.103e-03
2.744e-03
3.718e-03
3.000e-03
2.821e-03
2.385e-03
3.000e-03
2.641e-03
3.128e-03
3.385e-03
2.975e-03
2.641e-03
3.026e-03
3.744e-03
3.282e-03
3.539e-03
4.051e-03
3.513e-03
2.975e-03
3.282e-03
3.308e-03
3.231e-03
3.718e-03
3.154e-03
3.410e-03
2.872e-03
3.077e-03
1.769e-03
2.590e-03
1.615e-03
1.692e-03
1.436e-03
1.205e-03
1.282e-03
1.154e-03
1.128e-03
1.282e-03
7.436e-04
7.436e-04
5.385e-04
3.846e-04
3.077e-04
3.846e-04
4.616e-04
3.590e-04
3.334e-04
1.795e-04
2.051e-04
4.616e-04
1.795e-04
1.539e-04
3.077e-04
2.308e-04
2.308e-04
2.564e-05
2.308e-04
1.539e-04
1.282e-04
7.693e-05
1.795e-04
2.308e-04
1.539e-04
1.795e-04
1.795e-04
1.795e-04
2.051e-04
2.051e-04
1.026e-04
5.128e-05
1.539e-04
1.026e-04
1.539e-04
5.128e-05
1.795e-04
5.128e-05
2.051e-04
2.564e-05
7.693e-05
1.026e-04
0.000e+00
7.693e-05
1.539e-04
1.795e-04
2.564e-05
7.693e-05
