0.000e+00
0.000e+00
0.000e+00
0.000e+00
0.000e+00
0.000e+00
0.000e+00
0.000e+00
0.000e+00
0.000e+00
0.000e+00
0.000e+00
0.000e+00
0.000e+00
0.000e+00
0.000e+00
0.000e+00
0.000e+00
0.000e+00
0.000e+00
0.000e+00
0.000e+00
0.000e+00
0.000e+00
0.000e+00
0.000e+00
0.000e+00
0.000e+00
0.000e+00
0.000e+00
0.000e+00
0.000e+00
0.000e+00
0.000e+00
0.000e+00
0.000e+00
0.000e+00
0.000e+00
0.000e+00
0.000e+00
0.000e+00
0.000e+00
1.786e-03
0.000e+00
0.000e+00
0.000e+00
0.000e+00
0.000e+00
0.000e+00
0.000e+00
0.000e+00
1.786e-03
1.786e-03
1.786e-03
1.786e-03
5.357e-03
0.000e+00
3.571e-03
0.000e+00
0.000e+00
0.000e+00
1.071e-02
7.143e-03
7.143e-03
3.571e-03
1.250e-02
5.357e-03
5.357e-03
8.929e-03
1.607e-02
3.571e-03
7.143e-03
5.357e-03
5.357e-03
1.071e-02
5.357e-03
5.357e-03
3.571e-03
8.929e-03
8.929e-03
1.071e-02
1.786e-03
1.786e-03
5.357e-03
7.143e-03
7.143e-03
3.571e-03
8.929e-03
5.357e-03
1.786e-03
1.786e-03
5.357e-03
3.571e-03
0.000e+00
5.357e-03
1.786e-03
0.000e+00
1.786e-03
0.000e+00
0.000e+00
0.000e+00
0.000e+00
0.000e+00
0.000e+00
3.571e-03
1.786e-03
0.000e+00
0.000e+00
0.000e+00
0.000e+00
0.000e+00
1.786e-03
1.786e-03
0.000e+00
1.786e-03
0.000e+00
1.786e-03
1.786e-03
1.786e-03
0.000e+00
0.000e+00
0.000e+00
0.000e+00
0.000e+00
0.000e+00
1.786e-03
0.000e+00
0.000e+00
0.000e+00
0.000e+00
0.000e+00
0.000e+00
0.000e+00
0.000e+00
0.000e+00
0.000e+00
0.000e+00
0.000e+00
0.000e+00
0.000e+00
0.000e+00
0.000e+00
0.000e+00
0.000e+00
0.000e+00
0.000e+00
0.000e+00
0.000e+00
0.000e+00
0.000e+00
0.000e+00
0.000e+00
0.000e+00
0.000e+00
0.000e+00
0.000e+00
1.786e-03
0.000e+00
0.000e+00
0.000e+00
0.000e+00
0.000e+00
0.000e+00
0.000e+00
0.000e+00
0.000e+00
0.000e+00
0.000e+00
0.000e+00
0.000e+00
0.000e+00
0.000e+00
0.000e+00
0.000e+00
0.000e+00
0.000e+00
0.000e+00
0.000e+00
0.000e+00
0.000e+00
0.000e+00
0.000e+00
0.000e+00
0.000e+00
0.000e+00
0.000e+00
0.000e+00
0.000e+00
0.000e+00
0.000e+00
0.000e+00
0.000e+00
0.000e+00
0.000e+00
0.000e+00
0.000e+00
0.000e+00
0.000e+00
0.000e+00
0.000e+00
0.000e+00
0.000e+00
0.000e+00
0.000e+00
0.000e+00
0.000e+00
0.000e+00
0.000e+00
0.000e+00
0.000e+00
0.000e+00
0.000e+00
0.000e+00
0.000e+00
0.000e+00
0.000e+00
0.000e+00
0.000e+00
0.000e+00
0.000e+00
0.000e+00
0.000e+00
0.000e+00
0.000e+00
0.000e+00
0.000e+00
0.000e+00
0.000e+00
0.000e+00
0.000e+00
0.000e+00
0.000e+00
0.000e+00
0.000e+00
0.000e+00
1.786e-03
1.786e-03
0.000e+00
0.000e+00
0.000e+00
0.000e+00
0.000e+00
0.000e+00
0.000e+00
1.786e-03
1.786e-03
0.000e+00
0.000e+00
0.000e+00
0.000e+00
0.000e+00
0.000e+00
0.000e+00
0.000e+00
1.786e-03
1.786e-03
0.000e+00
0.000e+00
1.786e-03
0.000e+00
3.571e-03
3.571e-03
1.786e-03
0.000e+00
1.786e-03
1.786e-03
3.571e-03
0.000e+00
5.357e-03
1.786e-03
1.786e-03
5.357e-03
8.929e-03
1.786e-03
5.357e-03
1.786e-03
8.929e-03
1.071e-02
7.143e-03
8.929e-03
3.571e-03
5.357e-03
1.071e-02
8.929e-03
5.357e-03
1.250e-02
1.250e-02
1.250e-02
5.357e-03
7.143e-03
8.929e-03
7.143e-03
7.143e-03
3.571e-03
0.000e+00
7.143e-03
5.357e-03
3.571e-03
1.786e-03
5.357e-03
0.000e+00
0.000e+00
3.571e-03
3.571e-03
0.000e+00
5.357e-03
1.786e-03
0.000e+00
0.000e+00
0.000e+00
0.000e+00
0.000e+00
0.000e+00
1.786e-03
0.000e+00
0.000e+00
0.000e+00
0.000e+00
0.000e+00
0.000e+00
0.000e+00
0.000e+00
1.786e-03
0.000e+00
0.000e+00
0.000e+00
0.000e+00
0.000e+00
0.000e+00
0.000e+00
0.000e+00
0.000e+00
0.000e+00
0.000e+00
0.000e+00
0.000e+00
0.000e+00
0.000e+00
0.000e+00
0.000e+00
0.000e+00
0.000e+00
0.000e+00
0.000e+00
0.000e+00
0.000e+00
0.000e+00
0.000e+00
0.000e+00
0.000e+00
0.000e+00
0.000e+00
0.000e+00
0.000e+00
0.000e+00
0.000e+00
0.000e+00
0.000e+00
0.000e+00
0.000e+00
