3.571e-03
0.000e+00
0.000e+00
0.000e+00
0.000e+00
0.000e+00
0.000e+00
0.000e+00
0.000e+00
3.571e-03
0.000e+00
0.000e+00
0.000e+00
0.000e+00
0.000e+00
0.000e+00
0.000e+00
0.000e+00
0.000e+00
0.000e+00
0.000e+00
0.000e+00
0.000e+00
3.571e-03
0.000e+00
0.000e+00
0.000e+00
3.571e-03
0.000e+00
3.571e-03
0.000e+00
0.000e+00
0.000e+00
0.000e+00
0.000e+00
0.000e+00
0.000e+00
3.571e-03
0.000e+00
0.000e+00
0.000e+00
0.000e+00
0.000e+00
0.000e+00
7.143e-03
0.000e+00
0.000e+00
0.000e+00
7.143e-03
3.571e-03
7.143e-03
3.571e-03
7.143e-03
1.429e-02
7.143e-03
0.000e+00
0.000e+00
1.429e-02
1.071e-02
7.143e-03
2.500e-02
1.786e-02
0.000e+00
0.000e+00
1.429e-02
7.143e-03
7.143e-03
1.071e-02
1.429e-02
7.143e-03
7.143e-03
1.071e-02
1.786e-02
3.571e-03
7.143e-03
1.429e-02
7.143e-03
3.571e-03
1.071e-02
1.071e-02
0.000e+00
3.571e-03
1.071e-02
0.000e+00
7.143e-03
3.571e-03
1.071e-02
7.143e-03
0.000e+00
3.571e-03
1.071e-02
0.000e+00
7.143e-03
7.143e-03
7.143e-03
3.571e-03
7.143e-03
3.571e-03
3.571e-03
7.143e-03
0.000e+00
0.000e+00
1.071e-02
0.000e+00
3.571e-03
3.571e-03
3.571e-03
3.571e-03
0.000e+00
0.000e+00
3.571e-03
3.571e-03
7.143e-03
0.000e+00
0.000e+00
0.000e+00
3.571e-03
3.571e-03
0.000e+00
7.143e-03
3.571e-03
3.571e-03
3.571e-03
3.571e-03
3.571e-03
0.000e+00
0.000e+00
0.000e+00
3.571e-03
0.000e+00
0.000e+00
0.000e+00
0.000e+00
0.000e+00
0.000e+00
3.571e-03
0.000e+00
0.000e+00
0.000e+00
0.000e+00
0.000e+00
0.000e+00
0.000e+00
3.571e-03
0.000e+00
0.000e+00
3.571e-03
0.000e+00
0.000e+00
0.000e+00
0.000e+00
0.000e+00
0.000e+00
0.000e+00
3.571e-03
0.000e+00
0.000e+00
0.000e+00
0.000e+00
0.000e+00
0.000e+00
0.000e+00
0.000e+00
0.000e+00
0.000e+00
0.000e+00
0.000e+00
0.000e+00
0.000e+00
0.000e+00
0.000e+00
0.000e+00
3.571e-03
0.000e+00
0.000e+00
0.000e+00
0.000e+00
0.000e+00
0.000e+00
0.000e+00
3.571e-03
0.000e+00
0.000e+00
0.000e+00
0.000e+00
0.000e+00
0.000e+00
0.000e+00
0.000e+00
0.000e+00
0.000e+00
0.000e+00
0.000e+00
0.000e+00
0.000e+00
0.000e+00
0.000e+00
0.000e+00
0.000e+00
3.571e-03
3.571e-03
0.000e+00
3.571e-03
0.000e+00
0.000e+00
0.000e+00
0.000e+00
0.000e+00
0.000e+00
0.000e+00
0.000e+00
0.000e+00
0.000e+00
0.000e+00
0.000e+00
0.000e+00
0.000e+00
0.000e+00
0.000e+00
0.000e+00
0.000e+00
0.000e+00
0.000e+00
3.571e-03
3.571e-03
0.000e+00
0.000e+00
0.000e+00
0.000e+00
0.000e+00
0.000e+00
0.000e+00
0.000e+00
0.000e+00
0.000e+00
0.000e+00
0.000e+00
3.571e-03
3.571e-03
3.571e-03
3.571e-03
7.143e-03
0.000e+00
0.000e+00
0.000e+00
0.000e+00
0.000e+00
3.571e-03
0.000e+00
0.000e+00
0.000e+00
0.000e+00
0.000e+00
0.000e+00
7.143e-03
0.000e+00
7.143e-03
0.000e+00
0.000e+00
1.429e-02
1.786e-02
3.571e-03
7.143e-03
1.429e-02
3.571e-03
1.071e-02
1.786e-02
3.571e-03
0.000e+00
3.571e-03
7.143e-03
1.429e-02
7.143e-03
7.143e-03
1.071e-02
1.429e-02
7.143e-03
7.143e-03
7.143e-03
1.786e-02
0.000e+00
3.571e-03
1.071e-02
1.429e-02
0.000e+00
3.571e-03
3.214e-02
3.571e-03
3.571e-03
7.143e-03
3.571e-03
3.571e-03
1.429e-02
3.571e-03
1.071e-02
1.071e-02
0.000e+00
7.143e-03
1.071e-02
1.429e-02
0.000e+00
1.071e-02
7.143e-03
3.571e-03
3.571e-03
0.000e+00
0.000e+00
7.143e-03
7.143e-03
7.143e-03
7.143e-03
3.571e-03
3.571e-03
0.000e+00
3.571e-03
0.000e+00
7.143e-03
3.571e-03
0.000e+00
0.000e+00
0.000e+00
0.000e+00
0.000e+00
0.000e+00
0.000e+00
0.000e+00
3.571e-03
0.000e+00
0.000e+00
0.000e+00
0.000e+00
0.000e+00
0.000e+00
0.000e+00
0.000e+00
0.000e+00
0.000e+00
0.000e+00
0.000e+00
0.000e+00
0.000e+00
0.000e+00
0.000e+00
0.000e+00
0.000e+00
0.000e+00
0.000e+00
0.000e+00
3.571e-03
0.000e+00
0.000e+00
0.000e+00
0.000e+00
0.000e+00
0.000e+00
0.000e+00
0.000e+00
0.000e+00
0.000e+00
0.000e+00
