0.000e+00
0.000e+00
0.000e+00
0.000e+00
0.000e+00
0.000e+00
0.000e+00
0.000e+00
0.000e+00
0.000e+00
0.000e+00
0.000e+00
0.000e+00
0.000e+00
0.000e+00
0.000e+00
0.000e+00
0.000e+00
0.000e+00
0.000e+00
0.000e+00
0.000e+00
0.000e+00
0.000e+00
0.000e+00
0.000e+00
0.000e+00
0.000e+00
0.000e+00
0.000e+00
0.000e+00
0.000e+00
0.000e+00
0.000e+00
0.000e+00
0.000e+00
0.000e+00
0.000e+00
0.000e+00
0.000e+00
0.000e+00
0.000e+00
1.488e-03
0.000e+00
0.000e+00
0.000e+00
0.000e+00
0.000e+00
0.000e+00
0.000e+00
0.000e+00
1.488e-03
1.488e-03
1.488e-03
1.488e-03
4.464e-03
0.000e+00
2.976e-03
0.000e+00
0.000e+00
0.000e+00
8.929e-03
5.952e-03
7.440e-03
2.976e-03
1.042e-02
4.464e-03
5.952e-03
7.440e-03
1.339e-02
4.464e-03
5.952e-03
4.464e-03
5.952e-03
8.929e-03
5.952e-03
4.464e-03
2.976e-03
1.042e-02
7.440e-03
1.042e-02
1.488e-03
5.952e-03
7.440e-03
7.440e-03
8.929e-03
4.464e-03
8.929e-03
4.464e-03
1.488e-03
1.488e-03
4.464e-03
2.976e-03
1.488e-03
5.952e-03
1.488e-03
1.488e-03
1.488e-03
0.000e+00
1.488e-03
0.000e+00
0.000e+00
0.000e+00
0.000e+00
4.464e-03
2.976e-03
0.000e+00
0.000e+00
0.000e+00
0.000e+00
1.488e-03
1.488e-03
1.488e-03
0.000e+00
1.488e-03
0.000e+00
1.488e-03
1.488e-03
1.488e-03
1.488e-03
0.000e+00
0.000e+00
0.000e+00
0.000e+00
1.488e-03
1.488e-03
0.000e+00
0.000e+00
0.000e+00
0.000e+00
0.000e+00
0.000e+00
0.000e+00
0.000e+00
0.000e+00
0.000e+00
0.000e+00
0.000e+00
0.000e+00
0.000e+00
0.000e+00
0.000e+00
0.000e+00
0.000e+00
0.000e+00
0.000e+00
0.000e+00
0.000e+00
0.000e+00
0.000e+00
0.000e+00
0.000e+00
0.000e+00
0.000e+00
0.000e+00
0.000e+00
1.488e-03
0.000e+00
0.000e+00
0.000e+00
0.000e+00
0.000e+00
0.000e+00
0.000e+00
0.000e+00
0.000e+00
0.000e+00
0.000e+00
0.000e+00
0.000e+00
0.000e+00
0.000e+00
0.000e+00
0.000e+00
0.000e+00
0.000e+00
0.000e+00
0.000e+00
0.000e+00
0.000e+00
0.000e+00
0.000e+00
0.000e+00
0.000e+00
0.000e+00
0.000e+00
0.000e+00
0.000e+00
0.000e+00
0.000e+00
0.000e+00
0.000e+00
0.000e+00
0.000e+00
0.000e+00
0.000e+00
0.000e+00
0.000e+00
0.000e+00
0.000e+00
0.000e+00
0.000e+00
0.000e+00
0.000e+00
0.000e+00
0.000e+00
0.000e+00
0.000e+00
0.000e+00
0.000e+00
0.000e+00
0.000e+00
0.000e+00
0.000e+00
0.000e+00
0.000e+00
0.000e+00
0.000e+00
0.000e+00
0.000e+00
0.000e+00
0.000e+00
0.000e+00
0.000e+00
0.000e+00
0.000e+00
0.000e+00
0.000e+00
0.000e+00
0.000e+00
0.000e+00
0.000e+00
0.000e+00
1.488e-03
0.000e+00
1.488e-03
1.488e-03
0.000e+00
0.000e+00
2.976e-03
0.000e+00
1.488e-03
0.000e+00
0.000e+00
1.488e-03
1.488e-03
0.000e+00
0.000e+00
1.488e-03
0.000e+00
0.000e+00
0.000e+00
0.000e+00
0.000e+00
1.488e-03
1.488e-03
1.488e-03
1.488e-03
1.488e-03
0.000e+00
4.464e-03
2.976e-03
2.976e-03
0.000e+00
2.976e-03
2.976e-03
2.976e-03
1.488e-03
4.464e-03
2.976e-03
2.976e-03
5.952e-03
1.042e-02
1.488e-03
5.952e-03
4.464e-03
7.440e-03
1.042e-02
1.042e-02
8.929e-03
2.976e-03
4.464e-03
8.929e-03
7.440e-03
5.952e-03
1.042e-02
1.339e-02
1.042e-02
4.464e-03
5.952e-03
7.440e-03
5.952e-03
5.952e-03
4.464e-03
0.000e+00
5.952e-03
4.464e-03
2.976e-03
1.488e-03
4.464e-03
0.000e+00
0.000e+00
2.976e-03
2.976e-03
0.000e+00
4.464e-03
1.488e-03
0.000e+00
0.000e+00
0.000e+00
0.000e+00
0.000e+00
0.000e+00
1.488e-03
0.000e+00
0.000e+00
0.000e+00
0.000e+00
0.000e+00
0.000e+00
0.000e+00
0.000e+00
1.488e-03
0.000e+00
0.000e+00
0.000e+00
0.000e+00
0.000e+00
0.000e+00
0.000e+00
0.000e+00
0.000e+00
0.000e+00
0.000e+00
0.000e+00
0.000e+00
0.000e+00
0.000e+00
0.000e+00
0.000e+00
0.000e+00
0.000e+00
0.000e+00
0.000e+00
0.000e+00
0.000e+00
0.000e+00
0.000e+00
0.000e+00
0.000e+00
0.000e+00
0.000e+00
0.000e+00
0.000e+00
0.000e+00
0.000e+00
0.000e+00
0.000e+00
0.000e+00
0.000e+00
