2.976e-03
0.000e+00
0.000e+00
0.000e+00
0.000e+00
0.000e+00
0.000e+00
0.000e+00
0.000e+00
2.976e-03
0.000e+00
0.000e+00
0.000e+00
0.000e+00
0.000e+00
0.000e+00
0.000e+00
0.000e+00
0.000e+00
0.000e+00
0.000e+00
0.000e+00
0.000e+00
2.976e-03
0.000e+00
0.000e+00
0.000e+00
2.976e-03
0.000e+00
2.976e-03
0.000e+00
0.000e+00
0.000e+00
0.000e+00
0.000e+00
0.000e+00
0.000e+00
2.976e-03
0.000e+00
0.000e+00
0.000e+00
0.000e+00
0.000e+00
0.000e+00
5.952e-03
0.000e+00
0.000e+00
0.000e+00
5.952e-03
2.976e-03
5.952e-03
2.976e-03
5.952e-03
1.190e-02
5.952e-03
0.000e+00
0.000e+00
1.488e-02
8.929e-03
5.952e-03
2.083e-02
1.488e-02
0.000e+00
0.000e+00
1.190e-02
5.952e-03
5.952e-03
8.929e-03
1.488e-02
8.929e-03
5.952e-03
8.929e-03
1.786e-02
2.976e-03
5.952e-03
1.190e-02
5.952e-03
5.952e-03
8.929e-03
1.190e-02
2.976e-03
5.952e-03
1.190e-02
2.976e-03
5.952e-03
2.976e-03
1.190e-02
8.929e-03
0.000e+00
8.929e-03
1.190e-02
5.952e-03
5.952e-03
8.929e-03
5.952e-03
5.952e-03
5.952e-03
2.976e-03
5.952e-03
5.952e-03
0.000e+00
0.000e+00
8.929e-03
0.000e+00
5.952e-03
2.976e-03
2.976e-03
5.952e-03
0.000e+00
2.976e-03
5.952e-03
2.976e-03
8.929e-03
0.000e+00
0.000e+00
0.000e+00
5.952e-03
2.976e-03
0.000e+00
5.952e-03
2.976e-03
2.976e-03
2.976e-03
2.976e-03
2.976e-03
0.000e+00
0.000e+00
0.000e+00
2.976e-03
2.976e-03
0.000e+00
0.000e+00
0.000e+00
0.000e+00
0.000e+00
2.976e-03
0.000e+00
0.000e+00
0.000e+00
0.000e+00
0.000e+00
0.000e+00
0.000e+00
2.976e-03
0.000e+00
0.000e+00
2.976e-03
0.000e+00
0.000e+00
0.000e+00
0.000e+00
0.000e+00
0.000e+00
0.000e+00
2.976e-03
0.000e+00
0.000e+00
0.000e+00
0.000e+00
0.000e+00
0.000e+00
0.000e+00
0.000e+00
0.000e+00
0.000e+00
0.000e+00
0.000e+00
0.000e+00
0.000e+00
0.000e+00
0.000e+00
0.000e+00
2.976e-03
0.000e+00
0.000e+00
0.000e+00
0.000e+00
0.000e+00
0.000e+00
0.000e+00
2.976e-03
0.000e+00
0.000e+00
0.000e+00
0.000e+00
0.000e+00
0.000e+00
0.000e+00
0.000e+00
0.000e+00
0.000e+00
0.000e+00
0.000e+00
0.000e+00
0.000e+00
0.000e+00
0.000e+00
0.000e+00
0.000e+00
2.976e-03
2.976e-03
0.000e+00
2.976e-03
0.000e+00
0.000e+00
0.000e+00
0.000e+00
0.000e+00
0.000e+00
0.000e+00
0.000e+00
0.000e+00
0.000e+00
0.000e+00
0.000e+00
0.000e+00
0.000e+00
0.000e+00
0.000e+00
0.000e+00
0.000e+00
0.000e+00
0.000e+00
2.976e-03
5.952e-03
0.000e+00
2.976e-03
0.000e+00
2.976e-03
0.000e+00
0.000e+00
0.000e+00
0.000e+00
0.000e+00
0.000e+00
0.000e+00
0.000e+00
2.976e-03
2.976e-03
2.976e-03
2.976e-03
5.952e-03
0.000e+00
2.976e-03
0.000e+00
0.000e+00
2.976e-03
2.976e-03
0.000e+00
0.000e+00
0.000e+00
0.000e+00
0.000e+00
2.976e-03
5.952e-03
2.976e-03
8.929e-03
2.976e-03
2.976e-03
1.190e-02
1.488e-02
2.976e-03
8.929e-03
1.190e-02
2.976e-03
1.190e-02
1.488e-02
2.976e-03
2.976e-03
8.929e-03
5.952e-03
1.190e-02
8.929e-03
8.929e-03
8.929e-03
2.083e-02
5.952e-03
8.929e-03
5.952e-03
1.488e-02
2.976e-03
5.952e-03
1.488e-02
1.190e-02
0.000e+00
2.976e-03
2.679e-02
2.976e-03
2.976e-03
5.952e-03
5.952e-03
2.976e-03
1.488e-02
2.976e-03
1.190e-02
8.929e-03
0.000e+00
5.952e-03
8.929e-03
1.190e-02
0.000e+00
8.929e-03
8.929e-03
2.976e-03
2.976e-03
0.000e+00
0.000e+00
5.952e-03
5.952e-03
5.952e-03
5.952e-03
2.976e-03
2.976e-03
0.000e+00
2.976e-03
0.000e+00
5.952e-03
2.976e-03
0.000e+00
0.000e+00
0.000e+00
0.000e+00
0.000e+00
0.000e+00
0.000e+00
0.000e+00
2.976e-03
0.000e+00
0.000e+00
0.000e+00
0.000e+00
0.000e+00
0.000e+00
0.000e+00
0.000e+00
0.000e+00
0.000e+00
0.000e+00
0.000e+00
0.000e+00
0.000e+00
0.000e+00
0.000e+00
0.000e+00
0.000e+00
0.000e+00
0.000e+00
0.000e+00
2.976e-03
0.000e+00
0.000e+00
0.000e+00
0.000e+00
0.000e+00
0.000e+00
0.000e+00
0.000e+00
0.000e+00
0.000e+00
0.000e+00
