0.000e+00
0.000e+00
0.000e+00
0.000e+00
0.000e+00
0.000e+00
0.000e+00
0.000e+00
0.000e+00
0.000e+00
0.000e+00
0.000e+00
0.000e+00
0.000e+00
0.000e+00
0.000e+00
0.000e+00
0.000e+00
0.000e+00
0.000e+00
0.000e+00
0.000e+00
0.000e+00
0.000e+00
0.000e+00
0.000e+00
0.000e+00
2.193e-04
0.000e+00
0.000e+00
0.000e+00
0.000e+00
0.000e+00
0.000e+00
2.193e-04
0.000e+00
0.000e+00
0.000e+00
0.000e+00
0.000e+00
6.579e-04
0.000e+00
0.000e+00
0.000e+00
0.000e+00
6.579e-04
2.193e-04
2.193e-04
4.386e-04
1.096e-03
4.386e-04
4.386e-04
2.193e-04
8.772e-04
1.096e-03
1.754e-03
1.974e-03
2.412e-03
3.070e-03
1.974e-03
3.070e-03
3.728e-03
3.947e-03
7.237e-03
6.140e-03
6.798e-03
9.649e-03
9.211e-03
8.333e-03
8.553e-03
8.772e-03
1.118e-02
8.114e-03
9.868e-03
8.991e-03
7.237e-03
6.140e-03
6.140e-03
4.386e-03
4.386e-03
4.605e-03
7.018e-03
6.360e-03
4.167e-03
4.167e-03
3.509e-03
3.289e-03
1.535e-03
2.193e-03
1.974e-03
2.412e-03
1.974e-03
4.386e-04
1.754e-03
2.632e-03
1.096e-03
1.096e-03
1.535e-03
1.754e-03
1.316e-03
1.754e-03
1.316e-03
4.386e-04
1.096e-03
8.772e-04
1.535e-03
6.579e-04
1.754e-03
6.579e-04
1.316e-03
2.193e-04
1.535e-03
6.579e-04
2.193e-04
1.096e-03
8.772e-04
1.096e-03
8.772e-04
8.772e-04
4.386e-04
1.096e-03
2.193e-04
4.386e-04
4.386e-04
4.386e-04
4.386e-04
4.386e-04
8.772e-04
2.193e-04
6.579e-04
2.193e-04
0.000e+00
6.579e-04
2.193e-04
2.193e-04
4.386e-04
4.386e-04
2.193e-04
4.386e-04
4.386e-04
2.193e-04
2.193e-04
0.000e+00
6.579e-04
2.193e-04
0.000e+00
0.000e+00
0.000e+00
0.000e+00
0.000e+00
0.000e+00
2.193e-04
2.193e-04
4.386e-04
0.000e+00
2.193e-04
6.579e-04
2.193e-04
6.579e-04
0.000e+00
2.193e-04
2.193e-04
0.000e+00
4.386e-04
0.000e+00
0.000e+00
0.000e+00
2.193e-04
0.000e+00
2.193e-04
2.193e-04
2.193e-04
2.193e-04
2.193e-04
2.193e-04
6.579e-04
4.386e-04
0.000e+00
0.000e+00
2.193e-04
2.193e-04
0.000e+00
4.386e-04
8.772e-04
0.000e+00
2.193e-04
6.579e-04
0.000e+00
0.000e+00
0.000e+00
4.386e-04
2.193e-04
0.000e+00
0.000e+00
0.000e+00
0.000e+00
4.386e-04
4.386e-04
2.193e-04
0.000e+00
2.193e-04
0.000e+00
6.579e-04
2.193e-04
2.193e-04
4.386e-04
4.386e-04
0.000e+00
2.193e-04
6.579e-04
0.000e+00
2.193e-04
0.000e+00
0.000e+00
2.193e-04
0.000e+00
0.000e+00
2.193e-04
2.193e-04
0.000e+00
4.386e-04
2.193e-04
0.000e+00
4.386e-04
2.193e-04
0.000e+00
4.386e-04
2.193e-04
4.386e-04
4.386e-04
2.193e-04
4.386e-04
2.193e-04
2.193e-04
4.386e-04
1.096e-03
4.386e-04
6.579e-04
4.386e-04
2.193e-04
2.193e-04
2.193e-04
8.772e-04
1.316e-03
2.193e-04
8.772e-04
2.193e-04
1.316e-03
1.096e-03
6.579e-04
8.772e-04
1.316e-03
8.772e-04
4.386e-04
8.772e-04
1.096e-03
1.096e-03
1.316e-03
4.386e-04
1.535e-03
8.772e-04
2.412e-03
1.316e-03
1.754e-03
8.772e-04
2.193e-04
3.070e-03
1.754e-03
3.289e-03
3.070e-03
1.974e-03
1.754e-03
3.289e-03
3.070e-03
1.974e-03
3.289e-03
4.605e-03
3.070e-03
4.386e-03
4.167e-03
7.018e-03
4.825e-03
6.140e-03
4.825e-03
6.798e-03
5.702e-03
6.140e-03
7.895e-03
8.991e-03
8.991e-03
1.053e-02
9.649e-03
7.018e-03
6.360e-03
9.649e-03
7.895e-03
7.456e-03
6.360e-03
7.456e-03
6.140e-03
4.167e-03
3.728e-03
2.193e-03
2.412e-03
1.096e-03
1.316e-03
1.316e-03
6.579e-04
6.579e-04
8.772e-04
0.000e+00
2.193e-04
6.579e-04
4.386e-04
2.193e-04
4.386e-04
0.000e+00
0.000e+00
2.193e-04
0.000e+00
0.000e+00
2.193e-04
0.000e+00
0.000e+00
0.000e+00
0.000e+00
2.193e-04
2.193e-04
0.000e+00
0.000e+00
2.193e-04
0.000e+00
0.000e+00
0.000e+00
0.000e+00
0.000e+00
0.000e+00
0.000e+00
0.000e+00
0.000e+00
0.000e+00
0.000e+00
0.000e+00
0.000e+00
0.000e+00
0.000e+00
0.000e+00
0.000e+00
0.000e+00
0.000e+00
0.000e+00
0.000e+00
0.000e+00
0.000e+00
0.000e+00
0.000e+00
0.000e+00
0.000e+00
0.000e+00
0.000e+00
