0.000e+00
0.000e+00
0.000e+00
4.386e-04
0.000e+00
0.000e+00
0.000e+00
0.000e+00
0.000e+00
0.000e+00
0.000e+00
4.386e-04
0.000e+00
4.386e-04
0.000e+00
0.000e+00
4.386e-04
0.000e+00
8.772e-04
4.386e-04
0.000e+00
0.000e+00
0.000e+00
0.000e+00
4.386e-04
0.000e+00
4.386e-04
0.000e+00
4.386e-04
0.000e+00
8.772e-04
4.386e-04
0.000e+00
0.000e+00
0.000e+00
8.772e-04
8.772e-04
0.000e+00
1.316e-03
0.000e+00
0.000e+00
3.509e-03
1.316e-03
1.316e-03
4.386e-04
1.754e-03
8.772e-04
1.316e-03
1.754e-03
2.193e-03
1.316e-03
1.754e-03
3.947e-03
1.754e-03
3.509e-03
3.509e-03
7.456e-03
5.263e-03
4.386e-03
4.825e-03
7.895e-03
9.211e-03
5.263e-03
7.018e-03
9.211e-03
1.009e-02
1.360e-02
2.105e-02
2.500e-02
2.193e-02
1.842e-02
1.798e-02
1.053e-02
1.623e-02
1.184e-02
1.360e-02
1.140e-02
1.053e-02
1.009e-02
4.386e-03
1.053e-02
9.211e-03
4.825e-03
6.140e-03
5.263e-03
3.947e-03
4.825e-03
3.070e-03
3.070e-03
2.632e-03
4.386e-03
3.070e-03
1.754e-03
2.193e-03
4.386e-03
2.193e-03
1.754e-03
3.070e-03
2.193e-03
1.316e-03
3.070e-03
1.316e-03
2.193e-03
8.772e-04
2.193e-03
2.193e-03
8.772e-04
2.632e-03
2.632e-03
2.193e-03
1.754e-03
4.386e-04
8.772e-04
8.772e-04
2.632e-03
2.193e-03
8.772e-04
2.193e-03
2.193e-03
8.772e-04
2.632e-03
8.772e-04
3.947e-03
4.386e-04
8.772e-04
1.754e-03
1.316e-03
2.193e-03
8.772e-04
2.632e-03
3.070e-03
1.316e-03
8.772e-04
1.754e-03
3.070e-03
1.316e-03
2.632e-03
1.754e-03
2.193e-03
1.754e-03
4.386e-04
1.316e-03
1.316e-03
4.386e-04
1.754e-03
8.772e-04
1.316e-03
1.754e-03
8.772e-04
1.316e-03
2.193e-03
1.316e-03
0.000e+00
0.000e+00
8.772e-04
8.772e-04
1.754e-03
1.316e-03
0.000e+00
8.772e-04
4.386e-04
4.386e-04
4.386e-04
0.000e+00
1.316e-03
4.386e-04
4.386e-04
4.386e-04
4.386e-04
4.386e-04
4.386e-04
8.772e-04
0.000e+00
0.000e+00
0.000e+00
8.772e-04
4.386e-04
4.386e-04
4.386e-04
2.193e-03
2.193e-03
4.386e-04
4.386e-04
2.632e-03
4.386e-04
4.386e-04
1.316e-03
0.000e+00
4.386e-04
0.000e+00
0.000e+00
4.386e-04
1.316e-03
8.772e-04
1.316e-03
8.772e-04
8.772e-04
4.386e-04
4.386e-04
1.316e-03
4.386e-04
4.386e-04
1.316e-03
0.000e+00
8.772e-04
8.772e-04
1.316e-03
1.316e-03
1.754e-03
4.386e-04
1.316e-03
8.772e-04
0.000e+00
1.316e-03
8.772e-04
4.386e-04
4.386e-04
1.316e-03
4.386e-04
1.754e-03
2.193e-03
0.000e+00
4.386e-04
1.754e-03
1.754e-03
3.070e-03
8.772e-04
1.754e-03
2.193e-03
3.070e-03
2.193e-03
2.193e-03
1.316e-03
1.316e-03
2.193e-03
4.386e-04
1.754e-03
4.386e-04
1.754e-03
3.509e-03
1.316e-03
1.754e-03
1.754e-03
2.193e-03
1.316e-03
2.632e-03
1.754e-03
1.316e-03
2.632e-03
1.754e-03
1.316e-03
1.754e-03
1.316e-03
2.193e-03
1.754e-03
3.070e-03
1.316e-03
2.193e-03
2.193e-03
1.754e-03
2.193e-03
8.772e-04
1.754e-03
1.754e-03
3.070e-03
1.316e-03
2.193e-03
3.947e-03
3.947e-03
3.070e-03
3.947e-03
4.825e-03
3.070e-03
3.509e-03
5.702e-03
6.579e-03
3.070e-03
3.509e-03
7.895e-03
8.333e-03
7.895e-03
9.649e-03
5.263e-03
1.009e-02
1.272e-02
9.649e-03
1.053e-02
1.404e-02
1.491e-02
1.754e-02
1.974e-02
2.325e-02
3.202e-02
1.886e-02
1.096e-02
7.456e-03
1.009e-02
8.333e-03
8.772e-03
1.009e-02
5.263e-03
5.263e-03
4.825e-03
4.386e-03
1.754e-03
3.070e-03
3.947e-03
2.193e-03
2.193e-03
2.632e-03
3.070e-03
4.386e-04
2.632e-03
1.754e-03
8.772e-04
1.754e-03
8.772e-04
1.316e-03
1.754e-03
8.772e-04
2.632e-03
1.316e-03
8.772e-04
4.386e-04
0.000e+00
4.386e-04
0.000e+00
4.386e-04
0.000e+00
4.386e-04
0.000e+00
0.000e+00
0.000e+00
0.000e+00
0.000e+00
8.772e-04
4.386e-04
0.000e+00
0.000e+00
0.000e+00
0.000e+00
0.000e+00
0.000e+00
0.000e+00
0.000e+00
0.000e+00
0.000e+00
0.000e+00
0.000e+00
0.000e+00
0.000e+00
0.000e+00
0.000e+00
0.000e+00
0.000e+00
0.000e+00
0.000e+00
0.000e+00
0.000e+00
0.000e+00
