0.000e+00
0.000e+00
0.000e+00
0.000e+00
0.000e+00
0.000e+00
0.000e+00
0.000e+00
0.000e+00
0.000e+00
0.000e+00
0.000e+00
2.188e-03
0.000e+00
0.000e+00
0.000e+00
0.000e+00
0.000e+00
0.000e+00
0.000e+00
0.000e+00
0.000e+00
0.000e+00
0.000e+00
0.000e+00
0.000e+00
0.000e+00
0.000e+00
0.000e+00
0.000e+00
0.000e+00
0.000e+00
0.000e+00
0.000e+00
0.000e+00
2.188e-03
2.188e-03
0.000e+00
2.188e-03
0.000e+00
2.188e-03
0.000e+00
0.000e+00
4.376e-03
0.000e+00
4.376e-03
4.376e-03
2.188e-03
2.188e-03
2.188e-03
6.565e-03
2.188e-03
1.094e-02
2.188e-03
1.094e-02
1.094e-02
2.188e-02
1.969e-02
8.753e-03
6.565e-03
1.094e-02
1.094e-02
1.532e-02
1.751e-02
6.565e-03
6.565e-03
1.751e-02
1.313e-02
1.751e-02
1.532e-02
6.565e-03
0.000e+00
1.532e-02
1.094e-02
1.313e-02
2.188e-03
1.094e-02
6.565e-03
8.753e-03
1.313e-02
6.565e-03
6.565e-03
1.313e-02
1.094e-02
1.094e-02
8.753e-03
4.376e-03
6.565e-03
0.000e+00
1.313e-02
0.000e+00
6.565e-03
8.753e-03
2.188e-03
6.565e-03
2.188e-03
4.376e-03
2.188e-03
0.000e+00
6.565e-03
4.376e-03
6.565e-03
0.000e+00
2.188e-03
4.376e-03
0.000e+00
2.188e-03
0.000e+00
2.188e-03
0.000e+00
0.000e+00
0.000e+00
2.188e-03
2.188e-03
0.000e+00
2.188e-03
0.000e+00
0.000e+00
0.000e+00
2.188e-03
2.188e-03
0.000e+00
0.000e+00
0.000e+00
2.188e-03
0.000e+00
0.000e+00
0.000e+00
0.000e+00
2.188e-03
0.000e+00
0.000e+00
2.188e-03
0.000e+00
0.000e+00
0.000e+00
2.188e-03
0.000e+00
0.000e+00
0.000e+00
0.000e+00
0.000e+00
0.000e+00
2.188e-03
0.000e+00
0.000e+00
0.000e+00
0.000e+00
0.000e+00
0.000e+00
0.000e+00
0.000e+00
0.000e+00
0.000e+00
0.000e+00
0.000e+00
2.188e-03
0.000e+00
2.188e-03
0.000e+00
0.000e+00
0.000e+00
0.000e+00
0.000e+00
0.000e+00
0.000e+00
0.000e+00
0.000e+00
0.000e+00
0.000e+00
2.188e-03
0.000e+00
0.000e+00
0.000e+00
0.000e+00
0.000e+00
0.000e+00
0.000e+00
0.000e+00
0.000e+00
0.000e+00
0.000e+00
0.000e+00
0.000e+00
0.000e+00
0.000e+00
0.000e+00
0.000e+00
0.000e+00
0.000e+00
0.000e+00
0.000e+00
0.000e+00
2.188e-03
2.188e-03
0.000e+00
0.000e+00
0.000e+00
0.000e+00
0.000e+00
2.188e-03
2.188e-03
0.000e+00
0.000e+00
4.376e-03
0.000e+00
2.188e-03
0.000e+00
0.000e+00
0.000e+00
0.000e+00
0.000e+00
0.000e+00
0.000e+00
2.188e-03
0.000e+00
0.000e+00
0.000e+00
0.000e+00
0.000e+00
0.000e+00
0.000e+00
2.188e-03
0.000e+00
0.000e+00
0.000e+00
0.000e+00
0.000e+00
0.000e+00
0.000e+00
2.188e-03
0.000e+00
0.000e+00
0.000e+00
0.000e+00
0.000e+00
0.000e+00
0.000e+00
0.000e+00
0.000e+00
2.188e-03
0.000e+00
0.000e+00
2.188e-03
0.000e+00
0.000e+00
0.000e+00
2.188e-03
0.000e+00
2.188e-03
2.188e-03
2.188e-03
4.376e-03
0.000e+00
0.000e+00
2.188e-03
0.000e+00
4.376e-03
0.000e+00
2.188e-03
8.753e-03
2.188e-03
4.376e-03
0.000e+00
4.376e-03
2.188e-03
0.000e+00
2.188e-03
6.565e-03
4.376e-03
2.188e-03
2.188e-03
6.565e-03
8.753e-03
6.565e-03
6.565e-03
8.753e-03
8.753e-03
1.094e-02
1.313e-02
8.753e-03
2.188e-03
4.376e-03
6.565e-03
2.188e-03
1.313e-02
4.376e-03
6.565e-03
0.000e+00
8.753e-03
1.094e-02
2.188e-02
1.532e-02
8.753e-03
1.969e-02
8.753e-03
1.313e-02
1.313e-02
2.188e-03
6.565e-03
0.000e+00
2.188e-03
1.094e-02
2.188e-02
3.501e-02
1.969e-02
8.753e-03
8.753e-03
6.565e-03
1.094e-02
0.000e+00
0.000e+00
0.000e+00
2.188e-03
2.188e-03
0.000e+00
2.188e-03
0.000e+00
0.000e+00
0.000e+00
2.188e-03
0.000e+00
0.000e+00
2.188e-03
2.188e-03
0.000e+00
0.000e+00
0.000e+00
0.000e+00
0.000e+00
0.000e+00
2.188e-03
0.000e+00
0.000e+00
0.000e+00
0.000e+00
0.000e+00
0.000e+00
0.000e+00
0.000e+00
0.000e+00
0.000e+00
0.000e+00
0.000e+00
0.000e+00
0.000e+00
0.000e+00
0.000e+00
0.000e+00
0.000e+00
0.000e+00
0.000e+00
0.000e+00
0.000e+00
4.376e-03
0.000e+00
0.000e+00
0.000e+00
0.000e+00
0.000e+00
