0.000e+00
0.000e+00
0.000e+00
0.000e+00
0.000e+00
0.000e+00
0.000e+00
0.000e+00
0.000e+00
0.000e+00
0.000e+00
0.000e+00
0.000e+00
0.000e+00
0.000e+00
0.000e+00
0.000e+00
0.000e+00
0.000e+00
0.000e+00
0.000e+00
0.000e+00
0.000e+00
0.000e+00
0.000e+00
0.000e+00
0.000e+00
0.000e+00
0.000e+00
0.000e+00
0.000e+00
0.000e+00
0.000e+00
0.000e+00
0.000e+00
0.000e+00
0.000e+00
0.000e+00
0.000e+00
1.094e-03
0.000e+00
0.000e+00
0.000e+00
0.000e+00
0.000e+00
1.094e-03
0.000e+00
0.000e+00
0.000e+00
1.094e-03
0.000e+00
0.000e+00
0.000e+00
0.000e+00
2.188e-03
0.000e+00
0.000e+00
1.094e-03
1.313e-02
6.565e-03
3.282e-03
8.753e-03
7.659e-03
8.753e-03
1.094e-02
1.313e-02
1.094e-02
9.847e-03
1.422e-02
1.641e-02
8.753e-03
1.204e-02
6.565e-03
4.376e-03
6.565e-03
4.376e-03
8.753e-03
7.659e-03
4.376e-03
5.470e-03
7.659e-03
6.565e-03
2.188e-03
1.094e-03
4.376e-03
2.188e-03
0.000e+00
3.282e-03
2.188e-03
4.376e-03
4.376e-03
1.094e-03
1.094e-03
1.094e-03
1.094e-03
2.188e-03
0.000e+00
0.000e+00
2.188e-03
0.000e+00
0.000e+00
0.000e+00
0.000e+00
0.000e+00
0.000e+00
1.094e-03
0.000e+00
1.094e-03
1.094e-03
1.094e-03
1.094e-03
0.000e+00
1.094e-03
0.000e+00
0.000e+00
0.000e+00
0.000e+00
0.000e+00
0.000e+00
0.000e+00
0.000e+00
0.000e+00
0.000e+00
0.000e+00
0.000e+00
1.094e-03
0.000e+00
0.000e+00
0.000e+00
0.000e+00
0.000e+00
0.000e+00
1.094e-03
0.000e+00
0.000e+00
0.000e+00
0.000e+00
0.000e+00
0.000e+00
0.000e+00
0.000e+00
0.000e+00
0.000e+00
0.000e+00
0.000e+00
0.000e+00
0.000e+00
0.000e+00
0.000e+00
0.000e+00
0.000e+00
0.000e+00
0.000e+00
0.000e+00
0.000e+00
0.000e+00
0.000e+00
0.000e+00
0.000e+00
1.094e-03
0.000e+00
0.000e+00
0.000e+00
0.000e+00
0.000e+00
0.000e+00
0.000e+00
0.000e+00
0.000e+00
0.000e+00
0.000e+00
0.000e+00
0.000e+00
0.000e+00
0.000e+00
0.000e+00
0.000e+00
0.000e+00
0.000e+00
0.000e+00
0.000e+00
0.000e+00
0.000e+00
0.000e+00
0.000e+00
0.000e+00
0.000e+00
0.000e+00
0.000e+00
0.000e+00
0.000e+00
0.000e+00
0.000e+00
0.000e+00
0.000e+00
0.000e+00
0.000e+00
0.000e+00
0.000e+00
0.000e+00
0.000e+00
0.000e+00
0.000e+00
0.000e+00
0.000e+00
0.000e+00
0.000e+00
0.000e+00
0.000e+00
0.000e+00
0.000e+00
0.000e+00
0.000e+00
0.000e+00
0.000e+00
0.000e+00
0.000e+00
0.000e+00
0.000e+00
0.000e+00
0.000e+00
0.000e+00
0.000e+00
0.000e+00
0.000e+00
0.000e+00
0.000e+00
0.000e+00
0.000e+00
0.000e+00
0.000e+00
0.000e+00
0.000e+00
0.000e+00
0.000e+00
0.000e+00
0.000e+00
0.000e+00
0.000e+00
0.000e+00
0.000e+00
1.094e-03
0.000e+00
0.000e+00
0.000e+00
0.000e+00
1.094e-03
0.000e+00
0.000e+00
0.000e+00
0.000e+00
0.000e+00
0.000e+00
0.000e+00
1.094e-03
0.000e+00
0.000e+00
1.094e-03
3.282e-03
1.094e-03
0.000e+00
0.000e+00
1.094e-03
1.094e-03
0.000e+00
0.000e+00
1.094e-03
0.000e+00
1.094e-03
1.094e-03
2.188e-03
0.000e+00
1.094e-03
2.188e-03
4.376e-03
1.094e-03
0.000e+00
5.470e-03
3.282e-03
6.565e-03
2.188e-03
6.565e-03
9.847e-03
5.470e-03
7.659e-03
2.188e-03
2.188e-03
4.376e-03
1.094e-02
1.313e-02
1.094e-02
4.376e-03
8.753e-03
1.094e-02
1.532e-02
9.847e-03
1.860e-02
1.204e-02
1.204e-02
6.565e-03
6.565e-03
7.659e-03
4.376e-03
2.188e-03
2.188e-03
3.282e-03
0.000e+00
1.094e-03
1.094e-03
0.000e+00
0.000e+00
0.000e+00
0.000e+00
0.000e+00
1.094e-03
0.000e+00
0.000e+00
0.000e+00
0.000e+00
0.000e+00
0.000e+00
0.000e+00
0.000e+00
0.000e+00
0.000e+00
0.000e+00
0.000e+00
0.000e+00
0.000e+00
0.000e+00
0.000e+00
0.000e+00
0.000e+00
0.000e+00
0.000e+00
0.000e+00
0.000e+00
0.000e+00
0.000e+00
0.000e+00
0.000e+00
0.000e+00
0.000e+00
0.000e+00
0.000e+00
0.000e+00
0.000e+00
0.000e+00
0.000e+00
0.000e+00
0.000e+00
0.000e+00
0.000e+00
0.000e+00
0.000e+00
0.000e+00
0.000e+00
0.000e+00
0.000e+00
0.000e+00
