0.000e+00
0.000e+00
0.000e+00
4.523e-04
0.000e+00
0.000e+00
0.000e+00
0.000e+00
0.000e+00
0.000e+00
0.000e+00
4.523e-04
0.000e+00
4.523e-04
0.000e+00
0.000e+00
4.523e-04
0.000e+00
4.523e-04
0.000e+00
0.000e+00
0.000e+00
0.000e+00
0.000e+00
4.523e-04
0.000e+00
0.000e+00
0.000e+00
0.000e+00
0.000e+00
9.046e-04
4.523e-04
0.000e+00
0.000e+00
0.000e+00
4.523e-04
9.046e-04
0.000e+00
1.357e-03
0.000e+00
0.000e+00
3.166e-03
4.523e-04
9.046e-04
4.523e-04
9.046e-04
9.046e-04
9.046e-04
1.809e-03
2.261e-03
1.357e-03
1.809e-03
3.166e-03
1.357e-03
3.166e-03
3.166e-03
5.880e-03
5.880e-03
2.261e-03
4.523e-03
6.332e-03
7.237e-03
5.427e-03
4.975e-03
9.046e-03
8.141e-03
1.312e-02
2.126e-02
2.216e-02
2.307e-02
1.945e-02
2.081e-02
1.131e-02
1.764e-02
9.950e-03
1.673e-02
1.266e-02
1.131e-02
9.950e-03
5.880e-03
1.040e-02
8.141e-03
5.427e-03
7.689e-03
5.880e-03
5.880e-03
5.880e-03
3.166e-03
3.618e-03
3.166e-03
4.071e-03
2.261e-03
1.809e-03
2.261e-03
4.071e-03
2.261e-03
1.809e-03
2.714e-03
2.261e-03
9.046e-04
2.714e-03
9.046e-04
1.357e-03
9.046e-04
1.809e-03
2.261e-03
9.046e-04
1.809e-03
1.809e-03
2.261e-03
2.261e-03
0.000e+00
4.523e-04
4.523e-04
2.714e-03
1.809e-03
9.046e-04
2.261e-03
2.261e-03
9.046e-04
3.166e-03
1.809e-03
3.618e-03
4.523e-04
1.357e-03
3.166e-03
1.809e-03
2.261e-03
9.046e-04
2.714e-03
3.618e-03
1.357e-03
1.357e-03
1.809e-03
2.714e-03
1.809e-03
2.261e-03
2.261e-03
2.261e-03
2.261e-03
4.523e-04
9.046e-04
1.357e-03
4.523e-04
1.809e-03
9.046e-04
1.357e-03
1.809e-03
9.046e-04
9.046e-04
2.261e-03
1.357e-03
0.000e+00
0.000e+00
4.523e-04
9.046e-04
9.046e-04
9.046e-04
4.523e-04
9.046e-04
4.523e-04
4.523e-04
4.523e-04
0.000e+00
1.357e-03
4.523e-04
4.523e-04
4.523e-04
4.523e-04
4.523e-04
0.000e+00
9.046e-04
0.000e+00
0.000e+00
0.000e+00
9.046e-04
0.000e+00
4.523e-04
0.000e+00
1.809e-03
2.261e-03
4.523e-04
4.523e-04
2.261e-03
4.523e-04
4.523e-04
1.357e-03
0.000e+00
4.523e-04
0.000e+00
0.000e+00
4.523e-04
1.357e-03
9.046e-04
1.357e-03
9.046e-04
9.046e-04
4.523e-04
4.523e-04
1.809e-03
4.523e-04
4.523e-04
1.809e-03
0.000e+00
9.046e-04
9.046e-04
1.357e-03
1.809e-03
1.809e-03
4.523e-04
1.357e-03
9.046e-04
0.000e+00
1.357e-03
4.523e-04
4.523e-04
4.523e-04
1.809e-03
9.046e-04
9.046e-04
1.357e-03
4.523e-04
4.523e-04
2.714e-03
2.261e-03
4.071e-03
9.046e-04
1.809e-03
1.809e-03
3.618e-03
2.261e-03
2.261e-03
1.809e-03
1.809e-03
3.166e-03
4.523e-04
1.809e-03
9.046e-04
1.809e-03
3.618e-03
1.357e-03
1.809e-03
1.809e-03
1.809e-03
1.357e-03
2.261e-03
9.046e-04
4.523e-04
3.166e-03
1.357e-03
9.046e-04
9.046e-04
1.809e-03
2.261e-03
1.809e-03
2.261e-03
1.357e-03
2.714e-03
2.261e-03
1.809e-03
2.261e-03
4.523e-04
1.809e-03
2.261e-03
2.261e-03
9.046e-04
1.357e-03
4.523e-03
3.618e-03
3.618e-03
3.166e-03
3.618e-03
4.071e-03
5.427e-03
6.332e-03
4.975e-03
4.071e-03
2.714e-03
8.141e-03
7.237e-03
8.593e-03
1.085e-02
7.237e-03
1.040e-02
1.131e-02
1.040e-02
1.266e-02
1.493e-02
1.673e-02
1.854e-02
2.035e-02
2.533e-02
3.437e-02
2.035e-02
9.498e-03
7.237e-03
1.040e-02
6.784e-03
7.237e-03
9.046e-03
5.880e-03
4.523e-03
4.523e-03
3.166e-03
1.357e-03
2.714e-03
3.618e-03
1.809e-03
1.357e-03
1.809e-03
3.618e-03
4.523e-04
2.714e-03
1.809e-03
4.523e-04
1.809e-03
9.046e-04
4.523e-04
1.357e-03
9.046e-04
2.714e-03
1.809e-03
9.046e-04
4.523e-04
0.000e+00
4.523e-04
0.000e+00
0.000e+00
0.000e+00
0.000e+00
0.000e+00
0.000e+00
0.000e+00
0.000e+00
0.000e+00
9.046e-04
4.523e-04
0.000e+00
0.000e+00
0.000e+00
0.000e+00
0.000e+00
0.000e+00
0.000e+00
0.000e+00
0.000e+00
0.000e+00
0.000e+00
0.000e+00
0.000e+00
0.000e+00
0.000e+00
0.000e+00
0.000e+00
0.000e+00
0.000e+00
0.000e+00
0.000e+00
0.000e+00
0.000e+00
