0.000e+00
0.000e+00
0.000e+00
0.000e+00
0.000e+00
0.000e+00
0.000e+00
0.000e+00
0.000e+00
0.000e+00
0.000e+00
0.000e+00
0.000e+00
0.000e+00
0.000e+00
0.000e+00
0.000e+00
0.000e+00
0.000e+00
0.000e+00
0.000e+00
0.000e+00
0.000e+00
0.000e+00
0.000e+00
0.000e+00
0.000e+00
2.261e-04
0.000e+00
0.000e+00
0.000e+00
0.000e+00
0.000e+00
0.000e+00
2.261e-04
0.000e+00
0.000e+00
0.000e+00
0.000e+00
0.000e+00
6.784e-04
0.000e+00
0.000e+00
0.000e+00
0.000e+00
4.523e-04
0.000e+00
0.000e+00
2.261e-04
9.046e-04
2.261e-04
4.523e-04
4.523e-04
9.046e-04
1.131e-03
1.583e-03
1.809e-03
2.488e-03
2.714e-03
1.809e-03
2.488e-03
4.749e-03
3.618e-03
6.558e-03
5.201e-03
6.784e-03
9.272e-03
8.367e-03
7.915e-03
8.141e-03
8.820e-03
1.063e-02
9.046e-03
1.040e-02
9.272e-03
6.784e-03
7.689e-03
7.463e-03
3.392e-03
4.523e-03
4.975e-03
6.106e-03
5.654e-03
4.523e-03
3.618e-03
3.618e-03
3.618e-03
2.261e-03
2.261e-03
2.488e-03
2.261e-03
1.809e-03
9.046e-04
1.809e-03
2.714e-03
1.809e-03
1.357e-03
1.131e-03
1.357e-03
1.131e-03
1.809e-03
1.357e-03
1.131e-03
4.523e-04
9.046e-04
1.809e-03
4.523e-04
1.357e-03
4.523e-04
1.357e-03
2.261e-04
1.131e-03
6.784e-04
2.261e-04
9.046e-04
9.046e-04
9.046e-04
9.046e-04
4.523e-04
4.523e-04
1.131e-03
0.000e+00
4.523e-04
6.784e-04
2.261e-04
6.784e-04
2.261e-04
9.046e-04
4.523e-04
6.784e-04
4.523e-04
0.000e+00
4.523e-04
2.261e-04
2.261e-04
2.261e-04
4.523e-04
2.261e-04
4.523e-04
4.523e-04
2.261e-04
2.261e-04
0.000e+00
6.784e-04
2.261e-04
0.000e+00
0.000e+00
0.000e+00
0.000e+00
2.261e-04
0.000e+00
4.523e-04
2.261e-04
4.523e-04
0.000e+00
2.261e-04
9.046e-04
0.000e+00
6.784e-04
0.000e+00
2.261e-04
2.261e-04
0.000e+00
4.523e-04
0.000e+00
0.000e+00
0.000e+00
2.261e-04
0.000e+00
2.261e-04
2.261e-04
2.261e-04
2.261e-04
2.261e-04
2.261e-04
4.523e-04
4.523e-04
0.000e+00
0.000e+00
2.261e-04
2.261e-04
0.000e+00
4.523e-04
9.046e-04
0.000e+00
2.261e-04
6.784e-04
0.000e+00
0.000e+00
0.000e+00
2.261e-04
2.261e-04
0.000e+00
0.000e+00
0.000e+00
0.000e+00
2.261e-04
4.523e-04
2.261e-04
0.000e+00
2.261e-04
0.000e+00
6.784e-04
2.261e-04
2.261e-04
4.523e-04
4.523e-04
0.000e+00
2.261e-04
6.784e-04
0.000e+00
4.523e-04
0.000e+00
0.000e+00
2.261e-04
0.000e+00
0.000e+00
0.000e+00
2.261e-04
0.000e+00
4.523e-04
4.523e-04
0.000e+00
4.523e-04
2.261e-04
0.000e+00
4.523e-04
0.000e+00
4.523e-04
6.784e-04
0.000e+00
4.523e-04
2.261e-04
6.784e-04
6.784e-04
1.131e-03
4.523e-04
6.784e-04
4.523e-04
0.000e+00
9.046e-04
2.261e-04
1.131e-03
1.583e-03
6.784e-04
9.046e-04
2.261e-04
1.357e-03
9.046e-04
4.523e-04
9.046e-04
1.131e-03
4.523e-04
4.523e-04
9.046e-04
1.131e-03
9.046e-04
9.046e-04
4.523e-04
1.809e-03
4.523e-04
1.809e-03
1.357e-03
1.809e-03
9.046e-04
6.784e-04
2.488e-03
1.809e-03
3.618e-03
2.714e-03
2.261e-03
1.583e-03
3.392e-03
3.166e-03
2.035e-03
3.166e-03
4.749e-03
4.071e-03
4.297e-03
3.392e-03
7.915e-03
4.297e-03
6.106e-03
4.749e-03
7.237e-03
6.558e-03
6.332e-03
8.593e-03
9.272e-03
9.046e-03
1.085e-02
1.063e-02
7.915e-03
8.593e-03
9.950e-03
7.689e-03
7.010e-03
6.784e-03
6.558e-03
4.975e-03
3.844e-03
2.488e-03
2.035e-03
2.261e-03
1.357e-03
6.784e-04
1.357e-03
2.261e-04
4.523e-04
9.046e-04
0.000e+00
2.261e-04
6.784e-04
2.261e-04
2.261e-04
4.523e-04
0.000e+00
0.000e+00
2.261e-04
0.000e+00
0.000e+00
2.261e-04
0.000e+00
0.000e+00
0.000e+00
0.000e+00
2.261e-04
2.261e-04
0.000e+00
0.000e+00
2.261e-04
0.000e+00
0.000e+00
0.000e+00
0.000e+00
0.000e+00
0.000e+00
0.000e+00
0.000e+00
0.000e+00
0.000e+00
0.000e+00
0.000e+00
0.000e+00
0.000e+00
0.000e+00
0.000e+00
0.000e+00
0.000e+00
0.000e+00
0.000e+00
0.000e+00
0.000e+00
0.000e+00
0.000e+00
0.000e+00
0.000e+00
0.000e+00
0.000e+00
0.000e+00
