0.000e+00
0.000e+00
0.000e+00
0.000e+00
0.000e+00
0.000e+00
0.000e+00
0.000e+00
0.000e+00
0.000e+00
2.525e-03
0.000e+00
0.000e+00
0.000e+00
0.000e+00
0.000e+00
0.000e+00
0.000e+00
0.000e+00
0.000e+00
0.000e+00
0.000e+00
0.000e+00
0.000e+00
0.000e+00
0.000e+00
0.000e+00
0.000e+00
2.525e-03
0.000e+00
0.000e+00
0.000e+00
2.525e-03
5.051e-03
0.000e+00
0.000e+00
0.000e+00
2.525e-03
5.051e-03
7.576e-03
2.525e-03
2.525e-03
7.576e-03
1.263e-02
7.576e-03
1.263e-02
1.263e-02
7.576e-03
1.263e-02
1.768e-02
1.768e-02
2.020e-02
7.576e-03
1.515e-02
1.515e-02
2.020e-02
5.051e-03
5.051e-03
7.576e-03
7.576e-03
2.525e-03
7.576e-03
5.051e-03
7.576e-03
5.051e-03
1.010e-02
5.051e-03
1.515e-02
1.010e-02
1.263e-02
7.576e-03
5.051e-03
7.576e-03
1.010e-02
7.576e-03
7.576e-03
2.525e-03
7.576e-03
7.576e-03
2.525e-03
2.525e-03
5.051e-03
5.051e-03
5.051e-03
1.010e-02
0.000e+00
2.525e-03
5.051e-03
1.010e-02
5.051e-03
2.525e-03
2.525e-03
0.000e+00
0.000e+00
0.000e+00
2.525e-03
0.000e+00
0.000e+00
0.000e+00
2.525e-03
0.000e+00
0.000e+00
0.000e+00
0.000e+00
0.000e+00
0.000e+00
0.000e+00
0.000e+00
2.525e-03
0.000e+00
0.000e+00
0.000e+00
0.000e+00
0.000e+00
0.000e+00
0.000e+00
0.000e+00
0.000e+00
0.000e+00
0.000e+00
0.000e+00
0.000e+00
0.000e+00
0.000e+00
0.000e+00
0.000e+00
0.000e+00
0.000e+00
2.525e-03
0.000e+00
0.000e+00
0.000e+00
0.000e+00
0.000e+00
0.000e+00
0.000e+00
2.525e-03
0.000e+00
0.000e+00
0.000e+00
0.000e+00
0.000e+00
0.000e+00
0.000e+00
0.000e+00
0.000e+00
0.000e+00
0.000e+00
0.000e+00
0.000e+00
0.000e+00
0.000e+00
0.000e+00
0.000e+00
0.000e+00
0.000e+00
0.000e+00
0.000e+00
0.000e+00
0.000e+00
0.000e+00
0.000e+00
0.000e+00
0.000e+00
0.000e+00
0.000e+00
0.000e+00
0.000e+00
0.000e+00
0.000e+00
0.000e+00
0.000e+00
0.000e+00
0.000e+00
0.000e+00
0.000e+00
0.000e+00
0.000e+00
0.000e+00
0.000e+00
0.000e+00
0.000e+00
0.000e+00
0.000e+00
0.000e+00
0.000e+00
0.000e+00
0.000e+00
0.000e+00
0.000e+00
0.000e+00
0.000e+00
0.000e+00
2.525e-03
0.000e+00
0.000e+00
0.000e+00
0.000e+00
0.000e+00
2.525e-03
0.000e+00
0.000e+00
0.000e+00
0.000e+00
0.000e+00
0.000e+00
0.000e+00
0.000e+00
2.525e-03
0.000e+00
0.000e+00
0.000e+00
0.000e+00
0.000e+00
0.000e+00
2.525e-03
0.000e+00
0.000e+00
0.000e+00
0.000e+00
0.000e+00
0.000e+00
0.000e+00
0.000e+00
2.525e-03
0.000e+00
0.000e+00
0.000e+00
0.000e+00
0.000e+00
0.000e+00
2.525e-03
0.000e+00
0.000e+00
0.000e+00
0.000e+00
0.000e+00
0.000e+00
0.000e+00
0.000e+00
2.525e-03
0.000e+00
0.000e+00
0.000e+00
2.525e-03
0.000e+00
0.000e+00
0.000e+00
0.000e+00
0.000e+00
5.051e-03
2.525e-03
0.000e+00
0.000e+00
0.000e+00
0.000e+00
0.000e+00
0.000e+00
2.525e-03
2.525e-03
0.000e+00
0.000e+00
2.525e-03
0.000e+00
0.000e+00
0.000e+00
2.525e-03
0.000e+00
2.525e-03
2.525e-03
5.051e-03
2.525e-03
2.525e-03
5.051e-03
0.000e+00
1.010e-02
7.576e-03
7.576e-03
2.525e-03
2.525e-03
7.576e-03
2.525e-03
7.576e-03
1.263e-02
5.051e-03
7.576e-03
1.768e-02
5.051e-03
1.515e-02
1.263e-02
2.020e-02
1.010e-02
1.010e-02
2.525e-03
1.515e-02
5.051e-03
1.010e-02
5.051e-03
2.273e-02
1.263e-02
1.263e-02
2.525e-03
7.576e-03
1.515e-02
5.051e-03
7.576e-03
5.051e-03
1.768e-02
1.263e-02
1.263e-02
1.515e-02
1.010e-02
2.525e-02
1.768e-02
1.010e-02
7.576e-03
1.010e-02
1.263e-02
2.525e-03
1.263e-02
2.525e-03
5.051e-03
2.525e-03
0.000e+00
5.051e-03
0.000e+00
0.000e+00
0.000e+00
0.000e+00
2.525e-03
0.000e+00
0.000e+00
0.000e+00
0.000e+00
0.000e+00
0.000e+00
2.525e-03
0.000e+00
0.000e+00
0.000e+00
0.000e+00
0.000e+00
0.000e+00
0.000e+00
0.000e+00
0.000e+00
2.525e-03
0.000e+00
0.000e+00
0.000e+00
0.000e+00
0.000e+00
0.000e+00
0.000e+00
0.000e+00
0.000e+00
0.000e+00
0.000e+00
0.000e+00
0.000e+00
