0.000e+00
0.000e+00
0.000e+00
0.000e+00
0.000e+00
0.000e+00
0.000e+00
0.000e+00
0.000e+00
0.000e+00
0.000e+00
0.000e+00
0.000e+00
0.000e+00
0.000e+00
0.000e+00
0.000e+00
0.000e+00
4.065e-03
4.065e-03
0.000e+00
0.000e+00
0.000e+00
0.000e+00
0.000e+00
0.000e+00
4.065e-03
0.000e+00
4.065e-03
0.000e+00
0.000e+00
0.000e+00
0.000e+00
0.000e+00
0.000e+00
0.000e+00
0.000e+00
0.000e+00
0.000e+00
0.000e+00
0.000e+00
4.065e-03
4.065e-03
0.000e+00
4.065e-03
4.065e-03
0.000e+00
4.065e-03
0.000e+00
0.000e+00
0.000e+00
0.000e+00
4.065e-03
0.000e+00
4.065e-03
4.065e-03
1.626e-02
4.065e-03
1.626e-02
8.130e-03
1.220e-02
2.439e-02
4.065e-03
1.220e-02
2.033e-02
2.439e-02
2.033e-02
8.130e-03
2.033e-02
1.626e-02
8.130e-03
4.065e-03
8.130e-03
8.130e-03
1.220e-02
0.000e+00
4.065e-03
8.130e-03
1.626e-02
8.130e-03
1.626e-02
1.220e-02
8.130e-03
0.000e+00
8.130e-03
0.000e+00
0.000e+00
4.065e-03
4.065e-03
4.065e-03
0.000e+00
1.220e-02
4.065e-03
4.065e-03
4.065e-03
0.000e+00
0.000e+00
4.065e-03
8.130e-03
0.000e+00
0.000e+00
0.000e+00
4.065e-03
0.000e+00
4.065e-03
4.065e-03
0.000e+00
1.220e-02
0.000e+00
0.000e+00
0.000e+00
4.065e-03
4.065e-03
4.065e-03
8.130e-03
0.000e+00
0.000e+00
0.000e+00
4.065e-03
0.000e+00
1.626e-02
4.065e-03
0.000e+00
4.065e-03
4.065e-03
0.000e+00
0.000e+00
0.000e+00
0.000e+00
4.065e-03
4.065e-03
0.000e+00
0.000e+00
0.000e+00
8.130e-03
8.130e-03
0.000e+00
0.000e+00
0.000e+00
0.000e+00
4.065e-03
0.000e+00
0.000e+00
0.000e+00
0.000e+00
0.000e+00
0.000e+00
0.000e+00
0.000e+00
0.000e+00
0.000e+00
0.000e+00
0.000e+00
0.000e+00
0.000e+00
0.000e+00
0.000e+00
0.000e+00
0.000e+00
0.000e+00
0.000e+00
0.000e+00
0.000e+00
0.000e+00
0.000e+00
0.000e+00
0.000e+00
0.000e+00
0.000e+00
0.000e+00
0.000e+00
0.000e+00
0.000e+00
0.000e+00
0.000e+00
0.000e+00
0.000e+00
0.000e+00
0.000e+00
0.000e+00
0.000e+00
0.000e+00
0.000e+00
0.000e+00
0.000e+00
0.000e+00
0.000e+00
0.000e+00
0.000e+00
0.000e+00
0.000e+00
0.000e+00
0.000e+00
0.000e+00
0.000e+00
0.000e+00
0.000e+00
0.000e+00
0.000e+00
0.000e+00
0.000e+00
0.000e+00
0.000e+00
0.000e+00
0.000e+00
4.065e-03
0.000e+00
0.000e+00
0.000e+00
0.000e+00
0.000e+00
0.000e+00
0.000e+00
0.000e+00
4.065e-03
8.130e-03
4.065e-03
4.065e-03
0.000e+00
4.065e-03
0.000e+00
4.065e-03
0.000e+00
0.000e+00
0.000e+00
0.000e+00
4.065e-03
0.000e+00
0.000e+00
4.065e-03
0.000e+00
4.065e-03
0.000e+00
0.000e+00
4.065e-03
0.000e+00
4.065e-03
0.000e+00
4.065e-03
4.065e-03
0.000e+00
0.000e+00
0.000e+00
0.000e+00
0.000e+00
2.033e-02
0.000e+00
0.000e+00
0.000e+00
4.065e-03
4.065e-03
4.065e-03
0.000e+00
0.000e+00
0.000e+00
4.065e-03
1.220e-02
0.000e+00
0.000e+00
0.000e+00
0.000e+00
4.065e-03
0.000e+00
0.000e+00
4.065e-03
8.130e-03
4.065e-03
0.000e+00
4.065e-03
0.000e+00
8.130e-03
1.220e-02
8.130e-03
0.000e+00
0.000e+00
1.220e-02
8.130e-03
4.065e-03
4.065e-03
8.130e-03
8.130e-03
4.065e-03
0.000e+00
4.065e-03
4.065e-03
8.130e-03
8.130e-03
8.130e-03
0.000e+00
1.220e-02
8.130e-03
1.220e-02
2.439e-02
8.130e-03
3.659e-02
8.130e-03
4.065e-03
8.130e-03
2.033e-02
1.220e-02
0.000e+00
4.065e-03
8.130e-03
8.130e-03
4.065e-03
8.130e-03
0.000e+00
4.065e-03
4.065e-03
4.065e-03
4.065e-03
0.000e+00
0.000e+00
0.000e+00
8.130e-03
0.000e+00
0.000e+00
8.130e-03
0.000e+00
0.000e+00
0.000e+00
0.000e+00
0.000e+00
0.000e+00
4.065e-03
0.000e+00
0.000e+00
0.000e+00
0.000e+00
0.000e+00
0.000e+00
0.000e+00
0.000e+00
0.000e+00
0.000e+00
0.000e+00
0.000e+00
0.000e+00
0.000e+00
0.000e+00
0.000e+00
0.000e+00
0.000e+00
0.000e+00
0.000e+00
0.000e+00
0.000e+00
0.000e+00
0.000e+00
0.000e+00
0.000e+00
0.000e+00
0.000e+00
0.000e+00
0.000e+00
0.000e+00
0.000e+00
0.000e+00
0.000e+00
0.000e+00
