0.000e+00
0.000e+00
0.000e+00
0.000e+00
0.000e+00
0.000e+00
0.000e+00
0.000e+00
0.000e+00
0.000e+00
0.000e+00
0.000e+00
0.000e+00
0.000e+00
0.000e+00
0.000e+00
0.000e+00
0.000e+00
0.000e+00
0.000e+00
0.000e+00
0.000e+00
0.000e+00
0.000e+00
0.000e+00
0.000e+00
0.000e+00
0.000e+00
0.000e+00
0.000e+00
0.000e+00
0.000e+00
0.000e+00
0.000e+00
0.000e+00
0.000e+00
0.000e+00
0.000e+00
0.000e+00
0.000e+00
0.000e+00
0.000e+00
0.000e+00
0.000e+00
0.000e+00
2.033e-03
0.000e+00
2.033e-03
0.000e+00
2.033e-03
2.033e-03
0.000e+00
0.000e+00
0.000e+00
0.000e+00
0.000e+00
0.000e+00
2.033e-03
2.033e-03
2.033e-03
6.098e-03
2.033e-03
6.098e-03
1.016e-02
1.016e-02
1.016e-02
8.130e-03
1.016e-02
6.098e-03
6.098e-03
8.130e-03
1.016e-02
8.130e-03
4.065e-03
8.130e-03
8.130e-03
4.065e-03
4.065e-03
1.016e-02
6.098e-03
2.033e-03
1.220e-02
8.130e-03
4.065e-03
8.130e-03
0.000e+00
1.220e-02
4.065e-03
2.033e-03
2.033e-03
8.130e-03
0.000e+00
0.000e+00
0.000e+00
0.000e+00
0.000e+00
0.000e+00
6.098e-03
6.098e-03
0.000e+00
0.000e+00
2.033e-03
2.033e-03
2.033e-03
0.000e+00
0.000e+00
0.000e+00
2.033e-03
0.000e+00
2.033e-03
0.000e+00
2.033e-03
2.033e-03
2.033e-03
4.065e-03
0.000e+00
0.000e+00
0.000e+00
2.033e-03
0.000e+00
0.000e+00
2.033e-03
0.000e+00
0.000e+00
0.000e+00
0.000e+00
2.033e-03
0.000e+00
2.033e-03
2.033e-03
0.000e+00
0.000e+00
0.000e+00
0.000e+00
0.000e+00
0.000e+00
0.000e+00
0.000e+00
0.000e+00
0.000e+00
0.000e+00
0.000e+00
0.000e+00
0.000e+00
0.000e+00
0.000e+00
0.000e+00
0.000e+00
0.000e+00
0.000e+00
0.000e+00
0.000e+00
0.000e+00
0.000e+00
0.000e+00
0.000e+00
0.000e+00
0.000e+00
0.000e+00
0.000e+00
0.000e+00
0.000e+00
0.000e+00
0.000e+00
0.000e+00
0.000e+00
0.000e+00
0.000e+00
0.000e+00
0.000e+00
0.000e+00
0.000e+00
0.000e+00
0.000e+00
0.000e+00
0.000e+00
0.000e+00
0.000e+00
0.000e+00
0.000e+00
0.000e+00
0.000e+00
0.000e+00
0.000e+00
0.000e+00
0.000e+00
0.000e+00
0.000e+00
0.000e+00
0.000e+00
0.000e+00
0.000e+00
0.000e+00
0.000e+00
0.000e+00
0.000e+00
0.000e+00
0.000e+00
0.000e+00
0.000e+00
0.000e+00
0.000e+00
0.000e+00
0.000e+00
0.000e+00
0.000e+00
0.000e+00
0.000e+00
0.000e+00
0.000e+00
0.000e+00
0.000e+00
0.000e+00
2.033e-03
0.000e+00
0.000e+00
0.000e+00
0.000e+00
0.000e+00
0.000e+00
0.000e+00
0.000e+00
0.000e+00
0.000e+00
0.000e+00
0.000e+00
0.000e+00
2.033e-03
0.000e+00
0.000e+00
2.033e-03
0.000e+00
0.000e+00
0.000e+00
0.000e+00
2.033e-03
0.000e+00
0.000e+00
2.033e-03
2.033e-03
2.033e-03
0.000e+00
0.000e+00
0.000e+00
0.000e+00
0.000e+00
0.000e+00
0.000e+00
2.033e-03
2.033e-03
0.000e+00
2.033e-03
4.065e-03
0.000e+00
0.000e+00
4.065e-03
0.000e+00
2.033e-03
0.000e+00
0.000e+00
4.065e-03
6.098e-03
0.000e+00
2.033e-03
0.000e+00
0.000e+00
8.130e-03
2.033e-03
2.033e-03
6.098e-03
2.033e-03
2.033e-03
6.098e-03
6.098e-03
0.000e+00
1.016e-02
4.065e-03
2.033e-03
2.033e-03
6.098e-03
2.033e-03
1.016e-02
8.130e-03
4.065e-03
4.065e-03
0.000e+00
6.098e-03
4.065e-03
4.065e-03
8.130e-03
0.000e+00
4.065e-03
4.065e-03
2.033e-03
1.423e-02
0.000e+00
1.220e-02
4.065e-03
2.033e-03
1.016e-02
4.065e-03
8.130e-03
2.033e-03
2.033e-03
0.000e+00
6.098e-03
0.000e+00
2.033e-03
2.033e-03
0.000e+00
0.000e+00
0.000e+00
0.000e+00
0.000e+00
2.033e-03
0.000e+00
0.000e+00
0.000e+00
0.000e+00
0.000e+00
0.000e+00
0.000e+00
0.000e+00
0.000e+00
0.000e+00
0.000e+00
0.000e+00
0.000e+00
0.000e+00
0.000e+00
0.000e+00
0.000e+00
0.000e+00
0.000e+00
0.000e+00
0.000e+00
0.000e+00
0.000e+00
0.000e+00
0.000e+00
0.000e+00
0.000e+00
0.000e+00
0.000e+00
0.000e+00
0.000e+00
0.000e+00
0.000e+00
0.000e+00
0.000e+00
0.000e+00
0.000e+00
0.000e+00
0.000e+00
0.000e+00
0.000e+00
0.000e+00
0.000e+00
0.000e+00
0.000e+00
