1.925e-01
5.424e-02
2.187e-02
1.312e-02
5.249e-03
9.624e-03
3.500e-03
8.749e-03
6.124e-03
2.625e-03
5.249e-03
2.625e-03
3.500e-03
4.374e-03
3.500e-03
2.625e-03
3.500e-03
1.750e-03
2.625e-03
8.749e-04
0.000e+00
0.000e+00
2.625e-03
2.625e-03
0.000e+00
8.749e-04
1.750e-03
8.749e-04
8.749e-04
0.000e+00
0.000e+00
0.000e+00
8.749e-04
0.000e+00
8.749e-04
8.749e-04
0.000e+00
0.000e+00
8.749e-04
0.000e+00
8.749e-04
0.000e+00
0.000e+00
0.000e+00
0.000e+00
0.000e+00
0.000e+00
0.000e+00
0.000e+00
0.000e+00
0.000e+00
0.000e+00
8.749e-04
0.000e+00
8.749e-04
3.500e-03
0.000e+00
0.000e+00
8.749e-04
8.749e-04
8.749e-04
0.000e+00
1.750e-03
0.000e+00
0.000e+00
0.000e+00
0.000e+00
8.749e-04
0.000e+00
8.749e-04
0.000e+00
8.749e-04
8.749e-04
0.000e+00
1.750e-03
0.000e+00
0.000e+00
8.749e-04
1.750e-03
1.750e-03
0.000e+00
0.000e+00
0.000e+00
0.000e+00
0.000e+00
0.000e+00
0.000e+00
0.000e+00
8.749e-04
8.749e-04
8.749e-04
8.749e-04
8.749e-04
8.749e-04
0.000e+00
0.000e+00
8.749e-04
0.000e+00
0.000e+00
8.749e-04
0.000e+00
0.000e+00
0.000e+00
0.000e+00
8.749e-04
0.000e+00
0.000e+00
1.750e-03
1.750e-03
0.000e+00
8.749e-04
1.750e-03
8.749e-04
0.000e+00
0.000e+00
0.000e+00
8.749e-04
8.749e-04
0.000e+00
0.000e+00
0.000e+00
0.000e+00
0.000e+00
0.000e+00
8.749e-04
8.749e-04
8.749e-04
8.749e-04
0.000e+00
8.749e-04
0.000e+00
0.000e+00
0.000e+00
0.000e+00
8.749e-04
8.749e-04
0.000e+00
1.750e-03
1.750e-03
0.000e+00
0.000e+00
0.000e+00
0.000e+00
0.000e+00
8.749e-04
8.749e-04
8.749e-04
8.749e-04
1.750e-03
0.000e+00
0.000e+00
0.000e+00
0.000e+00
0.000e+00
1.750e-03
0.000e+00
8.749e-04
1.750e-03
8.749e-04
0.000e+00
8.749e-04
0.000e+00
8.749e-04
1.750e-03
0.000e+00
8.749e-04
2.625e-03
1.750e-03
2.625e-03
2.625e-03
0.000e+00
2.625e-03
1.750e-03
4.374e-03
3.500e-03
5.249e-03
8.749e-03
8.749e-03
1.750e-02
3.325e-02
1.479e-01
2.975e-02
1.750e-02
6.999e-03
8.749e-03
1.050e-02
6.999e-03
1.750e-03
0.000e+00
0.000e+00
2.625e-03
1.750e-03
1.750e-03
1.750e-03
8.749e-04
1.750e-03
0.000e+00
0.000e+00
8.749e-04
0.000e+00
0.000e+00
0.000e+00
1.750e-03
8.749e-04
0.000e+00
0.000e+00
0.000e+00
8.749e-04
8.749e-04
0.000e+00
8.749e-04
8.749e-04
0.000e+00
0.000e+00
8.749e-04
0.000e+00
0.000e+00
0.000e+00
8.749e-04
0.000e+00
0.000e+00
0.000e+00
0.000e+00
8.749e-04
0.000e+00
0.000e+00
0.000e+00
8.749e-04
0.000e+00
0.000e+00
8.749e-04
0.000e+00
0.000e+00
8.749e-04
0.000e+00
0.000e+00
0.000e+00
0.000e+00
8.749e-04
8.749e-04
0.000e+00
8.749e-04
8.749e-04
0.000e+00
8.749e-04
0.000e+00
1.750e-03
0.000e+00
0.000e+00
8.749e-04
0.000e+00
8.749e-04
8.749e-04
0.000e+00
0.000e+00
0.000e+00
8.749e-04
0.000e+00
0.000e+00
0.000e+00
0.000e+00
0.000e+00
0.000e+00
0.000e+00
0.000e+00
0.000e+00
0.000e+00
1.750e-03
8.749e-04
0.000e+00
8.749e-04
8.749e-04
0.000e+00
8.749e-04
0.000e+00
2.625e-03
0.000e+00
0.000e+00
0.000e+00
8.749e-04
0.000e+00
8.749e-04
0.000e+00
1.750e-03
8.749e-04
0.000e+00
0.000e+00
0.000e+00
0.000e+00
0.000e+00
0.000e+00
1.750e-03
0.000e+00
1.750e-03
0.000e+00
2.625e-03
0.000e+00
0.000e+00
0.000e+00
8.749e-04
0.000e+00
0.000e+00
0.000e+00
4.374e-03
1.750e-03
1.750e-03
0.000e+00
0.000e+00
0.000e+00
0.000e+00
0.000e+00
0.000e+00
0.000e+00
0.000e+00
8.749e-04
0.000e+00
0.000e+00
1.750e-03
0.000e+00
0.000e+00
0.000e+00
0.000e+00
0.000e+00
8.749e-04
0.000e+00
0.000e+00
0.000e+00
0.000e+00
0.000e+00
8.749e-04
8.749e-04
2.625e-03
8.749e-04
1.750e-03
0.000e+00
0.000e+00
4.374e-03
8.749e-04
8.749e-04
8.749e-04
8.749e-04
1.750e-03
0.000e+00
2.625e-03
4.374e-03
3.500e-03
1.750e-03
4.374e-03
3.500e-03
5.249e-03
6.999e-03
9.624e-03
4.374e-03
8.749e-03
1.137e-02
9.624e-03
1.225e-02
1.225e-02
2.187e-02
4.987e-02
