0.000e+00
0.000e+00
0.000e+00
0.000e+00
0.000e+00
0.000e+00
0.000e+00
0.000e+00
0.000e+00
0.000e+00
4.704e-04
0.000e+00
4.704e-04
0.000e+00
4.704e-04
0.000e+00
0.000e+00
0.000e+00
0.000e+00
4.704e-04
0.000e+00
0.000e+00
0.000e+00
0.000e+00
4.704e-04
0.000e+00
0.000e+00
0.000e+00
4.704e-04
0.000e+00
9.407e-04
0.000e+00
4.704e-04
1.411e-03
0.000e+00
4.704e-04
1.411e-03
9.407e-04
1.411e-03
1.411e-03
9.407e-04
9.407e-04
1.881e-03
3.293e-03
1.411e-03
5.174e-03
3.763e-03
2.352e-03
3.763e-03
5.174e-03
5.644e-03
5.174e-03
6.115e-03
4.233e-03
6.585e-03
6.585e-03
8.467e-03
7.526e-03
5.174e-03
4.233e-03
6.115e-03
7.056e-03
8.467e-03
7.526e-03
4.704e-03
7.526e-03
8.467e-03
1.082e-02
7.996e-03
9.407e-03
4.704e-03
3.763e-03
9.878e-03
8.467e-03
8.467e-03
6.115e-03
4.233e-03
1.035e-02
6.585e-03
6.115e-03
4.233e-03
4.704e-03
7.056e-03
4.704e-03
8.467e-03
3.763e-03
3.763e-03
6.115e-03
3.293e-03
6.115e-03
2.822e-03
5.174e-03
3.763e-03
5.174e-03
4.233e-03
4.233e-03
3.293e-03
4.704e-03
1.411e-03
6.115e-03
3.763e-03
6.115e-03
1.411e-03
1.881e-03
3.293e-03
3.763e-03
1.411e-03
4.704e-04
2.352e-03
1.881e-03
4.704e-04
3.293e-03
9.407e-04
1.411e-03
1.881e-03
9.407e-04
2.352e-03
9.407e-04
1.881e-03
5.174e-03
3.763e-03
3.763e-03
2.352e-03
1.881e-03
1.881e-03
1.881e-03
4.704e-04
9.407e-04
3.763e-03
5.644e-03
2.352e-03
4.704e-03
5.174e-03
3.763e-03
1.411e-03
3.763e-03
3.293e-03
3.293e-03
4.233e-03
3.763e-03
2.822e-03
2.352e-03
1.881e-03
4.704e-03
3.293e-03
9.407e-04
3.293e-03
1.881e-03
1.411e-03
1.881e-03
1.411e-03
9.407e-04
9.407e-04
4.704e-04
1.881e-03
9.407e-04
2.822e-03
4.704e-04
9.407e-04
2.352e-03
4.704e-04
1.411e-03
4.704e-04
1.411e-03
9.407e-04
4.704e-04
4.704e-04
9.407e-04
9.407e-04
4.704e-04
4.704e-04
2.352e-03
0.000e+00
4.704e-04
4.704e-04
0.000e+00
4.704e-04
9.407e-04
0.000e+00
0.000e+00
0.000e+00
0.000e+00
0.000e+00
0.000e+00
1.411e-03
9.407e-04
0.000e+00
4.704e-04
0.000e+00
9.407e-04
0.000e+00
0.000e+00
1.881e-03
3.763e-03
2.822e-03
9.407e-04
9.407e-04
4.704e-04
4.704e-04
4.704e-04
9.407e-04
1.881e-03
2.352e-03
4.704e-04
1.881e-03
1.411e-03
2.352e-03
4.704e-03
2.822e-03
4.704e-04
9.407e-04
1.411e-03
2.352e-03
9.407e-04
2.822e-03
2.822e-03
1.881e-03
1.411e-03
2.352e-03
1.881e-03
1.881e-03
2.352e-03
4.233e-03
3.293e-03
1.411e-03
2.352e-03
4.704e-03
3.293e-03
5.644e-03
3.763e-03
5.174e-03
2.822e-03
2.822e-03
4.704e-04
2.822e-03
1.411e-03
2.822e-03
3.763e-03
2.352e-03
4.233e-03
3.293e-03
1.411e-03
1.881e-03
4.704e-04
1.881e-03
9.407e-04
1.411e-03
2.352e-03
1.411e-03
1.411e-03
2.352e-03
1.881e-03
1.881e-03
1.881e-03
9.407e-04
3.293e-03
1.411e-03
3.763e-03
2.822e-03
1.881e-03
5.644e-03
1.881e-03
3.763e-03
4.233e-03
4.704e-03
4.704e-03
3.763e-03
4.233e-03
4.704e-03
4.704e-03
3.293e-03
5.644e-03
3.293e-03
5.174e-03
2.822e-03
6.585e-03
6.115e-03
5.174e-03
3.763e-03
6.115e-03
5.174e-03
1.411e-03
5.174e-03
7.526e-03
4.704e-03
1.176e-02
8.467e-03
6.115e-03
7.996e-03
1.082e-02
1.082e-02
8.937e-03
8.467e-03
7.056e-03
7.996e-03
6.585e-03
6.115e-03
5.644e-03
6.585e-03
8.467e-03
5.174e-03
2.822e-03
5.174e-03
8.937e-03
1.082e-02
8.937e-03
4.233e-03
7.526e-03
5.174e-03
6.115e-03
3.293e-03
2.822e-03
6.115e-03
4.233e-03
2.822e-03
2.822e-03
2.822e-03
3.293e-03
4.704e-04
2.822e-03
1.881e-03
1.411e-03
1.881e-03
4.704e-04
1.881e-03
0.000e+00
0.000e+00
0.000e+00
4.704e-04
4.704e-04
0.000e+00
9.407e-04
0.000e+00
0.000e+00
0.000e+00
4.704e-04
4.704e-04
0.000e+00
9.407e-04
4.704e-04
0.000e+00
0.000e+00
9.407e-04
0.000e+00
4.704e-04
4.704e-04
4.704e-04
0.000e+00
0.000e+00
0.000e+00
0.000e+00
0.000e+00
0.000e+00
0.000e+00
9.407e-04
0.000e+00
0.000e+00
4.704e-04
0.000e+00
0.000e+00
