0.000e+00
0.000e+00
0.000e+00
0.000e+00
0.000e+00
0.000e+00
0.000e+00
0.000e+00
0.000e+00
0.000e+00
0.000e+00
0.000e+00
0.000e+00
0.000e+00
0.000e+00
0.000e+00
0.000e+00
0.000e+00
0.000e+00
0.000e+00
0.000e+00
0.000e+00
0.000e+00
0.000e+00
0.000e+00
0.000e+00
0.000e+00
0.000e+00
0.000e+00
0.000e+00
0.000e+00
0.000e+00
0.000e+00
0.000e+00
0.000e+00
0.000e+00
0.000e+00
0.000e+00
0.000e+00
3.136e-04
0.000e+00
0.000e+00
0.000e+00
0.000e+00
6.272e-04
6.272e-04
6.272e-04
3.136e-04
1.568e-03
1.254e-03
1.254e-03
3.136e-04
9.407e-04
1.254e-03
2.509e-03
3.763e-03
2.509e-03
3.763e-03
7.839e-03
4.077e-03
5.017e-03
7.212e-03
6.899e-03
6.272e-03
6.272e-03
8.153e-03
7.839e-03
6.585e-03
6.899e-03
7.839e-03
4.390e-03
5.644e-03
3.449e-03
2.195e-03
3.136e-03
3.136e-03
3.763e-03
3.136e-03
2.195e-03
3.449e-03
4.077e-03
3.449e-03
9.407e-04
1.881e-03
1.254e-03
9.407e-04
3.136e-04
1.568e-03
1.568e-03
1.568e-03
1.254e-03
3.136e-04
3.136e-04
3.136e-04
3.136e-04
6.272e-04
3.136e-04
0.000e+00
6.272e-04
0.000e+00
0.000e+00
0.000e+00
0.000e+00
0.000e+00
0.000e+00
3.136e-04
0.000e+00
3.136e-04
3.136e-04
3.136e-04
3.136e-04
0.000e+00
3.136e-04
0.000e+00
3.136e-04
0.000e+00
0.000e+00
0.000e+00
0.000e+00
3.136e-04
3.136e-04
0.000e+00
3.136e-04
3.136e-04
3.136e-04
6.272e-04
0.000e+00
0.000e+00
0.000e+00
0.000e+00
0.000e+00
0.000e+00
3.136e-04
0.000e+00
0.000e+00
0.000e+00
0.000e+00
0.000e+00
0.000e+00
0.000e+00
0.000e+00
0.000e+00
0.000e+00
0.000e+00
3.136e-04
0.000e+00
0.000e+00
0.000e+00
0.000e+00
0.000e+00
0.000e+00
0.000e+00
0.000e+00
0.000e+00
0.000e+00
0.000e+00
0.000e+00
0.000e+00
0.000e+00
3.136e-04
0.000e+00
0.000e+00
0.000e+00
0.000e+00
0.000e+00
0.000e+00
0.000e+00
0.000e+00
0.000e+00
0.000e+00
0.000e+00
0.000e+00
0.000e+00
0.000e+00
0.000e+00
0.000e+00
0.000e+00
0.000e+00
0.000e+00
0.000e+00
0.000e+00
0.000e+00
0.000e+00
0.000e+00
0.000e+00
0.000e+00
0.000e+00
0.000e+00
0.000e+00
0.000e+00
0.000e+00
0.000e+00
0.000e+00
0.000e+00
0.000e+00
0.000e+00
0.000e+00
0.000e+00
0.000e+00
0.000e+00
0.000e+00
0.000e+00
0.000e+00
0.000e+00
0.000e+00
0.000e+00
0.000e+00
0.000e+00
0.000e+00
0.000e+00
0.000e+00
0.000e+00
0.000e+00
0.000e+00
0.000e+00
0.000e+00
3.136e-04
0.000e+00
0.000e+00
0.000e+00
0.000e+00
0.000e+00
0.000e+00
0.000e+00
0.000e+00
0.000e+00
0.000e+00
0.000e+00
0.000e+00
0.000e+00
0.000e+00
0.000e+00
0.000e+00
0.000e+00
0.000e+00
0.000e+00
0.000e+00
3.136e-04
0.000e+00
0.000e+00
3.136e-04
3.136e-04
3.136e-04
0.000e+00
0.000e+00
0.000e+00
3.136e-04
0.000e+00
0.000e+00
0.000e+00
0.000e+00
0.000e+00
0.000e+00
0.000e+00
3.136e-04
0.000e+00
0.000e+00
3.136e-04
9.407e-04
3.136e-04
3.136e-04
0.000e+00
3.136e-04
6.272e-04
0.000e+00
0.000e+00
9.407e-04
0.000e+00
3.136e-04
6.272e-04
9.407e-04
3.136e-04
9.407e-04
9.407e-04
1.881e-03
1.254e-03
0.000e+00
2.195e-03
1.568e-03
2.822e-03
1.254e-03
4.704e-03
3.763e-03
2.822e-03
3.136e-03
2.195e-03
1.568e-03
4.704e-03
4.077e-03
6.585e-03
7.212e-03
5.331e-03
7.212e-03
7.212e-03
8.153e-03
5.331e-03
9.721e-03
8.467e-03
7.526e-03
6.899e-03
6.585e-03
6.899e-03
5.331e-03
3.763e-03
2.509e-03
4.077e-03
1.254e-03
1.254e-03
2.822e-03
1.254e-03
1.881e-03
1.568e-03
1.254e-03
6.272e-04
6.272e-04
0.000e+00
0.000e+00
0.000e+00
0.000e+00
0.000e+00
0.000e+00
0.000e+00
0.000e+00
0.000e+00
0.000e+00
0.000e+00
0.000e+00
0.000e+00
0.000e+00
0.000e+00
0.000e+00
0.000e+00
0.000e+00
0.000e+00
0.000e+00
0.000e+00
0.000e+00
0.000e+00
0.000e+00
0.000e+00
0.000e+00
0.000e+00
0.000e+00
0.000e+00
0.000e+00
0.000e+00
0.000e+00
0.000e+00
0.000e+00
0.000e+00
0.000e+00
0.000e+00
0.000e+00
0.000e+00
0.000e+00
0.000e+00
0.000e+00
0.000e+00
0.000e+00
0.000e+00
