0.000e+00
0.000e+00
0.000e+00
0.000e+00
0.000e+00
0.000e+00
0.000e+00
0.000e+00
0.000e+00
0.000e+00
0.000e+00
0.000e+00
0.000e+00
0.000e+00
0.000e+00
0.000e+00
0.000e+00
0.000e+00
0.000e+00
0.000e+00
0.000e+00
0.000e+00
0.000e+00
0.000e+00
0.000e+00
0.000e+00
0.000e+00
1.754e-04
0.000e+00
0.000e+00
0.000e+00
0.000e+00
0.000e+00
0.000e+00
1.754e-04
0.000e+00
0.000e+00
0.000e+00
0.000e+00
0.000e+00
5.263e-04
0.000e+00
0.000e+00
0.000e+00
0.000e+00
5.263e-04
1.754e-04
1.754e-04
3.509e-04
8.772e-04
3.509e-04
3.509e-04
3.509e-04
7.018e-04
8.772e-04
1.404e-03
1.754e-03
2.105e-03
2.807e-03
2.105e-03
2.456e-03
4.035e-03
3.684e-03
6.842e-03
5.789e-03
6.140e-03
8.947e-03
8.070e-03
7.895e-03
8.070e-03
8.246e-03
1.000e-02
8.596e-03
9.825e-03
8.772e-03
7.193e-03
7.193e-03
6.842e-03
4.035e-03
4.386e-03
4.737e-03
6.667e-03
6.140e-03
4.211e-03
4.211e-03
3.684e-03
4.561e-03
2.105e-03
1.930e-03
2.632e-03
3.509e-03
2.281e-03
7.018e-04
1.930e-03
2.456e-03
2.281e-03
1.579e-03
1.754e-03
1.930e-03
1.053e-03
1.579e-03
1.754e-03
1.228e-03
1.053e-03
1.228e-03
1.404e-03
1.053e-03
1.579e-03
7.018e-04
1.228e-03
1.754e-04
1.579e-03
7.018e-04
5.263e-04
1.053e-03
7.018e-04
1.053e-03
7.018e-04
7.018e-04
3.509e-04
1.228e-03
3.509e-04
3.509e-04
5.263e-04
3.509e-04
5.263e-04
5.263e-04
8.772e-04
5.263e-04
1.053e-03
3.509e-04
0.000e+00
5.263e-04
1.754e-04
1.754e-04
5.263e-04
3.509e-04
1.754e-04
3.509e-04
3.509e-04
3.509e-04
1.754e-04
0.000e+00
5.263e-04
1.754e-04
0.000e+00
1.754e-04
0.000e+00
0.000e+00
1.754e-04
0.000e+00
3.509e-04
1.754e-04
3.509e-04
0.000e+00
1.754e-04
7.018e-04
1.754e-04
7.018e-04
0.000e+00
1.754e-04
1.754e-04
0.000e+00
3.509e-04
1.754e-04
0.000e+00
0.000e+00
1.754e-04
0.000e+00
1.754e-04
1.754e-04
1.754e-04
1.754e-04
1.754e-04
1.754e-04
5.263e-04
3.509e-04
0.000e+00
0.000e+00
1.754e-04
1.754e-04
0.000e+00
3.509e-04
7.018e-04
0.000e+00
1.754e-04
5.263e-04
0.000e+00
0.000e+00
0.000e+00
3.509e-04
1.754e-04
0.000e+00
0.000e+00
0.000e+00
0.000e+00
3.509e-04
3.509e-04
1.754e-04
0.000e+00
1.754e-04
0.000e+00
5.263e-04
1.754e-04
1.754e-04
3.509e-04
3.509e-04
0.000e+00
1.754e-04
5.263e-04
0.000e+00
3.509e-04
1.754e-04
1.754e-04
1.754e-04
0.000e+00
0.000e+00
1.754e-04
1.754e-04
0.000e+00
3.509e-04
3.509e-04
0.000e+00
3.509e-04
1.754e-04
0.000e+00
3.509e-04
3.509e-04
5.263e-04
5.263e-04
1.754e-04
5.263e-04
1.754e-04
5.263e-04
5.263e-04
1.053e-03
3.509e-04
5.263e-04
5.263e-04
3.509e-04
8.772e-04
3.509e-04
1.053e-03
1.228e-03
7.018e-04
8.772e-04
1.754e-04
1.404e-03
1.053e-03
8.772e-04
8.772e-04
1.053e-03
1.228e-03
3.509e-04
7.018e-04
1.404e-03
1.228e-03
1.404e-03
7.018e-04
1.579e-03
1.053e-03
2.281e-03
1.228e-03
1.579e-03
7.018e-04
5.263e-04
3.684e-03
2.456e-03
3.509e-03
3.158e-03
2.982e-03
1.930e-03
3.333e-03
3.684e-03
2.105e-03
4.211e-03
4.386e-03
3.860e-03
4.035e-03
3.509e-03
7.018e-03
4.737e-03
6.667e-03
4.912e-03
7.193e-03
5.614e-03
6.140e-03
7.544e-03
8.772e-03
8.070e-03
9.474e-03
9.649e-03
7.368e-03
7.895e-03
9.649e-03
6.316e-03
6.842e-03
6.491e-03
7.018e-03
5.439e-03
3.684e-03
3.158e-03
2.105e-03
2.105e-03
1.053e-03
1.228e-03
1.053e-03
5.263e-04
5.263e-04
7.018e-04
0.000e+00
3.509e-04
5.263e-04
3.509e-04
3.509e-04
3.509e-04
0.000e+00
0.000e+00
1.754e-04
0.000e+00
0.000e+00
1.754e-04
0.000e+00
0.000e+00
0.000e+00
0.000e+00
1.754e-04
1.754e-04
0.000e+00
0.000e+00
1.754e-04
0.000e+00
0.000e+00
0.000e+00
0.000e+00
0.000e+00
0.000e+00
0.000e+00
0.000e+00
0.000e+00
0.000e+00
0.000e+00
0.000e+00
0.000e+00
0.000e+00
0.000e+00
0.000e+00
0.000e+00
0.000e+00
0.000e+00
0.000e+00
0.000e+00
0.000e+00
0.000e+00
0.000e+00
0.000e+00
0.000e+00
0.000e+00
0.000e+00
0.000e+00
