2.083e-02
0.000e+00
6.944e-03
3.472e-03
0.000e+00
3.472e-03
0.000e+00
0.000e+00
0.000e+00
0.000e+00
3.472e-03
1.042e-02
3.472e-03
3.472e-03
6.944e-03
0.000e+00
0.000e+00
0.000e+00
0.000e+00
0.000e+00
3.472e-03
3.472e-03
0.000e+00
0.000e+00
0.000e+00
3.472e-03
0.000e+00
0.000e+00
6.944e-03
0.000e+00
3.472e-03
6.944e-03
3.472e-03
3.472e-03
0.000e+00
3.472e-03
1.042e-02
0.000e+00
1.042e-02
0.000e+00
0.000e+00
0.000e+00
0.000e+00
3.472e-03
3.472e-03
0.000e+00
6.944e-03
0.000e+00
6.944e-03
3.472e-03
0.000e+00
6.944e-03
6.944e-03
3.472e-03
6.944e-03
3.472e-03
0.000e+00
0.000e+00
0.000e+00
0.000e+00
6.944e-03
3.472e-03
3.472e-03
3.472e-03
3.472e-03
0.000e+00
0.000e+00
0.000e+00
0.000e+00
0.000e+00
3.472e-03
0.000e+00
3.472e-03
0.000e+00
0.000e+00
0.000e+00
0.000e+00
0.000e+00
0.000e+00
0.000e+00
0.000e+00
3.472e-03
0.000e+00
0.000e+00
0.000e+00
0.000e+00
0.000e+00
0.000e+00
3.472e-03
0.000e+00
0.000e+00
6.944e-03
0.000e+00
0.000e+00
0.000e+00
0.000e+00
0.000e+00
0.000e+00
0.000e+00
0.000e+00
3.472e-03
0.000e+00
0.000e+00
0.000e+00
3.472e-03
6.944e-03
3.472e-03
0.000e+00
3.472e-03
0.000e+00
3.472e-03
0.000e+00
0.000e+00
3.472e-03
0.000e+00
0.000e+00
0.000e+00
0.000e+00
0.000e+00
0.000e+00
3.472e-03
0.000e+00
0.000e+00
0.000e+00
0.000e+00
0.000e+00
0.000e+00
0.000e+00
6.944e-03
0.000e+00
3.472e-03
0.000e+00
0.000e+00
0.000e+00
0.000e+00
0.000e+00
0.000e+00
0.000e+00
0.000e+00
0.000e+00
0.000e+00
0.000e+00
0.000e+00
0.000e+00
0.000e+00
0.000e+00
0.000e+00
6.944e-03
0.000e+00
0.000e+00
0.000e+00
0.000e+00
0.000e+00
0.000e+00
0.000e+00
3.472e-03
0.000e+00
0.000e+00
3.472e-03
0.000e+00
0.000e+00
6.944e-03
6.944e-03
0.000e+00
0.000e+00
0.000e+00
0.000e+00
0.000e+00
1.042e-02
3.472e-03
3.472e-03
1.389e-02
3.472e-03
2.083e-02
0.000e+00
1.736e-02
1.042e-02
2.083e-02
4.167e-02
3.819e-02
1.319e-01
4.514e-02
4.514e-02
2.778e-02
2.083e-02
1.736e-02
1.389e-02
1.042e-02
0.000e+00
6.944e-03
1.042e-02
3.472e-03
6.944e-03
0.000e+00
6.944e-03
0.000e+00
3.472e-03
3.472e-03
0.000e+00
3.472e-03
0.000e+00
3.472e-03
0.000e+00
0.000e+00
0.000e+00
0.000e+00
0.000e+00
3.472e-03
0.000e+00
3.472e-03
0.000e+00
0.000e+00
0.000e+00
0.000e+00
0.000e+00
0.000e+00
0.000e+00
3.472e-03
0.000e+00
0.000e+00
0.000e+00
0.000e+00
3.472e-03
0.000e+00
0.000e+00
0.000e+00
0.000e+00
0.000e+00
0.000e+00
0.000e+00
0.000e+00
0.000e+00
0.000e+00
0.000e+00
0.000e+00
3.472e-03
0.000e+00
0.000e+00
0.000e+00
0.000e+00
0.000e+00
0.000e+00
0.000e+00
0.000e+00
3.472e-03
0.000e+00
3.472e-03
0.000e+00
0.000e+00
0.000e+00
0.000e+00
0.000e+00
0.000e+00
0.000e+00
3.472e-03
0.000e+00
0.000e+00
0.000e+00
0.000e+00
0.000e+00
0.000e+00
0.000e+00
0.000e+00
3.472e-03
0.000e+00
0.000e+00
3.472e-03
0.000e+00
0.000e+00
0.000e+00
0.000e+00
3.472e-03
3.472e-03
0.000e+00
0.000e+00
0.000e+00
0.000e+00
0.000e+00
0.000e+00
0.000e+00
3.472e-03
0.000e+00
3.472e-03
0.000e+00
0.000e+00
0.000e+00
0.000e+00
0.000e+00
0.000e+00
3.472e-03
0.000e+00
0.000e+00
0.000e+00
3.472e-03
0.000e+00
0.000e+00
0.000e+00
0.000e+00
0.000e+00
0.000e+00
0.000e+00
0.000e+00
0.000e+00
0.000e+00
3.472e-03
0.000e+00
0.000e+00
3.472e-03
0.000e+00
0.000e+00
0.000e+00
0.000e+00
3.472e-03
0.000e+00
3.472e-03
0.000e+00
6.944e-03
3.472e-03
6.944e-03
0.000e+00
3.472e-03
0.000e+00
3.472e-03
6.944e-03
6.944e-03
3.472e-03
0.000e+00
0.000e+00
0.000e+00
1.042e-02
3.472e-03
3.472e-03
3.472e-03
0.000e+00
0.000e+00
0.000e+00
0.000e+00
0.000e+00
0.000e+00
3.472e-03
0.000e+00
0.000e+00
3.472e-03
3.472e-03
0.000e+00
0.000e+00
0.000e+00
0.000e+00
3.472e-03
0.000e+00
0.000e+00
0.000e+00
0.000e+00
3.472e-03
6.944e-03
0.000e+00
0.000e+00
3.472e-03
0.000e+00
1.042e-02
