8.681e-03
0.000e+00
3.472e-03
1.736e-03
3.472e-03
0.000e+00
0.000e+00
0.000e+00
1.736e-03
3.472e-03
0.000e+00
1.736e-03
3.472e-03
0.000e+00
0.000e+00
0.000e+00
0.000e+00
0.000e+00
1.736e-03
0.000e+00
1.736e-03
0.000e+00
0.000e+00
0.000e+00
0.000e+00
0.000e+00
0.000e+00
1.736e-03
0.000e+00
3.472e-03
1.736e-03
0.000e+00
0.000e+00
0.000e+00
0.000e+00
0.000e+00
0.000e+00
0.000e+00
1.736e-03
1.736e-03
0.000e+00
1.736e-03
0.000e+00
0.000e+00
0.000e+00
0.000e+00
0.000e+00
1.736e-03
1.736e-03
1.736e-03
1.736e-03
0.000e+00
1.736e-03
0.000e+00
0.000e+00
1.736e-03
3.472e-03
1.736e-03
1.736e-03
3.472e-03
1.736e-03
5.208e-03
1.736e-03
1.736e-03
0.000e+00
1.736e-03
1.736e-03
1.736e-03
1.736e-03
0.000e+00
1.736e-03
3.472e-03
1.736e-03
3.472e-03
1.736e-03
1.736e-03
0.000e+00
1.736e-03
0.000e+00
3.472e-03
1.736e-03
0.000e+00
0.000e+00
0.000e+00
0.000e+00
0.000e+00
3.472e-03
3.472e-03
0.000e+00
1.736e-03
0.000e+00
0.000e+00
0.000e+00
0.000e+00
0.000e+00
0.000e+00
1.736e-03
0.000e+00
0.000e+00
1.736e-03
1.736e-03
1.736e-03
3.472e-03
1.736e-03
0.000e+00
0.000e+00
0.000e+00
1.736e-03
0.000e+00
0.000e+00
0.000e+00
0.000e+00
0.000e+00
0.000e+00
0.000e+00
0.000e+00
0.000e+00
0.000e+00
0.000e+00
1.736e-03
0.000e+00
0.000e+00
0.000e+00
0.000e+00
0.000e+00
0.000e+00
0.000e+00
0.000e+00
0.000e+00
0.000e+00
0.000e+00
0.000e+00
0.000e+00
0.000e+00
0.000e+00
0.000e+00
0.000e+00
0.000e+00
0.000e+00
0.000e+00
0.000e+00
0.000e+00
0.000e+00
0.000e+00
0.000e+00
0.000e+00
0.000e+00
0.000e+00
0.000e+00
0.000e+00
0.000e+00
0.000e+00
0.000e+00
0.000e+00
0.000e+00
0.000e+00
0.000e+00
0.000e+00
0.000e+00
0.000e+00
0.000e+00
0.000e+00
0.000e+00
0.000e+00
1.736e-03
0.000e+00
0.000e+00
3.472e-03
3.472e-03
1.736e-03
3.472e-03
3.472e-03
3.472e-03
3.472e-03
8.681e-03
1.910e-02
1.389e-02
1.562e-02
1.736e-02
1.562e-02
1.910e-02
1.736e-02
2.257e-02
2.951e-02
8.681e-03
5.208e-03
1.389e-02
1.042e-02
8.681e-03
3.472e-03
8.681e-03
3.472e-03
1.736e-03
5.208e-03
3.472e-03
1.736e-03
1.736e-03
0.000e+00
1.736e-03
0.000e+00
0.000e+00
0.000e+00
1.736e-03
0.000e+00
0.000e+00
0.000e+00
0.000e+00
0.000e+00
0.000e+00
0.000e+00
0.000e+00
0.000e+00
0.000e+00
0.000e+00
0.000e+00
0.000e+00
0.000e+00
0.000e+00
1.736e-03
0.000e+00
0.000e+00
0.000e+00
1.736e-03
0.000e+00
0.000e+00
0.000e+00
0.000e+00
0.000e+00
0.000e+00
0.000e+00
0.000e+00
1.736e-03
0.000e+00
0.000e+00
0.000e+00
1.736e-03
0.000e+00
0.000e+00
0.000e+00
0.000e+00
0.000e+00
0.000e+00
0.000e+00
0.000e+00
0.000e+00
0.000e+00
1.736e-03
0.000e+00
0.000e+00
0.000e+00
0.000e+00
0.000e+00
1.736e-03
1.736e-03
0.000e+00
0.000e+00
0.000e+00
0.000e+00
0.000e+00
0.000e+00
0.000e+00
0.000e+00
0.000e+00
0.000e+00
0.000e+00
1.736e-03
0.000e+00
0.000e+00
1.736e-03
0.000e+00
1.736e-03
0.000e+00
0.000e+00
1.736e-03
0.000e+00
0.000e+00
0.000e+00
1.736e-03
1.736e-03
1.736e-03
1.736e-03
0.000e+00
0.000e+00
0.000e+00
0.000e+00
5.208e-03
3.472e-03
0.000e+00
1.736e-03
0.000e+00
0.000e+00
0.000e+00
1.736e-03
0.000e+00
1.736e-03
0.000e+00
1.736e-03
0.000e+00
0.000e+00
0.000e+00
0.000e+00
3.472e-03
0.000e+00
3.472e-03
1.736e-03
0.000e+00
1.736e-03
0.000e+00
1.736e-03
1.736e-03
1.736e-03
0.000e+00
1.736e-03
0.000e+00
0.000e+00
1.736e-03
0.000e+00
0.000e+00
1.736e-03
0.000e+00
0.000e+00
0.000e+00
0.000e+00
0.000e+00
1.736e-03
0.000e+00
0.000e+00
0.000e+00
0.000e+00
0.000e+00
0.000e+00
1.736e-03
0.000e+00
0.000e+00
0.000e+00
1.736e-03
0.000e+00
0.000e+00
0.000e+00
0.000e+00
0.000e+00
1.736e-03
0.000e+00
0.000e+00
0.000e+00
0.000e+00
0.000e+00
0.000e+00
1.736e-03
1.736e-03
1.736e-03
3.472e-03
0.000e+00
1.736e-03
1.736e-03
0.000e+00
3.472e-03
0.000e+00
1.736e-03
3.472e-03
