0.000e+00
0.000e+00
0.000e+00
0.000e+00
0.000e+00
0.000e+00
0.000e+00
3.378e-04
0.000e+00
0.000e+00
0.000e+00
0.000e+00
3.378e-04
0.000e+00
0.000e+00
0.000e+00
0.000e+00
0.000e+00
0.000e+00
0.000e+00
0.000e+00
0.000e+00
3.378e-04
0.000e+00
0.000e+00
0.000e+00
0.000e+00
0.000e+00
0.000e+00
0.000e+00
1.689e-03
3.378e-04
0.000e+00
0.000e+00
3.378e-04
0.000e+00
0.000e+00
0.000e+00
3.378e-04
3.378e-04
0.000e+00
3.378e-04
6.757e-04
0.000e+00
6.757e-04
0.000e+00
3.378e-04
1.014e-03
0.000e+00
6.757e-04
6.757e-04
1.014e-03
6.757e-04
2.365e-03
1.689e-03
1.689e-03
3.716e-03
3.041e-03
2.027e-03
4.730e-03
3.378e-03
3.378e-03
3.041e-03
5.743e-03
2.365e-03
4.054e-03
4.730e-03
5.068e-03
6.757e-03
4.392e-03
2.365e-03
3.041e-03
4.730e-03
4.054e-03
3.041e-03
4.730e-03
3.716e-03
6.081e-03
5.068e-03
3.041e-03
2.365e-03
3.378e-03
2.365e-03
3.378e-03
3.378e-03
1.689e-03
2.703e-03
2.365e-03
2.027e-03
1.689e-03
1.014e-03
3.378e-04
1.351e-03
1.351e-03
1.014e-03
1.014e-03
1.351e-03
6.757e-04
1.351e-03
6.757e-04
3.378e-04
3.378e-04
3.378e-04
3.378e-04
1.014e-03
3.378e-04
0.000e+00
0.000e+00
0.000e+00
0.000e+00
0.000e+00
0.000e+00
0.000e+00
0.000e+00
0.000e+00
0.000e+00
3.378e-04
3.378e-04
0.000e+00
3.378e-04
0.000e+00
6.757e-04
0.000e+00
0.000e+00
0.000e+00
0.000e+00
0.000e+00
0.000e+00
3.378e-04
0.000e+00
3.378e-04
6.757e-04
0.000e+00
0.000e+00
3.378e-04
3.378e-04
3.378e-04
3.378e-04
0.000e+00
6.757e-04
0.000e+00
0.000e+00
3.378e-04
1.014e-03
6.757e-04
3.378e-04
3.378e-04
0.000e+00
6.757e-04
3.378e-04
0.000e+00
1.014e-03
1.014e-03
1.014e-03
1.689e-03
1.689e-03
3.378e-04
1.351e-03
1.351e-03
1.351e-03
3.716e-03
1.014e-03
1.014e-03
1.351e-03
2.027e-03
3.378e-03
1.689e-03
2.027e-03
1.351e-03
3.378e-03
2.703e-03
3.716e-03
3.378e-03
4.054e-03
4.730e-03
4.392e-03
6.081e-03
8.446e-03
6.081e-03
7.095e-03
6.757e-03
6.419e-03
7.432e-03
6.757e-03
6.419e-03
6.081e-03
5.068e-03
4.392e-03
4.054e-03
3.716e-03
1.689e-03
5.068e-03
3.041e-03
2.365e-03
3.041e-03
2.365e-03
5.068e-03
4.054e-03
1.689e-03
1.351e-03
1.689e-03
2.703e-03
3.378e-04
1.351e-03
1.351e-03
1.351e-03
6.757e-04
1.014e-03
1.014e-03
3.378e-04
1.014e-03
6.757e-04
0.000e+00
3.378e-04
0.000e+00
6.757e-04
0.000e+00
1.014e-03
3.378e-04
6.757e-04
0.000e+00
6.757e-04
0.000e+00
3.378e-04
3.378e-04
0.000e+00
3.378e-04
3.378e-04
3.378e-04
0.000e+00
0.000e+00
1.014e-03
0.000e+00
0.000e+00
0.000e+00
3.378e-04
3.378e-04
0.000e+00
0.000e+00
0.000e+00
0.000e+00
0.000e+00
0.000e+00
6.757e-04
0.000e+00
0.000e+00
3.378e-04
3.378e-04
0.000e+00
0.000e+00
3.378e-04
3.378e-04
0.000e+00
6.757e-04
3.378e-04
3.378e-04
0.000e+00
6.757e-04
6.757e-04
3.378e-04
3.378e-04
6.757e-04
2.027e-03
3.378e-04
1.014e-03
1.351e-03
6.757e-04
1.014e-03
3.716e-03
1.014e-03
1.689e-03
1.014e-03
2.365e-03
2.027e-03
1.689e-03
3.041e-03
2.027e-03
2.027e-03
1.689e-03
2.703e-03
5.068e-03
2.365e-03
4.054e-03
2.703e-03
2.365e-03
4.730e-03
2.703e-03
2.703e-03
4.392e-03
4.054e-03
5.405e-03
2.365e-03
5.068e-03
3.041e-03
4.392e-03
3.378e-03
5.068e-03
3.716e-03
5.743e-03
3.716e-03
3.041e-03
2.703e-03
3.041e-03
3.378e-03
4.054e-03
1.689e-03
1.689e-03
6.757e-04
1.689e-03
6.757e-04
3.041e-03
1.351e-03
2.027e-03
6.757e-04
1.689e-03
2.027e-03
0.000e+00
3.378e-04
3.378e-04
0.000e+00
0.000e+00
0.000e+00
0.000e+00
0.000e+00
1.014e-03
0.000e+00
0.000e+00
0.000e+00
0.000e+00
3.378e-04
0.000e+00
0.000e+00
0.000e+00
0.000e+00
0.000e+00
0.000e+00
0.000e+00
0.000e+00
0.000e+00
0.000e+00
0.000e+00
0.000e+00
0.000e+00
0.000e+00
0.000e+00
0.000e+00
3.378e-04
0.000e+00
3.378e-04
0.000e+00
0.000e+00
0.000e+00
3.378e-04
0.000e+00
0.000e+00
0.000e+00
0.000e+00
0.000e+00
0.000e+00
0.000e+00
