0.000e+00
0.000e+00
0.000e+00
0.000e+00
0.000e+00
0.000e+00
0.000e+00
0.000e+00
0.000e+00
0.000e+00
0.000e+00
0.000e+00
0.000e+00
0.000e+00
0.000e+00
6.757e-04
0.000e+00
0.000e+00
0.000e+00
0.000e+00
0.000e+00
0.000e+00
0.000e+00
0.000e+00
0.000e+00
1.351e-03
6.757e-04
6.757e-04
0.000e+00
0.000e+00
0.000e+00
0.000e+00
0.000e+00
0.000e+00
0.000e+00
6.757e-04
6.757e-04
6.757e-04
6.757e-04
6.757e-04
2.027e-03
6.757e-04
0.000e+00
1.351e-03
2.027e-03
2.703e-03
2.703e-03
2.703e-03
1.351e-03
3.378e-03
2.703e-03
4.730e-03
2.703e-03
7.432e-03
4.730e-03
4.054e-03
8.784e-03
4.730e-03
5.405e-03
5.405e-03
8.108e-03
1.351e-02
8.108e-03
8.108e-03
8.108e-03
1.014e-02
1.014e-02
7.432e-03
1.149e-02
1.081e-02
1.149e-02
9.459e-03
8.784e-03
6.081e-03
8.784e-03
6.757e-03
8.784e-03
5.405e-03
8.108e-03
6.081e-03
7.432e-03
4.054e-03
5.405e-03
6.081e-03
2.027e-03
4.054e-03
4.054e-03
5.405e-03
2.027e-03
4.730e-03
2.027e-03
6.757e-04
2.703e-03
1.351e-03
3.378e-03
2.703e-03
6.757e-04
3.378e-03
6.757e-04
6.757e-04
0.000e+00
1.351e-03
0.000e+00
2.027e-03
6.757e-04
0.000e+00
6.757e-04
0.000e+00
1.351e-03
0.000e+00
0.000e+00
1.351e-03
1.351e-03
0.000e+00
0.000e+00
0.000e+00
0.000e+00
2.703e-03
1.351e-03
6.757e-04
6.757e-04
6.757e-04
0.000e+00
6.757e-04
6.757e-04
0.000e+00
0.000e+00
1.351e-03
0.000e+00
1.351e-03
0.000e+00
6.757e-04
0.000e+00
0.000e+00
2.703e-03
1.351e-03
0.000e+00
0.000e+00
1.351e-03
0.000e+00
2.027e-03
6.757e-04
6.757e-04
1.351e-03
6.757e-04
6.757e-04
0.000e+00
2.027e-03
1.351e-03
2.703e-03
0.000e+00
1.351e-03
1.351e-03
2.703e-03
1.351e-03
2.703e-03
2.703e-03
2.027e-03
2.027e-03
4.730e-03
2.703e-03
5.405e-03
1.351e-03
2.027e-03
2.703e-03
4.054e-03
7.432e-03
6.757e-03
6.081e-03
4.730e-03
2.703e-03
4.730e-03
6.081e-03
6.757e-03
6.081e-03
8.108e-03
4.054e-03
1.014e-02
8.108e-03
1.486e-02
2.770e-02
1.622e-02
8.784e-03
6.757e-03
2.027e-03
4.730e-03
6.757e-03
6.757e-03
6.081e-03
5.405e-03
2.703e-03
7.432e-03
3.378e-03
8.108e-03
6.757e-03
2.703e-03
2.703e-03
6.757e-04
6.081e-03
3.378e-03
4.054e-03
2.703e-03
1.351e-03
1.351e-03
3.378e-03
3.378e-03
2.703e-03
2.703e-03
2.703e-03
3.378e-03
2.027e-03
1.351e-03
6.757e-04
6.757e-04
6.757e-04
1.351e-03
6.757e-04
2.027e-03
0.000e+00
0.000e+00
1.351e-03
6.757e-04
6.757e-04
0.000e+00
1.351e-03
6.757e-04
1.351e-03
6.757e-04
6.757e-04
1.351e-03
0.000e+00
0.000e+00
6.757e-04
0.000e+00
6.757e-04
0.000e+00
6.757e-04
1.351e-03
0.000e+00
0.000e+00
0.000e+00
0.000e+00
6.757e-04
1.351e-03
2.703e-03
6.757e-04
0.000e+00
0.000e+00
1.351e-03
6.757e-04
1.351e-03
2.027e-03
6.757e-04
6.757e-04
2.027e-03
1.351e-03
6.757e-04
1.351e-03
6.757e-04
2.027e-03
1.351e-03
1.351e-03
2.703e-03
2.703e-03
0.000e+00
2.703e-03
4.054e-03
3.378e-03
1.351e-03
2.027e-03
2.703e-03
4.730e-03
4.730e-03
2.027e-03
2.027e-03
5.405e-03
6.081e-03
5.405e-03
4.054e-03
3.378e-03
6.081e-03
4.730e-03
4.730e-03
6.081e-03
4.730e-03
8.784e-03
8.784e-03
7.432e-03
6.081e-03
8.784e-03
7.432e-03
6.757e-03
7.432e-03
8.784e-03
8.784e-03
1.216e-02
8.108e-03
6.081e-03
1.081e-02
1.081e-02
9.459e-03
9.459e-03
4.730e-03
7.432e-03
6.757e-03
3.378e-03
5.405e-03
4.730e-03
4.730e-03
2.027e-03
5.405e-03
2.703e-03
6.757e-04
3.378e-03
2.703e-03
6.757e-04
1.351e-03
2.703e-03
0.000e+00
6.757e-04
2.703e-03
0.000e+00
0.000e+00
0.000e+00
6.757e-04
2.027e-03
1.351e-03
1.351e-03
6.757e-04
1.351e-03
0.000e+00
0.000e+00
0.000e+00
0.000e+00
0.000e+00
0.000e+00
0.000e+00
0.000e+00
0.000e+00
6.757e-04
0.000e+00
0.000e+00
0.000e+00
0.000e+00
0.000e+00
0.000e+00
0.000e+00
6.757e-04
0.000e+00
6.757e-04
0.000e+00
0.000e+00
0.000e+00
0.000e+00
0.000e+00
0.000e+00
0.000e+00
0.000e+00
0.000e+00
6.757e-04
