0.000e+00
0.000e+00
0.000e+00
0.000e+00
0.000e+00
1.209e-03
0.000e+00
0.000e+00
1.209e-03
0.000e+00
0.000e+00
1.209e-03
0.000e+00
0.000e+00
0.000e+00
0.000e+00
1.209e-03
1.209e-03
0.000e+00
0.000e+00
0.000e+00
1.209e-03
0.000e+00
0.000e+00
2.418e-03
1.209e-03
0.000e+00
0.000e+00
0.000e+00
2.418e-03
0.000e+00
1.209e-03
0.000e+00
0.000e+00
1.209e-03
2.418e-03
1.209e-03
3.628e-03
1.209e-03
3.628e-03
3.628e-03
3.628e-03
4.837e-03
2.418e-03
3.628e-03
4.837e-03
1.209e-03
2.418e-03
3.628e-03
4.837e-03
1.209e-03
9.674e-03
4.837e-03
6.046e-03
8.464e-03
7.255e-03
8.464e-03
1.088e-02
1.814e-02
1.572e-02
1.209e-02
1.935e-02
1.209e-02
2.418e-03
1.088e-02
1.330e-02
7.255e-03
1.209e-03
6.046e-03
2.418e-03
4.837e-03
7.255e-03
4.837e-03
3.628e-03
2.418e-03
4.837e-03
4.837e-03
6.046e-03
3.628e-03
2.418e-03
1.209e-03
1.209e-03
2.418e-03
3.628e-03
1.209e-03
0.000e+00
2.418e-03
4.837e-03
0.000e+00
0.000e+00
2.418e-03
0.000e+00
0.000e+00
2.418e-03
2.418e-03
0.000e+00
0.000e+00
1.209e-03
2.418e-03
1.209e-03
1.209e-03
0.000e+00
0.000e+00
1.209e-03
0.000e+00
1.209e-03
0.000e+00
0.000e+00
0.000e+00
0.000e+00
0.000e+00
0.000e+00
4.837e-03
0.000e+00
0.000e+00
1.209e-03
0.000e+00
0.000e+00
1.209e-03
0.000e+00
0.000e+00
1.209e-03
0.000e+00
0.000e+00
1.209e-03
2.418e-03
2.418e-03
1.209e-03
2.418e-03
0.000e+00
0.000e+00
1.209e-03
0.000e+00
2.418e-03
4.837e-03
0.000e+00
1.209e-03
0.000e+00
0.000e+00
0.000e+00
0.000e+00
0.000e+00
0.000e+00
1.209e-03
1.209e-03
2.418e-03
0.000e+00
2.418e-03
0.000e+00
1.209e-03
1.209e-03
1.209e-03
1.209e-03
1.209e-03
4.837e-03
0.000e+00
1.209e-03
2.418e-03
3.628e-03
2.418e-03
2.418e-03
4.837e-03
4.837e-03
6.046e-03
1.209e-03
3.628e-03
1.209e-03
6.046e-03
8.464e-03
4.837e-03
4.837e-03
8.464e-03
4.837e-03
1.209e-02
1.330e-02
3.628e-03
1.451e-02
1.209e-02
9.674e-03
2.056e-02
1.330e-02
2.056e-02
1.209e-02
8.464e-03
1.209e-02
8.464e-03
7.255e-03
2.418e-03
4.837e-03
8.464e-03
6.046e-03
4.837e-03
2.418e-03
1.209e-03
3.628e-03
4.837e-03
2.418e-03
4.837e-03
4.837e-03
6.046e-03
3.628e-03
1.209e-03
1.209e-03
2.418e-03
0.000e+00
3.628e-03
2.418e-03
6.046e-03
0.000e+00
1.209e-03
0.000e+00
1.209e-03
0.000e+00
1.209e-03
1.209e-03
1.209e-03
0.000e+00
0.000e+00
0.000e+00
1.209e-03
0.000e+00
1.209e-03
1.209e-03
1.209e-03
1.209e-03
0.000e+00
0.000e+00
1.209e-03
0.000e+00
0.000e+00
1.209e-03
0.000e+00
4.837e-03
0.000e+00
0.000e+00
0.000e+00
0.000e+00
1.209e-03
2.418e-03
0.000e+00
0.000e+00
0.000e+00
1.209e-03
0.000e+00
1.209e-03
2.418e-03
3.628e-03
0.000e+00
0.000e+00
0.000e+00
0.000e+00
1.209e-03
3.628e-03
0.000e+00
0.000e+00
1.209e-03
0.000e+00
0.000e+00
0.000e+00
1.209e-03
0.000e+00
0.000e+00
1.209e-03
0.000e+00
0.000e+00
2.418e-03
1.209e-03
2.418e-03
2.418e-03
1.209e-03
3.628e-03
1.209e-03
1.209e-03
1.209e-03
1.209e-03
1.209e-03
1.209e-03
2.418e-03
2.418e-03
2.418e-03
1.209e-03
4.837e-03
6.046e-03
4.837e-03
2.418e-03
4.837e-03
4.837e-03
4.837e-03
6.046e-03
8.464e-03
7.255e-03
7.255e-03
2.418e-03
9.674e-03
8.464e-03
8.464e-03
9.674e-03
4.837e-03
7.255e-03
1.693e-02
1.572e-02
1.451e-02
7.255e-03
6.046e-03
8.464e-03
8.464e-03
2.418e-03
6.046e-03
0.000e+00
3.628e-03
2.418e-03
0.000e+00
2.418e-03
1.209e-03
3.628e-03
4.837e-03
0.000e+00
3.628e-03
2.418e-03
1.209e-03
1.209e-03
2.418e-03
2.418e-03
2.418e-03
0.000e+00
1.209e-03
1.209e-03
0.000e+00
1.209e-03
0.000e+00
3.628e-03
0.000e+00
1.209e-03
0.000e+00
0.000e+00
0.000e+00
0.000e+00
0.000e+00
0.000e+00
0.000e+00
1.209e-03
1.209e-03
1.209e-03
0.000e+00
0.000e+00
0.000e+00
0.000e+00
0.000e+00
0.000e+00
4.837e-03
0.000e+00
0.000e+00
0.000e+00
0.000e+00
0.000e+00
0.000e+00
0.000e+00
0.000e+00
0.000e+00
1.209e-03
