0.000e+00
0.000e+00
0.000e+00
0.000e+00
0.000e+00
0.000e+00
0.000e+00
0.000e+00
0.000e+00
0.000e+00
0.000e+00
0.000e+00
0.000e+00
0.000e+00
0.000e+00
0.000e+00
0.000e+00
0.000e+00
0.000e+00
0.000e+00
0.000e+00
0.000e+00
0.000e+00
0.000e+00
0.000e+00
0.000e+00
0.000e+00
0.000e+00
0.000e+00
0.000e+00
0.000e+00
0.000e+00
0.000e+00
0.000e+00
6.046e-04
0.000e+00
1.209e-03
6.046e-04
6.046e-04
0.000e+00
1.814e-03
6.046e-04
1.814e-03
2.418e-03
1.814e-03
1.209e-03
0.000e+00
1.814e-03
6.046e-04
3.628e-03
2.418e-03
2.418e-03
3.023e-03
4.232e-03
6.046e-03
4.837e-03
4.837e-03
6.046e-03
6.651e-03
7.255e-03
6.651e-03
5.441e-03
4.837e-03
7.860e-03
5.441e-03
6.651e-03
3.023e-03
6.046e-04
7.860e-03
3.023e-03
6.046e-03
1.814e-03
3.023e-03
6.651e-03
4.232e-03
2.418e-03
6.046e-04
3.023e-03
0.000e+00
1.814e-03
6.046e-04
2.418e-03
6.046e-04
1.814e-03
6.046e-04
1.209e-03
0.000e+00
0.000e+00
1.209e-03
0.000e+00
6.046e-04
0.000e+00
0.000e+00
1.209e-03
0.000e+00
6.046e-04
0.000e+00
6.046e-04
6.046e-04
0.000e+00
0.000e+00
0.000e+00
0.000e+00
6.046e-04
0.000e+00
6.046e-04
0.000e+00
0.000e+00
6.046e-04
0.000e+00
0.000e+00
0.000e+00
0.000e+00
6.046e-04
0.000e+00
0.000e+00
0.000e+00
0.000e+00
0.000e+00
0.000e+00
0.000e+00
0.000e+00
6.046e-04
0.000e+00
6.046e-04
0.000e+00
0.000e+00
6.046e-04
0.000e+00
0.000e+00
0.000e+00
0.000e+00
0.000e+00
0.000e+00
0.000e+00
0.000e+00
0.000e+00
0.000e+00
0.000e+00
6.046e-04
0.000e+00
1.209e-03
6.046e-04
0.000e+00
1.209e-03
6.046e-04
6.046e-04
0.000e+00
1.209e-03
0.000e+00
0.000e+00
1.209e-03
0.000e+00
6.046e-04
1.209e-03
1.814e-03
0.000e+00
1.209e-03
1.209e-03
1.814e-03
2.418e-03
1.814e-03
2.418e-03
1.209e-03
2.418e-03
2.418e-03
3.023e-03
3.628e-03
3.628e-03
3.023e-03
4.232e-03
2.418e-03
3.628e-03
3.023e-03
6.651e-03
5.441e-03
6.046e-03
6.046e-03
4.232e-03
6.651e-03
9.674e-03
9.674e-03
5.441e-03
1.028e-02
4.837e-03
6.651e-03
4.232e-03
4.232e-03
3.023e-03
4.232e-03
3.023e-03
2.418e-03
4.837e-03
3.023e-03
3.023e-03
2.418e-03
2.418e-03
1.209e-03
6.046e-04
1.209e-03
1.209e-03
1.814e-03
6.046e-04
6.046e-04
1.814e-03
6.046e-04
6.046e-04
1.209e-03
0.000e+00
6.046e-04
6.046e-04
6.046e-04
0.000e+00
0.000e+00
0.000e+00
1.209e-03
0.000e+00
0.000e+00
0.000e+00
0.000e+00
0.000e+00
6.046e-04
6.046e-04
0.000e+00
6.046e-04
0.000e+00
0.000e+00
0.000e+00
0.000e+00
6.046e-04
0.000e+00
0.000e+00
0.000e+00
0.000e+00
0.000e+00
0.000e+00
0.000e+00
0.000e+00
0.000e+00
0.000e+00
0.000e+00
6.046e-04
0.000e+00
0.000e+00
0.000e+00
0.000e+00
0.000e+00
6.046e-04
0.000e+00
0.000e+00
0.000e+00
0.000e+00
0.000e+00
1.814e-03
0.000e+00
6.046e-04
0.000e+00
0.000e+00
0.000e+00
0.000e+00
0.000e+00
0.000e+00
0.000e+00
6.046e-04
0.000e+00
0.000e+00
0.000e+00
0.000e+00
6.046e-04
0.000e+00
0.000e+00
1.209e-03
6.046e-04
2.418e-03
0.000e+00
6.046e-04
2.418e-03
6.046e-04
0.000e+00
2.418e-03
2.418e-03
2.418e-03
1.814e-03
1.814e-03
2.418e-03
2.418e-03
3.628e-03
3.023e-03
4.837e-03
4.232e-03
3.628e-03
3.628e-03
1.209e-03
4.232e-03
7.255e-03
1.814e-03
5.441e-03
4.837e-03
6.651e-03
6.651e-03
8.464e-03
7.255e-03
4.232e-03
5.441e-03
6.046e-03
4.837e-03
1.814e-03
0.000e+00
1.814e-03
6.046e-04
6.046e-04
6.046e-04
2.418e-03
3.023e-03
2.418e-03
0.000e+00
6.046e-04
1.209e-03
0.000e+00
0.000e+00
6.046e-04
1.209e-03
0.000e+00
0.000e+00
0.000e+00
6.046e-04
0.000e+00
6.046e-04
0.000e+00
0.000e+00
0.000e+00
6.046e-04
0.000e+00
0.000e+00
0.000e+00
0.000e+00
0.000e+00
0.000e+00
0.000e+00
0.000e+00
6.046e-04
0.000e+00
0.000e+00
6.046e-04
0.000e+00
0.000e+00
0.000e+00
0.000e+00
0.000e+00
0.000e+00
0.000e+00
6.046e-04
0.000e+00
0.000e+00
0.000e+00
0.000e+00
0.000e+00
0.000e+00
0.000e+00
0.000e+00
