2.702e-01
4.789e-02
2.812e-02
1.538e-02
1.801e-02
9.227e-03
9.227e-03
7.469e-03
9.666e-03
3.954e-03
9.227e-03
6.151e-03
4.833e-03
2.197e-03
8.787e-04
8.787e-04
4.394e-04
0.000e+00
4.394e-04
8.787e-04
4.394e-04
4.394e-04
4.394e-04
1.318e-03
8.787e-04
4.394e-04
4.394e-04
4.394e-04
0.000e+00
4.394e-04
4.394e-04
4.394e-04
0.000e+00
8.787e-04
4.394e-04
8.787e-04
0.000e+00
4.394e-04
0.000e+00
8.787e-04
4.394e-04
1.318e-03
8.787e-04
0.000e+00
0.000e+00
8.787e-04
0.000e+00
2.197e-03
4.394e-04
8.787e-04
8.787e-04
8.787e-04
8.787e-04
1.318e-03
0.000e+00
4.394e-04
8.787e-04
8.787e-04
0.000e+00
0.000e+00
4.394e-04
4.394e-04
8.787e-04
0.000e+00
4.394e-04
4.394e-04
4.394e-04
8.787e-04
0.000e+00
0.000e+00
0.000e+00
4.394e-04
4.394e-04
0.000e+00
0.000e+00
0.000e+00
4.394e-04
0.000e+00
0.000e+00
0.000e+00
0.000e+00
8.787e-04
4.394e-04
0.000e+00
0.000e+00
4.394e-04
4.394e-04
4.394e-04
4.394e-04
0.000e+00
0.000e+00
0.000e+00
0.000e+00
0.000e+00
0.000e+00
4.394e-04
1.757e-03
4.394e-04
1.318e-03
4.394e-04
4.394e-04
1.757e-03
4.394e-04
0.000e+00
4.394e-04
4.394e-04
1.318e-03
0.000e+00
0.000e+00
4.394e-04
4.394e-04
4.394e-04
0.000e+00
4.394e-04
8.787e-04
0.000e+00
4.394e-04
4.394e-04
0.000e+00
0.000e+00
8.787e-04
0.000e+00
0.000e+00
8.787e-04
0.000e+00
4.394e-04
0.000e+00
0.000e+00
4.394e-04
1.318e-03
0.000e+00
0.000e+00
4.394e-04
4.394e-04
8.787e-04
1.757e-03
4.394e-04
4.394e-04
8.787e-04
8.787e-04
4.394e-04
8.787e-04
4.394e-04
2.197e-03
4.394e-04
1.318e-03
4.394e-04
4.394e-04
1.318e-03
1.318e-03
1.318e-03
8.787e-04
4.394e-04
3.076e-03
1.757e-03
1.757e-03
2.197e-03
1.757e-03
0.000e+00
4.394e-04
0.000e+00
1.318e-03
8.787e-04
0.000e+00
1.318e-03
1.757e-03
0.000e+00
0.000e+00
4.394e-04
8.787e-04
1.318e-03
0.000e+00
4.394e-04
2.636e-03
4.394e-04
4.394e-03
5.272e-03
5.712e-03
7.469e-03
2.812e-02
9.798e-02
2.153e-02
1.098e-02
1.054e-02
3.954e-03
3.515e-03
1.757e-03
2.636e-03
8.787e-04
8.787e-04
0.000e+00
0.000e+00
4.394e-04
0.000e+00
4.394e-04
8.787e-04
4.394e-04
1.318e-03
8.787e-04
1.757e-03
1.318e-03
8.787e-04
2.636e-03
8.787e-04
1.318e-03
1.757e-03
1.757e-03
1.757e-03
1.318e-03
1.757e-03
3.076e-03
1.318e-03
8.787e-04
8.787e-04
0.000e+00
2.197e-03
4.394e-04
8.787e-04
2.197e-03
8.787e-04
8.787e-04
1.318e-03
1.318e-03
4.394e-04
1.757e-03
0.000e+00
4.394e-04
0.000e+00
0.000e+00
0.000e+00
8.787e-04
8.787e-04
1.318e-03
4.394e-04
8.787e-04
0.000e+00
0.000e+00
4.394e-04
4.394e-04
0.000e+00
0.000e+00
8.787e-04
0.000e+00
4.394e-04
0.000e+00
8.787e-04
0.000e+00
0.000e+00
0.000e+00
0.000e+00
4.394e-04
0.000e+00
0.000e+00
4.394e-04
4.394e-04
4.394e-04
4.394e-04
0.000e+00
0.000e+00
0.000e+00
4.394e-04
4.394e-04
0.000e+00
0.000e+00
0.000e+00
4.394e-04
0.000e+00
0.000e+00
0.000e+00
8.787e-04
4.394e-04
8.787e-04
4.394e-04
0.000e+00
4.394e-04
8.787e-04
0.000e+00
8.787e-04
0.000e+00
8.787e-04
0.000e+00
0.000e+00
0.000e+00
4.394e-04
4.394e-04
0.000e+00
4.394e-04
0.000e+00
4.394e-04
0.000e+00
4.394e-04
0.000e+00
4.394e-04
0.000e+00
8.787e-04
0.000e+00
0.000e+00
4.394e-04
4.394e-04
8.787e-04
8.787e-04
0.000e+00
0.000e+00
0.000e+00
8.787e-04
0.000e+00
1.757e-03
0.000e+00
4.394e-04
4.394e-04
8.787e-04
0.000e+00
2.636e-03
0.000e+00
0.000e+00
0.000e+00
1.318e-03
4.394e-04
2.636e-03
1.318e-03
4.394e-04
8.787e-04
4.394e-04
0.000e+00
4.394e-04
8.787e-04
0.000e+00
8.787e-04
8.787e-04
4.394e-04
0.000e+00
8.787e-04
1.318e-03
8.787e-04
4.394e-04
0.000e+00
8.787e-04
1.318e-03
1.757e-03
4.394e-04
4.394e-04
4.394e-04
4.394e-04
8.787e-04
0.000e+00
1.318e-03
3.515e-03
4.833e-03
4.394e-03
7.030e-03
7.030e-03
2.636e-03
7.469e-03
5.712e-03
7.030e-03
1.362e-02
1.362e-02
1.714e-02
2.592e-02
4.833e-02
