0.000e+00
0.000e+00
3.779e-04
0.000e+00
0.000e+00
0.000e+00
0.000e+00
0.000e+00
0.000e+00
0.000e+00
0.000e+00
0.000e+00
0.000e+00
0.000e+00
0.000e+00
0.000e+00
0.000e+00
0.000e+00
0.000e+00
0.000e+00
0.000e+00
0.000e+00
0.000e+00
0.000e+00
0.000e+00
0.000e+00
0.000e+00
0.000e+00
0.000e+00
0.000e+00
0.000e+00
0.000e+00
0.000e+00
0.000e+00
0.000e+00
0.000e+00
0.000e+00
0.000e+00
0.000e+00
0.000e+00
0.000e+00
0.000e+00
0.000e+00
0.000e+00
0.000e+00
0.000e+00
0.000e+00
0.000e+00
0.000e+00
0.000e+00
0.000e+00
0.000e+00
0.000e+00
0.000e+00
3.779e-04
0.000e+00
0.000e+00
0.000e+00
0.000e+00
0.000e+00
3.779e-04
3.779e-04
7.559e-04
3.779e-04
0.000e+00
3.779e-04
0.000e+00
1.134e-03
0.000e+00
3.779e-04
0.000e+00
7.559e-04
7.559e-04
0.000e+00
1.134e-03
3.779e-04
7.559e-04
7.559e-04
3.779e-04
3.779e-04
7.559e-04
3.779e-04
7.559e-04
1.134e-03
3.779e-04
3.779e-04
3.779e-04
0.000e+00
3.779e-04
3.779e-04
7.559e-04
0.000e+00
3.779e-04
7.559e-04
1.512e-03
7.559e-04
1.134e-03
7.559e-04
0.000e+00
7.559e-04
3.779e-04
3.779e-04
1.134e-03
7.559e-04
7.559e-04
7.559e-04
0.000e+00
1.134e-03
1.134e-03
3.779e-04
7.559e-04
7.559e-04
1.890e-03
7.559e-04
3.779e-04
3.779e-04
3.779e-04
3.779e-04
7.559e-04
7.559e-04
1.134e-03
1.512e-03
0.000e+00
7.559e-04
0.000e+00
1.512e-03
0.000e+00
3.779e-04
0.000e+00
0.000e+00
0.000e+00
3.779e-04
3.779e-04
1.512e-03
3.779e-04
0.000e+00
3.779e-04
3.779e-04
3.779e-04
3.779e-04
7.559e-04
3.779e-04
3.779e-04
0.000e+00
0.000e+00
3.779e-04
0.000e+00
7.559e-04
3.779e-04
7.559e-04
3.779e-04
1.134e-03
0.000e+00
3.779e-04
0.000e+00
0.000e+00
7.559e-04
0.000e+00
0.000e+00
1.890e-03
3.779e-04
7.559e-04
3.779e-04
3.779e-04
1.134e-03
1.512e-03
0.000e+00
2.268e-03
0.000e+00
3.779e-04
0.000e+00
3.779e-04
1.134e-03
3.779e-04
3.779e-04
1.512e-03
7.559e-04
7.559e-04
0.000e+00
7.559e-04
1.134e-03
3.779e-04
7.559e-04
3.779e-04
1.134e-03
1.134e-03
7.559e-04
0.000e+00
7.559e-04
1.512e-03
1.890e-03
7.559e-04
3.779e-04
1.134e-03
7.559e-04
1.890e-03
1.512e-03
7.559e-04
7.559e-04
0.000e+00
0.000e+00
0.000e+00
0.000e+00
3.779e-04
7.559e-04
7.559e-04
1.512e-03
3.779e-04
0.000e+00
0.000e+00
7.559e-04
3.779e-04
0.000e+00
1.512e-03
1.134e-03
3.779e-04
1.134e-03
0.000e+00
3.779e-04
0.000e+00
3.779e-04
7.559e-04
7.559e-04
1.512e-03
7.559e-04
3.779e-04
3.779e-04
0.000e+00
1.134e-03
3.779e-04
7.559e-04
7.559e-04
3.779e-04
3.779e-04
3.779e-04
3.779e-04
3.779e-04
3.779e-04
3.779e-04
0.000e+00
3.779e-04
0.000e+00
7.559e-04
0.000e+00
3.779e-04
1.134e-03
0.000e+00
7.559e-04
7.559e-04
3.779e-04
0.000e+00
3.779e-04
3.779e-04
3.779e-04
3.779e-04
1.134e-03
1.134e-03
1.134e-03
1.512e-03
1.512e-03
0.000e+00
0.000e+00
7.559e-04
7.559e-04
0.000e+00
1.134e-03
3.779e-04
1.512e-03
0.000e+00
1.512e-03
7.559e-04
7.559e-04
3.779e-04
3.779e-04
1.890e-03
7.559e-04
0.000e+00
3.779e-04
7.559e-04
0.000e+00
0.000e+00
7.559e-04
3.779e-04
1.134e-03
3.779e-04
0.000e+00
7.559e-04
3.779e-04
1.134e-03
0.000e+00
0.000e+00
3.779e-04
7.559e-04
0.000e+00
0.000e+00
3.779e-04
1.134e-03
3.779e-04
3.779e-04
0.000e+00
0.000e+00
0.000e+00
3.779e-04
3.779e-04
0.000e+00
7.559e-04
3.779e-04
0.000e+00
0.000e+00
0.000e+00
3.779e-04
0.000e+00
0.000e+00
0.000e+00
0.000e+00
0.000e+00
0.000e+00
0.000e+00
0.000e+00
0.000e+00
0.000e+00
0.000e+00
0.000e+00
0.000e+00
0.000e+00
0.000e+00
0.000e+00
0.000e+00
0.000e+00
0.000e+00
0.000e+00
0.000e+00
0.000e+00
0.000e+00
0.000e+00
0.000e+00
0.000e+00
0.000e+00
0.000e+00
0.000e+00
0.000e+00
0.000e+00
0.000e+00
0.000e+00
0.000e+00
0.000e+00
0.000e+00
0.000e+00
0.000e+00
0.000e+00
0.000e+00
0.000e+00
0.000e+00
3.779e-04
0.000e+00
0.000e+00
0.000e+00
0.000e+00
0.000e+00
0.000e+00
