2.614e-02
4.357e-03
2.179e-03
6.536e-03
2.179e-03
4.357e-03
4.357e-03
0.000e+00
6.536e-03
0.000e+00
4.357e-03
4.357e-03
2.179e-03
6.536e-03
2.179e-03
2.179e-03
2.179e-03
0.000e+00
8.715e-03
0.000e+00
0.000e+00
2.179e-03
8.715e-03
4.357e-03
0.000e+00
6.536e-03
2.179e-03
4.357e-03
0.000e+00
4.357e-03
2.179e-03
2.179e-03
6.536e-03
2.179e-03
0.000e+00
0.000e+00
2.179e-03
4.357e-03
2.179e-03
2.179e-03
0.000e+00
8.715e-03
4.357e-03
2.179e-03
2.179e-03
0.000e+00
2.179e-03
2.179e-03
2.179e-03
0.000e+00
6.536e-03
2.179e-03
4.357e-03
2.179e-03
0.000e+00
6.536e-03
0.000e+00
0.000e+00
0.000e+00
0.000e+00
2.179e-03
4.357e-03
2.179e-03
4.357e-03
2.179e-03
4.357e-03
0.000e+00
6.536e-03
0.000e+00
2.179e-03
2.179e-03
0.000e+00
0.000e+00
0.000e+00
2.179e-03
2.179e-03
0.000e+00
2.179e-03
2.179e-03
0.000e+00
2.179e-03
4.357e-03
4.357e-03
0.000e+00
0.000e+00
0.000e+00
2.179e-03
2.179e-03
2.179e-03
4.357e-03
4.357e-03
6.536e-03
4.357e-03
6.536e-03
6.536e-03
6.536e-03
2.179e-03
4.357e-03
0.000e+00
4.357e-03
4.357e-03
0.000e+00
0.000e+00
0.000e+00
0.000e+00
2.179e-03
4.357e-03
0.000e+00
6.536e-03
0.000e+00
0.000e+00
0.000e+00
0.000e+00
0.000e+00
2.179e-03
2.179e-03
2.179e-03
4.357e-03
2.179e-03
4.357e-03
0.000e+00
4.357e-03
0.000e+00
2.179e-03
2.179e-03
4.357e-03
2.179e-03
0.000e+00
2.179e-03
6.536e-03
0.000e+00
4.357e-03
0.000e+00
4.357e-03
2.179e-03
4.357e-03
2.179e-03
2.179e-03
2.179e-03
6.536e-03
2.179e-03
0.000e+00
4.357e-03
2.179e-03
4.357e-03
8.715e-03
4.357e-03
0.000e+00
6.536e-03
0.000e+00
0.000e+00
0.000e+00
0.000e+00
2.179e-03
0.000e+00
2.179e-03
0.000e+00
4.357e-03
2.179e-03
2.179e-03
2.179e-03
0.000e+00
2.179e-03
2.179e-03
1.089e-02
2.179e-03
2.179e-03
4.357e-03
0.000e+00
0.000e+00
2.179e-03
2.179e-03
0.000e+00
2.179e-03
4.357e-03
2.179e-03
4.357e-03
8.715e-03
2.179e-03
1.525e-02
2.397e-02
8.715e-03
8.715e-03
8.715e-03
2.179e-03
4.357e-03
0.000e+00
6.536e-03
6.536e-03
0.000e+00
2.179e-03
0.000e+00
2.179e-03
2.179e-03
2.179e-03
0.000e+00
0.000e+00
4.357e-03
4.357e-03
6.536e-03
2.179e-03
2.179e-03
2.179e-03
0.000e+00
2.179e-03
4.357e-03
2.179e-03
0.000e+00
2.179e-03
2.179e-03
0.000e+00
4.357e-03
0.000e+00
2.179e-03
2.179e-03
0.000e+00
2.179e-03
0.000e+00
0.000e+00
4.357e-03
0.000e+00
2.179e-03
4.357e-03
0.000e+00
2.179e-03
2.179e-03
0.000e+00
2.179e-03
0.000e+00
2.179e-03
2.179e-03
2.179e-03
2.179e-03
4.357e-03
2.179e-03
0.000e+00
0.000e+00
2.179e-03
2.179e-03
2.179e-03
4.357e-03
4.357e-03
6.536e-03
4.357e-03
0.000e+00
2.179e-03
0.000e+00
2.179e-03
2.179e-03
0.000e+00
0.000e+00
0.000e+00
0.000e+00
2.179e-03
0.000e+00
2.179e-03
0.000e+00
2.179e-03
0.000e+00
2.179e-03
2.179e-03
2.179e-03
2.179e-03
4.357e-03
4.357e-03
8.715e-03
0.000e+00
0.000e+00
0.000e+00
4.357e-03
8.715e-03
8.715e-03
2.179e-03
6.536e-03
6.536e-03
6.536e-03
2.179e-03
0.000e+00
2.179e-03
4.357e-03
0.000e+00
4.357e-03
0.000e+00
2.179e-03
0.000e+00
0.000e+00
0.000e+00
4.357e-03
2.179e-03
0.000e+00
0.000e+00
6.536e-03
4.357e-03
0.000e+00
6.536e-03
4.357e-03
0.000e+00
1.089e-02
0.000e+00
0.000e+00
4.357e-03
2.179e-03
4.357e-03
8.715e-03
2.179e-03
2.179e-03
6.536e-03
2.179e-03
4.357e-03
0.000e+00
0.000e+00
2.179e-03
4.357e-03
4.357e-03
4.357e-03
0.000e+00
2.179e-03
0.000e+00
2.179e-03
2.179e-03
4.357e-03
8.715e-03
4.357e-03
0.000e+00
6.536e-03
2.179e-03
2.179e-03
0.000e+00
2.179e-03
6.536e-03
0.000e+00
0.000e+00
6.536e-03
2.179e-03
2.179e-03
2.179e-03
2.179e-03
2.179e-03
4.357e-03
2.179e-03
0.000e+00
4.357e-03
4.357e-03
2.179e-03
0.000e+00
4.357e-03
0.000e+00
0.000e+00
6.536e-03
6.536e-03
2.179e-03
4.357e-03
0.000e+00
4.357e-03
2.179e-03
8.715e-03
0.000e+00
0.000e+00
4.357e-03
4.357e-03
