4.357e-03
4.357e-03
1.089e-03
2.179e-03
2.179e-03
3.268e-03
1.089e-03
2.179e-03
6.536e-03
1.089e-03
1.089e-03
2.179e-03
1.089e-03
2.179e-03
2.179e-03
2.179e-03
0.000e+00
1.089e-03
2.179e-03
1.089e-03
1.089e-03
3.268e-03
1.089e-03
1.089e-03
3.268e-03
1.089e-03
2.179e-03
0.000e+00
0.000e+00
0.000e+00
0.000e+00
1.089e-03
0.000e+00
1.089e-03
0.000e+00
1.089e-03
1.089e-03
0.000e+00
1.089e-03
0.000e+00
0.000e+00
0.000e+00
1.089e-03
1.089e-03
0.000e+00
0.000e+00
0.000e+00
1.089e-03
0.000e+00
0.000e+00
1.089e-03
0.000e+00
0.000e+00
0.000e+00
0.000e+00
0.000e+00
1.089e-03
3.268e-03
2.179e-03
1.089e-03
0.000e+00
1.089e-03
0.000e+00
2.179e-03
1.089e-03
1.089e-03
1.089e-03
1.089e-03
1.089e-03
1.089e-03
5.447e-03
1.089e-03
1.089e-03
0.000e+00
2.179e-03
0.000e+00
1.089e-03
0.000e+00
0.000e+00
2.179e-03
3.268e-03
1.089e-03
2.179e-03
0.000e+00
3.268e-03
1.089e-03
1.089e-03
2.179e-03
4.357e-03
1.089e-03
2.179e-03
3.268e-03
4.357e-03
0.000e+00
5.447e-03
1.089e-03
1.089e-03
4.357e-03
1.089e-03
5.447e-03
2.179e-03
0.000e+00
1.089e-03
2.179e-03
0.000e+00
0.000e+00
0.000e+00
1.089e-03
1.089e-03
2.179e-03
2.179e-03
1.089e-03
1.089e-03
0.000e+00
1.089e-03
1.089e-03
0.000e+00
2.179e-03
1.089e-03
2.179e-03
1.089e-03
0.000e+00
0.000e+00
0.000e+00
1.089e-03
0.000e+00
0.000e+00
0.000e+00
0.000e+00
0.000e+00
1.089e-03
2.179e-03
1.089e-03
0.000e+00
1.089e-03
1.089e-03
1.089e-03
1.089e-03
1.089e-03
0.000e+00
0.000e+00
0.000e+00
4.357e-03
0.000e+00
2.179e-03
0.000e+00
1.089e-03
1.089e-03
0.000e+00
5.447e-03
1.089e-03
1.089e-03
3.268e-03
0.000e+00
0.000e+00
0.000e+00
3.268e-03
2.179e-03
2.179e-03
3.268e-03
3.268e-03
1.089e-03
1.089e-03
2.179e-03
2.179e-03
3.268e-03
2.179e-03
0.000e+00
1.089e-03
1.089e-03
3.268e-03
2.179e-03
3.268e-03
5.447e-03
1.089e-03
2.179e-03
2.179e-03
4.357e-03
3.268e-03
2.179e-03
2.179e-03
3.268e-03
1.089e-03
5.447e-03
1.089e-03
3.268e-03
1.089e-03
1.089e-03
1.089e-03
3.268e-03
1.089e-03
3.268e-03
1.089e-03
0.000e+00
0.000e+00
2.179e-03
1.089e-03
1.089e-03
0.000e+00
1.089e-03
3.268e-03
2.179e-03
0.000e+00
2.179e-03
0.000e+00
2.179e-03
0.000e+00
1.089e-03
2.179e-03
0.000e+00
1.089e-03
0.000e+00
2.179e-03
1.089e-03
1.089e-03
0.000e+00
1.089e-03
1.089e-03
0.000e+00
0.000e+00
0.000e+00
1.089e-03
0.000e+00
1.089e-03
0.000e+00
1.089e-03
1.089e-03
1.089e-03
1.089e-03
0.000e+00
1.089e-03
0.000e+00
1.089e-03
3.268e-03
0.000e+00
0.000e+00
1.089e-03
0.000e+00
0.000e+00
2.179e-03
2.179e-03
1.089e-03
0.000e+00
1.089e-03
3.268e-03
2.179e-03
2.179e-03
1.089e-03
1.089e-03
0.000e+00
1.089e-03
1.089e-03
3.268e-03
0.000e+00
2.179e-03
2.179e-03
2.179e-03
2.179e-03
1.089e-03
2.179e-03
0.000e+00
3.268e-03
0.000e+00
1.089e-03
2.179e-03
2.179e-03
0.000e+00
6.536e-03
1.089e-03
4.357e-03
5.447e-03
5.447e-03
3.268e-03
4.357e-03
2.179e-03
1.089e-03
0.000e+00
2.179e-03
3.268e-03
2.179e-03
1.089e-03
3.268e-03
2.179e-03
0.000e+00
3.268e-03
1.089e-03
3.268e-03
1.089e-03
0.000e+00
0.000e+00
1.089e-03
0.000e+00
0.000e+00
0.000e+00
1.089e-03
3.268e-03
2.179e-03
1.089e-03
1.089e-03
4.357e-03
0.000e+00
1.089e-03
2.179e-03
0.000e+00
0.000e+00
2.179e-03
2.179e-03
2.179e-03
1.089e-03
0.000e+00
1.089e-03
0.000e+00
2.179e-03
2.179e-03
0.000e+00
1.089e-03
0.000e+00
0.000e+00
0.000e+00
0.000e+00
0.000e+00
1.089e-03
0.000e+00
2.179e-03
1.089e-03
0.000e+00
0.000e+00
0.000e+00
0.000e+00
2.179e-03
0.000e+00
3.268e-03
2.179e-03
0.000e+00
3.268e-03
0.000e+00
0.000e+00
0.000e+00
0.000e+00
2.179e-03
0.000e+00
1.089e-03
1.089e-03
1.089e-03
0.000e+00
1.089e-03
1.089e-03
5.447e-03
0.000e+00
2.179e-03
1.089e-03
0.000e+00
1.089e-03
3.268e-03
1.089e-03
2.179e-03
1.089e-03
0.000e+00
3.268e-03
2.179e-03
