7.778e-02
2.222e-02
1.481e-02
1.481e-02
1.481e-02
3.704e-03
3.704e-03
7.407e-03
7.407e-03
0.000e+00
3.704e-03
3.704e-03
7.407e-03
7.407e-03
1.111e-02
0.000e+00
0.000e+00
7.407e-03
3.704e-03
0.000e+00
7.407e-03
0.000e+00
0.000e+00
7.407e-03
3.704e-03
0.000e+00
3.704e-03
0.000e+00
0.000e+00
0.000e+00
0.000e+00
0.000e+00
0.000e+00
3.704e-03
0.000e+00
7.407e-03
3.704e-03
0.000e+00
7.407e-03
7.407e-03
0.000e+00
3.704e-03
0.000e+00
0.000e+00
0.000e+00
0.000e+00
0.000e+00
0.000e+00
3.704e-03
0.000e+00
0.000e+00
0.000e+00
0.000e+00
0.000e+00
0.000e+00
3.704e-03
3.704e-03
3.704e-03
0.000e+00
3.704e-03
0.000e+00
0.000e+00
0.000e+00
0.000e+00
3.704e-03
3.704e-03
3.704e-03
7.407e-03
0.000e+00
3.704e-03
0.000e+00
0.000e+00
3.704e-03
0.000e+00
3.704e-03
0.000e+00
0.000e+00
0.000e+00
3.704e-03
3.704e-03
0.000e+00
0.000e+00
0.000e+00
3.704e-03
0.000e+00
3.704e-03
3.704e-03
7.407e-03
3.704e-03
3.704e-03
7.407e-03
7.407e-03
7.407e-03
3.704e-03
0.000e+00
0.000e+00
0.000e+00
7.407e-03
0.000e+00
3.704e-03
0.000e+00
0.000e+00
0.000e+00
7.407e-03
3.704e-03
3.704e-03
0.000e+00
0.000e+00
0.000e+00
0.000e+00
0.000e+00
3.704e-03
0.000e+00
0.000e+00
0.000e+00
0.000e+00
0.000e+00
0.000e+00
0.000e+00
0.000e+00
0.000e+00
7.407e-03
0.000e+00
3.704e-03
3.704e-03
0.000e+00
3.704e-03
7.407e-03
0.000e+00
0.000e+00
0.000e+00
0.000e+00
3.704e-03
0.000e+00
0.000e+00
0.000e+00
0.000e+00
0.000e+00
0.000e+00
0.000e+00
0.000e+00
0.000e+00
0.000e+00
0.000e+00
3.704e-03
0.000e+00
0.000e+00
0.000e+00
0.000e+00
0.000e+00
0.000e+00
0.000e+00
0.000e+00
0.000e+00
0.000e+00
0.000e+00
0.000e+00
3.704e-03
0.000e+00
0.000e+00
0.000e+00
0.000e+00
0.000e+00
0.000e+00
0.000e+00
7.407e-03
0.000e+00
0.000e+00
0.000e+00
0.000e+00
0.000e+00
7.407e-03
0.000e+00
0.000e+00
7.407e-03
0.000e+00
0.000e+00
1.111e-02
1.111e-02
3.704e-03
4.815e-02
1.111e-02
1.481e-02
1.111e-02
0.000e+00
3.704e-03
0.000e+00
3.704e-03
0.000e+00
0.000e+00
0.000e+00
0.000e+00
0.000e+00
0.000e+00
3.704e-03
3.704e-03
0.000e+00
0.000e+00
0.000e+00
3.704e-03
0.000e+00
0.000e+00
0.000e+00
0.000e+00
0.000e+00
0.000e+00
0.000e+00
0.000e+00
0.000e+00
0.000e+00
0.000e+00
0.000e+00
0.000e+00
0.000e+00
3.704e-03
0.000e+00
0.000e+00
0.000e+00
0.000e+00
7.407e-03
0.000e+00
3.704e-03
0.000e+00
0.000e+00
0.000e+00
0.000e+00
0.000e+00
0.000e+00
0.000e+00
0.000e+00
0.000e+00
3.704e-03
0.000e+00
3.704e-03
0.000e+00
0.000e+00
0.000e+00
0.000e+00
0.000e+00
3.704e-03
1.111e-02
7.407e-03
3.704e-03
0.000e+00
0.000e+00
0.000e+00
7.407e-03
1.111e-02
0.000e+00
3.704e-03
0.000e+00
0.000e+00
0.000e+00
0.000e+00
0.000e+00
3.704e-03
3.704e-03
0.000e+00
0.000e+00
0.000e+00
3.704e-03
3.704e-03
0.000e+00
3.704e-03
0.000e+00
7.407e-03
3.704e-03
0.000e+00
3.704e-03
0.000e+00
3.704e-03
7.407e-03
3.704e-03
0.000e+00
0.000e+00
0.000e+00
0.000e+00
3.704e-03
3.704e-03
3.704e-03
3.704e-03
0.000e+00
3.704e-03
7.407e-03
0.000e+00
3.704e-03
0.000e+00
0.000e+00
0.000e+00
3.704e-03
3.704e-03
0.000e+00
3.704e-03
0.000e+00
0.000e+00
0.000e+00
0.000e+00
0.000e+00
3.704e-03
0.000e+00
0.000e+00
0.000e+00
3.704e-03
3.704e-03
3.704e-03
7.407e-03
0.000e+00
1.111e-02
3.704e-03
0.000e+00
0.000e+00
3.704e-03
0.000e+00
3.704e-03
0.000e+00
0.000e+00
1.111e-02
0.000e+00
0.000e+00
0.000e+00
7.407e-03
0.000e+00
3.704e-03
7.407e-03
3.704e-03
0.000e+00
0.000e+00
1.111e-02
0.000e+00
0.000e+00
7.407e-03
3.704e-03
3.704e-03
3.704e-03
0.000e+00
3.704e-03
0.000e+00
0.000e+00
0.000e+00
3.704e-03
0.000e+00
0.000e+00
7.407e-03
3.704e-03
1.111e-02
0.000e+00
3.704e-03
0.000e+00
1.111e-02
3.704e-03
7.407e-03
7.407e-03
3.704e-03
7.407e-03
1.111e-02
0.000e+00
7.407e-03
1.481e-02
1.481e-02
1.852e-02
