1.111e-02
1.296e-02
5.556e-03
1.481e-02
9.259e-03
0.000e+00
5.556e-03
5.556e-03
1.667e-02
0.000e+00
5.556e-03
5.556e-03
0.000e+00
1.852e-03
1.852e-03
3.704e-03
1.852e-03
0.000e+00
0.000e+00
0.000e+00
1.852e-03
1.852e-03
1.852e-03
3.704e-03
1.852e-03
0.000e+00
0.000e+00
0.000e+00
3.704e-03
0.000e+00
1.852e-03
0.000e+00
0.000e+00
0.000e+00
1.852e-03
0.000e+00
0.000e+00
0.000e+00
0.000e+00
0.000e+00
0.000e+00
0.000e+00
1.852e-03
0.000e+00
0.000e+00
1.852e-03
1.852e-03
1.852e-03
0.000e+00
0.000e+00
0.000e+00
0.000e+00
0.000e+00
0.000e+00
3.704e-03
0.000e+00
0.000e+00
0.000e+00
0.000e+00
0.000e+00
0.000e+00
0.000e+00
0.000e+00
0.000e+00
1.852e-03
1.852e-03
0.000e+00
0.000e+00
0.000e+00
0.000e+00
0.000e+00
1.852e-03
0.000e+00
1.852e-03
0.000e+00
0.000e+00
0.000e+00
1.852e-03
1.852e-03
0.000e+00
0.000e+00
0.000e+00
0.000e+00
0.000e+00
0.000e+00
0.000e+00
1.852e-03
0.000e+00
1.852e-03
3.704e-03
3.704e-03
3.704e-03
5.556e-03
1.852e-03
0.000e+00
0.000e+00
1.852e-03
1.852e-03
1.852e-03
1.852e-03
3.704e-03
1.852e-03
0.000e+00
1.852e-03
3.704e-03
1.852e-03
1.852e-03
1.852e-03
0.000e+00
1.852e-03
1.852e-03
1.852e-03
0.000e+00
1.852e-03
1.852e-03
1.852e-03
1.852e-03
3.704e-03
0.000e+00
0.000e+00
0.000e+00
0.000e+00
0.000e+00
0.000e+00
1.852e-03
0.000e+00
0.000e+00
0.000e+00
0.000e+00
0.000e+00
0.000e+00
0.000e+00
0.000e+00
0.000e+00
1.852e-03
0.000e+00
0.000e+00
0.000e+00
0.000e+00
0.000e+00
0.000e+00
0.000e+00
0.000e+00
1.852e-03
0.000e+00
0.000e+00
0.000e+00
0.000e+00
0.000e+00
0.000e+00
0.000e+00
0.000e+00
1.852e-03
0.000e+00
0.000e+00
0.000e+00
0.000e+00
0.000e+00
0.000e+00
0.000e+00
1.852e-03
0.000e+00
0.000e+00
0.000e+00
0.000e+00
0.000e+00
1.852e-03
0.000e+00
1.852e-03
3.704e-03
1.852e-03
0.000e+00
1.852e-03
0.000e+00
5.556e-03
1.852e-03
5.556e-03
1.852e-03
1.852e-03
1.852e-03
1.852e-03
0.000e+00
0.000e+00
0.000e+00
0.000e+00
3.704e-03
7.407e-03
1.852e-03
3.704e-03
1.852e-03
1.852e-03
1.852e-03
1.852e-03
0.000e+00
1.852e-03
0.000e+00
0.000e+00
0.000e+00
1.852e-03
0.000e+00
0.000e+00
0.000e+00
0.000e+00
0.000e+00
0.000e+00
0.000e+00
0.000e+00
0.000e+00
0.000e+00
0.000e+00
0.000e+00
0.000e+00
0.000e+00
0.000e+00
0.000e+00
0.000e+00
0.000e+00
1.852e-03
0.000e+00
0.000e+00
0.000e+00
0.000e+00
0.000e+00
0.000e+00
0.000e+00
0.000e+00
0.000e+00
0.000e+00
0.000e+00
0.000e+00
0.000e+00
0.000e+00
0.000e+00
0.000e+00
0.000e+00
1.852e-03
0.000e+00
0.000e+00
0.000e+00
0.000e+00
0.000e+00
1.852e-03
0.000e+00
0.000e+00
3.704e-03
0.000e+00
1.852e-03
1.852e-03
1.852e-03
1.852e-03
0.000e+00
1.852e-03
0.000e+00
1.852e-03
0.000e+00
0.000e+00
5.556e-03
3.704e-03
1.852e-03
5.556e-03
0.000e+00
1.852e-03
3.704e-03
1.852e-03
1.852e-03
1.852e-03
0.000e+00
0.000e+00
0.000e+00
3.704e-03
1.852e-03
3.704e-03
1.852e-03
1.852e-03
0.000e+00
0.000e+00
3.704e-03
0.000e+00
1.852e-03
3.704e-03
0.000e+00
0.000e+00
1.852e-03
0.000e+00
3.704e-03
0.000e+00
0.000e+00
0.000e+00
0.000e+00
1.852e-03
0.000e+00
0.000e+00
0.000e+00
0.000e+00
1.852e-03
0.000e+00
0.000e+00
1.852e-03
0.000e+00
0.000e+00
0.000e+00
1.852e-03
1.852e-03
0.000e+00
0.000e+00
0.000e+00
0.000e+00
5.556e-03
0.000e+00
0.000e+00
0.000e+00
0.000e+00
0.000e+00
1.852e-03
0.000e+00
0.000e+00
0.000e+00
0.000e+00
0.000e+00
0.000e+00
0.000e+00
3.704e-03
0.000e+00
0.000e+00
0.000e+00
0.000e+00
0.000e+00
0.000e+00
0.000e+00
0.000e+00
1.852e-03
1.852e-03
0.000e+00
1.852e-03
0.000e+00
1.852e-03
1.852e-03
5.556e-03
5.556e-03
3.704e-03
1.852e-03
0.000e+00
5.556e-03
0.000e+00
3.704e-03
3.704e-03
5.556e-03
5.556e-03
1.852e-03
5.556e-03
1.852e-03
3.704e-03
1.111e-02
3.704e-03
1.111e-02
3.704e-03
1.481e-02
7.407e-03
7.407e-03
7.407e-03
