9.351e-02
2.481e-02
1.145e-02
1.908e-02
1.336e-02
1.336e-02
9.542e-03
1.145e-02
9.542e-03
7.634e-03
3.817e-03
1.908e-03
0.000e+00
3.817e-03
0.000e+00
3.817e-03
1.908e-03
1.908e-03
5.725e-03
0.000e+00
0.000e+00
1.908e-03
0.000e+00
3.817e-03
0.000e+00
0.000e+00
0.000e+00
1.908e-03
0.000e+00
1.908e-03
0.000e+00
0.000e+00
1.908e-03
1.908e-03
1.908e-03
1.908e-03
0.000e+00
0.000e+00
0.000e+00
0.000e+00
3.817e-03
1.908e-03
0.000e+00
0.000e+00
0.000e+00
1.908e-03
0.000e+00
0.000e+00
0.000e+00
0.000e+00
1.908e-03
1.908e-03
0.000e+00
3.817e-03
0.000e+00
0.000e+00
0.000e+00
1.908e-03
1.908e-03
1.908e-03
0.000e+00
0.000e+00
1.908e-03
1.908e-03
0.000e+00
0.000e+00
1.908e-03
3.817e-03
3.817e-03
3.817e-03
1.908e-03
1.908e-03
1.908e-03
1.908e-03
3.817e-03
5.725e-03
0.000e+00
1.908e-03
0.000e+00
3.817e-03
0.000e+00
0.000e+00
1.908e-03
0.000e+00
1.908e-03
1.908e-03
3.817e-03
1.908e-03
3.817e-03
3.817e-03
5.725e-03
0.000e+00
0.000e+00
0.000e+00
0.000e+00
1.908e-03
3.817e-03
5.725e-03
0.000e+00
0.000e+00
0.000e+00
1.908e-03
3.817e-03
9.542e-03
0.000e+00
3.817e-03
7.634e-03
1.908e-03
1.908e-03
0.000e+00
3.817e-03
0.000e+00
5.725e-03
1.908e-03
0.000e+00
1.908e-03
3.817e-03
1.908e-03
1.908e-03
0.000e+00
3.817e-03
1.908e-03
0.000e+00
0.000e+00
0.000e+00
0.000e+00
0.000e+00
0.000e+00
1.908e-03
1.908e-03
3.817e-03
1.908e-03
0.000e+00
5.725e-03
1.908e-03
3.817e-03
1.908e-03
1.908e-03
0.000e+00
1.908e-03
0.000e+00
1.908e-03
0.000e+00
0.000e+00
0.000e+00
0.000e+00
0.000e+00
0.000e+00
1.908e-03
0.000e+00
0.000e+00
0.000e+00
0.000e+00
0.000e+00
0.000e+00
0.000e+00
1.908e-03
0.000e+00
0.000e+00
0.000e+00
0.000e+00
0.000e+00
0.000e+00
1.908e-03
1.908e-03
0.000e+00
3.817e-03
3.817e-03
0.000e+00
3.817e-03
3.817e-03
3.817e-03
3.817e-03
5.725e-03
9.542e-03
3.817e-03
5.725e-03
3.817e-03
3.817e-03
2.481e-02
3.817e-02
1.145e-02
3.817e-03
0.000e+00
1.527e-02
1.336e-02
3.817e-03
5.725e-03
5.725e-03
5.725e-03
1.908e-03
1.908e-03
1.908e-03
1.908e-03
0.000e+00
1.908e-03
1.908e-03
0.000e+00
0.000e+00
1.908e-03
0.000e+00
0.000e+00
0.000e+00
1.908e-03
0.000e+00
0.000e+00
0.000e+00
0.000e+00
0.000e+00
0.000e+00
0.000e+00
0.000e+00
3.817e-03
0.000e+00
0.000e+00
0.000e+00
0.000e+00
1.908e-03
1.908e-03
1.908e-03
0.000e+00
0.000e+00
0.000e+00
0.000e+00
0.000e+00
0.000e+00
1.908e-03
3.817e-03
0.000e+00
0.000e+00
1.908e-03
1.908e-03
0.000e+00
1.908e-03
0.000e+00
1.908e-03
0.000e+00
1.908e-03
1.908e-03
0.000e+00
0.000e+00
0.000e+00
1.908e-03
7.634e-03
3.817e-03
1.908e-03
0.000e+00
1.908e-03
3.817e-03
3.817e-03
1.908e-03
3.817e-03
1.908e-03
3.817e-03
1.908e-03
0.000e+00
1.908e-03
7.634e-03
3.817e-03
3.817e-03
1.908e-03
0.000e+00
0.000e+00
1.908e-03
1.908e-03
1.908e-03
3.817e-03
1.908e-03
0.000e+00
0.000e+00
1.908e-03
0.000e+00
1.908e-03
0.000e+00
0.000e+00
0.000e+00
3.817e-03
3.817e-03
1.908e-03
1.908e-03
1.908e-03
3.817e-03
1.908e-03
1.908e-03
3.817e-03
1.908e-03
1.908e-03
0.000e+00
1.908e-03
0.000e+00
1.908e-03
0.000e+00
3.817e-03
0.000e+00
0.000e+00
3.817e-03
1.908e-03
3.817e-03
0.000e+00
1.908e-03
0.000e+00
1.908e-03
0.000e+00
1.908e-03
0.000e+00
0.000e+00
0.000e+00
1.908e-03
0.000e+00
0.000e+00
1.908e-03
0.000e+00
1.908e-03
0.000e+00
0.000e+00
5.725e-03
0.000e+00
1.908e-03
1.908e-03
0.000e+00
1.908e-03
0.000e+00
0.000e+00
0.000e+00
0.000e+00
0.000e+00
0.000e+00
1.908e-03
0.000e+00
3.817e-03
0.000e+00
1.908e-03
0.000e+00
1.908e-03
0.000e+00
0.000e+00
1.908e-03
0.000e+00
1.908e-03
0.000e+00
0.000e+00
0.000e+00
1.908e-03
1.908e-03
1.908e-03
5.725e-03
5.725e-03
5.725e-03
7.634e-03
7.634e-03
5.725e-03
5.725e-03
1.145e-02
9.542e-03
7.634e-03
9.542e-03
1.908e-02
1.718e-02
2.672e-02
2.481e-02
