1.145e-02
1.336e-02
8.588e-03
1.145e-02
2.863e-03
7.634e-03
2.863e-03
4.771e-03
2.863e-03
3.817e-03
2.863e-03
2.863e-03
2.863e-03
9.542e-04
3.817e-03
1.908e-03
9.542e-04
9.542e-04
3.817e-03
1.908e-03
1.908e-03
1.908e-03
0.000e+00
0.000e+00
0.000e+00
0.000e+00
0.000e+00
0.000e+00
9.542e-04
9.542e-04
0.000e+00
0.000e+00
9.542e-04
0.000e+00
0.000e+00
0.000e+00
0.000e+00
0.000e+00
0.000e+00
0.000e+00
0.000e+00
9.542e-04
9.542e-04
0.000e+00
0.000e+00
0.000e+00
9.542e-04
0.000e+00
0.000e+00
0.000e+00
9.542e-04
0.000e+00
1.908e-03
0.000e+00
0.000e+00
0.000e+00
9.542e-04
0.000e+00
0.000e+00
0.000e+00
0.000e+00
0.000e+00
9.542e-04
0.000e+00
1.908e-03
0.000e+00
1.908e-03
9.542e-04
1.908e-03
1.908e-03
0.000e+00
9.542e-04
1.908e-03
9.542e-04
2.863e-03
5.725e-03
0.000e+00
1.908e-03
2.863e-03
1.908e-03
9.542e-04
1.908e-03
9.542e-04
1.908e-03
2.863e-03
1.908e-03
9.542e-04
2.863e-03
9.542e-04
9.542e-04
9.542e-04
9.542e-04
9.542e-04
9.542e-04
2.863e-03
9.542e-04
9.542e-04
9.542e-04
0.000e+00
0.000e+00
0.000e+00
1.908e-03
2.863e-03
3.817e-03
0.000e+00
9.542e-04
4.771e-03
1.908e-03
9.542e-04
0.000e+00
1.908e-03
0.000e+00
9.542e-04
9.542e-04
9.542e-04
1.908e-03
9.542e-04
9.542e-04
0.000e+00
0.000e+00
0.000e+00
1.908e-03
0.000e+00
0.000e+00
0.000e+00
0.000e+00
0.000e+00
0.000e+00
0.000e+00
9.542e-04
0.000e+00
9.542e-04
0.000e+00
0.000e+00
0.000e+00
0.000e+00
0.000e+00
0.000e+00
0.000e+00
0.000e+00
0.000e+00
0.000e+00
9.542e-04
0.000e+00
0.000e+00
0.000e+00
0.000e+00
0.000e+00
9.542e-04
0.000e+00
9.542e-04
0.000e+00
0.000e+00
0.000e+00
0.000e+00
0.000e+00
0.000e+00
9.542e-04
0.000e+00
1.908e-03
9.542e-04
9.542e-04
9.542e-04
0.000e+00
9.542e-04
0.000e+00
1.908e-03
1.908e-03
3.817e-03
4.771e-03
3.817e-03
4.771e-03
9.542e-04
1.908e-03
2.863e-03
5.725e-03
3.817e-03
8.588e-03
4.771e-03
6.679e-03
5.725e-03
9.542e-03
4.771e-03
0.000e+00
6.679e-03
1.908e-03
7.634e-03
3.817e-03
2.863e-03
2.863e-03
4.771e-03
1.908e-03
9.542e-04
1.908e-03
1.908e-03
0.000e+00
9.542e-04
0.000e+00
9.542e-04
9.542e-04
9.542e-04
0.000e+00
0.000e+00
9.542e-04
0.000e+00
0.000e+00
0.000e+00
0.000e+00
9.542e-04
0.000e+00
0.000e+00
0.000e+00
0.000e+00
9.542e-04
0.000e+00
0.000e+00
0.000e+00
0.000e+00
0.000e+00
0.000e+00
0.000e+00
0.000e+00
0.000e+00
0.000e+00
9.542e-04
0.000e+00
0.000e+00
9.542e-04
9.542e-04
1.908e-03
0.000e+00
0.000e+00
0.000e+00
0.000e+00
0.000e+00
0.000e+00
0.000e+00
9.542e-04
0.000e+00
9.542e-04
9.542e-04
0.000e+00
9.542e-04
3.817e-03
9.542e-04
9.542e-04
0.000e+00
9.542e-04
9.542e-04
0.000e+00
9.542e-04
9.542e-04
1.908e-03
9.542e-04
0.000e+00
1.908e-03
9.542e-04
2.863e-03
1.908e-03
1.908e-03
1.908e-03
2.863e-03
0.000e+00
0.000e+00
9.542e-04
1.908e-03
9.542e-04
9.542e-04
0.000e+00
1.908e-03
1.908e-03
0.000e+00
9.542e-04
4.771e-03
3.817e-03
0.000e+00
1.908e-03
0.000e+00
9.542e-04
1.908e-03
9.542e-04
1.908e-03
1.908e-03
9.542e-04
3.817e-03
2.863e-03
3.817e-03
2.863e-03
1.908e-03
2.863e-03
0.000e+00
9.542e-04
0.000e+00
0.000e+00
1.908e-03
2.863e-03
0.000e+00
0.000e+00
0.000e+00
9.542e-04
1.908e-03
0.000e+00
0.000e+00
9.542e-04
0.000e+00
0.000e+00
0.000e+00
0.000e+00
0.000e+00
0.000e+00
0.000e+00
0.000e+00
0.000e+00
9.542e-04
0.000e+00
9.542e-04
1.908e-03
0.000e+00
0.000e+00
0.000e+00
9.542e-04
0.000e+00
0.000e+00
0.000e+00
0.000e+00
0.000e+00
9.542e-04
0.000e+00
0.000e+00
9.542e-04
0.000e+00
9.542e-04
0.000e+00
0.000e+00
0.000e+00
1.908e-03
0.000e+00
1.908e-03
0.000e+00
9.542e-04
9.542e-04
9.542e-04
0.000e+00
0.000e+00
0.000e+00
1.908e-03
9.542e-04
1.908e-03
2.863e-03
3.817e-03
1.908e-03
3.817e-03
8.588e-03
3.817e-03
7.634e-03
6.679e-03
4.771e-03
7.634e-03
5.725e-03
1.240e-02
