6.784e-03
7.382e-03
3.990e-03
5.587e-03
3.591e-03
3.392e-03
4.389e-03
2.993e-03
4.988e-03
1.397e-03
2.594e-03
2.993e-03
1.197e-03
1.796e-03
1.596e-03
1.197e-03
9.976e-04
9.976e-04
1.397e-03
5.986e-04
1.397e-03
1.796e-03
7.981e-04
9.976e-04
9.976e-04
3.990e-04
9.976e-04
0.000e+00
5.986e-04
5.986e-04
3.990e-04
7.981e-04
1.995e-04
5.986e-04
1.995e-04
3.990e-04
1.995e-04
3.990e-04
1.995e-04
0.000e+00
1.995e-04
3.990e-04
7.981e-04
1.995e-04
0.000e+00
3.990e-04
5.986e-04
3.990e-04
1.995e-04
7.981e-04
3.990e-04
5.986e-04
3.990e-04
0.000e+00
5.986e-04
1.995e-04
5.986e-04
9.976e-04
7.981e-04
1.995e-04
1.995e-04
3.990e-04
7.981e-04
9.976e-04
1.397e-03
9.976e-04
9.976e-04
5.986e-04
1.397e-03
1.397e-03
1.596e-03
9.976e-04
1.596e-03
7.981e-04
1.197e-03
1.796e-03
1.397e-03
1.397e-03
1.596e-03
2.195e-03
1.796e-03
1.796e-03
1.596e-03
9.976e-04
1.596e-03
1.197e-03
1.796e-03
1.397e-03
1.995e-03
1.796e-03
2.195e-03
1.596e-03
2.594e-03
1.995e-03
3.392e-03
2.195e-03
1.397e-03
2.394e-03
1.197e-03
1.397e-03
1.397e-03
1.796e-03
9.976e-04
3.392e-03
9.976e-04
1.197e-03
1.796e-03
1.796e-03
1.197e-03
1.995e-03
1.596e-03
7.981e-04
7.981e-04
7.981e-04
5.986e-04
1.796e-03
5.986e-04
9.976e-04
1.197e-03
1.197e-03
7.981e-04
9.976e-04
3.990e-04
1.995e-04
3.990e-04
5.986e-04
1.995e-04
0.000e+00
9.976e-04
1.995e-04
7.981e-04
1.596e-03
1.995e-04
0.000e+00
1.397e-03
5.986e-04
3.990e-04
1.995e-04
3.990e-04
0.000e+00
1.995e-04
1.995e-04
9.976e-04
1.995e-04
5.986e-04
3.990e-04
7.981e-04
3.990e-04
3.990e-04
9.976e-04
5.986e-04
5.986e-04
1.596e-03
0.000e+00
7.981e-04
3.990e-04
9.976e-04
1.596e-03
5.986e-04
1.596e-03
1.596e-03
1.397e-03
1.197e-03
5.986e-04
1.197e-03
1.596e-03
1.197e-03
1.796e-03
2.993e-03
3.591e-03
2.993e-03
2.793e-03
2.594e-03
4.190e-03
2.993e-03
4.789e-03
5.188e-03
5.986e-03
3.990e-03
5.786e-03
7.382e-03
5.188e-03
5.387e-03
4.589e-03
4.589e-03
3.990e-03
4.389e-03
3.990e-03
3.392e-03
3.192e-03
2.394e-03
2.195e-03
2.195e-03
1.796e-03
1.197e-03
1.596e-03
1.197e-03
7.981e-04
9.976e-04
1.197e-03
2.195e-03
9.976e-04
9.976e-04
1.197e-03
1.995e-04
3.990e-04
0.000e+00
5.986e-04
5.986e-04
1.995e-04
1.995e-04
1.995e-04
5.986e-04
5.986e-04
5.986e-04
0.000e+00
1.995e-04
7.981e-04
3.990e-04
1.995e-04
1.995e-04
1.995e-04
0.000e+00
7.981e-04
5.986e-04
3.990e-04
5.986e-04
3.990e-04
3.990e-04
3.990e-04
7.981e-04
3.990e-04
5.986e-04
7.981e-04
1.995e-04
1.995e-04
5.986e-04
5.986e-04
1.995e-04
9.976e-04
7.981e-04
9.976e-04
3.990e-04
1.197e-03
1.596e-03
1.197e-03
1.796e-03
1.596e-03
1.397e-03
5.986e-04
5.986e-04
1.197e-03
1.397e-03
9.976e-04
1.796e-03
1.995e-03
2.195e-03
1.995e-03
1.397e-03
1.796e-03
1.197e-03
1.995e-03
9.976e-04
9.976e-04
2.195e-03
1.995e-03
1.397e-03
1.796e-03
7.981e-04
2.195e-03
2.394e-03
2.594e-03
1.995e-03
2.793e-03
2.993e-03
1.397e-03
2.195e-03
1.197e-03
1.596e-03
1.397e-03
7.981e-04
2.394e-03
1.596e-03
3.990e-04
2.394e-03
1.995e-03
1.796e-03
1.796e-03
3.990e-04
1.197e-03
9.976e-04
1.596e-03
3.990e-04
3.990e-04
1.197e-03
1.995e-03
7.981e-04
7.981e-04
1.995e-04
1.197e-03
3.990e-04
3.990e-04
1.197e-03
1.995e-04
0.000e+00
5.986e-04
3.990e-04
1.596e-03
1.995e-04
0.000e+00
7.981e-04
0.000e+00
5.986e-04
9.976e-04
1.995e-04
3.990e-04
7.981e-04
5.986e-04
1.995e-04
0.000e+00
1.995e-04
7.981e-04
0.000e+00
7.981e-04
5.986e-04
5.986e-04
3.990e-04
3.990e-04
5.986e-04
1.197e-03
5.986e-04
1.397e-03
3.990e-04
1.995e-04
7.981e-04
7.981e-04
7.981e-04
1.397e-03
1.197e-03
1.397e-03
7.981e-04
9.976e-04
1.596e-03
9.976e-04
1.796e-03
1.397e-03
9.976e-04
1.995e-03
2.394e-03
3.990e-03
1.995e-03
1.995e-03
4.389e-03
3.192e-03
4.589e-03
4.789e-03
4.589e-03
3.990e-03
4.389e-03
4.988e-03
