5.108e-02
1.197e-02
7.981e-03
1.077e-02
6.784e-03
7.981e-03
5.188e-03
3.990e-03
6.385e-03
4.389e-03
3.990e-03
1.596e-03
2.394e-03
3.990e-03
1.995e-03
1.596e-03
1.197e-03
1.596e-03
3.990e-03
7.981e-04
1.596e-03
1.596e-03
1.995e-03
3.591e-03
3.990e-04
1.596e-03
1.596e-03
1.197e-03
0.000e+00
1.995e-03
3.990e-04
1.197e-03
1.596e-03
2.394e-03
3.990e-04
1.596e-03
1.197e-03
1.596e-03
1.596e-03
1.197e-03
7.981e-04
3.591e-03
1.995e-03
1.596e-03
3.990e-04
1.596e-03
7.981e-04
7.981e-04
7.981e-04
7.981e-04
1.995e-03
1.596e-03
1.197e-03
2.394e-03
1.596e-03
1.596e-03
1.197e-03
1.596e-03
1.197e-03
1.197e-03
1.995e-03
2.394e-03
2.793e-03
2.394e-03
2.394e-03
1.197e-03
2.394e-03
3.591e-03
3.192e-03
3.591e-03
7.981e-04
1.596e-03
1.596e-03
7.981e-04
1.995e-03
2.793e-03
1.995e-03
1.596e-03
3.192e-03
1.596e-03
1.197e-03
1.995e-03
1.995e-03
7.981e-04
1.596e-03
1.995e-03
3.591e-03
1.596e-03
3.192e-03
3.591e-03
4.389e-03
4.389e-03
4.789e-03
1.596e-03
3.192e-03
2.394e-03
3.192e-03
3.591e-03
1.197e-03
3.192e-03
1.596e-03
2.793e-03
1.197e-03
2.793e-03
3.990e-04
2.793e-03
3.192e-03
1.197e-03
2.394e-03
3.990e-04
7.981e-04
2.793e-03
2.394e-03
1.596e-03
3.990e-04
1.995e-03
3.192e-03
1.995e-03
1.995e-03
1.596e-03
1.596e-03
2.394e-03
7.981e-04
1.197e-03
2.394e-03
1.995e-03
1.596e-03
1.995e-03
2.793e-03
2.793e-03
1.995e-03
2.793e-03
3.990e-04
3.192e-03
7.981e-04
2.793e-03
2.394e-03
1.197e-03
7.981e-04
1.596e-03
1.197e-03
1.596e-03
3.192e-03
7.981e-04
2.793e-03
3.192e-03
1.995e-03
7.981e-04
2.793e-03
1.596e-03
1.197e-03
1.197e-03
1.197e-03
1.197e-03
3.990e-04
1.197e-03
1.596e-03
1.995e-03
3.990e-04
2.394e-03
3.990e-04
7.981e-04
1.995e-03
1.197e-03
5.188e-03
1.995e-03
3.192e-03
5.188e-03
1.197e-03
3.192e-03
6.385e-03
3.990e-03
4.389e-03
6.385e-03
7.981e-03
3.192e-03
5.587e-03
9.577e-03
8.779e-03
1.676e-02
5.188e-02
1.437e-02
7.183e-03
7.981e-03
1.077e-02
6.784e-03
4.389e-03
7.582e-03
4.389e-03
2.793e-03
3.192e-03
2.394e-03
3.591e-03
1.995e-03
2.394e-03
2.793e-03
1.596e-03
1.995e-03
1.197e-03
2.793e-03
1.596e-03
2.394e-03
2.793e-03
1.596e-03
1.596e-03
1.596e-03
1.197e-03
3.990e-04
1.197e-03
7.981e-04
1.596e-03
1.596e-03
1.596e-03
3.990e-04
3.192e-03
1.197e-03
7.981e-04
7.981e-04
1.197e-03
3.192e-03
1.596e-03
1.995e-03
1.596e-03
3.990e-04
1.197e-03
7.981e-04
3.990e-04
1.596e-03
1.197e-03
1.995e-03
1.596e-03
1.596e-03
1.197e-03
3.591e-03
3.990e-04
3.990e-04
0.000e+00
1.197e-03
1.596e-03
2.394e-03
2.793e-03
1.995e-03
3.192e-03
3.591e-03
2.793e-03
1.197e-03
2.394e-03
2.394e-03
2.793e-03
1.596e-03
1.197e-03
2.394e-03
7.981e-04
1.995e-03
1.197e-03
1.197e-03
1.596e-03
2.394e-03
1.995e-03
1.596e-03
1.995e-03
1.995e-03
2.394e-03
2.394e-03
1.995e-03
3.990e-03
1.995e-03
1.995e-03
3.591e-03
1.995e-03
3.990e-03
3.591e-03
3.990e-03
1.995e-03
2.394e-03
2.793e-03
1.995e-03
2.394e-03
1.995e-03
4.389e-03
2.394e-03
1.995e-03
1.995e-03
2.394e-03
1.995e-03
2.793e-03
1.995e-03
1.197e-03
1.197e-03
1.995e-03
1.596e-03
1.596e-03
2.394e-03
3.990e-04
2.394e-03
2.394e-03
1.596e-03
4.789e-03
2.394e-03
7.981e-04
1.995e-03
7.981e-04
1.995e-03
3.990e-03
1.596e-03
1.995e-03
1.596e-03
3.192e-03
1.995e-03
1.197e-03
3.990e-04
1.197e-03
1.995e-03
2.394e-03
1.197e-03
2.793e-03
3.591e-03
1.197e-03
2.394e-03
1.995e-03
2.394e-03
2.793e-03
1.995e-03
1.995e-03
1.995e-03
3.990e-04
3.990e-04
2.793e-03
3.990e-04
1.995e-03
7.981e-04
1.197e-03
2.394e-03
1.596e-03
3.990e-04
1.596e-03
1.197e-03
7.981e-04
1.197e-03
1.197e-03
1.197e-03
7.981e-04
2.793e-03
3.192e-03
2.394e-03
2.793e-03
2.793e-03
1.995e-03
4.789e-03
4.789e-03
3.990e-03
4.389e-03
3.591e-03
5.587e-03
5.587e-03
4.789e-03
7.183e-03
8.380e-03
1.038e-02
1.516e-02
