0.000e+00
0.000e+00
0.000e+00
0.000e+00
1.743e-04
0.000e+00
0.000e+00
0.000e+00
0.000e+00
0.000e+00
0.000e+00
0.000e+00
0.000e+00
3.487e-04
0.000e+00
0.000e+00
0.000e+00
1.743e-04
0.000e+00
0.000e+00
0.000e+00
0.000e+00
0.000e+00
0.000e+00
1.743e-04
0.000e+00
3.487e-04
0.000e+00
1.743e-04
0.000e+00
0.000e+00
1.743e-04
1.743e-04
0.000e+00
0.000e+00
0.000e+00
1.743e-04
1.743e-04
1.743e-04
0.000e+00
1.743e-04
0.000e+00
1.743e-04
3.487e-04
1.743e-04
3.487e-04
3.487e-04
1.743e-04
5.230e-04
8.717e-04
8.717e-04
6.974e-04
5.230e-04
1.743e-04
5.230e-04
8.717e-04
3.487e-04
1.046e-03
1.046e-03
1.395e-03
6.974e-04
1.220e-03
1.569e-03
8.717e-04
1.395e-03
1.918e-03
1.395e-03
1.046e-03
1.569e-03
6.974e-04
1.395e-03
2.615e-03
3.138e-03
1.918e-03
2.615e-03
2.266e-03
3.312e-03
5.579e-03
3.138e-03
3.312e-03
4.533e-03
5.230e-03
7.322e-03
4.881e-03
7.497e-03
5.753e-03
1.029e-02
6.276e-03
7.671e-03
7.322e-03
7.671e-03
6.625e-03
7.148e-03
6.450e-03
6.276e-03
6.974e-03
5.230e-03
4.881e-03
4.358e-03
4.358e-03
5.230e-03
5.056e-03
2.964e-03
2.789e-03
1.743e-03
2.964e-03
2.615e-03
2.615e-03
2.964e-03
2.441e-03
2.441e-03
1.395e-03
2.789e-03
1.569e-03
2.615e-03
2.266e-03
1.918e-03
1.220e-03
1.220e-03
1.918e-03
8.717e-04
1.046e-03
8.717e-04
1.046e-03
8.717e-04
3.487e-04
1.395e-03
1.743e-03
6.974e-04
8.717e-04
1.743e-04
5.230e-04
3.487e-04
5.230e-04
1.743e-04
3.487e-04
3.487e-04
1.743e-04
3.487e-04
3.487e-04
0.000e+00
0.000e+00
0.000e+00
1.743e-04
0.000e+00
5.230e-04
1.743e-04
0.000e+00
1.743e-04
5.230e-04
0.000e+00
1.743e-04
0.000e+00
0.000e+00
0.000e+00
0.000e+00
0.000e+00
0.000e+00
0.000e+00
0.000e+00
0.000e+00
0.000e+00
0.000e+00
0.000e+00
0.000e+00
1.743e-04
0.000e+00
0.000e+00
0.000e+00
0.000e+00
0.000e+00
0.000e+00
0.000e+00
0.000e+00
0.000e+00
0.000e+00
0.000e+00
0.000e+00
0.000e+00
0.000e+00
0.000e+00
0.000e+00
0.000e+00
0.000e+00
0.000e+00
0.000e+00
0.000e+00
0.000e+00
0.000e+00
0.000e+00
0.000e+00
0.000e+00
0.000e+00
0.000e+00
0.000e+00
0.000e+00
0.000e+00
0.000e+00
0.000e+00
1.743e-04
0.000e+00
0.000e+00
0.000e+00
0.000e+00
0.000e+00
0.000e+00
0.000e+00
0.000e+00
0.000e+00
1.743e-04
0.000e+00
1.743e-04
3.487e-04
0.000e+00
3.487e-04
3.487e-04
1.743e-04
0.000e+00
0.000e+00
0.000e+00
5.230e-04
1.743e-04
1.743e-04
1.743e-04
0.000e+00
5.230e-04
3.487e-04
5.230e-04
3.487e-04
5.230e-04
5.230e-04
8.717e-04
6.974e-04
3.487e-04
2.092e-03
1.569e-03
0.000e+00
1.046e-03
1.046e-03
1.046e-03
1.220e-03
1.395e-03
5.230e-04
1.569e-03
1.569e-03
3.138e-03
1.743e-03
2.092e-03
1.046e-03
2.266e-03
1.918e-03
2.266e-03
3.661e-03
2.615e-03
2.092e-03
2.615e-03
2.615e-03
3.661e-03
4.358e-03
3.312e-03
2.964e-03
3.312e-03
4.881e-03
5.056e-03
6.276e-03
8.020e-03
4.881e-03
5.927e-03
6.450e-03
7.497e-03
8.020e-03
6.799e-03
9.763e-03
6.974e-03
7.148e-03
7.845e-03
5.579e-03
5.230e-03
5.404e-03
5.056e-03
7.148e-03
4.533e-03
5.230e-03
2.789e-03
4.358e-03
2.789e-03
3.487e-03
1.395e-03
2.441e-03
3.138e-03
2.092e-03
2.092e-03
2.789e-03
2.092e-03
2.615e-03
1.918e-03
3.487e-04
1.395e-03
1.046e-03
1.569e-03
8.717e-04
5.230e-04
1.046e-03
1.395e-03
5.230e-04
6.974e-04
8.717e-04
8.717e-04
0.000e+00
3.487e-04
8.717e-04
1.743e-04
1.046e-03
1.220e-03
3.487e-04
1.743e-04
1.743e-04
5.230e-04
1.743e-04
1.743e-04
0.000e+00
1.743e-04
0.000e+00
0.000e+00
3.487e-04
3.487e-04
1.743e-04
0.000e+00
3.487e-04
1.743e-04
0.000e+00
1.743e-04
1.743e-04
0.000e+00
0.000e+00
0.000e+00
1.743e-04
0.000e+00
0.000e+00
0.000e+00
1.743e-04
0.000e+00
0.000e+00
0.000e+00
0.000e+00
0.000e+00
0.000e+00
0.000e+00
1.743e-04
0.000e+00
0.000e+00
0.000e+00
0.000e+00
0.000e+00
0.000e+00
0.000e+00
1.743e-04
0.000e+00
0.000e+00
0.000e+00
