0.000e+00
0.000e+00
3.487e-04
0.000e+00
0.000e+00
0.000e+00
0.000e+00
0.000e+00
0.000e+00
0.000e+00
0.000e+00
0.000e+00
0.000e+00
0.000e+00
0.000e+00
3.487e-04
0.000e+00
3.487e-04
0.000e+00
0.000e+00
3.487e-04
0.000e+00
0.000e+00
0.000e+00
3.487e-04
3.487e-04
0.000e+00
3.487e-04
0.000e+00
0.000e+00
3.487e-04
3.487e-04
6.974e-04
3.487e-04
6.974e-04
0.000e+00
0.000e+00
6.974e-04
0.000e+00
6.974e-04
3.487e-04
0.000e+00
0.000e+00
0.000e+00
6.974e-04
1.046e-03
1.046e-03
3.487e-04
0.000e+00
6.974e-04
1.046e-03
3.138e-03
2.441e-03
3.138e-03
1.743e-03
1.743e-03
3.835e-03
3.487e-03
3.487e-03
1.395e-03
4.184e-03
2.441e-03
1.743e-03
2.092e-03
3.835e-03
2.441e-03
3.835e-03
4.184e-03
6.974e-03
5.927e-03
5.927e-03
4.184e-03
3.835e-03
8.020e-03
8.717e-03
7.671e-03
7.671e-03
9.414e-03
5.230e-03
6.625e-03
1.011e-02
8.717e-03
8.368e-03
6.974e-03
7.671e-03
1.151e-02
1.325e-02
1.499e-02
1.534e-02
2.022e-02
2.022e-02
1.011e-02
6.974e-03
9.066e-03
7.671e-03
9.414e-03
8.020e-03
5.927e-03
9.066e-03
6.276e-03
9.414e-03
6.625e-03
6.276e-03
7.322e-03
6.974e-03
7.322e-03
6.974e-03
4.533e-03
7.322e-03
3.138e-03
6.625e-03
4.881e-03
3.835e-03
1.743e-03
3.138e-03
3.138e-03
3.835e-03
3.138e-03
1.743e-03
1.046e-03
4.533e-03
2.789e-03
3.138e-03
1.743e-03
1.743e-03
1.395e-03
2.092e-03
1.395e-03
1.743e-03
2.092e-03
6.974e-04
2.441e-03
1.743e-03
3.487e-04
6.974e-04
1.046e-03
1.046e-03
1.046e-03
6.974e-04
1.046e-03
3.487e-04
0.000e+00
1.395e-03
1.046e-03
3.487e-04
3.487e-04
3.487e-04
0.000e+00
3.487e-04
0.000e+00
0.000e+00
0.000e+00
0.000e+00
0.000e+00
3.487e-04
3.487e-04
0.000e+00
0.000e+00
0.000e+00
0.000e+00
3.487e-04
3.487e-04
0.000e+00
0.000e+00
3.487e-04
0.000e+00
0.000e+00
3.487e-04
6.974e-04
0.000e+00
0.000e+00
0.000e+00
0.000e+00
3.487e-04
0.000e+00
0.000e+00
0.000e+00
1.046e-03
0.000e+00
3.487e-04
0.000e+00
6.974e-04
0.000e+00
0.000e+00
0.000e+00
3.487e-04
0.000e+00
0.000e+00
0.000e+00
0.000e+00
3.487e-04
0.000e+00
0.000e+00
0.000e+00
0.000e+00
0.000e+00
0.000e+00
0.000e+00
0.000e+00
0.000e+00
0.000e+00
3.487e-04
0.000e+00
0.000e+00
3.487e-04
6.974e-04
0.000e+00
0.000e+00
6.974e-04
6.974e-04
0.000e+00
0.000e+00
0.000e+00
3.487e-04
3.487e-04
0.000e+00
3.487e-04
6.974e-04
0.000e+00
0.000e+00
3.487e-04
1.046e-03
3.487e-04
0.000e+00
3.487e-04
3.487e-04
0.000e+00
6.974e-04
6.974e-04
2.441e-03
1.046e-03
1.046e-03
1.395e-03
6.974e-04
4.533e-03
1.395e-03
1.395e-03
3.487e-03
4.533e-03
2.789e-03
6.276e-03
2.441e-03
3.487e-03
4.533e-03
2.441e-03
5.579e-03
4.533e-03
5.579e-03
4.184e-03
4.184e-03
4.184e-03
7.322e-03
4.533e-03
5.230e-03
6.625e-03
5.579e-03
7.322e-03
7.671e-03
9.066e-03
6.276e-03
5.579e-03
8.717e-03
9.066e-03
9.414e-03
6.974e-03
8.368e-03
1.046e-02
9.066e-03
8.717e-03
1.360e-02
1.604e-02
2.127e-02
2.266e-02
1.360e-02
1.325e-02
1.151e-02
8.020e-03
7.322e-03
7.671e-03
4.533e-03
1.011e-02
6.974e-03
7.322e-03
9.066e-03
7.322e-03
8.717e-03
4.881e-03
9.066e-03
9.066e-03
4.881e-03
4.533e-03
6.276e-03
3.835e-03
4.881e-03
3.835e-03
3.138e-03
4.184e-03
3.487e-03
4.184e-03
2.092e-03
4.533e-03
2.441e-03
3.835e-03
2.092e-03
2.092e-03
1.046e-03
2.441e-03
1.743e-03
6.974e-04
1.743e-03
6.974e-04
3.487e-04
6.974e-04
3.487e-04
0.000e+00
0.000e+00
3.487e-04
0.000e+00
3.487e-04
1.046e-03
0.000e+00
3.487e-04
0.000e+00
6.974e-04
0.000e+00
0.000e+00
0.000e+00
3.487e-04
0.000e+00
0.000e+00
3.487e-04
0.000e+00
0.000e+00
0.000e+00
0.000e+00
0.000e+00
3.487e-04
3.487e-04
0.000e+00
0.000e+00
0.000e+00
0.000e+00
6.974e-04
3.487e-04
0.000e+00
0.000e+00
3.487e-04
0.000e+00
3.487e-04
0.000e+00
3.487e-04
0.000e+00
0.000e+00
3.487e-04
3.487e-04
0.000e+00
3.487e-04
6.974e-04
0.000e+00
0.000e+00
