0.000e+00
0.000e+00
0.000e+00
0.000e+00
0.000e+00
0.000e+00
0.000e+00
0.000e+00
0.000e+00
0.000e+00
0.000e+00
0.000e+00
0.000e+00
0.000e+00
1.678e-03
0.000e+00
0.000e+00
0.000e+00
0.000e+00
0.000e+00
0.000e+00
0.000e+00
0.000e+00
0.000e+00
0.000e+00
0.000e+00
0.000e+00
0.000e+00
0.000e+00
0.000e+00
0.000e+00
0.000e+00
0.000e+00
0.000e+00
0.000e+00
0.000e+00
0.000e+00
0.000e+00
0.000e+00
1.678e-03
0.000e+00
0.000e+00
0.000e+00
0.000e+00
0.000e+00
0.000e+00
0.000e+00
0.000e+00
0.000e+00
0.000e+00
1.678e-03
0.000e+00
3.356e-03
3.356e-03
3.356e-03
1.678e-03
0.000e+00
3.356e-03
1.174e-02
1.678e-03
8.389e-03
5.034e-03
3.356e-03
3.356e-03
8.389e-03
1.510e-02
6.711e-03
1.174e-02
6.711e-03
1.007e-02
6.711e-03
6.711e-03
3.356e-03
1.678e-03
6.711e-03
1.007e-02
5.034e-03
6.711e-03
1.007e-02
1.678e-03
3.356e-03
3.356e-03
3.356e-03
3.356e-03
8.389e-03
5.034e-03
1.007e-02
1.678e-03
3.356e-03
1.678e-03
1.007e-02
0.000e+00
0.000e+00
1.678e-03
0.000e+00
0.000e+00
0.000e+00
0.000e+00
3.356e-03
0.000e+00
0.000e+00
1.678e-03
0.000e+00
0.000e+00
0.000e+00
0.000e+00
0.000e+00
0.000e+00
0.000e+00
0.000e+00
0.000e+00
0.000e+00
0.000e+00
0.000e+00
0.000e+00
0.000e+00
0.000e+00
0.000e+00
0.000e+00
0.000e+00
0.000e+00
0.000e+00
0.000e+00
1.678e-03
0.000e+00
0.000e+00
0.000e+00
0.000e+00
0.000e+00
0.000e+00
0.000e+00
0.000e+00
0.000e+00
0.000e+00
0.000e+00
0.000e+00
0.000e+00
0.000e+00
0.000e+00
0.000e+00
0.000e+00
1.678e-03
0.000e+00
0.000e+00
0.000e+00
0.000e+00
0.000e+00
0.000e+00
0.000e+00
0.000e+00
0.000e+00
1.678e-03
0.000e+00
0.000e+00
0.000e+00
0.000e+00
0.000e+00
1.678e-03
0.000e+00
0.000e+00
1.678e-03
0.000e+00
0.000e+00
0.000e+00
0.000e+00
0.000e+00
1.678e-03
0.000e+00
0.000e+00
0.000e+00
0.000e+00
0.000e+00
0.000e+00
0.000e+00
0.000e+00
0.000e+00
0.000e+00
0.000e+00
0.000e+00
0.000e+00
0.000e+00
0.000e+00
0.000e+00
0.000e+00
0.000e+00
1.678e-03
0.000e+00
0.000e+00
0.000e+00
0.000e+00
0.000e+00
0.000e+00
0.000e+00
0.000e+00
0.000e+00
0.000e+00
0.000e+00
0.000e+00
0.000e+00
0.000e+00
0.000e+00
0.000e+00
0.000e+00
0.000e+00
0.000e+00
1.678e-03
0.000e+00
0.000e+00
0.000e+00
0.000e+00
0.000e+00
0.000e+00
0.000e+00
0.000e+00
0.000e+00
0.000e+00
0.000e+00
0.000e+00
1.678e-03
0.000e+00
0.000e+00
0.000e+00
0.000e+00
0.000e+00
0.000e+00
0.000e+00
0.000e+00
0.000e+00
0.000e+00
0.000e+00
0.000e+00
0.000e+00
1.678e-03
0.000e+00
0.000e+00
0.000e+00
0.000e+00
0.000e+00
0.000e+00
0.000e+00
0.000e+00
0.000e+00
0.000e+00
0.000e+00
0.000e+00
0.000e+00
0.000e+00
1.678e-03
0.000e+00
0.000e+00
0.000e+00
0.000e+00
0.000e+00
0.000e+00
0.000e+00
0.000e+00
1.678e-03
0.000e+00
0.000e+00
0.000e+00
0.000e+00
0.000e+00
0.000e+00
1.678e-03
3.356e-03
0.000e+00
1.678e-03
3.356e-03
5.034e-03
0.000e+00
0.000e+00
5.034e-03
3.356e-03
1.007e-02
6.711e-03
6.711e-03
3.356e-03
0.000e+00
1.678e-03
1.678e-03
1.846e-02
1.007e-02
5.034e-03
1.678e-03
3.356e-03
5.034e-03
1.007e-02
5.034e-03
5.034e-03
1.007e-02
5.034e-03
8.389e-03
8.389e-03
1.174e-02
6.711e-03
1.174e-02
5.034e-03
5.034e-03
8.389e-03
1.174e-02
8.389e-03
6.711e-03
3.356e-03
0.000e+00
0.000e+00
5.034e-03
0.000e+00
1.678e-03
1.678e-03
1.678e-03
1.678e-03
0.000e+00
1.678e-03
1.678e-03
0.000e+00
0.000e+00
3.356e-03
1.678e-03
0.000e+00
0.000e+00
0.000e+00
0.000e+00
0.000e+00
0.000e+00
0.000e+00
0.000e+00
0.000e+00
0.000e+00
0.000e+00
0.000e+00
0.000e+00
0.000e+00
0.000e+00
0.000e+00
0.000e+00
0.000e+00
0.000e+00
0.000e+00
0.000e+00
0.000e+00
0.000e+00
0.000e+00
0.000e+00
0.000e+00
0.000e+00
0.000e+00
0.000e+00
0.000e+00
0.000e+00
0.000e+00
0.000e+00
0.000e+00
0.000e+00
0.000e+00
0.000e+00
0.000e+00
0.000e+00
0.000e+00
0.000e+00
0.000e+00
