3.356e-03
0.000e+00
0.000e+00
0.000e+00
0.000e+00
3.356e-03
0.000e+00
0.000e+00
0.000e+00
0.000e+00
0.000e+00
0.000e+00
0.000e+00
0.000e+00
0.000e+00
0.000e+00
0.000e+00
0.000e+00
6.711e-03
0.000e+00
0.000e+00
0.000e+00
0.000e+00
0.000e+00
0.000e+00
0.000e+00
0.000e+00
0.000e+00
3.356e-03
0.000e+00
0.000e+00
0.000e+00
0.000e+00
0.000e+00
0.000e+00
0.000e+00
3.356e-03
0.000e+00
0.000e+00
0.000e+00
0.000e+00
0.000e+00
0.000e+00
6.711e-03
0.000e+00
0.000e+00
0.000e+00
0.000e+00
0.000e+00
0.000e+00
3.356e-03
0.000e+00
6.711e-03
0.000e+00
3.356e-03
0.000e+00
1.007e-02
4.362e-02
1.678e-02
2.349e-02
2.013e-02
1.007e-02
1.342e-02
6.711e-03
1.007e-02
1.007e-02
1.007e-02
6.711e-03
3.356e-03
1.678e-02
1.007e-02
0.000e+00
3.356e-03
3.356e-03
3.356e-03
3.356e-03
1.342e-02
6.711e-03
1.342e-02
1.007e-02
2.013e-02
1.678e-02
1.007e-02
1.678e-02
1.007e-02
3.356e-03
3.356e-03
3.356e-03
6.711e-03
0.000e+00
3.356e-03
0.000e+00
0.000e+00
6.711e-03
0.000e+00
3.356e-03
3.356e-03
0.000e+00
6.711e-03
0.000e+00
0.000e+00
3.356e-03
0.000e+00
0.000e+00
3.356e-03
0.000e+00
0.000e+00
0.000e+00
0.000e+00
3.356e-03
3.356e-03
0.000e+00
0.000e+00
0.000e+00
0.000e+00
3.356e-03
0.000e+00
0.000e+00
0.000e+00
0.000e+00
0.000e+00
3.356e-03
0.000e+00
0.000e+00
0.000e+00
0.000e+00
0.000e+00
0.000e+00
3.356e-03
0.000e+00
0.000e+00
0.000e+00
0.000e+00
0.000e+00
0.000e+00
0.000e+00
0.000e+00
0.000e+00
0.000e+00
0.000e+00
0.000e+00
0.000e+00
0.000e+00
3.356e-03
0.000e+00
0.000e+00
0.000e+00
0.000e+00
0.000e+00
0.000e+00
0.000e+00
0.000e+00
3.356e-03
0.000e+00
0.000e+00
0.000e+00
3.356e-03
0.000e+00
0.000e+00
0.000e+00
0.000e+00
0.000e+00
0.000e+00
0.000e+00
0.000e+00
0.000e+00
0.000e+00
0.000e+00
0.000e+00
0.000e+00
0.000e+00
0.000e+00
0.000e+00
0.000e+00
0.000e+00
0.000e+00
0.000e+00
0.000e+00
3.356e-03
6.711e-03
6.711e-03
0.000e+00
3.356e-03
0.000e+00
0.000e+00
0.000e+00
0.000e+00
0.000e+00
0.000e+00
0.000e+00
0.000e+00
0.000e+00
0.000e+00
0.000e+00
0.000e+00
0.000e+00
0.000e+00
0.000e+00
0.000e+00
0.000e+00
0.000e+00
0.000e+00
0.000e+00
0.000e+00
0.000e+00
0.000e+00
3.356e-03
0.000e+00
0.000e+00
0.000e+00
0.000e+00
0.000e+00
0.000e+00
0.000e+00
0.000e+00
0.000e+00
6.711e-03
0.000e+00
0.000e+00
0.000e+00
0.000e+00
3.356e-03
0.000e+00
0.000e+00
0.000e+00
0.000e+00
0.000e+00
0.000e+00
0.000e+00
3.356e-03
0.000e+00
3.356e-03
0.000e+00
0.000e+00
0.000e+00
0.000e+00
0.000e+00
0.000e+00
0.000e+00
0.000e+00
0.000e+00
0.000e+00
0.000e+00
0.000e+00
0.000e+00
0.000e+00
0.000e+00
0.000e+00
0.000e+00
0.000e+00
0.000e+00
0.000e+00
0.000e+00
6.711e-03
3.356e-03
0.000e+00
0.000e+00
6.711e-03
0.000e+00
6.711e-03
0.000e+00
3.356e-03
3.356e-03
3.356e-03
0.000e+00
3.356e-03
3.356e-03
6.711e-03
3.356e-03
1.007e-02
6.711e-03
1.007e-02
3.356e-03
0.000e+00
3.356e-03
6.711e-03
6.711e-03
0.000e+00
3.356e-03
6.711e-03
1.678e-02
6.711e-03
3.356e-03
1.007e-02
1.342e-02
1.342e-02
3.356e-03
1.678e-02
1.678e-02
0.000e+00
0.000e+00
0.000e+00
3.356e-03
6.711e-03
3.356e-03
6.711e-03
3.356e-03
3.356e-02
3.020e-02
2.349e-02
2.685e-02
1.342e-02
1.678e-02
4.698e-02
6.711e-03
1.007e-02
1.007e-02
1.007e-02
3.356e-03
3.356e-03
6.711e-03
6.711e-03
6.711e-03
0.000e+00
0.000e+00
6.711e-03
0.000e+00
0.000e+00
0.000e+00
0.000e+00
0.000e+00
0.000e+00
3.356e-03
3.356e-03
0.000e+00
3.356e-03
0.000e+00
0.000e+00
0.000e+00
0.000e+00
0.000e+00
0.000e+00
0.000e+00
0.000e+00
0.000e+00
0.000e+00
0.000e+00
0.000e+00
0.000e+00
0.000e+00
0.000e+00
0.000e+00
0.000e+00
0.000e+00
0.000e+00
0.000e+00
0.000e+00
0.000e+00
0.000e+00
0.000e+00
0.000e+00
0.000e+00
0.000e+00
0.000e+00
0.000e+00
0.000e+00
0.000e+00
0.000e+00
0.000e+00
0.000e+00
