1.228e-03
3.070e-04
3.070e-04
0.000e+00
0.000e+00
3.070e-04
0.000e+00
0.000e+00
0.000e+00
0.000e+00
0.000e+00
1.535e-04
0.000e+00
3.070e-04
0.000e+00
1.535e-04
0.000e+00
1.535e-04
3.070e-04
0.000e+00
3.070e-04
0.000e+00
1.535e-04
0.000e+00
1.535e-04
3.070e-04
1.535e-04
1.535e-04
1.535e-04
3.070e-04
6.141e-04
1.535e-04
4.605e-04
1.535e-04
3.070e-04
0.000e+00
3.070e-04
6.141e-04
0.000e+00
4.605e-04
3.070e-04
3.070e-04
3.070e-04
3.070e-04
7.676e-04
4.605e-04
4.605e-04
4.605e-04
4.605e-04
4.605e-04
2.303e-03
1.689e-03
2.456e-03
2.456e-03
1.689e-03
2.149e-03
3.991e-03
5.527e-03
3.838e-03
4.145e-03
4.759e-03
3.838e-03
3.991e-03
3.224e-03
4.605e-03
3.224e-03
3.838e-03
4.912e-03
5.834e-03
5.527e-03
5.527e-03
5.527e-03
5.220e-03
7.215e-03
7.829e-03
7.829e-03
7.676e-03
8.904e-03
7.215e-03
9.211e-03
9.825e-03
8.750e-03
7.062e-03
7.676e-03
9.057e-03
9.364e-03
1.197e-02
1.366e-02
1.811e-02
1.873e-02
1.704e-02
9.671e-03
7.983e-03
7.983e-03
7.215e-03
7.522e-03
7.522e-03
7.829e-03
7.829e-03
5.834e-03
8.136e-03
6.601e-03
5.680e-03
6.755e-03
6.601e-03
5.987e-03
4.605e-03
5.527e-03
5.987e-03
4.452e-03
5.373e-03
5.220e-03
3.991e-03
2.763e-03
2.917e-03
2.763e-03
3.684e-03
3.224e-03
3.991e-03
4.145e-03
3.684e-03
3.070e-03
2.917e-03
2.456e-03
2.917e-03
2.917e-03
1.842e-03
1.535e-03
2.149e-03
1.996e-03
7.676e-04
1.228e-03
1.075e-03
7.676e-04
4.605e-04
1.075e-03
9.211e-04
6.141e-04
6.141e-04
4.605e-04
3.070e-04
3.070e-04
6.141e-04
6.141e-04
6.141e-04
1.535e-04
1.535e-04
1.535e-04
3.070e-04
1.535e-04
0.000e+00
3.070e-04
3.070e-04
0.000e+00
1.535e-04
1.535e-04
1.535e-04
0.000e+00
1.535e-04
1.535e-04
1.535e-04
1.535e-04
1.535e-04
0.000e+00
1.535e-04
4.605e-04
0.000e+00
3.070e-04
6.141e-04
1.535e-04
3.070e-04
0.000e+00
1.535e-04
1.535e-04
0.000e+00
3.070e-04
0.000e+00
6.141e-04
1.535e-04
6.141e-04
1.228e-03
3.070e-04
3.070e-04
0.000e+00
0.000e+00
3.070e-04
0.000e+00
0.000e+00
0.000e+00
0.000e+00
1.535e-04
0.000e+00
3.070e-04
1.535e-04
1.535e-04
0.000e+00
0.000e+00
1.535e-04
3.070e-04
1.535e-04
1.535e-04
1.535e-04
1.535e-04
0.000e+00
4.605e-04
7.676e-04
1.535e-04
0.000e+00
3.070e-04
3.070e-04
3.070e-04
1.535e-04
3.070e-04
1.535e-04
4.605e-04
1.535e-04
7.676e-04
3.070e-04
0.000e+00
0.000e+00
4.605e-04
6.141e-04
1.535e-04
6.141e-04
4.605e-04
3.070e-04
0.000e+00
7.676e-04
1.228e-03
1.535e-03
1.228e-03
1.535e-03
3.070e-03
2.149e-03
2.456e-03
2.303e-03
2.917e-03
3.684e-03
3.684e-03
2.917e-03
5.527e-03
2.763e-03
2.763e-03
2.917e-03
3.684e-03
3.838e-03
4.759e-03
4.605e-03
3.684e-03
3.838e-03
5.066e-03
5.987e-03
4.759e-03
5.834e-03
6.601e-03
6.601e-03
5.527e-03
6.755e-03
6.908e-03
7.522e-03
4.912e-03
7.369e-03
7.062e-03
9.057e-03
6.448e-03
6.908e-03
9.671e-03
8.750e-03
8.443e-03
1.136e-02
1.504e-02
1.950e-02
1.904e-02
1.151e-02
1.274e-02
1.029e-02
7.676e-03
8.597e-03
7.369e-03
5.834e-03
9.364e-03
6.755e-03
7.215e-03
7.829e-03
8.750e-03
8.443e-03
5.680e-03
8.443e-03
8.750e-03
5.680e-03
3.991e-03
4.759e-03
3.377e-03
4.605e-03
4.298e-03
3.070e-03
3.684e-03
5.066e-03
4.605e-03
3.838e-03
4.759e-03
3.070e-03
3.684e-03
4.605e-03
1.996e-03
1.535e-03
2.763e-03
2.610e-03
1.382e-03
1.228e-03
1.996e-03
1.075e-03
7.676e-04
7.676e-04
1.535e-04
7.676e-04
6.141e-04
0.000e+00
6.141e-04
6.141e-04
4.605e-04
4.605e-04
6.141e-04
9.211e-04
1.535e-04
3.070e-04
0.000e+00
3.070e-04
0.000e+00
1.535e-04
1.535e-04
3.070e-04
1.535e-04
0.000e+00
1.535e-04
0.000e+00
4.605e-04
3.070e-04
0.000e+00
0.000e+00
1.535e-04
0.000e+00
3.070e-04
1.535e-04
0.000e+00
3.070e-04
1.535e-04
0.000e+00
1.535e-04
0.000e+00
3.070e-04
1.535e-04
1.535e-04
1.535e-04
1.535e-04
1.535e-04
1.535e-04
7.676e-04
0.000e+00
3.070e-04
