0.000e+00
0.000e+00
0.000e+00
0.000e+00
1.535e-04
0.000e+00
7.676e-05
0.000e+00
0.000e+00
0.000e+00
0.000e+00
0.000e+00
0.000e+00
1.535e-04
7.676e-05
0.000e+00
0.000e+00
7.676e-05
0.000e+00
7.676e-05
0.000e+00
7.676e-05
0.000e+00
7.676e-05
7.676e-05
0.000e+00
1.535e-04
0.000e+00
7.676e-05
0.000e+00
0.000e+00
7.676e-05
2.303e-04
7.676e-05
1.535e-04
0.000e+00
2.303e-04
1.535e-04
7.676e-05
2.303e-04
7.676e-05
0.000e+00
2.303e-04
2.303e-04
2.303e-04
2.303e-04
5.373e-04
1.535e-04
3.070e-04
6.908e-04
5.373e-04
6.141e-04
4.605e-04
6.908e-04
6.908e-04
1.151e-03
7.676e-04
9.979e-04
1.612e-03
1.535e-03
1.151e-03
1.151e-03
1.382e-03
1.151e-03
2.379e-03
2.687e-03
1.612e-03
1.689e-03
2.226e-03
1.996e-03
2.072e-03
2.303e-03
2.994e-03
2.072e-03
3.684e-03
2.533e-03
3.531e-03
4.912e-03
3.761e-03
3.070e-03
4.759e-03
4.068e-03
6.524e-03
5.066e-03
6.294e-03
5.910e-03
8.674e-03
7.138e-03
7.829e-03
6.678e-03
6.908e-03
7.753e-03
6.064e-03
5.527e-03
4.912e-03
5.603e-03
5.066e-03
5.527e-03
4.529e-03
4.605e-03
4.989e-03
4.605e-03
3.147e-03
2.687e-03
2.379e-03
2.994e-03
2.533e-03
2.379e-03
2.610e-03
2.456e-03
2.610e-03
1.842e-03
3.301e-03
2.379e-03
2.303e-03
1.842e-03
1.765e-03
1.228e-03
1.382e-03
9.979e-04
1.228e-03
1.612e-03
1.075e-03
1.228e-03
6.908e-04
4.605e-04
1.382e-03
1.458e-03
6.908e-04
7.676e-04
1.535e-04
5.373e-04
6.141e-04
6.141e-04
2.303e-04
4.605e-04
4.605e-04
5.373e-04
1.535e-04
3.838e-04
7.676e-05
1.535e-04
1.535e-04
2.303e-04
0.000e+00
3.070e-04
7.676e-05
2.303e-04
2.303e-04
3.070e-04
1.535e-04
1.535e-04
0.000e+00
1.535e-04
0.000e+00
7.676e-05
0.000e+00
7.676e-05
7.676e-05
0.000e+00
7.676e-05
0.000e+00
0.000e+00
7.676e-05
0.000e+00
7.676e-05
1.535e-04
7.676e-05
0.000e+00
0.000e+00
0.000e+00
0.000e+00
0.000e+00
0.000e+00
0.000e+00
0.000e+00
7.676e-05
0.000e+00
0.000e+00
0.000e+00
0.000e+00
0.000e+00
0.000e+00
0.000e+00
7.676e-05
1.535e-04
0.000e+00
0.000e+00
0.000e+00
0.000e+00
7.676e-05
7.676e-05
1.535e-04
0.000e+00
0.000e+00
0.000e+00
7.676e-05
0.000e+00
0.000e+00
7.676e-05
0.000e+00
7.676e-05
7.676e-05
1.535e-04
0.000e+00
7.676e-05
0.000e+00
0.000e+00
1.535e-04
7.676e-05
0.000e+00
2.303e-04
1.535e-04
0.000e+00
1.535e-04
1.535e-04
7.676e-05
1.535e-04
3.070e-04
0.000e+00
3.070e-04
3.070e-04
2.303e-04
2.303e-04
7.676e-05
3.838e-04
3.838e-04
4.605e-04
5.373e-04
5.373e-04
6.908e-04
5.373e-04
1.075e-03
5.373e-04
1.689e-03
1.305e-03
7.676e-05
8.443e-04
1.228e-03
1.842e-03
1.382e-03
1.075e-03
1.228e-03
1.765e-03
1.458e-03
2.149e-03
1.458e-03
2.226e-03
1.228e-03
2.456e-03
1.919e-03
2.610e-03
2.456e-03
2.840e-03
2.379e-03
3.377e-03
2.610e-03
2.917e-03
4.145e-03
3.147e-03
3.147e-03
3.531e-03
4.222e-03
4.759e-03
5.834e-03
6.678e-03
5.910e-03
6.294e-03
6.217e-03
7.676e-03
6.908e-03
6.371e-03
7.753e-03
6.448e-03
7.753e-03
6.524e-03
6.294e-03
4.836e-03
4.836e-03
4.452e-03
5.910e-03
5.296e-03
4.222e-03
3.377e-03
3.838e-03
2.687e-03
3.531e-03
2.379e-03
2.763e-03
3.147e-03
2.226e-03
2.456e-03
2.533e-03
2.456e-03
2.072e-03
1.842e-03
1.458e-03
1.919e-03
1.612e-03
1.919e-03
1.075e-03
1.458e-03
9.979e-04
9.979e-04
5.373e-04
1.151e-03
7.676e-04
1.075e-03
2.303e-04
6.908e-04
7.676e-04
1.535e-04
5.373e-04
9.211e-04
3.070e-04
2.303e-04
3.838e-04
3.070e-04
2.303e-04
1.535e-04
7.676e-05
7.676e-05
1.535e-04
7.676e-05
1.535e-04
3.070e-04
2.303e-04
7.676e-05
1.535e-04
7.676e-05
0.000e+00
7.676e-05
7.676e-05
0.000e+00
0.000e+00
0.000e+00
2.303e-04
0.000e+00
0.000e+00
0.000e+00
1.535e-04
7.676e-05
0.000e+00
0.000e+00
0.000e+00
0.000e+00
0.000e+00
0.000e+00
1.535e-04
7.676e-05
0.000e+00
0.000e+00
0.000e+00
0.000e+00
0.000e+00
0.000e+00
7.676e-05
0.000e+00
0.000e+00
0.000e+00
