1.727e-01
3.392e-02
6.168e-03
1.542e-03
2.313e-03
1.542e-03
0.000e+00
0.000e+00
7.710e-04
7.710e-04
7.710e-04
7.710e-04
7.710e-04
7.710e-04
0.000e+00
7.710e-04
2.313e-03
1.542e-03
2.313e-03
7.710e-04
4.626e-03
2.313e-03
6.168e-03
3.084e-03
2.313e-03
1.542e-03
1.542e-03
3.855e-03
1.542e-03
2.313e-03
7.710e-04
6.939e-03
1.542e-03
7.710e-03
1.079e-02
6.939e-03
4.626e-03
3.084e-03
3.084e-03
1.542e-03
8.481e-03
0.000e+00
5.397e-03
1.542e-03
2.313e-03
3.084e-03
7.710e-04
7.710e-04
3.084e-03
0.000e+00
1.542e-03
2.313e-03
0.000e+00
7.710e-04
7.710e-04
7.710e-04
7.710e-04
0.000e+00
0.000e+00
0.000e+00
1.542e-03
0.000e+00
0.000e+00
0.000e+00
0.000e+00
0.000e+00
0.000e+00
2.313e-03
0.000e+00
0.000e+00
0.000e+00
0.000e+00
1.542e-03
7.710e-04
0.000e+00
1.542e-03
0.000e+00
7.710e-04
7.710e-04
0.000e+00
0.000e+00
1.542e-03
0.000e+00
7.710e-04
0.000e+00
0.000e+00
0.000e+00
0.000e+00
1.542e-03
0.000e+00
7.710e-04
1.542e-03
1.542e-03
0.000e+00
0.000e+00
0.000e+00
0.000e+00
7.710e-04
0.000e+00
0.000e+00
0.000e+00
0.000e+00
7.710e-04
7.710e-04
0.000e+00
1.542e-03
0.000e+00
7.710e-04
0.000e+00
0.000e+00
0.000e+00
0.000e+00
0.000e+00
0.000e+00
7.710e-04
0.000e+00
7.710e-04
1.542e-03
0.000e+00
0.000e+00
0.000e+00
7.710e-04
0.000e+00
1.542e-03
0.000e+00
0.000e+00
0.000e+00
0.000e+00
1.542e-03
7.710e-04
0.000e+00
1.542e-03
7.710e-04
0.000e+00
1.542e-03
1.542e-03
7.710e-04
3.855e-03
7.710e-04
7.710e-04
3.084e-03
2.313e-03
2.313e-03
2.313e-03
6.168e-03
3.084e-03
2.313e-03
3.084e-03
3.084e-03
9.252e-03
3.855e-03
3.855e-03
3.855e-03
4.626e-03
3.855e-03
1.542e-03
1.542e-03
3.855e-03
0.000e+00
1.542e-03
2.313e-03
3.855e-03
7.710e-04
1.542e-03
0.000e+00
7.710e-04
0.000e+00
1.542e-03
1.542e-03
0.000e+00
7.710e-04
1.542e-03
2.313e-03
0.000e+00
0.000e+00
7.710e-04
1.542e-03
1.542e-03
5.397e-03
3.238e-02
1.303e-01
3.547e-02
4.626e-03
3.855e-03
1.542e-03
7.710e-04
7.710e-04
7.710e-04
7.710e-04
7.710e-04
0.000e+00
0.000e+00
7.710e-04
0.000e+00
1.542e-03
7.710e-04
3.855e-03
7.710e-04
3.084e-03
2.313e-03
3.084e-03
1.542e-03
5.397e-03
3.084e-03
7.710e-04
4.626e-03
3.084e-03
2.313e-03
5.397e-03
6.168e-03
9.252e-03
6.168e-03
2.313e-03
4.626e-03
3.084e-03
1.542e-03
4.626e-03
6.939e-03
1.542e-03
3.855e-03
1.542e-03
0.000e+00
3.084e-03
2.313e-03
4.626e-03
1.542e-03
0.000e+00
7.710e-04
3.855e-03
1.542e-03
7.710e-04
0.000e+00
0.000e+00
7.710e-04
0.000e+00
0.000e+00
1.542e-03
0.000e+00
0.000e+00
0.000e+00
0.000e+00
0.000e+00
7.710e-04
0.000e+00
0.000e+00
0.000e+00
0.000e+00
0.000e+00
0.000e+00
0.000e+00
0.000e+00
7.710e-04
1.542e-03
7.710e-04
7.710e-04
7.710e-04
2.313e-03
7.710e-04
1.542e-03
0.000e+00
0.000e+00
0.000e+00
7.710e-04
0.000e+00
7.710e-04
0.000e+00
0.000e+00
7.710e-04
1.542e-03
7.710e-04
7.710e-04
0.000e+00
2.313e-03
1.542e-03
0.000e+00
0.000e+00
7.710e-04
7.710e-04
7.710e-04
0.000e+00
7.710e-04
7.710e-04
0.000e+00
1.542e-03
7.710e-04
2.313e-03
7.710e-04
0.000e+00
7.710e-04
7.710e-04
0.000e+00
7.710e-04
0.000e+00
2.313e-03
0.000e+00
1.542e-03
0.000e+00
7.710e-04
0.000e+00
0.000e+00
7.710e-04
7.710e-04
0.000e+00
0.000e+00
0.000e+00
0.000e+00
7.710e-04
7.710e-04
7.710e-04
0.000e+00
1.542e-03
1.542e-03
3.855e-03
7.710e-04
7.710e-04
2.313e-03
2.313e-03
2.313e-03
3.084e-03
7.710e-04
6.168e-03
6.168e-03
1.542e-03
3.855e-03
9.252e-03
5.397e-03
1.002e-02
4.626e-03
3.855e-03
3.084e-03
2.313e-03
0.000e+00
2.313e-03
3.855e-03
3.084e-03
1.542e-03
2.313e-03
7.710e-04
1.542e-03
3.084e-03
1.542e-03
7.710e-04
1.542e-03
7.710e-04
7.710e-04
7.710e-04
2.313e-03
7.710e-04
0.000e+00
2.313e-03
1.542e-03
0.000e+00
1.542e-03
7.710e-04
0.000e+00
7.710e-04
1.542e-03
3.084e-03
6.168e-03
4.086e-02
