2.485e-03
4.970e-04
4.970e-04
4.970e-04
1.491e-03
1.491e-03
4.970e-04
4.970e-04
1.491e-03
1.988e-03
4.970e-04
4.970e-04
1.491e-03
9.940e-04
9.940e-04
9.940e-04
4.970e-04
4.970e-04
0.000e+00
0.000e+00
0.000e+00
4.970e-04
4.970e-04
0.000e+00
9.940e-04
1.988e-03
9.940e-04
1.988e-03
9.940e-04
9.940e-04
4.970e-04
1.491e-03
9.940e-04
9.940e-04
0.000e+00
4.970e-04
4.970e-04
1.491e-03
4.970e-04
1.491e-03
4.970e-04
9.940e-04
4.970e-04
0.000e+00
1.491e-03
0.000e+00
0.000e+00
1.491e-03
1.491e-03
9.940e-04
9.940e-04
4.970e-04
4.970e-04
0.000e+00
0.000e+00
4.970e-04
4.970e-04
4.970e-04
0.000e+00
1.988e-03
9.940e-04
4.970e-04
1.491e-03
4.970e-04
4.970e-04
4.970e-04
1.491e-03
0.000e+00
9.940e-04
9.940e-04
9.940e-04
4.970e-04
9.940e-04
1.491e-03
1.988e-03
4.970e-04
2.485e-03
0.000e+00
9.940e-04
1.491e-03
2.485e-03
4.970e-04
9.940e-04
1.988e-03
3.479e-03
9.940e-04
2.485e-03
1.988e-03
4.970e-04
3.479e-03
1.988e-03
2.485e-03
9.940e-04
1.988e-03
4.970e-04
4.970e-04
9.940e-04
4.970e-04
1.491e-03
9.940e-04
2.982e-03
4.970e-04
0.000e+00
9.940e-04
4.970e-04
9.940e-04
1.988e-03
9.940e-04
1.988e-03
2.485e-03
9.940e-04
9.940e-04
1.491e-03
4.970e-04
4.970e-04
1.491e-03
4.970e-04
9.940e-04
9.940e-04
0.000e+00
9.940e-04
0.000e+00
1.491e-03
9.940e-04
4.970e-04
9.940e-04
9.940e-04
4.970e-04
4.970e-04
1.491e-03
9.940e-04
9.940e-04
0.000e+00
0.000e+00
0.000e+00
9.940e-04
4.970e-04
1.491e-03
9.940e-04
4.970e-04
2.485e-03
9.940e-04
1.988e-03
0.000e+00
1.988e-03
9.940e-04
4.970e-04
4.970e-04
9.940e-04
9.940e-04
4.970e-04
9.940e-04
4.970e-04
9.940e-04
9.940e-04
1.491e-03
1.988e-03
9.940e-04
0.000e+00
2.485e-03
9.940e-04
9.940e-04
4.970e-04
1.491e-03
9.940e-04
1.988e-03
4.970e-04
9.940e-04
9.940e-04
9.940e-04
4.970e-04
1.988e-03
9.940e-04
9.940e-04
1.491e-03
4.970e-04
9.940e-04
9.940e-04
9.940e-04
9.940e-04
1.491e-03
1.988e-03
0.000e+00
4.970e-04
1.491e-03
1.988e-03
9.940e-04
2.485e-03
9.940e-04
4.970e-04
9.940e-04
0.000e+00
4.970e-04
1.491e-03
9.940e-04
9.940e-04
9.940e-04
9.940e-04
0.000e+00
1.491e-03
2.485e-03
4.970e-04
9.940e-04
0.000e+00
0.000e+00
9.940e-04
9.940e-04
0.000e+00
1.491e-03
1.491e-03
9.940e-04
9.940e-04
1.491e-03
1.491e-03
4.970e-04
1.988e-03
9.940e-04
2.485e-03
1.491e-03
9.940e-04
9.940e-04
0.000e+00
9.940e-04
9.940e-04
9.940e-04
4.970e-04
2.982e-03
0.000e+00
9.940e-04
9.940e-04
9.940e-04
4.970e-04
4.970e-04
1.988e-03
9.940e-04
4.970e-04
2.485e-03
9.940e-04
9.940e-04
1.491e-03
4.970e-04
9.940e-04
1.988e-03
0.000e+00
9.940e-04
9.940e-04
4.970e-04
2.485e-03
2.982e-03
2.485e-03
1.491e-03
2.485e-03
9.940e-04
4.970e-04
1.491e-03
4.970e-04
4.970e-04
4.970e-04
1.988e-03
1.988e-03
1.491e-03
1.988e-03
1.491e-03
0.000e+00
4.970e-04
9.940e-04
4.970e-04
9.940e-04
1.988e-03
1.988e-03
1.491e-03
0.000e+00
4.970e-04
1.491e-03
1.491e-03
1.988e-03
9.940e-04
1.988e-03
1.988e-03
1.988e-03
0.000e+00
1.491e-03
0.000e+00
9.940e-04
4.970e-04
9.940e-04
0.000e+00
4.970e-04
1.491e-03
1.491e-03
4.970e-04
1.988e-03
1.491e-03
0.000e+00
1.988e-03
0.000e+00
9.940e-04
9.940e-04
0.000e+00
0.000e+00
1.988e-03
1.491e-03
1.491e-03
4.970e-04
9.940e-04
4.970e-04
1.491e-03
0.000e+00
4.970e-04
0.000e+00
0.000e+00
0.000e+00
4.970e-04
9.940e-04
0.000e+00
0.000e+00
4.970e-04
1.988e-03
0.000e+00
0.000e+00
0.000e+00
4.970e-04
9.940e-04
4.970e-04
9.940e-04
1.491e-03
1.988e-03
9.940e-04
0.000e+00
0.000e+00
4.970e-04
0.000e+00
4.970e-04
4.970e-04
0.000e+00
9.940e-04
1.988e-03
1.491e-03
4.970e-04
4.970e-04
4.970e-04
0.000e+00
4.970e-04
4.970e-04
1.491e-03
1.491e-03
1.988e-03
9.940e-04
0.000e+00
4.970e-04
4.970e-04
9.940e-04
0.000e+00
0.000e+00
9.940e-04
1.491e-03
4.970e-04
4.970e-04
1.491e-03
2.982e-03
