1.262e-01
2.336e-02
4.673e-03
1.402e-02
0.000e+00
9.346e-03
9.346e-03
1.402e-02
9.346e-03
4.673e-03
9.346e-03
4.673e-03
4.673e-03
4.673e-03
0.000e+00
0.000e+00
0.000e+00
4.673e-03
4.673e-03
9.346e-03
0.000e+00
0.000e+00
0.000e+00
0.000e+00
4.673e-03
0.000e+00
0.000e+00
0.000e+00
4.673e-03
0.000e+00
4.673e-03
9.346e-03
0.000e+00
4.673e-03
4.673e-03
0.000e+00
0.000e+00
0.000e+00
4.673e-03
0.000e+00
0.000e+00
0.000e+00
0.000e+00
0.000e+00
4.673e-03
0.000e+00
0.000e+00
0.000e+00
4.673e-03
4.673e-03
0.000e+00
4.673e-03
0.000e+00
4.673e-03
9.346e-03
0.000e+00
0.000e+00
0.000e+00
0.000e+00
0.000e+00
0.000e+00
0.000e+00
0.000e+00
0.000e+00
0.000e+00
1.402e-02
4.673e-03
0.000e+00
4.673e-03
0.000e+00
0.000e+00
0.000e+00
9.346e-03
0.000e+00
0.000e+00
0.000e+00
4.673e-03
0.000e+00
0.000e+00
0.000e+00
4.673e-03
4.673e-03
0.000e+00
9.346e-03
4.673e-03
4.673e-03
4.673e-03
4.673e-03
4.673e-03
0.000e+00
4.673e-03
4.673e-03
9.346e-03
0.000e+00
4.673e-03
0.000e+00
4.673e-03
0.000e+00
0.000e+00
0.000e+00
4.673e-03
4.673e-03
1.869e-02
4.673e-03
0.000e+00
0.000e+00
9.346e-03
9.346e-03
4.673e-03
0.000e+00
4.673e-03
4.673e-03
0.000e+00
4.673e-03
4.673e-03
0.000e+00
9.346e-03
0.000e+00
0.000e+00
0.000e+00
4.673e-03
9.346e-03
4.673e-03
4.673e-03
4.673e-03
4.673e-03
0.000e+00
0.000e+00
4.673e-03
0.000e+00
0.000e+00
0.000e+00
0.000e+00
0.000e+00
0.000e+00
0.000e+00
0.000e+00
4.673e-03
0.000e+00
0.000e+00
0.000e+00
0.000e+00
0.000e+00
0.000e+00
0.000e+00
0.000e+00
0.000e+00
4.673e-03
0.000e+00
9.346e-03
0.000e+00
0.000e+00
0.000e+00
0.000e+00
0.000e+00
4.673e-03
0.000e+00
0.000e+00
0.000e+00
0.000e+00
0.000e+00
0.000e+00
0.000e+00
0.000e+00
0.000e+00
0.000e+00
0.000e+00
0.000e+00
0.000e+00
0.000e+00
0.000e+00
0.000e+00
0.000e+00
0.000e+00
0.000e+00
0.000e+00
0.000e+00
0.000e+00
0.000e+00
0.000e+00
0.000e+00
4.673e-03
0.000e+00
0.000e+00
0.000e+00
0.000e+00
0.000e+00
0.000e+00
0.000e+00
0.000e+00
0.000e+00
0.000e+00
0.000e+00
0.000e+00
0.000e+00
0.000e+00
0.000e+00
0.000e+00
0.000e+00
0.000e+00
0.000e+00
0.000e+00
0.000e+00
0.000e+00
0.000e+00
0.000e+00
4.673e-03
0.000e+00
0.000e+00
0.000e+00
4.673e-03
0.000e+00
0.000e+00
0.000e+00
0.000e+00
0.000e+00
0.000e+00
0.000e+00
0.000e+00
0.000e+00
0.000e+00
0.000e+00
0.000e+00
0.000e+00
0.000e+00
0.000e+00
0.000e+00
4.673e-03
0.000e+00
0.000e+00
0.000e+00
0.000e+00
0.000e+00
0.000e+00
0.000e+00
0.000e+00
0.000e+00
4.673e-03
4.673e-03
9.346e-03
0.000e+00
0.000e+00
0.000e+00
4.673e-03
0.000e+00
0.000e+00
4.673e-03
0.000e+00
4.673e-03
0.000e+00
0.000e+00
0.000e+00
4.673e-03
4.673e-03
0.000e+00
4.673e-03
9.346e-03
9.346e-03
9.346e-03
0.000e+00
9.346e-03
4.673e-03
1.402e-02
4.673e-03
9.346e-03
4.673e-03
0.000e+00
4.673e-03
0.000e+00
0.000e+00
4.673e-03
4.673e-03
4.673e-03
4.673e-03
9.346e-03
0.000e+00
4.673e-03
0.000e+00
0.000e+00
0.000e+00
4.673e-03
0.000e+00
0.000e+00
0.000e+00
0.000e+00
0.000e+00
0.000e+00
9.346e-03
0.000e+00
4.673e-03
0.000e+00
0.000e+00
0.000e+00
0.000e+00
0.000e+00
0.000e+00
0.000e+00
0.000e+00
0.000e+00
0.000e+00
0.000e+00
0.000e+00
0.000e+00
4.673e-03
0.000e+00
0.000e+00
4.673e-03
0.000e+00
4.673e-03
9.346e-03
4.673e-03
0.000e+00
0.000e+00
0.000e+00
0.000e+00
0.000e+00
0.000e+00
4.673e-03
0.000e+00
0.000e+00
0.000e+00
0.000e+00
9.346e-03
9.346e-03
0.000e+00
4.673e-03
4.673e-03
0.000e+00
0.000e+00
0.000e+00
0.000e+00
0.000e+00
4.673e-03
0.000e+00
0.000e+00
4.673e-03
0.000e+00
0.000e+00
4.673e-03
0.000e+00
0.000e+00
4.673e-03
4.673e-03
0.000e+00
4.673e-03
0.000e+00
0.000e+00
0.000e+00
4.673e-03
0.000e+00
0.000e+00
4.673e-03
1.869e-02
0.000e+00
1.402e-02
4.673e-03
1.402e-02
4.673e-03
2.804e-02
4.206e-02
