7.009e-03
9.346e-03
9.346e-03
1.402e-02
1.168e-02
4.673e-03
9.346e-03
1.168e-02
2.336e-03
2.336e-03
4.673e-03
2.336e-03
0.000e+00
7.009e-03
2.336e-03
0.000e+00
2.336e-03
7.009e-03
9.346e-03
2.336e-03
7.009e-03
4.673e-03
4.673e-03
2.336e-03
2.336e-03
4.673e-03
0.000e+00
2.336e-03
2.336e-03
2.336e-03
0.000e+00
0.000e+00
2.336e-03
2.336e-03
0.000e+00
2.336e-03
7.009e-03
2.336e-03
0.000e+00
9.346e-03
0.000e+00
2.336e-03
2.336e-03
0.000e+00
2.336e-03
0.000e+00
2.336e-03
2.336e-03
0.000e+00
2.336e-03
0.000e+00
2.336e-03
0.000e+00
0.000e+00
0.000e+00
4.673e-03
0.000e+00
2.336e-03
0.000e+00
4.673e-03
2.336e-03
0.000e+00
2.336e-03
0.000e+00
2.336e-03
0.000e+00
0.000e+00
7.009e-03
2.336e-03
0.000e+00
0.000e+00
2.336e-03
0.000e+00
0.000e+00
0.000e+00
0.000e+00
2.336e-03
0.000e+00
0.000e+00
2.336e-03
0.000e+00
0.000e+00
0.000e+00
0.000e+00
2.336e-03
2.336e-03
0.000e+00
2.336e-03
0.000e+00
2.336e-03
2.336e-03
2.336e-03
0.000e+00
0.000e+00
2.336e-03
0.000e+00
0.000e+00
0.000e+00
2.336e-03
0.000e+00
0.000e+00
0.000e+00
2.336e-03
0.000e+00
0.000e+00
0.000e+00
0.000e+00
0.000e+00
2.336e-03
0.000e+00
0.000e+00
0.000e+00
0.000e+00
4.673e-03
0.000e+00
0.000e+00
0.000e+00
0.000e+00
0.000e+00
0.000e+00
2.336e-03
0.000e+00
0.000e+00
0.000e+00
0.000e+00
0.000e+00
0.000e+00
2.336e-03
0.000e+00
0.000e+00
0.000e+00
0.000e+00
0.000e+00
2.336e-03
0.000e+00
0.000e+00
0.000e+00
0.000e+00
0.000e+00
0.000e+00
0.000e+00
0.000e+00
0.000e+00
0.000e+00
0.000e+00
0.000e+00
0.000e+00
0.000e+00
0.000e+00
0.000e+00
2.336e-03
0.000e+00
0.000e+00
0.000e+00
0.000e+00
0.000e+00
0.000e+00
0.000e+00
0.000e+00
0.000e+00
0.000e+00
0.000e+00
0.000e+00
2.336e-03
0.000e+00
0.000e+00
0.000e+00
0.000e+00
0.000e+00
0.000e+00
0.000e+00
0.000e+00
0.000e+00
0.000e+00
0.000e+00
0.000e+00
0.000e+00
0.000e+00
2.336e-03
0.000e+00
0.000e+00
2.336e-03
0.000e+00
0.000e+00
0.000e+00
0.000e+00
0.000e+00
0.000e+00
0.000e+00
0.000e+00
0.000e+00
0.000e+00
0.000e+00
0.000e+00
0.000e+00
0.000e+00
0.000e+00
0.000e+00
0.000e+00
0.000e+00
0.000e+00
0.000e+00
0.000e+00
0.000e+00
0.000e+00
0.000e+00
0.000e+00
0.000e+00
0.000e+00
0.000e+00
0.000e+00
0.000e+00
0.000e+00
0.000e+00
0.000e+00
0.000e+00
0.000e+00
0.000e+00
0.000e+00
0.000e+00
0.000e+00
0.000e+00
0.000e+00
0.000e+00
0.000e+00
0.000e+00
0.000e+00
0.000e+00
0.000e+00
0.000e+00
0.000e+00
0.000e+00
0.000e+00
0.000e+00
0.000e+00
0.000e+00
0.000e+00
0.000e+00
0.000e+00
0.000e+00
0.000e+00
0.000e+00
0.000e+00
0.000e+00
0.000e+00
0.000e+00
2.336e-03
0.000e+00
0.000e+00
0.000e+00
0.000e+00
0.000e+00
2.336e-03
0.000e+00
0.000e+00
0.000e+00
0.000e+00
0.000e+00
0.000e+00
0.000e+00
0.000e+00
0.000e+00
0.000e+00
0.000e+00
0.000e+00
2.336e-03
0.000e+00
0.000e+00
0.000e+00
0.000e+00
0.000e+00
0.000e+00
0.000e+00
7.009e-03
0.000e+00
0.000e+00
0.000e+00
0.000e+00
0.000e+00
0.000e+00
0.000e+00
0.000e+00
2.336e-03
0.000e+00
0.000e+00
2.336e-03
0.000e+00
0.000e+00
2.336e-03
0.000e+00
0.000e+00
2.336e-03
0.000e+00
2.336e-03
7.009e-03
0.000e+00
0.000e+00
4.673e-03
0.000e+00
2.336e-03
4.673e-03
0.000e+00
2.336e-03
2.336e-03
2.336e-03
2.336e-03
0.000e+00
2.336e-03
2.336e-03
4.673e-03
4.673e-03
2.336e-03
4.673e-03
0.000e+00
4.673e-03
0.000e+00
0.000e+00
2.336e-03
0.000e+00
2.336e-03
4.673e-03
0.000e+00
0.000e+00
0.000e+00
0.000e+00
0.000e+00
7.009e-03
2.336e-03
0.000e+00
4.673e-03
2.336e-03
4.673e-03
2.336e-03
2.336e-03
2.336e-03
7.009e-03
0.000e+00
9.346e-03
0.000e+00
0.000e+00
2.336e-03
0.000e+00
2.336e-03
2.336e-03
2.336e-03
7.009e-03
2.336e-03
4.673e-03
2.336e-03
4.673e-03
4.673e-03
1.168e-02
7.009e-03
0.000e+00
7.009e-03
4.673e-03
4.673e-03
4.673e-03
1.402e-02
4.673e-03
