0.000e+00
0.000e+00
0.000e+00
0.000e+00
0.000e+00
0.000e+00
0.000e+00
0.000e+00
0.000e+00
0.000e+00
0.000e+00
0.000e+00
0.000e+00
0.000e+00
0.000e+00
0.000e+00
0.000e+00
0.000e+00
0.000e+00
0.000e+00
0.000e+00
5.780e-03
0.000e+00
0.000e+00
0.000e+00
0.000e+00
0.000e+00
0.000e+00
0.000e+00
0.000e+00
0.000e+00
0.000e+00
0.000e+00
0.000e+00
0.000e+00
0.000e+00
0.000e+00
0.000e+00
0.000e+00
0.000e+00
0.000e+00
0.000e+00
0.000e+00
0.000e+00
0.000e+00
0.000e+00
0.000e+00
0.000e+00
0.000e+00
0.000e+00
0.000e+00
0.000e+00
0.000e+00
0.000e+00
0.000e+00
0.000e+00
0.000e+00
0.000e+00
5.780e-03
1.156e-02
0.000e+00
0.000e+00
0.000e+00
0.000e+00
5.780e-03
0.000e+00
5.780e-03
0.000e+00
0.000e+00
0.000e+00
0.000e+00
5.780e-03
5.780e-03
5.780e-03
0.000e+00
1.156e-02
1.156e-02
0.000e+00
0.000e+00
1.734e-02
5.780e-03
1.156e-02
5.780e-03
0.000e+00
1.156e-02
5.780e-03
1.156e-02
0.000e+00
1.156e-02
5.780e-03
0.000e+00
1.734e-02
5.780e-03
1.156e-02
1.156e-02
0.000e+00
0.000e+00
0.000e+00
0.000e+00
5.780e-03
0.000e+00
0.000e+00
0.000e+00
0.000e+00
0.000e+00
5.780e-03
0.000e+00
0.000e+00
0.000e+00
0.000e+00
0.000e+00
0.000e+00
0.000e+00
0.000e+00
0.000e+00
0.000e+00
0.000e+00
0.000e+00
5.780e-03
0.000e+00
0.000e+00
0.000e+00
0.000e+00
5.780e-03
0.000e+00
5.780e-03
5.780e-03
0.000e+00
0.000e+00
0.000e+00
5.780e-03
0.000e+00
0.000e+00
0.000e+00
0.000e+00
0.000e+00
5.780e-03
0.000e+00
0.000e+00
0.000e+00
0.000e+00
5.780e-03
5.780e-03
0.000e+00
1.156e-02
5.780e-03
0.000e+00
5.780e-03
0.000e+00
0.000e+00
0.000e+00
0.000e+00
0.000e+00
0.000e+00
1.156e-02
0.000e+00
0.000e+00
5.780e-03
0.000e+00
5.780e-03
0.000e+00
5.780e-03
5.780e-03
1.156e-02
0.000e+00
0.000e+00
0.000e+00
0.000e+00
0.000e+00
5.780e-03
0.000e+00
0.000e+00
1.156e-02
2.312e-02
5.780e-03
1.734e-02
1.734e-02
1.734e-02
5.780e-03
6.358e-02
1.098e-01
2.890e-02
0.000e+00
2.312e-02
5.780e-03
5.780e-03
1.734e-02
1.734e-02
1.734e-02
0.000e+00
1.156e-02
1.156e-02
5.780e-03
5.780e-03
0.000e+00
0.000e+00
5.780e-03
1.156e-02
1.156e-02
0.000e+00
0.000e+00
0.000e+00
5.780e-03
5.780e-03
0.000e+00
0.000e+00
0.000e+00
0.000e+00
0.000e+00
5.780e-03
0.000e+00
0.000e+00
0.000e+00
0.000e+00
0.000e+00
0.000e+00
0.000e+00
5.780e-03
0.000e+00
0.000e+00
0.000e+00
5.780e-03
0.000e+00
0.000e+00
0.000e+00
0.000e+00
0.000e+00
1.156e-02
0.000e+00
0.000e+00
0.000e+00
0.000e+00
5.780e-03
1.156e-02
0.000e+00
0.000e+00
5.780e-03
0.000e+00
0.000e+00
0.000e+00
0.000e+00
0.000e+00
5.780e-03
0.000e+00
0.000e+00
0.000e+00
0.000e+00
0.000e+00
0.000e+00
5.780e-03
5.780e-03
0.000e+00
0.000e+00
5.780e-03
0.000e+00
0.000e+00
0.000e+00
0.000e+00
0.000e+00
0.000e+00
0.000e+00
5.780e-03
5.780e-03
0.000e+00
0.000e+00
0.000e+00
0.000e+00
1.156e-02
0.000e+00
0.000e+00
5.780e-03
0.000e+00
0.000e+00
0.000e+00
0.000e+00
0.000e+00
5.780e-03
0.000e+00
5.780e-03
0.000e+00
5.780e-03
0.000e+00
0.000e+00
5.780e-03
5.780e-03
0.000e+00
0.000e+00
0.000e+00
1.734e-02
0.000e+00
0.000e+00
5.780e-03
0.000e+00
5.780e-03
0.000e+00
0.000e+00
5.780e-03
0.000e+00
0.000e+00
5.780e-03
0.000e+00
0.000e+00
5.780e-03
0.000e+00
0.000e+00
0.000e+00
0.000e+00
0.000e+00
0.000e+00
0.000e+00
0.000e+00
0.000e+00
0.000e+00
0.000e+00
0.000e+00
0.000e+00
5.780e-03
0.000e+00
0.000e+00
0.000e+00
0.000e+00
0.000e+00
0.000e+00
0.000e+00
0.000e+00
0.000e+00
0.000e+00
0.000e+00
0.000e+00
0.000e+00
0.000e+00
0.000e+00
0.000e+00
0.000e+00
5.780e-03
0.000e+00
0.000e+00
0.000e+00
0.000e+00
0.000e+00
0.000e+00
0.000e+00
0.000e+00
0.000e+00
0.000e+00
0.000e+00
0.000e+00
0.000e+00
0.000e+00
0.000e+00
0.000e+00
0.000e+00
0.000e+00
0.000e+00
0.000e+00
0.000e+00
0.000e+00
0.000e+00
0.000e+00
5.780e-03
