2.800e+02
1.910e+02
1.590e+02
1.410e+02
1.460e+02
1.440e+02
1.230e+02
1.230e+02
1.250e+02
1.230e+02
1.420e+02
1.340e+02
1.400e+02
1.330e+02
1.330e+02
1.360e+02
1.470e+02
1.450e+02
1.420e+02
1.290e+02
1.470e+02
1.340e+02
1.400e+02
1.420e+02
1.600e+02
1.490e+02
1.650e+02
1.610e+02
1.690e+02
1.750e+02
1.890e+02
1.970e+02
1.770e+02
2.190e+02
2.930e+02
2.530e+02
2.240e+02
2.280e+02
2.320e+02
2.380e+02
2.100e+02
2.200e+02
2.200e+02
1.870e+02
2.310e+02
2.100e+02
2.390e+02
2.450e+02
2.640e+02
2.880e+02
4.110e+02
3.560e+02
3.790e+02
3.940e+02
4.830e+02
5.940e+02
6.330e+02
6.790e+02
6.920e+02
9.240e+02
1.875e+03
7.170e+02
4.360e+02
3.020e+02
2.990e+02
3.080e+02
2.650e+02
3.000e+02
2.380e+02
2.580e+02
2.660e+02
2.400e+02
2.290e+02
1.940e+02
2.050e+02
1.520e+02
1.540e+02
1.290e+02
1.360e+02
1.250e+02
9.700e+01
1.210e+02
1.100e+02
9.800e+01
1.120e+02
7.900e+01
1.090e+02
1.200e+02
8.700e+01
9.800e+01
9.600e+01
1.030e+02
9.800e+01
9.800e+01
8.300e+01
6.600e+01
8.900e+01
6.900e+01
7.700e+01
8.100e+01
8.500e+01
8.200e+01
8.000e+01
7.400e+01
6.800e+01
7.200e+01
8.200e+01
8.600e+01
7.800e+01
8.900e+01
6.800e+01
7.000e+01
8.800e+01
7.800e+01
8.900e+01
9.200e+01
6.600e+01
7.200e+01
1.110e+02
8.200e+01
9.300e+01
7.200e+01
7.000e+01
7.900e+01
7.000e+01
7.300e+01
7.700e+01
7.000e+01
7.300e+01
6.300e+01
9.100e+01
7.400e+01
8.800e+01
8.300e+01
7.200e+01
8.300e+01
7.500e+01
7.400e+01
5.500e+01
5.900e+01
7.300e+01
8.600e+01
8.400e+01
8.700e+01
7.400e+01
7.100e+01
7.400e+01
8.000e+01
8.300e+01
8.600e+01
9.000e+01
8.700e+01
9.200e+01
1.080e+02
8.900e+01
1.010e+02
1.290e+02
1.220e+02
1.060e+02
1.290e+02
1.140e+02
1.390e+02
1.350e+02
1.700e+02
1.640e+02
2.010e+02
2.390e+02
2.660e+02
2.790e+02
2.810e+02
2.800e+02
2.460e+02
3.070e+02
3.090e+02
2.710e+02
3.170e+02
3.850e+02
4.480e+02
4.840e+02
4.390e+02
4.560e+02
4.530e+02
4.770e+02
4.410e+02
4.280e+02
4.090e+02
3.250e+02
2.750e+02
2.600e+02
2.810e+02
2.280e+02
1.940e+02
1.980e+02
1.800e+02
1.890e+02
1.830e+02
1.850e+02
1.920e+02
1.710e+02
1.680e+02
1.360e+02
1.280e+02
1.530e+02
1.430e+02
1.330e+02
1.480e+02
1.180e+02
9.600e+01
8.700e+01
9.200e+01
9.600e+01
8.900e+01
7.900e+01
8.400e+01
8.100e+01
8.000e+01
6.800e+01
7.500e+01
6.700e+01
6.700e+01
6.700e+01
6.600e+01
6.300e+01
7.900e+01
7.500e+01
7.700e+01
8.200e+01
9.200e+01
8.600e+01
7.100e+01
8.300e+01
7.000e+01
7.700e+01
8.200e+01
6.900e+01
8.000e+01
7.000e+01
9.800e+01
8.300e+01
9.700e+01
9.400e+01
8.200e+01
1.090e+02
9.400e+01
1.020e+02
7.800e+01
8.900e+01
7.300e+01
1.070e+02
7.800e+01
8.600e+01
7.500e+01
8.300e+01
8.000e+01
5.700e+01
8.600e+01
7.500e+01
6.400e+01
6.600e+01
8.200e+01
8.500e+01
8.300e+01
7.900e+01
9.000e+01
7.700e+01
9.300e+01
8.200e+01
9.300e+01
8.700e+01
9.400e+01
9.800e+01
9.800e+01
9.200e+01
1.050e+02
1.030e+02
1.180e+02
1.050e+02
1.030e+02
1.090e+02
1.050e+02
1.050e+02
1.150e+02
1.050e+02
1.450e+02
1.460e+02
1.770e+02
1.830e+02
2.130e+02
2.440e+02
2.310e+02
2.230e+02
2.520e+02
3.120e+02
2.910e+02
2.590e+02
3.080e+02
3.320e+02
3.540e+02
4.550e+02
7.220e+02
1.854e+03
8.650e+02
6.300e+02
6.190e+02
6.350e+02
6.820e+02
4.820e+02
4.430e+02
3.790e+02
3.540e+02
3.130e+02
2.480e+02
2.280e+02
1.900e+02
2.080e+02
2.100e+02
2.170e+02
2.080e+02
2.140e+02
2.420e+02
2.650e+02
2.680e+02
2.710e+02
3.100e+02
2.990e+02
2.860e+02
2.500e+02
2.360e+02
2.020e+02
1.810e+02
1.790e+02
1.710e+02
1.530e+02
1.720e+02
1.160e+02
1.670e+02
1.340e+02
1.340e+02
1.450e+02
1.410e+02
1.300e+02
1.330e+02
1.450e+02
1.410e+02
1.320e+02
1.450e+02
1.290e+02
1.170e+02
1.330e+02
1.420e+02
1.310e+02
1.450e+02
1.410e+02
1.360e+02
1.300e+02
1.450e+02
1.380e+02
1.500e+02
1.570e+02
1.860e+02
