1.640e+02
1.540e+02
1.560e+02
1.250e+02
1.120e+02
1.060e+02
9.900e+01
1.120e+02
9.300e+01
9.300e+01
9.300e+01
8.100e+01
7.900e+01
8.200e+01
9.600e+01
7.900e+01
1.170e+02
9.500e+01
1.070e+02
1.140e+02
1.000e+02
1.130e+02
1.210e+02
1.260e+02
1.280e+02
1.050e+02
1.260e+02
1.440e+02
1.460e+02
1.580e+02
1.830e+02
1.800e+02
2.140e+02
2.140e+02
2.640e+02
2.780e+02
2.710e+02
2.690e+02
2.760e+02
2.280e+02
2.310e+02
2.170e+02
2.240e+02
2.150e+02
2.430e+02
2.650e+02
3.250e+02
3.320e+02
3.250e+02
3.810e+02
4.190e+02
4.830e+02
4.820e+02
5.180e+02
6.090e+02
7.000e+02
7.700e+02
7.700e+02
8.210e+02
1.147e+03
1.397e+03
7.960e+02
4.500e+02
3.300e+02
2.880e+02
2.940e+02
2.710e+02
2.540e+02
2.450e+02
2.760e+02
2.720e+02
2.340e+02
2.280e+02
2.400e+02
1.900e+02
1.950e+02
1.630e+02
1.260e+02
1.330e+02
1.290e+02
1.220e+02
1.320e+02
1.350e+02
1.090e+02
1.100e+02
1.070e+02
1.160e+02
1.020e+02
1.180e+02
1.080e+02
9.500e+01
6.300e+01
7.700e+01
8.500e+01
8.100e+01
7.300e+01
7.100e+01
7.300e+01
7.000e+01
6.200e+01
7.200e+01
7.000e+01
5.800e+01
6.700e+01
5.400e+01
6.100e+01
5.200e+01
4.600e+01
5.200e+01
5.200e+01
6.200e+01
5.600e+01
5.800e+01
5.700e+01
6.600e+01
6.900e+01
6.300e+01
5.900e+01
8.200e+01
6.300e+01
6.600e+01
6.800e+01
7.300e+01
7.100e+01
4.800e+01
6.700e+01
6.800e+01
4.600e+01
6.200e+01
6.800e+01
5.000e+01
4.000e+01
5.000e+01
3.700e+01
5.300e+01
4.500e+01
4.900e+01
4.400e+01
5.600e+01
5.900e+01
4.200e+01
5.700e+01
7.100e+01
6.400e+01
6.700e+01
6.600e+01
5.800e+01
5.800e+01
7.800e+01
8.100e+01
8.600e+01
9.500e+01
9.600e+01
1.010e+02
1.010e+02
9.200e+01
1.090e+02
1.080e+02
1.240e+02
1.360e+02
1.480e+02
1.440e+02
1.550e+02
2.000e+02
2.090e+02
2.440e+02
2.470e+02
2.960e+02
2.660e+02
2.950e+02
3.460e+02
2.930e+02
2.890e+02
3.480e+02
3.320e+02
3.900e+02
4.790e+02
4.620e+02
5.230e+02
5.210e+02
5.550e+02
5.150e+02
5.390e+02
4.750e+02
4.580e+02
4.210e+02
3.670e+02
3.610e+02
3.150e+02
2.880e+02
2.880e+02
2.700e+02
2.490e+02
2.120e+02
1.820e+02
2.100e+02
1.860e+02
1.930e+02
1.850e+02
1.790e+02
1.730e+02
1.570e+02
1.490e+02
1.410e+02
1.520e+02
1.330e+02
1.110e+02
1.190e+02
1.050e+02
9.100e+01
8.400e+01
7.500e+01
8.000e+01
7.400e+01
6.300e+01
7.600e+01
4.100e+01
5.900e+01
6.100e+01
6.400e+01
5.400e+01
4.500e+01
6.000e+01
6.000e+01
6.100e+01
5.500e+01
5.900e+01
6.200e+01
6.900e+01
5.600e+01
5.700e+01
7.100e+01
5.700e+01
4.300e+01
6.500e+01
6.900e+01
7.200e+01
6.100e+01
8.200e+01
7.200e+01
6.500e+01
6.100e+01
6.700e+01
6.900e+01
7.000e+01
6.400e+01
6.500e+01
5.800e+01
6.800e+01
6.000e+01
5.300e+01
5.100e+01
4.300e+01
4.400e+01
4.700e+01
5.300e+01
6.300e+01
5.000e+01
6.200e+01
6.100e+01
6.600e+01
4.800e+01
5.500e+01
6.600e+01
6.500e+01
6.000e+01
7.700e+01
8.300e+01
7.100e+01
8.700e+01
1.070e+02
1.020e+02
1.200e+02
1.080e+02
1.310e+02
1.200e+02
1.320e+02
1.310e+02
1.280e+02
1.090e+02
1.250e+02
1.410e+02
1.320e+02
1.640e+02
1.460e+02
1.730e+02
2.280e+02
1.980e+02
2.980e+02
2.500e+02
2.560e+02
2.470e+02
2.660e+02
2.600e+02
2.510e+02
2.790e+02
3.280e+02
3.620e+02
4.750e+02
7.950e+02
1.334e+03
1.092e+03
7.650e+02
7.250e+02
6.970e+02
6.570e+02
6.320e+02
6.090e+02
5.470e+02
4.440e+02
4.060e+02
3.590e+02
3.160e+02
2.700e+02
2.740e+02
2.620e+02
2.360e+02
2.090e+02
2.780e+02
2.310e+02
2.540e+02
2.900e+02
2.830e+02
2.850e+02
2.870e+02
2.960e+02
2.640e+02
2.520e+02
2.060e+02
1.770e+02
1.680e+02
1.520e+02
1.560e+02
1.580e+02
1.440e+02
1.270e+02
1.280e+02
1.210e+02
1.020e+02
1.210e+02
1.120e+02
9.800e+01
1.080e+02
9.300e+01
1.050e+02
1.180e+02
9.800e+01
1.020e+02
8.600e+01
9.400e+01
9.400e+01
1.080e+02
1.170e+02
1.080e+02
1.010e+02
1.090e+02
1.250e+02
1.270e+02
1.370e+02
1.820e+02
