3.824e-03
1.912e-03
3.824e-03
1.912e-03
0.000e+00
0.000e+00
0.000e+00
3.824e-03
3.824e-03
1.912e-03
1.912e-03
1.912e-03
0.000e+00
0.000e+00
0.000e+00
1.912e-03
0.000e+00
0.000e+00
0.000e+00
0.000e+00
0.000e+00
0.000e+00
1.912e-03
1.912e-03
3.824e-03
1.912e-03
0.000e+00
1.912e-03
1.912e-03
0.000e+00
1.912e-03
0.000e+00
1.912e-03
3.824e-03
0.000e+00
0.000e+00
1.912e-03
1.912e-03
5.736e-03
0.000e+00
1.912e-03
0.000e+00
1.912e-03
0.000e+00
1.912e-03
0.000e+00
0.000e+00
0.000e+00
0.000e+00
0.000e+00
0.000e+00
0.000e+00
0.000e+00
0.000e+00
1.912e-03
0.000e+00
1.912e-03
0.000e+00
0.000e+00
0.000e+00
1.912e-03
1.912e-03
5.736e-03
1.338e-02
0.000e+00
1.912e-03
3.824e-03
0.000e+00
0.000e+00
1.912e-03
1.912e-03
3.824e-03
3.824e-03
1.912e-03
1.912e-03
0.000e+00
0.000e+00
0.000e+00
0.000e+00
3.824e-03
0.000e+00
3.824e-03
1.912e-03
7.648e-03
1.912e-03
3.824e-03
5.736e-03
3.824e-03
3.824e-03
1.147e-02
1.912e-03
3.824e-03
5.736e-03
1.912e-03
1.912e-03
1.147e-02
0.000e+00
3.824e-03
3.824e-03
1.912e-03
5.736e-03
7.648e-03
1.912e-03
9.560e-03
5.736e-03
3.824e-03
1.912e-03
9.560e-03
7.648e-03
9.560e-03
3.824e-03
0.000e+00
7.648e-03
5.736e-03
7.648e-03
7.648e-03
5.736e-03
1.721e-02
9.560e-03
9.560e-03
1.147e-02
7.648e-03
5.736e-03
1.338e-02
3.824e-03
9.560e-03
7.648e-03
9.560e-03
3.824e-03
1.147e-02
1.147e-02
5.736e-03
1.912e-03
9.560e-03
9.560e-03
9.560e-03
3.824e-03
0.000e+00
3.824e-03
0.000e+00
0.000e+00
5.736e-03
1.912e-03
5.736e-03
1.912e-03
3.824e-03
3.824e-03
1.912e-03
1.912e-03
1.912e-03
0.000e+00
3.824e-03
1.912e-03
0.000e+00
9.560e-03
1.912e-03
1.912e-03
1.912e-03
0.000e+00
0.000e+00
0.000e+00
0.000e+00
0.000e+00
1.912e-03
0.000e+00
0.000e+00
0.000e+00
0.000e+00
0.000e+00
0.000e+00
0.000e+00
1.912e-03
0.000e+00
0.000e+00
0.000e+00
0.000e+00
1.912e-03
0.000e+00
0.000e+00
0.000e+00
0.000e+00
0.000e+00
0.000e+00
0.000e+00
0.000e+00
0.000e+00
0.000e+00
0.000e+00
0.000e+00
0.000e+00
0.000e+00
0.000e+00
0.000e+00
0.000e+00
0.000e+00
0.000e+00
0.000e+00
0.000e+00
0.000e+00
0.000e+00
3.824e-03
0.000e+00
0.000e+00
1.912e-03
1.912e-03
1.912e-03
5.736e-03
1.912e-03
5.736e-03
0.000e+00
1.912e-03
7.648e-03
0.000e+00
0.000e+00
3.824e-03
5.736e-03
0.000e+00
1.912e-03
7.648e-03
1.912e-03
0.000e+00
0.000e+00
0.000e+00
3.824e-03
7.648e-03
7.648e-03
7.648e-03
3.824e-03
2.103e-02
1.912e-03
9.560e-03
9.560e-03
5.736e-03
3.824e-03
1.912e-03
7.648e-03
3.824e-03
1.147e-02
5.736e-03
3.824e-03
7.648e-03
2.294e-02
7.648e-03
9.560e-03
3.824e-03
9.560e-03
7.648e-03
7.648e-03
7.648e-03
1.912e-03
7.648e-03
9.560e-03
5.736e-03
0.000e+00
1.147e-02
3.824e-03
1.530e-02
1.338e-02
1.912e-03
5.736e-03
1.912e-03
3.824e-03
0.000e+00
5.736e-03
0.000e+00
3.824e-03
5.736e-03
1.912e-03
3.824e-03
3.824e-03
3.824e-03
3.824e-03
3.824e-03
3.824e-03
0.000e+00
1.912e-03
3.824e-03
1.912e-03
0.000e+00
0.000e+00
1.912e-03
0.000e+00
1.912e-03
1.912e-03
0.000e+00
1.912e-03
1.912e-03
0.000e+00
0.000e+00
0.000e+00
1.912e-03
0.000e+00
3.824e-03
1.912e-03
0.000e+00
0.000e+00
1.912e-03
0.000e+00
5.736e-03
5.736e-03
1.912e-03
0.000e+00
1.912e-03
0.000e+00
1.912e-03
0.000e+00
1.912e-03
1.912e-03
0.000e+00
0.000e+00
0.000e+00
0.000e+00
0.000e+00
1.912e-03
0.000e+00
0.000e+00
1.912e-03
1.912e-03
0.000e+00
0.000e+00
0.000e+00
0.000e+00
0.000e+00
5.736e-03
3.824e-03
0.000e+00
1.912e-03
1.912e-03
0.000e+00
0.000e+00
0.000e+00
1.912e-03
3.824e-03
0.000e+00
3.824e-03
0.000e+00
0.000e+00
0.000e+00
0.000e+00
0.000e+00
1.912e-03
0.000e+00
1.912e-03
0.000e+00
0.000e+00
0.000e+00
1.912e-03
1.912e-03
0.000e+00
1.912e-03
0.000e+00
0.000e+00
1.912e-03
1.912e-03
1.912e-03
0.000e+00
0.000e+00
0.000e+00
0.000e+00
3.824e-03
