0.000e+00
9.560e-04
1.912e-03
2.868e-03
9.560e-04
1.912e-03
0.000e+00
1.912e-03
9.560e-04
0.000e+00
9.560e-04
1.912e-03
0.000e+00
0.000e+00
9.560e-04
1.912e-03
9.560e-04
1.912e-03
0.000e+00
9.560e-04
0.000e+00
0.000e+00
0.000e+00
9.560e-04
0.000e+00
1.912e-03
1.912e-03
9.560e-04
0.000e+00
0.000e+00
0.000e+00
0.000e+00
9.560e-04
9.560e-04
1.912e-03
9.560e-04
0.000e+00
0.000e+00
9.560e-04
0.000e+00
9.560e-04
0.000e+00
0.000e+00
0.000e+00
0.000e+00
1.912e-03
0.000e+00
9.560e-04
0.000e+00
0.000e+00
9.560e-04
0.000e+00
0.000e+00
0.000e+00
1.912e-03
0.000e+00
0.000e+00
0.000e+00
9.560e-04
9.560e-04
0.000e+00
0.000e+00
3.824e-03
2.868e-03
1.912e-03
9.560e-04
0.000e+00
0.000e+00
0.000e+00
9.560e-04
0.000e+00
0.000e+00
0.000e+00
0.000e+00
9.560e-04
0.000e+00
2.868e-03
0.000e+00
0.000e+00
0.000e+00
0.000e+00
1.912e-03
9.560e-04
9.560e-04
9.560e-04
0.000e+00
9.560e-04
2.868e-03
0.000e+00
0.000e+00
1.912e-03
9.560e-04
1.912e-03
9.560e-04
1.912e-03
0.000e+00
3.824e-03
0.000e+00
9.560e-04
1.912e-03
3.824e-03
0.000e+00
3.824e-03
1.912e-03
2.868e-03
4.780e-03
3.824e-03
2.868e-03
4.780e-03
1.912e-03
8.604e-03
3.824e-03
2.868e-03
3.824e-03
5.736e-03
1.912e-03
2.868e-03
8.604e-03
5.736e-03
3.824e-03
5.736e-03
2.868e-03
8.604e-03
3.824e-03
5.736e-03
8.604e-03
5.736e-03
3.824e-03
5.736e-03
1.912e-03
0.000e+00
5.736e-03
1.912e-03
3.824e-03
2.868e-03
3.824e-03
2.868e-03
9.560e-04
1.912e-03
4.780e-03
9.560e-04
1.912e-03
1.912e-03
2.868e-03
2.868e-03
0.000e+00
9.560e-04
0.000e+00
0.000e+00
1.912e-03
9.560e-04
9.560e-04
2.868e-03
0.000e+00
9.560e-04
9.560e-04
1.912e-03
9.560e-04
9.560e-04
0.000e+00
0.000e+00
0.000e+00
0.000e+00
0.000e+00
0.000e+00
9.560e-04
0.000e+00
0.000e+00
0.000e+00
0.000e+00
0.000e+00
0.000e+00
0.000e+00
9.560e-04
0.000e+00
9.560e-04
0.000e+00
0.000e+00
0.000e+00
0.000e+00
0.000e+00
0.000e+00
0.000e+00
0.000e+00
0.000e+00
0.000e+00
9.560e-04
0.000e+00
0.000e+00
0.000e+00
0.000e+00
0.000e+00
9.560e-04
0.000e+00
0.000e+00
9.560e-04
0.000e+00
0.000e+00
9.560e-04
0.000e+00
0.000e+00
0.000e+00
0.000e+00
0.000e+00
0.000e+00
9.560e-04
0.000e+00
1.912e-03
9.560e-04
2.868e-03
0.000e+00
9.560e-04
9.560e-04
9.560e-04
9.560e-04
9.560e-04
1.912e-03
0.000e+00
1.912e-03
9.560e-04
3.824e-03
3.824e-03
9.560e-04
4.780e-03
2.868e-03
9.560e-04
0.000e+00
1.912e-03
3.824e-03
9.560e-04
2.868e-03
4.780e-03
4.780e-03
3.824e-03
7.648e-03
3.824e-03
5.736e-03
2.868e-03
2.868e-03
1.912e-03
5.736e-03
1.912e-03
1.912e-03
5.736e-03
7.648e-03
1.147e-02
3.824e-03
4.780e-03
4.780e-03
2.868e-03
4.780e-03
5.736e-03
3.824e-03
2.868e-03
4.780e-03
5.736e-03
3.824e-03
2.868e-03
1.912e-03
9.560e-04
2.868e-03
0.000e+00
9.560e-04
9.560e-04
0.000e+00
1.912e-03
0.000e+00
0.000e+00
0.000e+00
1.912e-03
0.000e+00
0.000e+00
0.000e+00
0.000e+00
1.912e-03
9.560e-04
9.560e-04
0.000e+00
9.560e-04
0.000e+00
0.000e+00
1.912e-03
1.912e-03
0.000e+00
9.560e-04
0.000e+00
9.560e-04
0.000e+00
0.000e+00
1.912e-03
9.560e-04
0.000e+00
0.000e+00
0.000e+00
9.560e-04
9.560e-04
9.560e-04
0.000e+00
0.000e+00
0.000e+00
9.560e-04
0.000e+00
0.000e+00
0.000e+00
0.000e+00
0.000e+00
0.000e+00
0.000e+00
9.560e-04
0.000e+00
9.560e-04
0.000e+00
0.000e+00
0.000e+00
9.560e-04
0.000e+00
0.000e+00
9.560e-04
0.000e+00
9.560e-04
0.000e+00
0.000e+00
9.560e-04
0.000e+00
0.000e+00
0.000e+00
0.000e+00
0.000e+00
9.560e-04
1.912e-03
0.000e+00
0.000e+00
1.912e-03
0.000e+00
1.912e-03
0.000e+00
0.000e+00
9.560e-04
9.560e-04
0.000e+00
9.560e-04
2.868e-03
0.000e+00
1.912e-03
9.560e-04
0.000e+00
9.560e-04
9.560e-04
0.000e+00
0.000e+00
0.000e+00
9.560e-04
1.912e-03
1.912e-03
1.912e-03
9.560e-04
1.912e-03
1.912e-03
1.912e-03
0.000e+00
