1.452e-02
1.815e-03
3.630e-03
1.815e-03
1.815e-03
0.000e+00
1.815e-03
0.000e+00
1.815e-03
1.815e-03
0.000e+00
0.000e+00
3.630e-03
0.000e+00
0.000e+00
0.000e+00
0.000e+00
0.000e+00
0.000e+00
0.000e+00
0.000e+00
0.000e+00
0.000e+00
0.000e+00
1.815e-03
1.815e-03
0.000e+00
1.815e-03
0.000e+00
0.000e+00
1.815e-03
0.000e+00
0.000e+00
0.000e+00
0.000e+00
0.000e+00
0.000e+00
0.000e+00
0.000e+00
1.815e-03
0.000e+00
0.000e+00
0.000e+00
0.000e+00
0.000e+00
0.000e+00
0.000e+00
0.000e+00
1.815e-03
0.000e+00
0.000e+00
1.815e-03
0.000e+00
0.000e+00
0.000e+00
0.000e+00
0.000e+00
1.815e-03
0.000e+00
1.815e-03
1.815e-03
1.815e-03
0.000e+00
1.815e-03
0.000e+00
0.000e+00
1.815e-03
1.815e-03
1.815e-03
0.000e+00
1.815e-03
5.445e-03
1.815e-03
7.260e-03
0.000e+00
1.815e-03
7.260e-03
1.815e-03
5.445e-03
1.815e-03
1.815e-03
7.260e-03
1.815e-03
3.630e-03
1.815e-03
1.089e-02
1.089e-02
1.089e-02
7.260e-03
1.452e-02
7.260e-03
3.630e-03
9.074e-03
7.260e-03
1.270e-02
5.445e-03
3.630e-03
7.260e-03
3.630e-03
5.445e-03
1.089e-02
5.445e-03
1.089e-02
5.445e-03
1.089e-02
5.445e-03
1.815e-03
1.089e-02
1.270e-02
5.445e-03
5.445e-03
9.074e-03
7.260e-03
5.445e-03
1.089e-02
9.074e-03
7.260e-03
1.452e-02
5.445e-03
5.445e-03
1.633e-02
1.633e-02
9.074e-03
9.074e-03
1.452e-02
1.815e-03
5.445e-03
9.074e-03
3.630e-03
5.445e-03
0.000e+00
1.815e-03
1.815e-03
0.000e+00
3.630e-03
0.000e+00
1.815e-03
1.815e-03
1.815e-03
1.815e-03
1.815e-03
0.000e+00
0.000e+00
0.000e+00
0.000e+00
1.815e-03
0.000e+00
1.815e-03
0.000e+00
3.630e-03
0.000e+00
0.000e+00
0.000e+00
1.815e-03
0.000e+00
1.815e-03
0.000e+00
0.000e+00
0.000e+00
0.000e+00
0.000e+00
3.630e-03
0.000e+00
0.000e+00
1.815e-03
0.000e+00
0.000e+00
1.815e-03
0.000e+00
0.000e+00
0.000e+00
0.000e+00
0.000e+00
1.815e-03
0.000e+00
0.000e+00
1.815e-03
0.000e+00
1.815e-03
0.000e+00
0.000e+00
0.000e+00
1.815e-03
0.000e+00
0.000e+00
3.630e-03
0.000e+00
0.000e+00
0.000e+00
3.630e-03
0.000e+00
0.000e+00
0.000e+00
1.815e-03
0.000e+00
0.000e+00
0.000e+00
0.000e+00
0.000e+00
0.000e+00
0.000e+00
0.000e+00
0.000e+00
0.000e+00
0.000e+00
0.000e+00
0.000e+00
1.815e-03
1.815e-03
0.000e+00
0.000e+00
0.000e+00
0.000e+00
0.000e+00
0.000e+00
3.630e-03
0.000e+00
1.815e-03
0.000e+00
0.000e+00
0.000e+00
0.000e+00
3.630e-03
0.000e+00
0.000e+00
0.000e+00
3.630e-03
1.815e-03
5.445e-03
1.815e-03
3.630e-03
9.074e-03
1.270e-02
9.074e-03
5.445e-03
5.445e-03
1.452e-02
9.074e-03
1.089e-02
1.089e-02
1.633e-02
1.270e-02
5.445e-03
1.270e-02
1.270e-02
9.074e-03
1.089e-02
3.630e-03
7.260e-03
9.074e-03
7.260e-03
3.630e-03
7.260e-03
1.089e-02
7.260e-03
7.260e-03
5.445e-03
5.445e-03
1.815e-02
3.630e-03
9.074e-03
3.630e-03
5.445e-03
3.630e-03
3.630e-03
3.630e-03
0.000e+00
3.630e-03
9.074e-03
5.445e-03
5.445e-03
5.445e-03
9.074e-03
7.260e-03
5.445e-03
7.260e-03
3.630e-03
3.630e-03
3.630e-03
0.000e+00
5.445e-03
3.630e-03
0.000e+00
0.000e+00
5.445e-03
1.815e-03
0.000e+00
1.815e-03
1.815e-03
3.630e-03
0.000e+00
1.815e-03
3.630e-03
0.000e+00
3.630e-03
0.000e+00
1.815e-03
0.000e+00
0.000e+00
0.000e+00
1.815e-03
0.000e+00
0.000e+00
1.815e-03
0.000e+00
0.000e+00
0.000e+00
0.000e+00
1.815e-03
0.000e+00
0.000e+00
1.815e-03
0.000e+00
0.000e+00
0.000e+00
0.000e+00
0.000e+00
0.000e+00
0.000e+00
0.000e+00
0.000e+00
0.000e+00
0.000e+00
0.000e+00
1.815e-03
0.000e+00
0.000e+00
1.815e-03
0.000e+00
0.000e+00
0.000e+00
0.000e+00
0.000e+00
0.000e+00
0.000e+00
0.000e+00
1.815e-03
0.000e+00
0.000e+00
0.000e+00
0.000e+00
0.000e+00
0.000e+00
0.000e+00
0.000e+00
0.000e+00
0.000e+00
3.630e-03
1.815e-03
0.000e+00
1.815e-03
0.000e+00
0.000e+00
1.815e-03
5.445e-03
0.000e+00
1.815e-03
7.260e-03
1.815e-03
5.445e-03
