0.000e+00
1.815e-03
1.815e-03
0.000e+00
1.815e-03
0.000e+00
1.815e-03
1.815e-03
0.000e+00
9.074e-04
9.074e-04
9.074e-04
0.000e+00
0.000e+00
9.074e-04
0.000e+00
9.074e-04
0.000e+00
0.000e+00
0.000e+00
0.000e+00
0.000e+00
0.000e+00
0.000e+00
0.000e+00
0.000e+00
9.074e-04
0.000e+00
0.000e+00
0.000e+00
0.000e+00
0.000e+00
0.000e+00
0.000e+00
0.000e+00
0.000e+00
0.000e+00
0.000e+00
0.000e+00
9.074e-04
0.000e+00
0.000e+00
0.000e+00
0.000e+00
0.000e+00
0.000e+00
0.000e+00
9.074e-04
0.000e+00
0.000e+00
0.000e+00
0.000e+00
0.000e+00
0.000e+00
0.000e+00
9.074e-04
0.000e+00
0.000e+00
0.000e+00
0.000e+00
0.000e+00
0.000e+00
0.000e+00
0.000e+00
0.000e+00
0.000e+00
9.074e-04
0.000e+00
0.000e+00
0.000e+00
9.074e-04
0.000e+00
9.074e-04
0.000e+00
0.000e+00
0.000e+00
1.815e-03
1.815e-03
9.074e-04
9.074e-04
0.000e+00
1.815e-03
1.815e-03
1.815e-03
3.630e-03
6.352e-03
2.722e-03
9.074e-04
0.000e+00
1.815e-03
1.815e-03
2.722e-03
7.260e-03
2.722e-03
2.722e-03
2.722e-03
7.260e-03
2.722e-03
2.722e-03
6.352e-03
3.630e-03
2.722e-03
8.167e-03
1.815e-03
5.445e-03
3.630e-03
2.722e-03
3.630e-03
1.815e-03
5.445e-03
3.630e-03
4.537e-03
4.537e-03
4.537e-03
9.982e-03
6.352e-03
2.722e-03
6.352e-03
8.167e-03
3.630e-03
5.445e-03
6.352e-03
5.445e-03
6.352e-03
1.815e-03
5.445e-03
8.167e-03
2.722e-03
2.722e-03
3.630e-03
1.815e-03
2.722e-03
9.074e-04
1.815e-03
1.815e-03
9.074e-04
2.722e-03
1.815e-03
0.000e+00
1.815e-03
9.074e-04
2.722e-03
2.722e-03
0.000e+00
0.000e+00
0.000e+00
9.074e-04
1.815e-03
0.000e+00
9.074e-04
9.074e-04
0.000e+00
0.000e+00
0.000e+00
0.000e+00
9.074e-04
0.000e+00
0.000e+00
9.074e-04
0.000e+00
9.074e-04
0.000e+00
0.000e+00
9.074e-04
9.074e-04
0.000e+00
9.074e-04
0.000e+00
0.000e+00
9.074e-04
0.000e+00
9.074e-04
0.000e+00
0.000e+00
0.000e+00
0.000e+00
0.000e+00
9.074e-04
0.000e+00
0.000e+00
9.074e-04
0.000e+00
0.000e+00
0.000e+00
9.074e-04
0.000e+00
0.000e+00
0.000e+00
0.000e+00
0.000e+00
0.000e+00
0.000e+00
0.000e+00
0.000e+00
0.000e+00
9.074e-04
0.000e+00
1.815e-03
0.000e+00
1.815e-03
9.074e-04
9.074e-04
9.074e-04
0.000e+00
9.074e-04
9.074e-04
0.000e+00
9.074e-04
1.815e-03
9.074e-04
0.000e+00
0.000e+00
0.000e+00
9.074e-04
9.074e-04
0.000e+00
9.074e-04
9.074e-04
0.000e+00
0.000e+00
3.630e-03
0.000e+00
0.000e+00
2.722e-03
0.000e+00
9.074e-04
1.815e-03
2.722e-03
1.815e-03
2.722e-03
1.815e-03
3.630e-03
3.630e-03
3.630e-03
5.445e-03
3.630e-03
4.537e-03
5.445e-03
9.074e-04
5.445e-03
6.352e-03
3.630e-03
3.630e-03
2.722e-03
3.630e-03
4.537e-03
9.982e-03
3.630e-03
3.630e-03
5.445e-03
6.352e-03
9.982e-03
2.722e-03
6.352e-03
4.537e-03
9.074e-04
1.815e-03
5.445e-03
3.630e-03
1.815e-03
4.537e-03
4.537e-03
1.815e-03
2.722e-03
3.630e-03
1.815e-03
1.815e-03
9.074e-04
1.815e-03
2.722e-03
2.722e-03
3.630e-03
2.722e-03
0.000e+00
1.815e-03
3.630e-03
0.000e+00
1.815e-03
0.000e+00
9.074e-04
9.074e-04
0.000e+00
9.074e-04
2.722e-03
0.000e+00
9.074e-04
0.000e+00
9.074e-04
9.074e-04
0.000e+00
9.074e-04
0.000e+00
0.000e+00
0.000e+00
0.000e+00
9.074e-04
9.074e-04
9.074e-04
0.000e+00
0.000e+00
0.000e+00
0.000e+00
0.000e+00
0.000e+00
0.000e+00
0.000e+00
0.000e+00
0.000e+00
0.000e+00
0.000e+00
0.000e+00
0.000e+00
0.000e+00
0.000e+00
0.000e+00
0.000e+00
0.000e+00
0.000e+00
0.000e+00
0.000e+00
0.000e+00
0.000e+00
0.000e+00
0.000e+00
0.000e+00
0.000e+00
0.000e+00
0.000e+00
0.000e+00
9.074e-04
0.000e+00
0.000e+00
0.000e+00
9.074e-04
0.000e+00
0.000e+00
0.000e+00
9.074e-04
0.000e+00
0.000e+00
0.000e+00
0.000e+00
0.000e+00
0.000e+00
0.000e+00
0.000e+00
1.815e-03
0.000e+00
9.074e-04
0.000e+00
0.000e+00
0.000e+00
1.815e-03
1.815e-03
0.000e+00
1.815e-03
0.000e+00
2.722e-03
1.815e-03
4.537e-03
