1.839e-02
3.872e-03
9.681e-03
5.808e-03
4.840e-03
2.904e-03
1.936e-03
9.681e-04
2.904e-03
3.872e-03
9.681e-04
0.000e+00
2.904e-03
1.936e-03
0.000e+00
1.936e-03
1.936e-03
0.000e+00
0.000e+00
9.681e-04
0.000e+00
0.000e+00
0.000e+00
0.000e+00
2.904e-03
1.936e-03
9.681e-04
9.681e-04
9.681e-04
9.681e-04
9.681e-04
0.000e+00
0.000e+00
0.000e+00
0.000e+00
0.000e+00
0.000e+00
0.000e+00
9.681e-04
9.681e-04
0.000e+00
9.681e-04
0.000e+00
0.000e+00
0.000e+00
0.000e+00
9.681e-04
0.000e+00
9.681e-04
0.000e+00
0.000e+00
9.681e-04
0.000e+00
0.000e+00
0.000e+00
0.000e+00
0.000e+00
2.904e-03
0.000e+00
9.681e-04
9.681e-04
9.681e-04
9.681e-04
9.681e-04
0.000e+00
0.000e+00
9.681e-04
1.936e-03
9.681e-04
0.000e+00
9.681e-04
3.872e-03
1.936e-03
3.872e-03
0.000e+00
9.681e-04
3.872e-03
2.904e-03
3.872e-03
1.936e-03
9.681e-04
5.808e-03
1.936e-03
2.904e-03
1.936e-03
7.744e-03
6.776e-03
5.808e-03
5.808e-03
9.681e-03
5.808e-03
1.936e-03
5.808e-03
6.776e-03
8.712e-03
3.872e-03
2.904e-03
4.840e-03
3.872e-03
5.808e-03
7.744e-03
4.840e-03
8.712e-03
4.840e-03
8.712e-03
3.872e-03
2.904e-03
7.744e-03
6.776e-03
4.840e-03
7.744e-03
5.808e-03
3.872e-03
6.776e-03
9.681e-03
7.744e-03
4.840e-03
1.065e-02
9.681e-03
9.681e-03
1.065e-02
1.258e-02
8.712e-03
7.744e-03
1.646e-02
4.840e-03
4.840e-03
7.744e-03
6.776e-03
2.904e-03
4.840e-03
4.840e-03
7.744e-03
4.840e-03
3.872e-03
1.936e-03
2.904e-03
1.936e-03
3.872e-03
1.936e-03
2.904e-03
2.904e-03
9.681e-04
0.000e+00
9.681e-04
1.936e-03
9.681e-04
9.681e-04
0.000e+00
1.936e-03
9.681e-04
0.000e+00
0.000e+00
1.936e-03
9.681e-04
9.681e-04
0.000e+00
0.000e+00
0.000e+00
0.000e+00
0.000e+00
2.904e-03
0.000e+00
0.000e+00
2.904e-03
0.000e+00
0.000e+00
9.681e-04
0.000e+00
0.000e+00
0.000e+00
0.000e+00
9.681e-04
9.681e-04
9.681e-04
0.000e+00
9.681e-04
0.000e+00
2.904e-03
9.681e-04
1.936e-03
0.000e+00
3.872e-03
0.000e+00
9.681e-04
2.904e-03
0.000e+00
0.000e+00
9.681e-04
1.936e-03
0.000e+00
0.000e+00
0.000e+00
9.681e-04
9.681e-04
0.000e+00
9.681e-04
0.000e+00
0.000e+00
0.000e+00
0.000e+00
0.000e+00
0.000e+00
9.681e-04
0.000e+00
0.000e+00
9.681e-04
1.936e-03
1.936e-03
0.000e+00
9.681e-04
9.681e-04
0.000e+00
0.000e+00
9.681e-04
4.840e-03
9.681e-04
1.936e-03
9.681e-04
3.872e-03
1.936e-03
1.936e-03
3.872e-03
2.904e-03
1.936e-03
2.904e-03
4.840e-03
2.904e-03
4.840e-03
3.872e-03
2.904e-03
6.776e-03
1.162e-02
7.744e-03
1.258e-02
7.744e-03
1.162e-02
7.744e-03
9.681e-03
7.744e-03
1.162e-02
1.452e-02
4.840e-03
8.712e-03
8.712e-03
8.712e-03
9.681e-03
6.776e-03
4.840e-03
4.840e-03
7.744e-03
3.872e-03
6.776e-03
7.744e-03
5.808e-03
6.776e-03
3.872e-03
3.872e-03
9.681e-03
4.840e-03
7.744e-03
2.904e-03
8.712e-03
1.936e-03
2.904e-03
1.936e-03
0.000e+00
2.904e-03
7.744e-03
4.840e-03
5.808e-03
4.840e-03
5.808e-03
4.840e-03
3.872e-03
3.872e-03
1.936e-03
1.936e-03
1.936e-03
1.936e-03
2.904e-03
2.904e-03
1.936e-03
1.936e-03
3.872e-03
9.681e-04
0.000e+00
3.872e-03
9.681e-04
1.936e-03
0.000e+00
9.681e-04
2.904e-03
0.000e+00
1.936e-03
0.000e+00
3.872e-03
0.000e+00
9.681e-04
1.936e-03
9.681e-04
0.000e+00
0.000e+00
2.904e-03
0.000e+00
9.681e-04
0.000e+00
0.000e+00
9.681e-04
9.681e-04
0.000e+00
9.681e-04
9.681e-04
0.000e+00
0.000e+00
0.000e+00
0.000e+00
0.000e+00
9.681e-04
0.000e+00
0.000e+00
0.000e+00
0.000e+00
0.000e+00
9.681e-04
9.681e-04
0.000e+00
9.681e-04
0.000e+00
0.000e+00
9.681e-04
9.681e-04
0.000e+00
9.681e-04
0.000e+00
0.000e+00
9.681e-04
0.000e+00
0.000e+00
0.000e+00
9.681e-04
9.681e-04
3.872e-03
0.000e+00
2.904e-03
1.936e-03
1.936e-03
2.904e-03
9.681e-04
0.000e+00
2.904e-03
1.936e-03
3.872e-03
6.776e-03
4.840e-03
3.872e-03
2.904e-03
5.808e-03
5.808e-03
7.744e-03
