5.324e-03
3.388e-03
3.388e-03
2.904e-03
3.388e-03
1.936e-03
1.936e-03
1.452e-03
4.840e-04
2.904e-03
1.452e-03
9.681e-04
0.000e+00
9.681e-04
9.681e-04
9.681e-04
4.840e-04
1.452e-03
9.681e-04
0.000e+00
0.000e+00
4.840e-04
0.000e+00
0.000e+00
0.000e+00
4.840e-04
9.681e-04
0.000e+00
4.840e-04
0.000e+00
0.000e+00
0.000e+00
0.000e+00
0.000e+00
0.000e+00
0.000e+00
0.000e+00
0.000e+00
0.000e+00
4.840e-04
0.000e+00
0.000e+00
0.000e+00
0.000e+00
0.000e+00
0.000e+00
0.000e+00
4.840e-04
0.000e+00
0.000e+00
0.000e+00
0.000e+00
0.000e+00
0.000e+00
0.000e+00
4.840e-04
0.000e+00
0.000e+00
0.000e+00
4.840e-04
4.840e-04
0.000e+00
0.000e+00
0.000e+00
0.000e+00
0.000e+00
4.840e-04
4.840e-04
0.000e+00
0.000e+00
4.840e-04
0.000e+00
4.840e-04
0.000e+00
0.000e+00
0.000e+00
9.681e-04
9.681e-04
4.840e-04
9.681e-04
4.840e-04
9.681e-04
9.681e-04
9.681e-04
2.904e-03
4.356e-03
1.936e-03
1.936e-03
4.840e-04
9.681e-04
1.452e-03
1.936e-03
4.840e-03
1.452e-03
2.420e-03
2.420e-03
4.840e-03
2.904e-03
1.936e-03
3.872e-03
2.904e-03
2.420e-03
5.324e-03
9.681e-04
4.356e-03
2.420e-03
2.904e-03
2.420e-03
1.452e-03
4.840e-03
4.356e-03
4.840e-03
5.324e-03
3.388e-03
6.776e-03
6.292e-03
2.904e-03
5.324e-03
5.808e-03
5.324e-03
4.840e-03
4.840e-03
4.356e-03
5.808e-03
4.356e-03
6.776e-03
5.808e-03
3.872e-03
2.420e-03
3.872e-03
2.420e-03
3.388e-03
1.452e-03
1.936e-03
1.936e-03
3.388e-03
1.452e-03
1.936e-03
4.840e-04
2.904e-03
1.452e-03
2.420e-03
1.936e-03
4.840e-04
2.420e-03
1.452e-03
9.681e-04
1.452e-03
4.840e-04
9.681e-04
4.840e-04
4.840e-04
0.000e+00
0.000e+00
0.000e+00
4.840e-04
0.000e+00
0.000e+00
4.840e-04
0.000e+00
4.840e-04
4.840e-04
0.000e+00
9.681e-04
4.840e-04
0.000e+00
4.840e-04
0.000e+00
0.000e+00
4.840e-04
0.000e+00
4.840e-04
4.840e-04
1.452e-03
0.000e+00
0.000e+00
0.000e+00
4.840e-04
0.000e+00
4.840e-04
4.840e-04
0.000e+00
4.840e-04
0.000e+00
9.681e-04
0.000e+00
0.000e+00
0.000e+00
0.000e+00
4.840e-04
0.000e+00
4.840e-04
0.000e+00
0.000e+00
4.840e-04
4.840e-04
4.840e-04
9.681e-04
0.000e+00
1.452e-03
4.840e-04
4.840e-04
4.840e-04
0.000e+00
9.681e-04
4.840e-04
0.000e+00
1.452e-03
9.681e-04
4.840e-04
0.000e+00
9.681e-04
4.840e-04
9.681e-04
4.840e-04
0.000e+00
1.936e-03
4.840e-04
9.681e-04
0.000e+00
2.420e-03
0.000e+00
9.681e-04
1.936e-03
1.452e-03
9.681e-04
1.452e-03
2.904e-03
1.936e-03
1.936e-03
2.420e-03
3.872e-03
4.356e-03
4.356e-03
4.840e-03
5.324e-03
3.388e-03
6.292e-03
3.388e-03
5.324e-03
7.260e-03
5.324e-03
3.872e-03
2.904e-03
4.840e-03
3.872e-03
6.776e-03
2.420e-03
3.388e-03
5.808e-03
5.808e-03
7.260e-03
2.904e-03
4.840e-03
3.388e-03
1.936e-03
1.936e-03
3.872e-03
2.420e-03
3.388e-03
4.840e-03
3.388e-03
1.452e-03
1.452e-03
2.420e-03
1.452e-03
1.936e-03
1.452e-03
1.936e-03
1.452e-03
2.420e-03
1.936e-03
1.936e-03
9.681e-04
9.681e-04
1.936e-03
4.840e-04
1.452e-03
4.840e-04
4.840e-04
9.681e-04
4.840e-04
9.681e-04
1.452e-03
4.840e-04
4.840e-04
0.000e+00
4.840e-04
4.840e-04
0.000e+00
4.840e-04
0.000e+00
0.000e+00
4.840e-04
0.000e+00
4.840e-04
4.840e-04
4.840e-04
0.000e+00
0.000e+00
0.000e+00
0.000e+00
0.000e+00
0.000e+00
0.000e+00
0.000e+00
0.000e+00
0.000e+00
0.000e+00
0.000e+00
0.000e+00
4.840e-04
0.000e+00
0.000e+00
0.000e+00
0.000e+00
0.000e+00
0.000e+00
0.000e+00
0.000e+00
0.000e+00
0.000e+00
0.000e+00
0.000e+00
0.000e+00
0.000e+00
0.000e+00
0.000e+00
0.000e+00
9.681e-04
0.000e+00
0.000e+00
0.000e+00
4.840e-04
0.000e+00
0.000e+00
0.000e+00
4.840e-04
0.000e+00
0.000e+00
0.000e+00
0.000e+00
0.000e+00
0.000e+00
4.840e-04
0.000e+00
9.681e-04
9.681e-04
9.681e-04
1.452e-03
9.681e-04
1.936e-03
3.388e-03
1.936e-03
1.452e-03
2.420e-03
3.872e-03
2.904e-03
2.904e-03
4.356e-03
