0.000e+00
3.876e-03
3.876e-03
0.000e+00
0.000e+00
0.000e+00
0.000e+00
0.000e+00
0.000e+00
0.000e+00
0.000e+00
0.000e+00
0.000e+00
0.000e+00
0.000e+00
0.000e+00
0.000e+00
0.000e+00
0.000e+00
0.000e+00
3.876e-03
0.000e+00
0.000e+00
3.876e-03
0.000e+00
0.000e+00
0.000e+00
0.000e+00
0.000e+00
0.000e+00
0.000e+00
0.000e+00
0.000e+00
0.000e+00
0.000e+00
0.000e+00
0.000e+00
0.000e+00
0.000e+00
0.000e+00
0.000e+00
0.000e+00
0.000e+00
0.000e+00
0.000e+00
0.000e+00
0.000e+00
3.876e-03
0.000e+00
0.000e+00
0.000e+00
0.000e+00
0.000e+00
0.000e+00
0.000e+00
0.000e+00
0.000e+00
0.000e+00
0.000e+00
0.000e+00
0.000e+00
0.000e+00
0.000e+00
0.000e+00
0.000e+00
0.000e+00
0.000e+00
0.000e+00
3.876e-03
0.000e+00
0.000e+00
0.000e+00
0.000e+00
0.000e+00
0.000e+00
0.000e+00
3.876e-03
0.000e+00
0.000e+00
3.876e-03
0.000e+00
3.876e-03
0.000e+00
0.000e+00
0.000e+00
0.000e+00
3.876e-03
0.000e+00
0.000e+00
3.876e-03
7.752e-03
0.000e+00
3.876e-03
3.876e-03
7.752e-03
0.000e+00
0.000e+00
0.000e+00
3.876e-03
3.876e-03
0.000e+00
0.000e+00
3.876e-03
0.000e+00
3.876e-03
0.000e+00
0.000e+00
0.000e+00
3.876e-03
3.876e-03
0.000e+00
3.876e-03
0.000e+00
0.000e+00
0.000e+00
0.000e+00
3.876e-03
0.000e+00
3.876e-03
0.000e+00
0.000e+00
3.876e-03
0.000e+00
0.000e+00
0.000e+00
0.000e+00
0.000e+00
3.876e-03
0.000e+00
0.000e+00
0.000e+00
0.000e+00
0.000e+00
0.000e+00
3.876e-03
3.876e-03
0.000e+00
0.000e+00
0.000e+00
0.000e+00
0.000e+00
0.000e+00
0.000e+00
0.000e+00
0.000e+00
7.752e-03
0.000e+00
0.000e+00
3.876e-03
3.876e-03
0.000e+00
0.000e+00
0.000e+00
0.000e+00
0.000e+00
0.000e+00
3.876e-03
0.000e+00
0.000e+00
0.000e+00
0.000e+00
0.000e+00
3.876e-03
0.000e+00
3.876e-03
0.000e+00
7.752e-03
0.000e+00
3.876e-03
3.876e-03
0.000e+00
0.000e+00
0.000e+00
0.000e+00
3.876e-03
1.550e-02
0.000e+00
7.752e-03
1.938e-02
1.163e-02
9.690e-02
3.876e-03
1.163e-02
0.000e+00
0.000e+00
7.752e-03
3.876e-03
0.000e+00
0.000e+00
3.876e-03
3.876e-03
0.000e+00
0.000e+00
0.000e+00
3.876e-03
3.876e-03
0.000e+00
3.876e-03
0.000e+00
1.163e-02
3.876e-03
0.000e+00
0.000e+00
0.000e+00
0.000e+00
0.000e+00
0.000e+00
0.000e+00
0.000e+00
0.000e+00
0.000e+00
0.000e+00
3.876e-03
3.876e-03
3.876e-03
0.000e+00
0.000e+00
0.000e+00
0.000e+00
0.000e+00
0.000e+00
0.000e+00
0.000e+00
3.876e-03
0.000e+00
0.000e+00
0.000e+00
7.752e-03
0.000e+00
0.000e+00
0.000e+00
3.876e-03
0.000e+00
3.876e-03
0.000e+00
3.876e-03
0.000e+00
0.000e+00
0.000e+00
0.000e+00
3.876e-03
3.876e-03
0.000e+00
3.876e-03
3.876e-03
0.000e+00
0.000e+00
0.000e+00
0.000e+00
1.938e-02
3.876e-03
0.000e+00
0.000e+00
0.000e+00
0.000e+00
0.000e+00
0.000e+00
3.876e-03
0.000e+00
0.000e+00
0.000e+00
0.000e+00
0.000e+00
0.000e+00
0.000e+00
3.876e-03
0.000e+00
0.000e+00
0.000e+00
0.000e+00
3.876e-03
3.876e-03
3.876e-03
0.000e+00
0.000e+00
3.876e-03
0.000e+00
0.000e+00
0.000e+00
0.000e+00
7.752e-03
0.000e+00
0.000e+00
0.000e+00
3.876e-03
0.000e+00
0.000e+00
0.000e+00
0.000e+00
0.000e+00
3.876e-03
0.000e+00
0.000e+00
3.876e-03
0.000e+00
0.000e+00
0.000e+00
0.000e+00
0.000e+00
0.000e+00
0.000e+00
0.000e+00
0.000e+00
0.000e+00
0.000e+00
0.000e+00
0.000e+00
0.000e+00
0.000e+00
0.000e+00
0.000e+00
0.000e+00
0.000e+00
0.000e+00
0.000e+00
0.000e+00
0.000e+00
0.000e+00
0.000e+00
0.000e+00
0.000e+00
0.000e+00
0.000e+00
0.000e+00
0.000e+00
0.000e+00
0.000e+00
0.000e+00
0.000e+00
0.000e+00
0.000e+00
0.000e+00
0.000e+00
0.000e+00
3.876e-03
0.000e+00
0.000e+00
0.000e+00
0.000e+00
0.000e+00
0.000e+00
0.000e+00
0.000e+00
0.000e+00
0.000e+00
0.000e+00
0.000e+00
0.000e+00
0.000e+00
0.000e+00
0.000e+00
3.876e-03
0.000e+00
0.000e+00
0.000e+00
0.000e+00
0.000e+00
0.000e+00
0.000e+00
0.000e+00
