0.000e+00
0.000e+00
0.000e+00
0.000e+00
0.000e+00
1.250e-03
0.000e+00
0.000e+00
0.000e+00
0.000e+00
0.000e+00
0.000e+00
0.000e+00
0.000e+00
0.000e+00
0.000e+00
0.000e+00
0.000e+00
0.000e+00
0.000e+00
0.000e+00
0.000e+00
0.000e+00
0.000e+00
0.000e+00
0.000e+00
0.000e+00
0.000e+00
0.000e+00
0.000e+00
0.000e+00
0.000e+00
0.000e+00
0.000e+00
0.000e+00
1.250e-03
0.000e+00
0.000e+00
0.000e+00
0.000e+00
0.000e+00
1.250e-03
2.500e-03
0.000e+00
0.000e+00
0.000e+00
0.000e+00
0.000e+00
2.500e-03
0.000e+00
1.250e-03
0.000e+00
1.250e-03
2.500e-03
2.500e-03
0.000e+00
3.750e-03
0.000e+00
2.500e-03
2.500e-03
1.250e-03
2.500e-03
1.250e-03
0.000e+00
0.000e+00
0.000e+00
0.000e+00
0.000e+00
1.250e-03
0.000e+00
0.000e+00
0.000e+00
0.000e+00
1.250e-03
0.000e+00
1.250e-03
0.000e+00
0.000e+00
0.000e+00
0.000e+00
0.000e+00
2.500e-03
0.000e+00
0.000e+00
1.250e-03
0.000e+00
1.250e-03
0.000e+00
1.250e-03
0.000e+00
0.000e+00
0.000e+00
0.000e+00
0.000e+00
0.000e+00
0.000e+00
0.000e+00
0.000e+00
0.000e+00
1.250e-03
0.000e+00
0.000e+00
0.000e+00
0.000e+00
0.000e+00
0.000e+00
1.250e-03
0.000e+00
1.250e-03
0.000e+00
1.250e-03
0.000e+00
1.250e-03
0.000e+00
0.000e+00
1.250e-03
0.000e+00
0.000e+00
0.000e+00
0.000e+00
0.000e+00
0.000e+00
1.250e-03
2.500e-03
0.000e+00
1.250e-03
0.000e+00
2.500e-03
2.500e-03
1.250e-03
0.000e+00
0.000e+00
0.000e+00
0.000e+00
0.000e+00
0.000e+00
1.250e-03
0.000e+00
0.000e+00
2.500e-03
0.000e+00
0.000e+00
0.000e+00
0.000e+00
1.250e-03
0.000e+00
0.000e+00
0.000e+00
0.000e+00
0.000e+00
0.000e+00
0.000e+00
1.250e-03
1.250e-03
0.000e+00
0.000e+00
3.750e-03
0.000e+00
0.000e+00
0.000e+00
3.750e-03
0.000e+00
3.750e-03
1.250e-03
1.250e-03
0.000e+00
0.000e+00
7.500e-03
1.250e-03
2.500e-03
5.000e-03
3.750e-03
6.250e-03
5.000e-03
1.250e-02
1.250e-02
2.375e-02
1.375e-02
2.250e-02
2.000e-02
7.250e-02
2.000e-02
2.875e-02
2.250e-02
1.500e-02
7.500e-03
5.000e-03
8.750e-03
6.250e-03
3.750e-03
2.500e-03
2.500e-03
2.500e-03
5.000e-03
2.500e-03
1.250e-03
0.000e+00
0.000e+00
1.250e-03
1.250e-03
0.000e+00
1.250e-03
0.000e+00
0.000e+00
1.250e-03
0.000e+00
2.500e-03
0.000e+00
0.000e+00
1.250e-03
0.000e+00
1.250e-03
0.000e+00
1.250e-03
0.000e+00
0.000e+00
1.250e-03
0.000e+00
0.000e+00
0.000e+00
0.000e+00
0.000e+00
0.000e+00
0.000e+00
0.000e+00
0.000e+00
0.000e+00
1.250e-03
0.000e+00
0.000e+00
0.000e+00
0.000e+00
0.000e+00
1.250e-03
1.250e-03
0.000e+00
0.000e+00
0.000e+00
0.000e+00
1.250e-03
1.250e-03
0.000e+00
0.000e+00
0.000e+00
0.000e+00
0.000e+00
0.000e+00
0.000e+00
0.000e+00
0.000e+00
0.000e+00
0.000e+00
1.250e-03
0.000e+00
0.000e+00
1.250e-03
0.000e+00
0.000e+00
0.000e+00
0.000e+00
0.000e+00
0.000e+00
1.250e-03
1.250e-03
0.000e+00
0.000e+00
0.000e+00
0.000e+00
1.250e-03
0.000e+00
1.250e-03
0.000e+00
3.750e-03
1.250e-03
1.250e-03
0.000e+00
0.000e+00
2.500e-03
0.000e+00
1.250e-03
0.000e+00
0.000e+00
3.750e-03
1.250e-03
0.000e+00
0.000e+00
0.000e+00
1.250e-03
0.000e+00
0.000e+00
0.000e+00
1.250e-03
1.250e-03
2.500e-03
2.500e-03
0.000e+00
0.000e+00
2.500e-03
3.750e-03
3.750e-03
0.000e+00
1.250e-03
1.250e-03
2.500e-03
2.500e-03
0.000e+00
0.000e+00
0.000e+00
1.250e-03
0.000e+00
1.250e-03
1.250e-03
0.000e+00
0.000e+00
0.000e+00
1.250e-03
0.000e+00
0.000e+00
0.000e+00
0.000e+00
0.000e+00
0.000e+00
0.000e+00
0.000e+00
0.000e+00
0.000e+00
0.000e+00
0.000e+00
0.000e+00
0.000e+00
0.000e+00
1.250e-03
0.000e+00
1.250e-03
0.000e+00
0.000e+00
0.000e+00
0.000e+00
0.000e+00
0.000e+00
0.000e+00
0.000e+00
0.000e+00
0.000e+00
0.000e+00
0.000e+00
0.000e+00
0.000e+00
0.000e+00
1.250e-03
0.000e+00
0.000e+00
0.000e+00
0.000e+00
0.000e+00
0.000e+00
1.250e-03
0.000e+00
0.000e+00
0.000e+00
