5.000e-03
2.500e-03
0.000e+00
2.500e-03
0.000e+00
0.000e+00
0.000e+00
0.000e+00
0.000e+00
0.000e+00
0.000e+00
0.000e+00
0.000e+00
2.500e-03
0.000e+00
0.000e+00
2.500e-03
2.500e-03
0.000e+00
0.000e+00
0.000e+00
0.000e+00
0.000e+00
0.000e+00
0.000e+00
0.000e+00
0.000e+00
2.500e-03
0.000e+00
2.500e-03
0.000e+00
2.500e-03
2.500e-03
0.000e+00
0.000e+00
5.000e-03
0.000e+00
0.000e+00
0.000e+00
0.000e+00
2.500e-03
2.500e-03
0.000e+00
0.000e+00
7.500e-03
0.000e+00
0.000e+00
0.000e+00
5.000e-03
2.500e-03
2.500e-03
2.500e-03
2.500e-03
5.000e-03
2.500e-03
2.500e-03
5.000e-03
0.000e+00
2.500e-03
2.500e-03
5.000e-03
2.500e-03
2.500e-03
0.000e+00
0.000e+00
0.000e+00
0.000e+00
0.000e+00
0.000e+00
0.000e+00
0.000e+00
2.500e-03
5.000e-03
0.000e+00
0.000e+00
2.500e-03
0.000e+00
0.000e+00
0.000e+00
0.000e+00
0.000e+00
0.000e+00
2.500e-03
0.000e+00
0.000e+00
2.500e-03
0.000e+00
0.000e+00
0.000e+00
0.000e+00
0.000e+00
0.000e+00
0.000e+00
0.000e+00
0.000e+00
0.000e+00
0.000e+00
0.000e+00
0.000e+00
0.000e+00
0.000e+00
0.000e+00
2.500e-03
0.000e+00
0.000e+00
0.000e+00
0.000e+00
0.000e+00
0.000e+00
0.000e+00
0.000e+00
0.000e+00
2.500e-03
0.000e+00
0.000e+00
2.500e-03
0.000e+00
2.500e-03
0.000e+00
0.000e+00
0.000e+00
0.000e+00
5.000e-03
0.000e+00
2.500e-03
0.000e+00
2.500e-03
0.000e+00
0.000e+00
5.000e-03
5.000e-03
0.000e+00
0.000e+00
0.000e+00
0.000e+00
2.500e-03
0.000e+00
0.000e+00
5.000e-03
2.500e-03
0.000e+00
0.000e+00
2.500e-03
0.000e+00
5.000e-03
2.500e-03
0.000e+00
0.000e+00
0.000e+00
2.500e-03
0.000e+00
0.000e+00
0.000e+00
0.000e+00
2.500e-03
0.000e+00
2.500e-03
7.500e-03
7.500e-03
0.000e+00
5.000e-03
2.500e-03
7.500e-03
0.000e+00
7.500e-03
2.500e-03
5.000e-03
7.500e-03
2.500e-03
5.000e-03
2.500e-03
7.500e-03
1.000e-02
2.500e-03
2.250e-02
1.750e-02
1.000e-02
2.250e-02
2.250e-02
5.000e-02
2.775e-01
3.750e-02
1.250e-02
1.500e-02
5.000e-03
2.250e-02
1.750e-02
7.500e-03
5.000e-03
7.500e-03
1.000e-02
5.000e-03
5.000e-03
7.500e-03
2.500e-03
2.500e-03
0.000e+00
0.000e+00
0.000e+00
0.000e+00
1.000e-02
0.000e+00
0.000e+00
0.000e+00
0.000e+00
5.000e-03
0.000e+00
0.000e+00
2.500e-03
0.000e+00
0.000e+00
0.000e+00
1.250e-02
0.000e+00
0.000e+00
2.500e-03
0.000e+00
2.500e-03
0.000e+00
0.000e+00
2.500e-03
0.000e+00
0.000e+00
0.000e+00
0.000e+00
2.500e-03
0.000e+00
0.000e+00
0.000e+00
2.500e-03
0.000e+00
2.500e-03
0.000e+00
0.000e+00
0.000e+00
0.000e+00
0.000e+00
0.000e+00
0.000e+00
0.000e+00
0.000e+00
0.000e+00
2.500e-03
0.000e+00
0.000e+00
0.000e+00
0.000e+00
0.000e+00
2.500e-03
0.000e+00
2.500e-03
0.000e+00
2.500e-03
0.000e+00
0.000e+00
0.000e+00
0.000e+00
0.000e+00
0.000e+00
0.000e+00
0.000e+00
0.000e+00
2.500e-03
0.000e+00
0.000e+00
0.000e+00
2.500e-03
2.500e-03
0.000e+00
0.000e+00
0.000e+00
0.000e+00
2.500e-03
0.000e+00
0.000e+00
2.500e-03
0.000e+00
5.000e-03
0.000e+00
0.000e+00
0.000e+00
0.000e+00
0.000e+00
2.500e-03
0.000e+00
0.000e+00
0.000e+00
2.500e-03
0.000e+00
2.500e-03
5.000e-03
0.000e+00
0.000e+00
2.500e-03
0.000e+00
5.000e-03
0.000e+00
0.000e+00
0.000e+00
2.500e-03
0.000e+00
5.000e-03
0.000e+00
7.500e-03
2.500e-03
2.500e-03
0.000e+00
0.000e+00
0.000e+00
0.000e+00
5.000e-03
2.500e-03
7.500e-03
0.000e+00
2.500e-03
5.000e-03
5.000e-03
2.500e-03
0.000e+00
0.000e+00
2.500e-03
5.000e-03
0.000e+00
0.000e+00
0.000e+00
2.500e-03
0.000e+00
2.500e-03
0.000e+00
0.000e+00
0.000e+00
2.500e-03
0.000e+00
0.000e+00
0.000e+00
0.000e+00
2.500e-03
0.000e+00
0.000e+00
0.000e+00
0.000e+00
0.000e+00
0.000e+00
2.500e-03
2.500e-03
0.000e+00
0.000e+00
0.000e+00
0.000e+00
2.500e-03
0.000e+00
0.000e+00
0.000e+00
0.000e+00
0.000e+00
0.000e+00
0.000e+00
0.000e+00
0.000e+00
2.500e-03
