7.696e-02
2.433e-02
1.981e-02
1.037e-02
8.640e-03
9.039e-03
9.704e-03
6.646e-03
7.976e-03
7.178e-03
6.115e-03
4.785e-03
2.526e-03
3.988e-03
1.728e-03
1.994e-03
1.994e-03
1.462e-03
1.196e-03
1.728e-03
2.260e-03
3.057e-03
1.063e-03
1.994e-03
2.393e-03
1.994e-03
7.976e-04
1.994e-03
1.329e-03
1.063e-03
6.646e-04
1.861e-03
1.595e-03
9.305e-04
1.196e-03
1.462e-03
1.462e-03
1.462e-03
7.976e-04
6.646e-04
5.317e-04
2.127e-03
6.646e-04
7.976e-04
1.595e-03
5.317e-04
1.462e-03
1.063e-03
1.462e-03
1.861e-03
7.976e-04
7.976e-04
1.063e-03
1.063e-03
1.063e-03
1.196e-03
1.329e-03
1.063e-03
3.988e-04
1.196e-03
1.595e-03
1.728e-03
1.728e-03
1.329e-04
9.305e-04
9.305e-04
7.976e-04
6.646e-04
5.317e-04
9.305e-04
3.988e-04
1.063e-03
6.646e-04
2.659e-04
9.305e-04
5.317e-04
1.063e-03
2.659e-04
5.317e-04
3.988e-04
0.000e+00
5.317e-04
1.462e-03
9.305e-04
7.976e-04
1.861e-03
1.462e-03
1.329e-03
1.861e-03
1.196e-03
7.976e-04
3.988e-04
1.595e-03
1.994e-03
7.976e-04
1.595e-03
1.728e-03
6.646e-04
2.127e-03
1.063e-03
5.317e-04
1.063e-03
1.196e-03
5.317e-04
5.317e-04
3.988e-04
7.976e-04
2.659e-04
5.317e-04
5.317e-04
5.317e-04
3.988e-04
1.861e-03
2.659e-04
7.976e-04
5.317e-04
5.317e-04
1.063e-03
3.988e-04
3.988e-04
6.646e-04
5.317e-04
2.260e-03
9.305e-04
1.196e-03
7.976e-04
6.646e-04
5.317e-04
7.976e-04
1.595e-03
2.127e-03
3.988e-04
1.462e-03
6.646e-04
1.728e-03
1.462e-03
1.196e-03
1.329e-04
2.127e-03
1.196e-03
9.305e-04
1.329e-03
1.063e-03
1.329e-03
1.196e-03
1.462e-03
1.861e-03
1.196e-03
1.595e-03
1.462e-03
1.329e-03
1.196e-03
7.976e-04
2.659e-03
5.317e-04
2.260e-03
1.994e-03
1.329e-03
2.260e-03
2.127e-03
1.595e-03
2.127e-03
1.728e-03
2.393e-03
2.526e-03
3.589e-03
2.924e-03
3.722e-03
4.121e-03
4.254e-03
5.051e-03
5.982e-03
6.912e-03
5.982e-03
8.507e-03
9.969e-03
7.444e-03
1.050e-02
1.422e-02
2.433e-02
9.398e-02
2.300e-02
1.635e-02
9.704e-03
8.507e-03
1.063e-02
9.305e-03
5.982e-03
4.918e-03
5.317e-03
4.254e-03
4.387e-03
3.988e-03
3.190e-03
1.861e-03
1.994e-03
2.526e-03
2.260e-03
2.393e-03
2.393e-03
3.057e-03
1.595e-03
1.994e-03
2.260e-03
1.329e-03
2.659e-03
2.260e-03
1.329e-03
2.127e-03
1.728e-03
1.462e-03
1.196e-03
1.994e-03
6.646e-04
1.861e-03
2.659e-03
1.063e-03
9.305e-04
6.646e-04
1.462e-03
6.646e-04
1.728e-03
6.646e-04
1.196e-03
1.329e-03
1.728e-03
5.317e-04
1.329e-03
2.260e-03
1.196e-03
1.595e-03
1.329e-03
1.196e-03
1.595e-03
7.976e-04
1.196e-03
1.329e-03
7.976e-04
5.317e-04
1.196e-03
1.196e-03
3.988e-04
1.329e-03
3.988e-04
1.196e-03
7.976e-04
2.659e-04
1.063e-03
1.462e-03
6.646e-04
1.329e-03
9.305e-04
9.305e-04
7.976e-04
1.329e-04
3.988e-04
0.000e+00
2.659e-04
5.317e-04
7.976e-04
9.305e-04
9.305e-04
7.976e-04
7.976e-04
1.329e-03
7.976e-04
1.462e-03
1.595e-03
7.976e-04
1.994e-03
1.329e-03
1.063e-03
1.462e-03
1.063e-03
1.462e-03
5.317e-04
1.595e-03
1.595e-03
7.976e-04
5.317e-04
1.462e-03
7.976e-04
2.659e-04
1.994e-03
5.317e-04
3.988e-04
9.305e-04
5.317e-04
2.659e-04
1.196e-03
1.196e-03
2.659e-04
3.988e-04
7.976e-04
2.659e-04
9.305e-04
5.317e-04
3.988e-04
5.317e-04
1.196e-03
2.659e-04
1.063e-03
7.976e-04
1.196e-03
3.988e-04
1.196e-03
1.196e-03
2.659e-04
2.659e-04
1.063e-03
1.861e-03
7.976e-04
1.462e-03
7.976e-04
1.462e-03
1.063e-03
1.861e-03
9.305e-04
1.329e-04
6.646e-04
2.127e-03
1.329e-03
5.317e-04
1.462e-03
1.861e-03
1.994e-03
6.646e-04
1.994e-03
1.063e-03
9.305e-04
1.462e-03
1.329e-03
1.861e-03
1.728e-03
7.976e-04
5.317e-04
1.196e-03
1.861e-03
1.462e-03
1.063e-03
1.595e-03
1.861e-03
3.988e-04
1.196e-03
2.924e-03
2.393e-03
1.728e-03
2.260e-03
4.785e-03
2.924e-03
6.646e-03
6.513e-03
7.843e-03
7.444e-03
6.115e-03
9.039e-03
7.444e-03
1.223e-02
1.595e-02
3.071e-02
