1.460e+02
1.460e+02
1.330e+02
1.180e+02
1.100e+02
7.800e+01
8.900e+01
7.300e+01
6.700e+01
5.400e+01
3.500e+01
5.500e+01
5.200e+01
3.600e+01
4.200e+01
2.700e+01
3.000e+01
1.800e+01
2.400e+01
1.900e+01
2.000e+01
1.300e+01
1.700e+01
1.500e+01
1.800e+01
1.200e+01
1.100e+01
1.200e+01
8.000e+00
1.200e+01
8.000e+00
3.000e+00
9.000e+00
6.000e+00
7.000e+00
1.000e+01
4.000e+00
7.000e+00
1.600e+01
4.000e+00
6.000e+00
5.000e+00
1.100e+01
1.200e+01
4.000e+00
7.000e+00
6.000e+00
1.100e+01
1.300e+01
5.000e+00
6.000e+00
7.000e+00
6.000e+00
1.700e+01
9.000e+00
2.000e+00
1.400e+01
8.000e+00
1.400e+01
1.000e+01
1.200e+01
4.000e+00
8.000e+00
4.000e+00
9.000e+00
6.000e+00
1.000e+01
1.000e+01
1.100e+01
6.000e+00
8.000e+00
6.000e+00
5.000e+00
5.000e+00
6.000e+00
3.000e+00
5.000e+00
8.000e+00
7.000e+00
1.400e+01
8.000e+00
1.600e+01
6.000e+00
9.000e+00
1.100e+01
7.000e+00
1.800e+01
5.000e+00
8.000e+00
1.000e+01
1.600e+01
1.500e+01
1.300e+01
1.100e+01
9.000e+00
2.000e+00
4.000e+00
1.100e+01
1.400e+01
2.000e+01
8.000e+00
1.000e+01
1.800e+01
6.000e+00
3.000e+00
4.000e+00
1.100e+01
1.000e+01
1.300e+01
1.500e+01
9.000e+00
1.000e+01
7.000e+00
3.000e+00
6.000e+00
3.000e+00
8.000e+00
1.300e+01
9.000e+00
1.100e+01
1.000e+00
5.000e+00
8.000e+00
1.100e+01
1.400e+01
8.000e+00
2.000e+00
1.300e+01
1.000e+01
1.000e+01
5.000e+00
7.000e+00
1.000e+00
1.500e+01
6.000e+00
3.000e+00
9.000e+00
1.000e+01
6.000e+00
6.000e+00
9.000e+00
1.000e+01
7.000e+00
6.000e+00
5.000e+00
1.500e+01
5.000e+00
1.000e+00
6.000e+00
9.000e+00
1.100e+01
1.100e+01
6.000e+00
1.500e+01
9.000e+00
6.000e+00
1.400e+01
1.100e+01
1.400e+01
1.400e+01
2.500e+01
2.100e+01
1.800e+01
1.600e+01
1.600e+01
2.000e+01
2.600e+01
3.900e+01
3.200e+01
3.000e+01
5.800e+01
5.700e+01
7.600e+01
5.800e+01
1.010e+02
9.800e+01
1.110e+02
9.700e+01
1.350e+02
1.440e+02
2.960e+02
1.450e+02
1.640e+02
1.670e+02
9.300e+01
7.300e+01
6.400e+01
7.500e+01
6.600e+01
4.500e+01
4.500e+01
3.500e+01
3.900e+01
4.800e+01
2.700e+01
2.400e+01
2.900e+01
1.800e+01
1.800e+01
1.800e+01
2.100e+01
1.600e+01
1.200e+01
1.400e+01
2.000e+01
1.200e+01
1.200e+01
9.000e+00
4.000e+00
1.400e+01
1.000e+01
1.000e+01
8.000e+00
1.200e+01
8.000e+00
1.600e+01
3.000e+00
7.000e+00
1.300e+01
3.000e+00
9.000e+00
1.500e+01
9.000e+00
1.100e+01
9.000e+00
8.000e+00
5.000e+00
1.000e+01
1.000e+00
1.400e+01
4.000e+00
7.000e+00
8.000e+00
8.000e+00
1.100e+01
1.400e+01
1.100e+01
1.300e+01
4.000e+00
6.000e+00
5.000e+00
1.100e+01
7.000e+00
5.000e+00
8.000e+00
5.000e+00
6.000e+00
4.000e+00
1.000e+01
2.200e+01
6.000e+00
2.000e+00
7.000e+00
9.000e+00
4.000e+00
1.800e+01
1.000e+01
9.000e+00
6.000e+00
9.000e+00
8.000e+00
5.000e+00
1.400e+01
1.600e+01
9.000e+00
1.000e+00
1.900e+01
4.000e+00
3.000e+00
1.200e+01
8.000e+00
1.300e+01
1.900e+01
1.500e+01
9.000e+00
7.000e+00
5.000e+00
2.000e+01
2.300e+01
8.000e+00
1.300e+01
1.000e+01
1.000e+01
6.000e+00
2.000e+00
6.000e+00
1.100e+01
1.200e+01
1.000e+00
2.000e+00
1.000e+00
1.000e+01
1.000e+01
1.200e+01
1.300e+01
5.000e+00
1.000e+01
6.000e+00
8.000e+00
9.000e+00
0.000e+00
3.000e+00
1.100e+01
1.400e+01
6.000e+00
7.000e+00
6.000e+00
5.000e+00
1.200e+01
6.000e+00
4.000e+00
4.000e+00
1.000e+00
3.000e+00
7.000e+00
1.000e+01
5.000e+00
9.000e+00
6.000e+00
7.000e+00
7.000e+00
4.000e+00
1.200e+01
5.000e+00
2.000e+00
9.000e+00
4.000e+00
1.000e+01
9.000e+00
1.000e+01
6.000e+00
8.000e+00
6.000e+00
1.100e+01
9.000e+00
1.300e+01
1.400e+01
1.000e+01
1.700e+01
1.200e+01
1.900e+01
2.100e+01
1.900e+01
2.300e+01
2.300e+01
2.300e+01
2.800e+01
3.900e+01
3.000e+01
4.900e+01
4.700e+01
5.900e+01
5.000e+01
7.100e+01
8.900e+01
9.500e+01
1.060e+02
1.140e+02
9.700e+01
1.430e+02
