6.863e-02
2.229e-02
1.661e-02
9.908e-03
8.743e-03
8.014e-03
8.597e-03
6.265e-03
6.265e-03
5.100e-03
5.391e-03
4.808e-03
3.060e-03
3.497e-03
2.331e-03
2.331e-03
1.603e-03
1.603e-03
1.457e-03
2.331e-03
2.040e-03
2.623e-03
2.186e-03
2.477e-03
2.186e-03
2.040e-03
1.020e-03
1.457e-03
1.603e-03
1.749e-03
8.743e-04
1.894e-03
2.040e-03
1.020e-03
1.311e-03
1.311e-03
1.603e-03
1.311e-03
1.020e-03
7.285e-04
4.371e-04
2.040e-03
1.020e-03
1.020e-03
1.749e-03
1.166e-03
1.603e-03
1.457e-03
1.457e-03
2.040e-03
7.285e-04
1.166e-03
1.166e-03
1.311e-03
1.311e-03
1.457e-03
1.603e-03
1.166e-03
8.743e-04
1.020e-03
1.166e-03
1.457e-03
1.311e-03
1.457e-04
8.743e-04
1.311e-03
1.020e-03
1.166e-03
8.743e-04
8.743e-04
5.828e-04
1.020e-03
7.285e-04
2.914e-04
7.285e-04
8.743e-04
1.020e-03
2.914e-04
5.828e-04
5.828e-04
2.914e-04
8.743e-04
1.311e-03
1.166e-03
7.285e-04
1.603e-03
1.311e-03
1.603e-03
2.040e-03
1.020e-03
8.743e-04
7.285e-04
1.749e-03
2.040e-03
7.285e-04
1.457e-03
1.457e-03
1.166e-03
2.040e-03
1.020e-03
5.828e-04
1.020e-03
1.166e-03
1.311e-03
8.743e-04
4.371e-04
7.285e-04
2.914e-04
4.371e-04
5.828e-04
5.828e-04
5.828e-04
1.603e-03
4.371e-04
7.285e-04
4.371e-04
5.828e-04
1.166e-03
2.914e-04
4.371e-04
5.828e-04
8.743e-04
1.749e-03
1.020e-03
1.020e-03
8.743e-04
4.371e-04
4.371e-04
7.285e-04
1.749e-03
1.457e-03
5.828e-04
1.894e-03
7.285e-04
1.603e-03
1.603e-03
1.166e-03
4.371e-04
2.040e-03
1.166e-03
1.020e-03
1.166e-03
1.020e-03
8.743e-04
8.743e-04
1.894e-03
1.603e-03
1.020e-03
1.457e-03
1.603e-03
1.894e-03
1.457e-03
1.020e-03
2.623e-03
7.285e-04
2.040e-03
1.749e-03
1.311e-03
2.186e-03
1.749e-03
1.749e-03
1.894e-03
1.311e-03
2.186e-03
2.186e-03
2.914e-03
2.331e-03
3.497e-03
3.934e-03
4.663e-03
5.100e-03
6.703e-03
8.014e-03
5.683e-03
9.617e-03
9.617e-03
8.160e-03
1.166e-02
1.719e-02
2.681e-02
9.180e-02
2.477e-02
1.632e-02
9.908e-03
1.078e-02
1.107e-02
9.908e-03
6.848e-03
6.120e-03
5.828e-03
3.788e-03
4.226e-03
3.351e-03
3.643e-03
2.040e-03
1.894e-03
2.768e-03
2.623e-03
2.040e-03
2.768e-03
2.768e-03
1.749e-03
1.749e-03
2.186e-03
1.603e-03
2.623e-03
1.603e-03
1.311e-03
2.186e-03
1.603e-03
1.166e-03
1.457e-03
1.894e-03
8.743e-04
1.749e-03
2.186e-03
8.743e-04
1.020e-03
1.020e-03
1.020e-03
5.828e-04
1.311e-03
8.743e-04
1.457e-03
1.166e-03
1.603e-03
8.743e-04
1.457e-03
1.894e-03
1.166e-03
1.457e-03
1.020e-03
1.166e-03
1.166e-03
1.457e-03
1.603e-03
1.457e-03
1.166e-03
5.828e-04
1.749e-03
1.166e-03
7.285e-04
8.743e-04
4.371e-04
1.020e-03
5.828e-04
8.743e-04
8.743e-04
1.166e-03
1.020e-03
1.457e-03
7.285e-04
7.285e-04
1.166e-03
2.914e-04
7.285e-04
1.457e-04
1.457e-04
5.828e-04
5.828e-04
1.020e-03
7.285e-04
1.020e-03
8.743e-04
1.166e-03
1.749e-03
1.749e-03
1.603e-03
8.743e-04
1.894e-03
1.020e-03
1.457e-03
1.603e-03
1.311e-03
1.457e-03
5.828e-04
1.603e-03
1.457e-03
8.743e-04
1.020e-03
1.894e-03
1.020e-03
5.828e-04
1.603e-03
5.828e-04
4.371e-04
7.285e-04
5.828e-04
2.914e-04
8.743e-04
7.285e-04
5.828e-04
5.828e-04
8.743e-04
7.285e-04
8.743e-04
7.285e-04
7.285e-04
8.743e-04
8.743e-04
2.914e-04
8.743e-04
8.743e-04
1.457e-03
4.371e-04
8.743e-04
1.166e-03
5.828e-04
2.914e-04
1.166e-03
2.040e-03
8.743e-04
1.020e-03
1.020e-03
1.749e-03
1.311e-03
1.894e-03
1.603e-03
2.914e-04
1.020e-03
1.749e-03
1.166e-03
4.371e-04
1.894e-03
1.457e-03
1.749e-03
8.743e-04
2.040e-03
1.311e-03
2.040e-03
1.020e-03
1.457e-03
1.603e-03
2.040e-03
1.020e-03
1.020e-03
1.894e-03
2.186e-03
1.603e-03
1.311e-03
1.311e-03
1.603e-03
8.743e-04
1.311e-03
2.623e-03
1.894e-03
1.894e-03
2.768e-03
5.246e-03
3.934e-03
5.537e-03
6.411e-03
7.577e-03
6.411e-03
6.120e-03
7.285e-03
7.140e-03
1.122e-02
1.413e-02
2.696e-02
