1.202e-02
1.020e-02
8.233e-03
6.994e-03
5.828e-03
5.100e-03
4.226e-03
4.226e-03
2.841e-03
2.914e-03
2.477e-03
2.987e-03
2.768e-03
2.477e-03
2.258e-03
1.384e-03
2.040e-03
1.530e-03
1.749e-03
1.311e-03
1.239e-03
1.093e-03
8.014e-04
1.166e-03
9.471e-04
7.285e-04
9.471e-04
9.471e-04
5.828e-04
4.371e-04
8.014e-04
4.371e-04
7.285e-04
2.914e-04
2.914e-04
8.014e-04
3.643e-04
4.371e-04
8.743e-04
2.914e-04
4.371e-04
5.828e-04
7.285e-04
7.285e-04
2.186e-04
5.828e-04
4.371e-04
8.014e-04
3.643e-04
2.914e-04
4.371e-04
4.371e-04
3.643e-04
8.014e-04
4.371e-04
1.457e-04
8.743e-04
8.743e-04
7.285e-04
4.371e-04
6.557e-04
4.371e-04
5.100e-04
5.100e-04
5.828e-04
2.914e-04
7.285e-04
7.285e-04
5.100e-04
2.914e-04
2.186e-04
2.186e-04
2.914e-04
4.371e-04
3.643e-04
2.186e-04
3.643e-04
5.100e-04
3.643e-04
8.014e-04
5.100e-04
1.166e-03
3.643e-04
3.643e-04
7.285e-04
4.371e-04
1.020e-03
3.643e-04
6.557e-04
6.557e-04
7.285e-04
1.020e-03
8.014e-04
5.100e-04
5.100e-04
5.828e-04
2.914e-04
5.100e-04
7.285e-04
1.093e-03
5.100e-04
9.471e-04
7.285e-04
2.914e-04
5.828e-04
1.457e-04
8.014e-04
5.100e-04
4.371e-04
5.828e-04
6.557e-04
5.828e-04
5.100e-04
3.643e-04
3.643e-04
5.828e-04
5.100e-04
8.743e-04
7.285e-04
4.371e-04
2.186e-04
4.371e-04
5.828e-04
5.100e-04
6.557e-04
5.100e-04
1.457e-04
6.557e-04
5.828e-04
4.371e-04
1.457e-04
2.186e-04
2.186e-04
9.471e-04
3.643e-04
2.914e-04
2.186e-04
3.643e-04
4.371e-04
4.371e-04
2.186e-04
3.643e-04
5.100e-04
6.557e-04
2.914e-04
6.557e-04
3.643e-04
1.457e-04
3.643e-04
4.371e-04
7.285e-04
6.557e-04
6.557e-04
8.014e-04
5.828e-04
3.643e-04
8.014e-04
7.285e-04
1.166e-03
5.828e-04
1.166e-03
1.311e-03
1.239e-03
1.676e-03
1.093e-03
1.967e-03
1.894e-03
2.186e-03
2.550e-03
2.186e-03
4.153e-03
4.371e-03
5.828e-03
4.517e-03
6.775e-03
7.358e-03
8.305e-03
7.140e-03
9.253e-03
1.035e-02
2.033e-02
1.086e-02
9.617e-03
9.471e-03
5.828e-03
5.246e-03
4.590e-03
4.517e-03
3.788e-03
3.788e-03
3.424e-03
2.768e-03
2.841e-03
3.278e-03
2.186e-03
1.384e-03
2.113e-03
1.384e-03
1.457e-03
1.239e-03
1.239e-03
1.749e-03
9.471e-04
9.471e-04
1.166e-03
8.743e-04
6.557e-04
7.285e-04
2.914e-04
8.743e-04
6.557e-04
3.643e-04
5.100e-04
6.557e-04
8.014e-04
7.285e-04
3.643e-04
4.371e-04
1.020e-03
2.914e-04
3.643e-04
7.285e-04
5.100e-04
6.557e-04
5.828e-04
3.643e-04
3.643e-04
5.100e-04
1.457e-04
5.828e-04
2.186e-04
5.100e-04
5.828e-04
4.371e-04
5.828e-04
6.557e-04
5.100e-04
1.020e-03
1.457e-04
5.828e-04
2.914e-04
4.371e-04
5.100e-04
3.643e-04
5.100e-04
5.100e-04
3.643e-04
3.643e-04
4.371e-04
7.285e-04
3.643e-04
4.371e-04
3.643e-04
3.643e-04
2.186e-04
5.100e-04
5.100e-04
5.100e-04
6.557e-04
5.828e-04
5.828e-04
4.371e-04
5.828e-04
8.743e-04
7.285e-04
2.914e-04
1.020e-03
2.914e-04
5.100e-04
7.285e-04
5.828e-04
1.020e-03
7.285e-04
3.643e-04
6.557e-04
5.100e-04
4.371e-04
1.166e-03
1.166e-03
5.828e-04
6.557e-04
6.557e-04
5.100e-04
3.643e-04
3.643e-04
4.371e-04
5.828e-04
8.014e-04
3.643e-04
2.186e-04
2.186e-04
4.371e-04
6.557e-04
1.093e-03
1.093e-03
5.100e-04
9.471e-04
2.186e-04
5.828e-04
5.100e-04
1.457e-04
2.186e-04
4.371e-04
9.471e-04
6.557e-04
4.371e-04
3.643e-04
2.186e-04
5.828e-04
2.186e-04
3.643e-04
4.371e-04
2.914e-04
7.285e-05
3.643e-04
7.285e-04
2.914e-04
4.371e-04
5.100e-04
4.371e-04
5.100e-04
1.457e-04
5.828e-04
2.186e-04
1.457e-04
3.643e-04
3.643e-04
5.100e-04
5.828e-04
8.743e-04
4.371e-04
5.100e-04
5.100e-04
3.643e-04
5.100e-04
8.014e-04
5.828e-04
9.471e-04
9.471e-04
6.557e-04
1.093e-03
1.093e-03
1.239e-03
1.239e-03
1.384e-03
1.603e-03
1.676e-03
2.258e-03
2.040e-03
2.987e-03
3.351e-03
3.861e-03
3.716e-03
4.881e-03
5.610e-03
5.974e-03
6.703e-03
7.650e-03
7.941e-03
9.544e-03
