5.814e-03
5.814e-03
0.000e+00
0.000e+00
0.000e+00
0.000e+00
0.000e+00
0.000e+00
0.000e+00
0.000e+00
0.000e+00
0.000e+00
0.000e+00
0.000e+00
0.000e+00
0.000e+00
0.000e+00
0.000e+00
0.000e+00
0.000e+00
0.000e+00
0.000e+00
0.000e+00
0.000e+00
0.000e+00
0.000e+00
0.000e+00
0.000e+00
0.000e+00
0.000e+00
0.000e+00
0.000e+00
5.814e-03
5.814e-03
0.000e+00
1.163e-02
0.000e+00
0.000e+00
0.000e+00
0.000e+00
0.000e+00
0.000e+00
0.000e+00
0.000e+00
0.000e+00
0.000e+00
0.000e+00
0.000e+00
0.000e+00
0.000e+00
0.000e+00
0.000e+00
0.000e+00
0.000e+00
0.000e+00
0.000e+00
0.000e+00
0.000e+00
0.000e+00
0.000e+00
0.000e+00
5.814e-03
0.000e+00
0.000e+00
0.000e+00
0.000e+00
0.000e+00
0.000e+00
0.000e+00
0.000e+00
0.000e+00
0.000e+00
0.000e+00
0.000e+00
0.000e+00
0.000e+00
0.000e+00
0.000e+00
0.000e+00
0.000e+00
0.000e+00
0.000e+00
0.000e+00
0.000e+00
0.000e+00
0.000e+00
0.000e+00
0.000e+00
0.000e+00
0.000e+00
0.000e+00
0.000e+00
0.000e+00
0.000e+00
0.000e+00
0.000e+00
0.000e+00
0.000e+00
0.000e+00
0.000e+00
0.000e+00
0.000e+00
5.814e-03
0.000e+00
0.000e+00
0.000e+00
0.000e+00
0.000e+00
0.000e+00
0.000e+00
0.000e+00
0.000e+00
0.000e+00
0.000e+00
0.000e+00
0.000e+00
0.000e+00
0.000e+00
5.814e-03
0.000e+00
0.000e+00
0.000e+00
0.000e+00
0.000e+00
0.000e+00
0.000e+00
0.000e+00
5.814e-03
0.000e+00
0.000e+00
0.000e+00
0.000e+00
0.000e+00
5.814e-03
1.163e-02
0.000e+00
0.000e+00
0.000e+00
0.000e+00
0.000e+00
5.814e-03
1.163e-02
0.000e+00
0.000e+00
0.000e+00
5.814e-03
5.814e-03
0.000e+00
5.814e-03
0.000e+00
0.000e+00
0.000e+00
1.744e-02
1.744e-02
0.000e+00
5.814e-03
5.814e-03
5.814e-03
5.814e-03
5.814e-03
1.744e-02
5.814e-03
5.814e-03
0.000e+00
5.814e-03
1.163e-02
1.744e-02
1.163e-02
2.326e-02
1.744e-02
1.744e-02
1.744e-02
1.744e-02
3.488e-02
1.744e-02
5.814e-03
1.744e-02
1.163e-02
2.907e-02
1.744e-02
7.558e-02
5.814e-03
1.163e-02
2.326e-02
2.907e-02
1.163e-02
2.326e-02
2.326e-02
1.744e-02
2.326e-02
0.000e+00
1.163e-02
0.000e+00
1.163e-02
5.814e-03
0.000e+00
1.163e-02
5.814e-03
0.000e+00
5.814e-03
1.163e-02
1.163e-02
0.000e+00
5.814e-03
1.163e-02
0.000e+00
1.744e-02
5.814e-03
0.000e+00
5.814e-03
5.814e-03
1.163e-02
0.000e+00
5.814e-03
0.000e+00
0.000e+00
1.163e-02
1.163e-02
0.000e+00
0.000e+00
0.000e+00
5.814e-03
0.000e+00
0.000e+00
0.000e+00
0.000e+00
0.000e+00
0.000e+00
5.814e-03
5.814e-03
0.000e+00
0.000e+00
0.000e+00
0.000e+00
0.000e+00
0.000e+00
0.000e+00
5.814e-03
0.000e+00
0.000e+00
0.000e+00
0.000e+00
0.000e+00
0.000e+00
0.000e+00
5.814e-03
0.000e+00
5.814e-03
5.814e-03
0.000e+00
0.000e+00
5.814e-03
0.000e+00
0.000e+00
0.000e+00
0.000e+00
5.814e-03
0.000e+00
0.000e+00
0.000e+00
5.814e-03
0.000e+00
0.000e+00
0.000e+00
0.000e+00
0.000e+00
0.000e+00
5.814e-03
0.000e+00
0.000e+00
0.000e+00
0.000e+00
0.000e+00
0.000e+00
0.000e+00
0.000e+00
0.000e+00
0.000e+00
0.000e+00
0.000e+00
0.000e+00
0.000e+00
0.000e+00
0.000e+00
0.000e+00
0.000e+00
0.000e+00
0.000e+00
0.000e+00
0.000e+00
0.000e+00
0.000e+00
0.000e+00
0.000e+00
0.000e+00
0.000e+00
0.000e+00
0.000e+00
0.000e+00
0.000e+00
0.000e+00
0.000e+00
0.000e+00
0.000e+00
0.000e+00
0.000e+00
0.000e+00
0.000e+00
0.000e+00
0.000e+00
0.000e+00
0.000e+00
0.000e+00
0.000e+00
0.000e+00
5.814e-03
0.000e+00
0.000e+00
0.000e+00
0.000e+00
0.000e+00
0.000e+00
0.000e+00
5.814e-03
0.000e+00
0.000e+00
5.814e-03
0.000e+00
0.000e+00
0.000e+00
0.000e+00
0.000e+00
0.000e+00
0.000e+00
5.814e-03
0.000e+00
0.000e+00
0.000e+00
0.000e+00
0.000e+00
0.000e+00
0.000e+00
0.000e+00
0.000e+00
0.000e+00
0.000e+00
0.000e+00
0.000e+00
0.000e+00
0.000e+00
0.000e+00
5.814e-03
0.000e+00
0.000e+00
0.000e+00
5.814e-03
5.814e-03
0.000e+00
5.814e-03
0.000e+00
