0.000e+00
0.000e+00
0.000e+00
0.000e+00
0.000e+00
0.000e+00
0.000e+00
5.814e-04
0.000e+00
0.000e+00
5.814e-04
0.000e+00
0.000e+00
0.000e+00
0.000e+00
5.814e-04
0.000e+00
0.000e+00
0.000e+00
0.000e+00
0.000e+00
0.000e+00
0.000e+00
0.000e+00
0.000e+00
0.000e+00
5.814e-04
5.814e-04
0.000e+00
1.163e-03
0.000e+00
0.000e+00
0.000e+00
5.814e-04
5.814e-04
1.163e-03
5.814e-04
1.744e-03
5.814e-04
1.163e-03
5.814e-04
1.163e-03
5.814e-04
5.814e-04
1.163e-03
1.163e-03
1.163e-03
2.326e-03
2.326e-03
2.326e-03
2.907e-03
2.326e-03
6.395e-03
3.488e-03
4.651e-03
6.395e-03
4.070e-03
5.233e-03
6.395e-03
7.558e-03
1.105e-02
8.721e-03
8.721e-03
1.163e-02
9.302e-03
3.488e-03
8.140e-03
6.977e-03
4.070e-03
4.070e-03
5.233e-03
4.651e-03
4.651e-03
2.907e-03
2.326e-03
2.907e-03
2.326e-03
1.163e-03
2.326e-03
5.814e-04
1.163e-03
1.163e-03
2.326e-03
5.814e-04
0.000e+00
5.814e-04
1.744e-03
5.814e-04
0.000e+00
1.163e-03
0.000e+00
0.000e+00
5.814e-04
5.814e-04
0.000e+00
0.000e+00
0.000e+00
0.000e+00
0.000e+00
5.814e-04
0.000e+00
0.000e+00
5.814e-04
0.000e+00
0.000e+00
0.000e+00
0.000e+00
0.000e+00
0.000e+00
0.000e+00
0.000e+00
0.000e+00
0.000e+00
0.000e+00
0.000e+00
0.000e+00
0.000e+00
0.000e+00
0.000e+00
0.000e+00
0.000e+00
0.000e+00
0.000e+00
0.000e+00
0.000e+00
0.000e+00
0.000e+00
0.000e+00
0.000e+00
0.000e+00
0.000e+00
0.000e+00
0.000e+00
0.000e+00
0.000e+00
0.000e+00
0.000e+00
0.000e+00
0.000e+00
0.000e+00
0.000e+00
0.000e+00
0.000e+00
0.000e+00
0.000e+00
5.814e-04
0.000e+00
0.000e+00
0.000e+00
0.000e+00
0.000e+00
0.000e+00
0.000e+00
0.000e+00
0.000e+00
5.814e-04
5.814e-04
5.814e-04
0.000e+00
0.000e+00
5.814e-04
1.744e-03
0.000e+00
5.814e-04
5.814e-04
1.744e-03
3.488e-03
1.163e-03
1.744e-03
5.814e-04
1.163e-03
1.744e-03
8.721e-03
3.488e-03
3.488e-03
4.070e-03
2.907e-03
4.070e-03
5.814e-03
4.070e-03
2.907e-03
5.233e-03
2.326e-03
2.326e-03
7.558e-03
2.907e-03
4.651e-03
3.488e-03
2.326e-03
2.326e-03
2.326e-03
2.907e-03
2.326e-03
2.326e-03
1.744e-03
0.000e+00
2.326e-03
1.163e-03
2.326e-03
0.000e+00
5.814e-04
1.163e-03
0.000e+00
0.000e+00
0.000e+00
0.000e+00
5.814e-04
0.000e+00
0.000e+00
0.000e+00
0.000e+00
0.000e+00
0.000e+00
0.000e+00
0.000e+00
0.000e+00
0.000e+00
0.000e+00
0.000e+00
0.000e+00
0.000e+00
0.000e+00
0.000e+00
0.000e+00
0.000e+00
0.000e+00
0.000e+00
0.000e+00
0.000e+00
0.000e+00
0.000e+00
0.000e+00
0.000e+00
0.000e+00
0.000e+00
0.000e+00
0.000e+00
0.000e+00
0.000e+00
0.000e+00
0.000e+00
0.000e+00
0.000e+00
0.000e+00
0.000e+00
0.000e+00
0.000e+00
0.000e+00
0.000e+00
0.000e+00
0.000e+00
0.000e+00
0.000e+00
0.000e+00
0.000e+00
0.000e+00
0.000e+00
0.000e+00
0.000e+00
0.000e+00
0.000e+00
0.000e+00
0.000e+00
0.000e+00
0.000e+00
5.814e-04
5.814e-04
0.000e+00
0.000e+00
0.000e+00
5.814e-04
0.000e+00
5.814e-04
5.814e-04
2.326e-03
1.163e-03
5.814e-04
3.488e-03
1.163e-03
5.814e-04
3.488e-03
2.326e-03
1.163e-03
2.907e-03
2.907e-03
4.070e-03
0.000e+00
3.488e-03
2.907e-03
2.326e-03
8.140e-03
2.907e-03
6.395e-03
4.070e-03
6.977e-03
9.884e-03
6.977e-03
9.884e-03
4.651e-03
8.140e-03
1.047e-02
9.302e-03
9.302e-03
1.221e-02
4.651e-03
4.651e-03
2.326e-03
8.140e-03
4.651e-03
2.326e-03
1.163e-03
2.907e-03
1.744e-03
1.744e-03
3.488e-03
3.488e-03
1.744e-03
1.744e-03
5.814e-04
5.814e-04
0.000e+00
5.814e-04
5.814e-04
1.744e-03
5.814e-04
5.814e-04
0.000e+00
0.000e+00
0.000e+00
5.814e-04
0.000e+00
0.000e+00
5.814e-04
0.000e+00
0.000e+00
0.000e+00
0.000e+00
0.000e+00
5.814e-04
0.000e+00
0.000e+00
0.000e+00
0.000e+00
0.000e+00
5.814e-04
0.000e+00
5.814e-04
0.000e+00
0.000e+00
0.000e+00
0.000e+00
0.000e+00
0.000e+00
0.000e+00
0.000e+00
0.000e+00
0.000e+00
0.000e+00
0.000e+00
0.000e+00
