0.000e+00
0.000e+00
0.000e+00
0.000e+00
0.000e+00
0.000e+00
0.000e+00
0.000e+00
0.000e+00
0.000e+00
0.000e+00
0.000e+00
0.000e+00
0.000e+00
0.000e+00
0.000e+00
0.000e+00
0.000e+00
0.000e+00
0.000e+00
0.000e+00
0.000e+00
0.000e+00
0.000e+00
0.000e+00
0.000e+00
0.000e+00
0.000e+00
0.000e+00
0.000e+00
0.000e+00
0.000e+00
0.000e+00
0.000e+00
0.000e+00
0.000e+00
0.000e+00
0.000e+00
0.000e+00
0.000e+00
0.000e+00
0.000e+00
7.874e-03
7.874e-03
0.000e+00
0.000e+00
0.000e+00
7.874e-03
0.000e+00
0.000e+00
0.000e+00
0.000e+00
7.874e-03
0.000e+00
0.000e+00
1.575e-02
7.874e-03
0.000e+00
0.000e+00
7.874e-03
0.000e+00
2.362e-02
1.575e-02
3.150e-02
0.000e+00
7.874e-03
7.874e-03
0.000e+00
0.000e+00
7.874e-03
0.000e+00
0.000e+00
0.000e+00
7.874e-03
0.000e+00
7.874e-03
0.000e+00
1.575e-02
0.000e+00
1.575e-02
1.575e-02
7.874e-03
0.000e+00
1.575e-02
3.150e-02
7.874e-03
7.874e-03
0.000e+00
0.000e+00
0.000e+00
0.000e+00
0.000e+00
7.874e-03
0.000e+00
0.000e+00
0.000e+00
0.000e+00
0.000e+00
0.000e+00
0.000e+00
0.000e+00
0.000e+00
0.000e+00
0.000e+00
0.000e+00
0.000e+00
0.000e+00
0.000e+00
0.000e+00
0.000e+00
0.000e+00
0.000e+00
0.000e+00
0.000e+00
0.000e+00
0.000e+00
0.000e+00
0.000e+00
0.000e+00
0.000e+00
0.000e+00
0.000e+00
0.000e+00
0.000e+00
0.000e+00
0.000e+00
0.000e+00
0.000e+00
0.000e+00
0.000e+00
0.000e+00
0.000e+00
0.000e+00
0.000e+00
0.000e+00
0.000e+00
0.000e+00
0.000e+00
0.000e+00
0.000e+00
0.000e+00
0.000e+00
0.000e+00
0.000e+00
0.000e+00
0.000e+00
0.000e+00
0.000e+00
0.000e+00
0.000e+00
0.000e+00
0.000e+00
0.000e+00
0.000e+00
0.000e+00
0.000e+00
2.362e-02
0.000e+00
0.000e+00
0.000e+00
0.000e+00
0.000e+00
7.874e-03
0.000e+00
0.000e+00
0.000e+00
0.000e+00
0.000e+00
7.874e-03
0.000e+00
0.000e+00
1.575e-02
0.000e+00
7.874e-03
0.000e+00
7.874e-03
0.000e+00
0.000e+00
7.874e-03
2.362e-02
4.724e-02
1.575e-02
1.575e-02
7.874e-03
0.000e+00
0.000e+00
0.000e+00
0.000e+00
0.000e+00
7.874e-03
0.000e+00
0.000e+00
0.000e+00
0.000e+00
0.000e+00
7.874e-03
0.000e+00
0.000e+00
0.000e+00
0.000e+00
0.000e+00
7.874e-03
0.000e+00
0.000e+00
7.874e-03
0.000e+00
0.000e+00
7.874e-03
0.000e+00
0.000e+00
0.000e+00
0.000e+00
0.000e+00
0.000e+00
0.000e+00
0.000e+00
0.000e+00
0.000e+00
0.000e+00
0.000e+00
0.000e+00
0.000e+00
0.000e+00
0.000e+00
0.000e+00
0.000e+00
0.000e+00
0.000e+00
0.000e+00
0.000e+00
0.000e+00
0.000e+00
0.000e+00
0.000e+00
0.000e+00
0.000e+00
0.000e+00
0.000e+00
0.000e+00
0.000e+00
0.000e+00
0.000e+00
0.000e+00
0.000e+00
0.000e+00
7.874e-03
0.000e+00
0.000e+00
0.000e+00
0.000e+00
0.000e+00
0.000e+00
0.000e+00
0.000e+00
0.000e+00
0.000e+00
0.000e+00
0.000e+00
0.000e+00
0.000e+00
0.000e+00
0.000e+00
7.874e-03
0.000e+00
7.874e-03
0.000e+00
0.000e+00
7.874e-03
0.000e+00
7.874e-03
0.000e+00
0.000e+00
7.874e-03
7.874e-03
7.874e-03
1.575e-02
5.512e-02
0.000e+00
3.937e-02
3.937e-02
1.575e-02
2.362e-02
0.000e+00
0.000e+00
1.575e-02
7.874e-03
0.000e+00
7.874e-03
0.000e+00
1.575e-02
7.874e-03
1.575e-02
0.000e+00
1.575e-02
0.000e+00
7.874e-03
2.362e-02
7.874e-03
2.362e-02
0.000e+00
2.362e-02
7.874e-03
0.000e+00
0.000e+00
0.000e+00
0.000e+00
0.000e+00
7.874e-03
0.000e+00
7.874e-03
0.000e+00
0.000e+00
0.000e+00
0.000e+00
0.000e+00
7.874e-03
7.874e-03
0.000e+00
0.000e+00
0.000e+00
0.000e+00
0.000e+00
0.000e+00
0.000e+00
0.000e+00
0.000e+00
0.000e+00
0.000e+00
0.000e+00
0.000e+00
0.000e+00
0.000e+00
0.000e+00
0.000e+00
0.000e+00
0.000e+00
0.000e+00
0.000e+00
0.000e+00
0.000e+00
0.000e+00
0.000e+00
0.000e+00
0.000e+00
0.000e+00
0.000e+00
0.000e+00
0.000e+00
0.000e+00
0.000e+00
0.000e+00
0.000e+00
0.000e+00
0.000e+00
0.000e+00
0.000e+00
0.000e+00
0.000e+00
7.874e-03
0.000e+00
