0.000e+00
3.613e-04
0.000e+00
0.000e+00
0.000e+00
0.000e+00
0.000e+00
0.000e+00
0.000e+00
0.000e+00
0.000e+00
0.000e+00
0.000e+00
0.000e+00
0.000e+00
0.000e+00
0.000e+00
0.000e+00
0.000e+00
0.000e+00
0.000e+00
0.000e+00
0.000e+00
0.000e+00
0.000e+00
0.000e+00
0.000e+00
0.000e+00
0.000e+00
0.000e+00
0.000e+00
0.000e+00
0.000e+00
0.000e+00
0.000e+00
3.613e-04
0.000e+00
0.000e+00
3.613e-04
0.000e+00
0.000e+00
7.225e-04
3.613e-04
7.225e-04
7.225e-04
1.084e-03
1.084e-03
0.000e+00
3.613e-04
1.445e-03
2.529e-03
2.168e-03
1.084e-03
1.445e-03
3.251e-03
6.503e-03
5.058e-03
8.309e-03
6.503e-03
5.419e-03
8.671e-03
9.393e-03
9.393e-03
9.754e-03
7.948e-03
9.032e-03
1.120e-02
8.309e-03
1.084e-02
1.120e-02
7.225e-03
6.503e-03
8.671e-03
5.780e-03
8.671e-03
3.251e-03
3.613e-03
3.613e-03
1.806e-03
1.084e-03
0.000e+00
3.613e-04
3.613e-04
7.225e-04
0.000e+00
3.613e-04
3.613e-04
3.613e-04
3.613e-04
7.225e-04
1.806e-03
0.000e+00
0.000e+00
0.000e+00
0.000e+00
0.000e+00
0.000e+00
0.000e+00
3.613e-04
0.000e+00
0.000e+00
0.000e+00
0.000e+00
0.000e+00
0.000e+00
0.000e+00
0.000e+00
0.000e+00
0.000e+00
0.000e+00
0.000e+00
0.000e+00
0.000e+00
0.000e+00
0.000e+00
0.000e+00
0.000e+00
0.000e+00
0.000e+00
0.000e+00
0.000e+00
0.000e+00
0.000e+00
0.000e+00
0.000e+00
0.000e+00
0.000e+00
0.000e+00
0.000e+00
0.000e+00
0.000e+00
0.000e+00
0.000e+00
0.000e+00
0.000e+00
0.000e+00
0.000e+00
0.000e+00
0.000e+00
0.000e+00
0.000e+00
0.000e+00
0.000e+00
0.000e+00
0.000e+00
0.000e+00
0.000e+00
0.000e+00
0.000e+00
3.613e-04
0.000e+00
0.000e+00
0.000e+00
3.613e-04
0.000e+00
0.000e+00
0.000e+00
3.613e-04
0.000e+00
0.000e+00
0.000e+00
7.225e-04
7.225e-04
7.225e-04
1.806e-03
1.084e-03
1.084e-03
1.084e-03
7.225e-04
1.084e-03
2.529e-03
2.529e-03
3.251e-03
2.529e-03
3.613e-03
3.251e-03
2.168e-03
5.419e-03
5.058e-03
9.032e-03
1.770e-02
5.058e-03
7.948e-03
4.335e-03
3.613e-03
2.529e-03
2.168e-03
3.251e-03
1.806e-03
1.084e-03
1.445e-03
1.806e-03
2.168e-03
7.225e-04
0.000e+00
1.445e-03
1.084e-03
7.225e-04
7.225e-04
0.000e+00
3.613e-04
0.000e+00
0.000e+00
0.000e+00
0.000e+00
0.000e+00
0.000e+00
0.000e+00
3.613e-04
0.000e+00
0.000e+00
0.000e+00
0.000e+00
0.000e+00
0.000e+00
3.613e-04
0.000e+00
0.000e+00
0.000e+00
0.000e+00
0.000e+00
0.000e+00
0.000e+00
0.000e+00
0.000e+00
0.000e+00
0.000e+00
0.000e+00
0.000e+00
0.000e+00
0.000e+00
0.000e+00
0.000e+00
0.000e+00
0.000e+00
0.000e+00
0.000e+00
0.000e+00
0.000e+00
0.000e+00
0.000e+00
0.000e+00
0.000e+00
0.000e+00
0.000e+00
0.000e+00
0.000e+00
0.000e+00
0.000e+00
0.000e+00
0.000e+00
0.000e+00
0.000e+00
0.000e+00
0.000e+00
3.613e-04
0.000e+00
0.000e+00
0.000e+00
0.000e+00
0.000e+00
0.000e+00
0.000e+00
0.000e+00
3.613e-04
0.000e+00
0.000e+00
3.613e-04
0.000e+00
3.613e-04
3.613e-04
0.000e+00
0.000e+00
0.000e+00
0.000e+00
0.000e+00
3.613e-04
7.225e-04
0.000e+00
7.225e-04
3.613e-04
3.613e-04
1.445e-03
2.168e-03
3.251e-03
2.529e-03
3.974e-03
5.058e-03
9.754e-03
5.419e-03
5.780e-03
8.671e-03
9.032e-03
9.032e-03
1.156e-02
1.517e-02
1.192e-02
1.156e-02
9.393e-03
6.864e-03
5.058e-03
6.503e-03
6.864e-03
6.503e-03
4.335e-03
2.890e-03
4.335e-03
2.168e-03
2.890e-03
2.168e-03
1.806e-03
7.225e-04
0.000e+00
7.225e-04
3.613e-04
3.613e-04
0.000e+00
3.613e-04
3.613e-04
3.613e-04
0.000e+00
0.000e+00
0.000e+00
3.613e-04
3.613e-04
3.613e-04
3.613e-04
3.613e-04
0.000e+00
0.000e+00
0.000e+00
0.000e+00
3.613e-04
0.000e+00
0.000e+00
0.000e+00
0.000e+00
0.000e+00
0.000e+00
0.000e+00
0.000e+00
0.000e+00
0.000e+00
0.000e+00
0.000e+00
0.000e+00
0.000e+00
0.000e+00
0.000e+00
0.000e+00
0.000e+00
0.000e+00
0.000e+00
0.000e+00
0.000e+00
3.613e-04
0.000e+00
0.000e+00
0.000e+00
0.000e+00
