0.000e+00
0.000e+00
0.000e+00
0.000e+00
0.000e+00
0.000e+00
7.225e-04
7.225e-04
0.000e+00
0.000e+00
0.000e+00
0.000e+00
0.000e+00
0.000e+00
0.000e+00
0.000e+00
0.000e+00
0.000e+00
0.000e+00
0.000e+00
0.000e+00
7.225e-04
0.000e+00
0.000e+00
1.445e-03
0.000e+00
0.000e+00
0.000e+00
0.000e+00
0.000e+00
7.225e-04
0.000e+00
7.225e-04
0.000e+00
1.445e-03
0.000e+00
7.225e-04
0.000e+00
7.225e-04
0.000e+00
1.445e-03
2.890e-03
2.890e-03
3.613e-03
1.445e-03
2.168e-03
3.613e-03
5.780e-03
4.335e-03
7.948e-03
5.780e-03
8.671e-03
7.225e-03
5.780e-03
7.948e-03
1.806e-02
8.671e-03
1.228e-02
1.228e-02
1.228e-02
1.012e-02
7.948e-03
1.590e-02
1.879e-02
1.301e-02
1.662e-02
1.301e-02
1.084e-02
1.156e-02
7.225e-03
7.948e-03
9.393e-03
8.671e-03
5.780e-03
5.780e-03
5.780e-03
7.225e-04
5.780e-03
1.445e-03
5.780e-03
6.503e-03
3.613e-03
2.168e-03
5.058e-03
3.613e-03
2.168e-03
2.168e-03
2.168e-03
0.000e+00
1.445e-03
7.225e-04
0.000e+00
1.445e-03
1.445e-03
7.225e-04
7.225e-04
2.168e-03
7.225e-04
7.225e-04
7.225e-04
7.225e-04
7.225e-04
7.225e-04
0.000e+00
0.000e+00
7.225e-04
0.000e+00
0.000e+00
0.000e+00
0.000e+00
0.000e+00
0.000e+00
0.000e+00
0.000e+00
0.000e+00
0.000e+00
0.000e+00
0.000e+00
0.000e+00
0.000e+00
0.000e+00
0.000e+00
0.000e+00
0.000e+00
0.000e+00
0.000e+00
0.000e+00
0.000e+00
7.225e-04
0.000e+00
7.225e-04
0.000e+00
0.000e+00
0.000e+00
0.000e+00
0.000e+00
0.000e+00
0.000e+00
0.000e+00
0.000e+00
0.000e+00
0.000e+00
0.000e+00
0.000e+00
7.225e-04
1.445e-03
0.000e+00
1.445e-03
0.000e+00
0.000e+00
0.000e+00
1.445e-03
0.000e+00
0.000e+00
0.000e+00
7.225e-04
5.780e-03
7.225e-04
7.225e-04
7.225e-04
7.225e-04
2.168e-03
2.890e-03
1.445e-03
3.613e-03
6.503e-03
4.335e-03
2.168e-03
3.613e-03
6.503e-03
8.671e-03
9.393e-03
7.225e-03
9.393e-03
4.335e-03
6.503e-03
1.084e-02
1.445e-02
1.373e-02
8.671e-03
2.312e-02
1.012e-02
9.393e-03
8.671e-03
7.225e-03
6.503e-03
5.058e-03
4.335e-03
7.225e-03
7.948e-03
9.393e-03
4.335e-03
1.445e-03
2.890e-03
2.890e-03
2.168e-03
4.335e-03
7.225e-04
7.225e-04
0.000e+00
7.225e-04
2.168e-03
7.225e-04
7.225e-04
1.445e-03
1.445e-03
0.000e+00
7.225e-04
0.000e+00
0.000e+00
0.000e+00
0.000e+00
0.000e+00
0.000e+00
0.000e+00
0.000e+00
0.000e+00
0.000e+00
0.000e+00
0.000e+00
0.000e+00
7.225e-04
0.000e+00
7.225e-04
0.000e+00
0.000e+00
0.000e+00
0.000e+00
0.000e+00
0.000e+00
0.000e+00
0.000e+00
0.000e+00
0.000e+00
0.000e+00
0.000e+00
0.000e+00
0.000e+00
0.000e+00
0.000e+00
0.000e+00
0.000e+00
0.000e+00
0.000e+00
0.000e+00
7.225e-04
0.000e+00
7.225e-04
0.000e+00
0.000e+00
7.225e-04
0.000e+00
0.000e+00
0.000e+00
1.445e-03
0.000e+00
0.000e+00
0.000e+00
0.000e+00
7.225e-04
0.000e+00
0.000e+00
7.225e-04
0.000e+00
7.225e-04
7.225e-04
7.225e-04
1.445e-03
7.225e-04
7.225e-04
0.000e+00
7.225e-04
1.445e-03
1.445e-03
1.445e-03
6.503e-03
9.393e-03
2.168e-03
7.948e-03
7.948e-03
8.671e-03
5.780e-03
4.335e-03
2.168e-03
9.393e-03
1.012e-02
5.058e-03
5.780e-03
8.671e-03
1.156e-02
5.780e-03
7.948e-03
6.503e-03
9.393e-03
7.948e-03
1.156e-02
1.301e-02
1.156e-02
1.156e-02
1.301e-02
1.445e-02
1.301e-02
9.393e-03
1.806e-02
1.445e-02
8.671e-03
8.671e-03
5.780e-03
1.156e-02
4.335e-03
6.503e-03
3.613e-03
2.890e-03
2.168e-03
2.168e-03
2.168e-03
2.168e-03
7.225e-04
1.445e-03
7.225e-04
7.225e-04
0.000e+00
7.225e-04
7.225e-04
0.000e+00
0.000e+00
7.225e-04
0.000e+00
7.225e-04
1.445e-03
0.000e+00
0.000e+00
7.225e-04
0.000e+00
1.445e-03
0.000e+00
0.000e+00
0.000e+00
0.000e+00
7.225e-04
0.000e+00
0.000e+00
0.000e+00
0.000e+00
0.000e+00
0.000e+00
0.000e+00
0.000e+00
0.000e+00
0.000e+00
0.000e+00
0.000e+00
1.445e-03
7.225e-04
0.000e+00
0.000e+00
7.225e-04
0.000e+00
7.225e-04
0.000e+00
