0.000e+00
1.859e-04
1.859e-04
1.859e-04
3.717e-04
0.000e+00
1.859e-04
0.000e+00
0.000e+00
0.000e+00
1.859e-04
3.717e-04
0.000e+00
0.000e+00
0.000e+00
0.000e+00
0.000e+00
0.000e+00
1.859e-04
0.000e+00
0.000e+00
1.859e-04
0.000e+00
0.000e+00
3.717e-04
3.717e-04
1.859e-04
5.576e-04
1.859e-04
7.435e-04
3.717e-04
5.576e-04
0.000e+00
1.859e-04
5.576e-04
5.576e-04
5.576e-04
5.576e-04
5.576e-04
7.435e-04
1.115e-03
7.435e-04
7.435e-04
0.000e+00
1.301e-03
5.576e-04
9.294e-04
9.294e-04
2.602e-03
2.602e-03
3.346e-03
3.346e-03
2.230e-03
2.974e-03
4.089e-03
5.019e-03
5.948e-03
6.506e-03
6.134e-03
6.134e-03
6.320e-03
6.691e-03
8.736e-03
5.576e-03
7.249e-03
6.691e-03
5.576e-03
3.532e-03
3.903e-03
5.019e-03
2.602e-03
3.346e-03
3.160e-03
2.602e-03
2.602e-03
2.045e-03
2.045e-03
1.673e-03
5.576e-04
5.576e-04
1.301e-03
7.435e-04
1.487e-03
1.673e-03
1.301e-03
9.294e-04
5.576e-04
3.717e-04
3.717e-04
7.435e-04
1.115e-03
9.294e-04
3.717e-04
7.435e-04
0.000e+00
3.717e-04
3.717e-04
1.859e-04
0.000e+00
0.000e+00
0.000e+00
0.000e+00
1.859e-04
0.000e+00
0.000e+00
0.000e+00
0.000e+00
0.000e+00
3.717e-04
0.000e+00
3.717e-04
0.000e+00
0.000e+00
0.000e+00
0.000e+00
0.000e+00
0.000e+00
1.859e-04
0.000e+00
0.000e+00
0.000e+00
0.000e+00
0.000e+00
0.000e+00
1.859e-04
0.000e+00
0.000e+00
0.000e+00
1.859e-04
3.717e-04
1.859e-04
0.000e+00
7.435e-04
1.859e-04
0.000e+00
0.000e+00
1.859e-04
3.717e-04
1.859e-04
3.717e-04
1.859e-04
0.000e+00
3.717e-04
7.435e-04
5.576e-04
7.435e-04
1.859e-04
1.859e-04
3.717e-04
9.294e-04
3.717e-04
9.294e-04
9.294e-04
1.301e-03
5.576e-04
5.576e-04
3.717e-04
1.859e-03
9.294e-04
5.576e-04
1.301e-03
1.859e-04
1.673e-03
5.576e-04
1.301e-03
1.859e-03
9.294e-04
1.673e-03
1.301e-03
1.487e-03
2.974e-03
2.230e-03
3.346e-03
6.320e-03
5.204e-03
4.833e-03
3.717e-03
6.506e-03
4.647e-03
7.063e-03
1.970e-02
7.621e-03
7.435e-03
7.063e-03
5.762e-03
4.647e-03
4.647e-03
5.948e-03
5.019e-03
3.717e-03
2.045e-03
2.230e-03
2.045e-03
1.673e-03
1.673e-03
1.301e-03
1.487e-03
1.487e-03
1.115e-03
1.301e-03
1.673e-03
5.576e-04
9.294e-04
9.294e-04
7.435e-04
7.435e-04
5.576e-04
1.859e-04
5.576e-04
5.576e-04
5.576e-04
3.717e-04
7.435e-04
3.717e-04
9.294e-04
5.576e-04
9.294e-04
0.000e+00
5.576e-04
1.859e-04
1.859e-04
1.859e-04
0.000e+00
0.000e+00
0.000e+00
0.000e+00
0.000e+00
0.000e+00
1.859e-04
1.859e-04
0.000e+00
0.000e+00
0.000e+00
0.000e+00
1.859e-04
0.000e+00
0.000e+00
0.000e+00
0.000e+00
1.859e-04
0.000e+00
0.000e+00
0.000e+00
0.000e+00
0.000e+00
0.000e+00
0.000e+00
0.000e+00
0.000e+00
3.717e-04
1.859e-04
1.859e-04
5.576e-04
3.717e-04
0.000e+00
3.717e-04
0.000e+00
0.000e+00
1.859e-04
1.859e-04
1.859e-04
0.000e+00
1.859e-04
1.859e-04
3.717e-04
0.000e+00
5.576e-04
3.717e-04
5.576e-04
2.045e-03
7.435e-04
1.859e-04
1.859e-04
1.859e-04
9.294e-04
9.294e-04
1.301e-03
7.435e-04
1.673e-03
1.115e-03
5.576e-04
9.294e-04
1.301e-03
1.487e-03
1.301e-03
1.301e-03
1.487e-03
2.416e-03
3.532e-03
2.602e-03
2.974e-03
2.416e-03
4.647e-03
4.647e-03
4.647e-03
5.019e-03
7.063e-03
7.807e-03
5.390e-03
9.108e-03
5.948e-03
6.506e-03
6.134e-03
7.435e-03
4.275e-03
4.833e-03
3.346e-03
4.461e-03
3.717e-03
3.346e-03
3.160e-03
2.230e-03
2.045e-03
1.859e-03
2.045e-03
1.673e-03
1.859e-03
5.576e-04
7.435e-04
7.435e-04
9.294e-04
7.435e-04
5.576e-04
7.435e-04
5.576e-04
1.859e-04
3.717e-04
1.859e-04
3.717e-04
9.294e-04
5.576e-04
0.000e+00
3.717e-04
1.859e-04
3.717e-04
5.576e-04
1.859e-04
0.000e+00
1.859e-04
0.000e+00
0.000e+00
1.859e-04
0.000e+00
0.000e+00
0.000e+00
0.000e+00
0.000e+00
0.000e+00
0.000e+00
3.717e-04
3.717e-04
0.000e+00
1.859e-04
1.859e-04
1.859e-04
0.000e+00
0.000e+00
0.000e+00
0.000e+00
1.859e-04
