0.000e+00
0.000e+00
3.717e-04
3.717e-04
3.717e-04
0.000e+00
3.717e-04
3.717e-04
3.717e-04
0.000e+00
0.000e+00
3.717e-04
0.000e+00
3.717e-04
0.000e+00
0.000e+00
7.435e-04
3.717e-04
3.717e-04
3.717e-04
3.717e-04
0.000e+00
3.717e-04
0.000e+00
3.717e-04
0.000e+00
3.717e-04
0.000e+00
3.717e-04
7.435e-04
7.435e-04
7.435e-04
3.717e-04
7.435e-04
7.435e-04
3.717e-04
1.859e-03
7.435e-04
3.717e-04
1.115e-03
7.435e-04
2.602e-03
2.602e-03
2.602e-03
4.089e-03
4.833e-03
3.346e-03
3.717e-03
4.461e-03
3.346e-03
4.461e-03
5.576e-03
6.320e-03
7.063e-03
7.435e-03
1.041e-02
1.004e-02
8.922e-03
1.227e-02
1.450e-02
1.524e-02
1.152e-02
1.338e-02
1.190e-02
1.413e-02
1.004e-02
9.665e-03
8.922e-03
1.041e-02
7.807e-03
6.320e-03
7.807e-03
6.691e-03
4.461e-03
3.717e-03
5.204e-03
4.833e-03
1.115e-03
2.974e-03
1.859e-03
2.602e-03
2.974e-03
1.487e-03
7.435e-04
1.115e-03
1.859e-03
1.859e-03
1.859e-03
3.717e-04
2.602e-03
1.487e-03
2.974e-03
1.115e-03
7.435e-04
0.000e+00
1.115e-03
0.000e+00
3.717e-04
3.717e-04
3.717e-04
3.717e-04
0.000e+00
1.115e-03
0.000e+00
7.435e-04
0.000e+00
0.000e+00
0.000e+00
0.000e+00
0.000e+00
3.717e-04
0.000e+00
3.717e-04
0.000e+00
0.000e+00
3.717e-04
0.000e+00
3.717e-04
0.000e+00
0.000e+00
0.000e+00
7.435e-04
3.717e-04
0.000e+00
3.717e-04
7.435e-04
0.000e+00
3.717e-04
3.717e-04
0.000e+00
1.115e-03
7.435e-04
0.000e+00
7.435e-04
3.717e-04
3.717e-04
7.435e-04
3.717e-04
0.000e+00
7.435e-04
3.717e-04
7.435e-04
3.717e-04
0.000e+00
3.717e-04
7.435e-04
1.115e-03
7.435e-04
1.115e-03
0.000e+00
3.717e-04
1.115e-03
3.346e-03
7.435e-04
3.717e-04
1.487e-03
2.230e-03
1.859e-03
2.974e-03
2.230e-03
2.230e-03
2.974e-03
1.859e-03
4.089e-03
2.602e-03
1.859e-03
5.948e-03
5.948e-03
4.833e-03
6.320e-03
5.948e-03
7.807e-03
4.833e-03
7.807e-03
8.922e-03
8.922e-03
1.375e-02
7.435e-03
1.190e-02
1.041e-02
3.048e-02
1.227e-02
1.450e-02
1.115e-02
8.550e-03
8.550e-03
8.178e-03
1.078e-02
7.435e-03
9.665e-03
7.807e-03
4.833e-03
6.691e-03
5.948e-03
3.346e-03
2.974e-03
4.089e-03
5.204e-03
1.859e-03
3.717e-03
1.859e-03
2.230e-03
7.435e-04
2.230e-03
3.717e-04
3.717e-03
7.435e-04
7.435e-04
1.487e-03
2.974e-03
7.435e-04
1.487e-03
7.435e-04
1.115e-03
7.435e-04
7.435e-04
1.487e-03
1.115e-03
3.717e-04
0.000e+00
7.435e-04
0.000e+00
3.717e-04
0.000e+00
0.000e+00
3.717e-04
3.717e-04
0.000e+00
0.000e+00
3.717e-04
0.000e+00
3.717e-04
7.435e-04
0.000e+00
0.000e+00
0.000e+00
0.000e+00
0.000e+00
3.717e-04
0.000e+00
3.717e-04
0.000e+00
0.000e+00
0.000e+00
3.717e-04
0.000e+00
7.435e-04
7.435e-04
0.000e+00
7.435e-04
0.000e+00
0.000e+00
3.717e-04
0.000e+00
0.000e+00
3.717e-04
3.717e-04
0.000e+00
0.000e+00
3.717e-04
0.000e+00
0.000e+00
7.435e-04
3.717e-04
0.000e+00
7.435e-04
1.115e-03
1.487e-03
1.859e-03
3.717e-04
1.487e-03
1.115e-03
1.487e-03
1.115e-03
7.435e-04
1.859e-03
2.602e-03
2.974e-03
1.859e-03
1.859e-03
1.487e-03
3.346e-03
4.833e-03
4.833e-03
5.576e-03
2.974e-03
5.576e-03
3.346e-03
4.089e-03
2.974e-03
8.922e-03
8.550e-03
8.922e-03
6.691e-03
8.178e-03
1.190e-02
8.550e-03
8.550e-03
1.152e-02
1.636e-02
1.524e-02
1.190e-02
1.227e-02
1.413e-02
8.550e-03
7.063e-03
1.004e-02
6.691e-03
8.178e-03
5.576e-03
5.576e-03
5.948e-03
4.833e-03
5.204e-03
2.974e-03
3.717e-03
2.230e-03
2.602e-03
2.230e-03
2.230e-03
1.487e-03
1.859e-03
7.435e-04
3.717e-04
7.435e-04
7.435e-04
1.115e-03
3.717e-04
7.435e-04
1.115e-03
3.717e-04
1.115e-03
1.487e-03
0.000e+00
1.115e-03
1.115e-03
3.717e-04
1.115e-03
3.717e-04
0.000e+00
7.435e-04
3.717e-04
3.717e-04
0.000e+00
3.717e-04
0.000e+00
0.000e+00
3.717e-04
0.000e+00
0.000e+00
0.000e+00
3.717e-04
3.717e-04
3.717e-04
3.717e-04
0.000e+00
3.717e-04
0.000e+00
0.000e+00
3.717e-04
