0.000e+00
0.000e+00
0.000e+00
0.000e+00
0.000e+00
0.000e+00
0.000e+00
0.000e+00
1.529e-04
1.529e-04
0.000e+00
0.000e+00
1.529e-04
0.000e+00
0.000e+00
0.000e+00
0.000e+00
0.000e+00
0.000e+00
0.000e+00
0.000e+00
0.000e+00
0.000e+00
1.529e-04
1.529e-04
0.000e+00
3.058e-04
0.000e+00
1.529e-04
0.000e+00
0.000e+00
0.000e+00
1.529e-04
1.529e-04
1.529e-04
3.058e-04
0.000e+00
4.586e-04
6.115e-04
3.058e-04
1.529e-04
3.058e-04
4.586e-04
6.115e-04
6.115e-04
3.058e-04
4.586e-04
1.070e-03
7.644e-04
4.586e-04
1.070e-03
1.376e-03
1.835e-03
3.822e-03
2.293e-03
3.975e-03
2.905e-03
3.363e-03
4.739e-03
4.739e-03
6.880e-03
1.009e-02
7.338e-03
1.024e-02
9.937e-03
1.238e-02
1.055e-02
1.269e-02
1.024e-02
6.880e-03
3.822e-03
5.045e-03
4.434e-03
2.599e-03
1.835e-03
2.752e-03
1.682e-03
1.376e-03
1.376e-03
1.835e-03
1.529e-03
6.115e-04
7.644e-04
1.376e-03
1.223e-03
4.586e-04
4.586e-04
1.529e-04
1.529e-04
6.115e-04
7.644e-04
3.058e-04
4.586e-04
0.000e+00
1.529e-04
3.058e-04
1.529e-04
1.529e-04
1.529e-04
1.529e-04
4.586e-04
4.586e-04
4.586e-04
0.000e+00
1.529e-04
1.529e-04
0.000e+00
0.000e+00
3.058e-04
1.529e-04
0.000e+00
0.000e+00
0.000e+00
0.000e+00
1.529e-04
0.000e+00
0.000e+00
0.000e+00
0.000e+00
0.000e+00
1.529e-04
1.529e-04
1.529e-04
0.000e+00
0.000e+00
1.529e-04
0.000e+00
1.529e-04
0.000e+00
0.000e+00
0.000e+00
0.000e+00
3.058e-04
0.000e+00
0.000e+00
1.529e-04
3.058e-04
3.058e-04
0.000e+00
0.000e+00
0.000e+00
1.529e-04
3.058e-04
1.529e-04
1.529e-04
4.586e-04
1.529e-04
3.058e-04
1.529e-04
0.000e+00
1.529e-04
3.058e-04
4.586e-04
4.586e-04
3.058e-04
1.529e-04
9.173e-04
9.173e-04
4.586e-04
1.529e-04
4.586e-04
3.058e-04
1.529e-03
7.644e-04
6.115e-04
1.070e-03
1.835e-03
1.682e-03
2.140e-03
2.752e-03
4.281e-03
4.434e-03
7.644e-03
7.338e-03
1.299e-02
1.789e-02
2.064e-02
1.926e-02
2.400e-02
6.207e-02
2.550e-01
5.764e-02
2.477e-02
1.850e-02
1.483e-02
1.911e-02
9.020e-03
7.797e-03
3.822e-03
5.351e-03
3.822e-03
4.128e-03
2.599e-03
1.987e-03
2.446e-03
1.987e-03
1.223e-03
9.173e-04
1.223e-03
6.115e-04
7.644e-04
6.115e-04
1.529e-04
6.115e-04
1.529e-04
7.644e-04
0.000e+00
7.644e-04
1.529e-04
1.529e-04
3.058e-04
0.000e+00
6.115e-04
1.529e-04
1.529e-04
0.000e+00
0.000e+00
0.000e+00
0.000e+00
0.000e+00
1.529e-04
1.529e-04
0.000e+00
1.529e-04
1.529e-04
3.058e-04
1.529e-04
1.529e-04
1.529e-04
1.529e-04
0.000e+00
0.000e+00
1.529e-04
0.000e+00
3.058e-04
0.000e+00
0.000e+00
1.529e-04
0.000e+00
1.529e-04
0.000e+00
3.058e-04
0.000e+00
1.529e-04
1.529e-04
3.058e-04
0.000e+00
0.000e+00
0.000e+00
0.000e+00
0.000e+00
1.529e-04
1.529e-04
0.000e+00
1.529e-04
1.529e-04
0.000e+00
1.529e-04
7.644e-04
1.529e-04
4.586e-04
0.000e+00
4.586e-04
3.058e-04
3.058e-04
1.529e-04
3.058e-04
3.058e-04
4.586e-04
7.644e-04
0.000e+00
6.115e-04
7.644e-04
6.115e-04
6.115e-04
1.529e-03
1.529e-03
1.070e-03
2.140e-03
1.682e-03
3.211e-03
2.293e-03
1.223e-03
2.140e-03
1.682e-03
1.070e-03
3.822e-03
2.905e-03
5.198e-03
5.198e-03
6.268e-03
6.421e-03
1.131e-02
1.208e-02
9.632e-03
8.561e-03
8.867e-03
8.409e-03
9.784e-03
7.338e-03
4.586e-03
6.115e-03
4.128e-03
2.905e-03
4.128e-03
2.905e-03
1.835e-03
2.140e-03
1.529e-03
1.987e-03
1.682e-03
2.140e-03
1.070e-03
7.644e-04
7.644e-04
9.173e-04
3.058e-04
0.000e+00
6.115e-04
7.644e-04
3.058e-04
3.058e-04
1.529e-04
3.058e-04
7.644e-04
1.529e-04
3.058e-04
3.058e-04
0.000e+00
1.529e-04
1.529e-04
3.058e-04
1.529e-04
0.000e+00
0.000e+00
0.000e+00
0.000e+00
0.000e+00
0.000e+00
0.000e+00
0.000e+00
1.529e-04
0.000e+00
0.000e+00
0.000e+00
0.000e+00
0.000e+00
0.000e+00
0.000e+00
0.000e+00
0.000e+00
0.000e+00
0.000e+00
0.000e+00
0.000e+00
0.000e+00
0.000e+00
0.000e+00
1.529e-04
0.000e+00
