0.000e+00
7.644e-05
0.000e+00
0.000e+00
0.000e+00
0.000e+00
0.000e+00
0.000e+00
0.000e+00
0.000e+00
0.000e+00
0.000e+00
7.644e-05
7.644e-05
0.000e+00
0.000e+00
0.000e+00
0.000e+00
0.000e+00
0.000e+00
0.000e+00
0.000e+00
0.000e+00
0.000e+00
0.000e+00
0.000e+00
0.000e+00
0.000e+00
0.000e+00
7.644e-05
7.644e-05
0.000e+00
0.000e+00
0.000e+00
0.000e+00
0.000e+00
7.644e-05
7.644e-05
7.644e-05
7.644e-05
0.000e+00
7.644e-05
1.529e-04
0.000e+00
7.644e-05
7.644e-05
7.644e-05
2.293e-04
0.000e+00
4.586e-04
1.529e-04
3.058e-04
5.351e-04
6.115e-04
6.880e-04
7.644e-04
1.529e-03
1.376e-03
1.605e-03
1.987e-03
3.211e-03
2.828e-03
3.211e-03
3.516e-03
3.593e-03
3.593e-03
3.669e-03
3.746e-03
2.370e-03
2.293e-03
2.446e-03
2.599e-03
2.293e-03
1.376e-03
1.147e-03
3.822e-04
9.173e-04
9.173e-04
6.880e-04
3.822e-04
2.293e-04
1.529e-04
5.351e-04
2.293e-04
7.644e-05
1.529e-04
3.822e-04
0.000e+00
0.000e+00
0.000e+00
1.529e-04
0.000e+00
7.644e-05
0.000e+00
0.000e+00
0.000e+00
0.000e+00
7.644e-05
7.644e-05
0.000e+00
1.529e-04
0.000e+00
0.000e+00
0.000e+00
0.000e+00
0.000e+00
0.000e+00
0.000e+00
0.000e+00
0.000e+00
7.644e-05
0.000e+00
0.000e+00
7.644e-05
0.000e+00
0.000e+00
7.644e-05
0.000e+00
0.000e+00
7.644e-05
0.000e+00
7.644e-05
0.000e+00
2.293e-04
0.000e+00
0.000e+00
0.000e+00
0.000e+00
0.000e+00
0.000e+00
0.000e+00
0.000e+00
1.529e-04
0.000e+00
0.000e+00
7.644e-05
7.644e-05
0.000e+00
7.644e-05
0.000e+00
7.644e-05
0.000e+00
0.000e+00
7.644e-05
7.644e-05
0.000e+00
7.644e-05
0.000e+00
0.000e+00
0.000e+00
2.293e-04
7.644e-05
7.644e-05
1.529e-04
0.000e+00
1.529e-04
3.822e-04
1.529e-04
3.822e-04
2.293e-04
4.586e-04
4.586e-04
6.115e-04
1.147e-03
9.937e-04
1.223e-03
1.835e-03
1.605e-03
2.523e-03
4.051e-03
3.363e-03
4.892e-03
5.427e-03
6.192e-03
1.101e-02
1.376e-02
1.743e-02
2.232e-02
2.530e-02
3.769e-02
5.695e-02
3.799e-02
2.576e-02
2.049e-02
1.804e-02
1.200e-02
9.020e-03
7.262e-03
5.733e-03
4.663e-03
2.981e-03
2.905e-03
2.370e-03
1.605e-03
1.452e-03
1.605e-03
1.452e-03
5.351e-04
3.822e-04
3.822e-04
3.822e-04
2.293e-04
3.822e-04
4.586e-04
3.822e-04
0.000e+00
2.293e-04
2.293e-04
0.000e+00
0.000e+00
7.644e-05
7.644e-05
0.000e+00
0.000e+00
7.644e-05
0.000e+00
0.000e+00
0.000e+00
7.644e-05
0.000e+00
0.000e+00
7.644e-05
0.000e+00
0.000e+00
0.000e+00
0.000e+00
0.000e+00
0.000e+00
0.000e+00
0.000e+00
0.000e+00
1.529e-04
0.000e+00
0.000e+00
0.000e+00
0.000e+00
0.000e+00
0.000e+00
7.644e-05
0.000e+00
0.000e+00
0.000e+00
0.000e+00
0.000e+00
0.000e+00
0.000e+00
0.000e+00
7.644e-05
0.000e+00
0.000e+00
0.000e+00
0.000e+00
0.000e+00
0.000e+00
0.000e+00
0.000e+00
0.000e+00
0.000e+00
0.000e+00
0.000e+00
0.000e+00
0.000e+00
0.000e+00
1.529e-04
0.000e+00
0.000e+00
7.644e-05
0.000e+00
0.000e+00
0.000e+00
1.529e-04
7.644e-05
1.529e-04
0.000e+00
2.293e-04
2.293e-04
1.529e-04
6.115e-04
3.822e-04
1.529e-04
3.058e-04
4.586e-04
4.586e-04
5.351e-04
8.409e-04
7.644e-04
1.147e-03
1.070e-03
2.293e-03
1.835e-03
3.363e-03
2.140e-03
4.281e-03
2.828e-03
3.516e-03
4.281e-03
3.363e-03
4.128e-03
3.134e-03
2.752e-03
2.446e-03
1.147e-03
2.523e-03
1.605e-03
6.115e-04
6.880e-04
5.351e-04
6.880e-04
5.351e-04
4.586e-04
3.822e-04
3.058e-04
1.529e-04
0.000e+00
3.058e-04
0.000e+00
2.293e-04
0.000e+00
7.644e-05
1.529e-04
7.644e-05
0.000e+00
0.000e+00
7.644e-05
0.000e+00
0.000e+00
7.644e-05
0.000e+00
0.000e+00
7.644e-05
0.000e+00
0.000e+00
0.000e+00
0.000e+00
0.000e+00
7.644e-05
0.000e+00
0.000e+00
0.000e+00
0.000e+00
0.000e+00
0.000e+00
0.000e+00
0.000e+00
0.000e+00
0.000e+00
0.000e+00
0.000e+00
0.000e+00
0.000e+00
0.000e+00
0.000e+00
0.000e+00
0.000e+00
7.644e-05
0.000e+00
0.000e+00
0.000e+00
0.000e+00
0.000e+00
