0.000e+00
2.000e+00
1.000e+00
2.000e+00
4.000e+00
1.000e+00
2.000e+00
2.000e+00
2.000e+00
1.000e+00
4.000e+00
3.000e+00
1.000e+00
3.000e+00
3.000e+00
4.000e+00
3.000e+00
3.000e+00
5.000e+00
3.000e+00
6.000e+00
4.000e+00
3.000e+00
2.000e+00
4.000e+00
9.000e+00
8.000e+00
8.000e+00
1.000e+01
5.000e+00
8.000e+00
8.000e+00
3.000e+00
1.400e+01
1.600e+01
2.800e+01
1.900e+01
2.400e+01
2.900e+01
3.400e+01
4.500e+01
5.700e+01
4.800e+01
7.400e+01
1.100e+02
1.140e+02
1.360e+02
1.420e+02
1.870e+02
2.030e+02
2.500e+02
2.750e+02
3.330e+02
3.520e+02
4.060e+02
4.250e+02
5.860e+02
6.020e+02
6.020e+02
6.120e+02
6.850e+02
6.670e+02
6.710e+02
6.620e+02
6.360e+02
5.740e+02
5.330e+02
5.080e+02
4.530e+02
3.980e+02
3.090e+02
3.240e+02
2.980e+02
2.600e+02
2.360e+02
1.870e+02
1.700e+02
1.220e+02
9.800e+01
8.600e+01
7.300e+01
6.200e+01
6.600e+01
6.000e+01
4.600e+01
4.300e+01
4.200e+01
3.500e+01
2.900e+01
3.000e+01
3.200e+01
2.300e+01
9.000e+00
1.600e+01
8.000e+00
1.400e+01
1.100e+01
1.500e+01
5.000e+00
7.000e+00
1.000e+01
8.000e+00
1.100e+01
5.000e+00
1.000e+00
3.000e+00
3.000e+00
2.000e+00
7.000e+00
1.000e+00
6.000e+00
0.000e+00
1.000e+00
5.000e+00
3.000e+00
2.000e+00
2.000e+00
1.000e+00
2.000e+00
1.000e+00
3.000e+00
4.000e+00
1.000e+00
1.000e+00
1.000e+00
5.000e+00
6.000e+00
1.000e+00
2.000e+00
4.000e+00
2.000e+00
3.000e+00
1.100e+01
8.000e+00
5.000e+00
7.000e+00
8.000e+00
8.000e+00
8.000e+00
1.100e+01
1.000e+01
5.000e+00
1.800e+01
1.700e+01
1.300e+01
1.200e+01
1.800e+01
1.900e+01
1.800e+01
1.600e+01
2.000e+01
2.600e+01
2.900e+01
3.700e+01
4.300e+01
3.200e+01
4.300e+01
5.500e+01
5.300e+01
7.000e+01
8.600e+01
9.000e+01
1.360e+02
1.360e+02
1.650e+02
2.160e+02
2.180e+02
2.500e+02
3.110e+02
3.250e+02
3.560e+02
4.190e+02
5.290e+02
5.200e+02
6.760e+02
7.320e+02
7.910e+02
1.012e+03
1.061e+03
1.254e+03
1.692e+03
1.245e+03
1.086e+03
9.720e+02
8.960e+02
6.950e+02
6.370e+02
5.530e+02
4.970e+02
4.590e+02
3.370e+02
2.950e+02
3.440e+02
2.780e+02
1.990e+02
2.000e+02
1.660e+02
1.410e+02
1.380e+02
1.040e+02
8.600e+01
7.000e+01
7.000e+01
5.500e+01
6.100e+01
3.700e+01
3.700e+01
2.600e+01
2.500e+01
1.700e+01
2.600e+01
1.500e+01
2.100e+01
1.500e+01
1.300e+01
1.800e+01
1.300e+01
1.100e+01
1.100e+01
8.000e+00
1.500e+01
1.400e+01
7.000e+00
5.000e+00
4.000e+00
3.000e+00
4.000e+00
5.000e+00
5.000e+00
4.000e+00
3.000e+00
2.000e+00
4.000e+00
1.000e+00
2.000e+00
1.000e+00
1.000e+00
3.000e+00
4.000e+00
3.000e+00
3.000e+00
2.000e+00
4.000e+00
0.000e+00
2.000e+00
2.000e+00
1.000e+00
2.000e+00
2.000e+00
5.000e+00
5.000e+00
5.000e+00
6.000e+00
4.000e+00
2.000e+00
8.000e+00
7.000e+00
6.000e+00
5.000e+00
5.000e+00
8.000e+00
7.000e+00
1.100e+01
1.100e+01
1.200e+01
1.400e+01
1.000e+01
1.800e+01
1.500e+01
3.200e+01
2.000e+01
2.200e+01
2.500e+01
2.500e+01
3.500e+01
4.200e+01
4.300e+01
5.800e+01
7.000e+01
6.100e+01
7.100e+01
1.050e+02
1.030e+02
1.270e+02
1.840e+02
1.810e+02
2.110e+02
2.210e+02
3.050e+02
2.870e+02
3.620e+02
3.900e+02
4.860e+02
4.700e+02
5.070e+02
6.010e+02
6.040e+02
6.890e+02
6.290e+02
6.860e+02
6.510e+02
6.050e+02
6.210e+02
5.980e+02
5.370e+02
4.550e+02
4.190e+02
3.720e+02
3.520e+02
2.750e+02
2.210e+02
1.890e+02
1.860e+02
1.580e+02
1.510e+02
1.270e+02
1.080e+02
8.200e+01
5.500e+01
6.700e+01
4.700e+01
4.000e+01
3.100e+01
2.800e+01
2.100e+01
2.600e+01
1.700e+01
1.000e+01
1.000e+01
1.700e+01
7.000e+00
9.000e+00
1.100e+01
7.000e+00
3.000e+00
9.000e+00
2.000e+00
3.000e+00
5.000e+00
2.000e+00
2.000e+00
3.000e+00
3.000e+00
1.000e+00
3.000e+00
1.000e+00
3.000e+00
2.000e+00
2.000e+00
2.000e+00
4.000e+00
0.000e+00
1.000e+00
1.000e+00
3.000e+00
2.000e+00
0.000e+00
1.000e+00
0.000e+00
1.000e+00
