0.000e+00
2.000e+00
2.000e+00
4.000e+00
1.000e+00
2.000e+00
5.000e+00
1.000e+00
5.000e+00
3.000e+00
3.000e+00
4.000e+00
8.000e+00
4.000e+00
2.000e+00
2.000e+00
4.000e+00
3.000e+00
2.000e+00
7.000e+00
4.000e+00
6.000e+00
7.000e+00
3.000e+00
1.100e+01
1.200e+01
1.100e+01
8.000e+00
7.000e+00
1.500e+01
1.700e+01
2.900e+01
2.000e+01
2.000e+01
2.400e+01
2.400e+01
4.100e+01
4.000e+01
4.200e+01
6.000e+01
7.000e+01
8.900e+01
7.300e+01
1.080e+02
9.800e+01
1.330e+02
1.390e+02
1.730e+02
1.890e+02
2.080e+02
2.230e+02
2.410e+02
2.580e+02
2.950e+02
3.140e+02
3.940e+02
4.030e+02
4.230e+02
4.870e+02
4.960e+02
5.720e+02
5.850e+02
5.420e+02
5.330e+02
5.320e+02
5.080e+02
4.490e+02
4.440e+02
3.980e+02
3.640e+02
2.990e+02
2.840e+02
2.670e+02
2.000e+02
2.150e+02
1.560e+02
1.590e+02
1.630e+02
1.120e+02
9.700e+01
1.170e+02
7.300e+01
7.200e+01
6.200e+01
4.900e+01
6.000e+01
4.200e+01
4.000e+01
3.600e+01
3.700e+01
3.900e+01
3.100e+01
3.100e+01
1.900e+01
1.200e+01
1.700e+01
1.600e+01
9.000e+00
1.000e+01
1.500e+01
1.400e+01
1.300e+01
1.400e+01
1.300e+01
7.000e+00
9.000e+00
1.100e+01
9.000e+00
8.000e+00
6.000e+00
9.000e+00
3.000e+00
4.000e+00
1.000e+00
1.000e+00
3.000e+00
6.000e+00
3.000e+00
4.000e+00
2.000e+00
3.000e+00
7.000e+00
6.000e+00
4.000e+00
1.000e+00
9.000e+00
6.000e+00
5.000e+00
3.000e+00
7.000e+00
6.000e+00
1.000e+01
9.000e+00
4.000e+00
3.000e+00
7.000e+00
7.000e+00
1.000e+01
1.000e+01
1.300e+01
9.000e+00
1.200e+01
1.400e+01
9.000e+00
1.900e+01
1.800e+01
2.200e+01
2.200e+01
2.200e+01
2.200e+01
3.200e+01
4.200e+01
3.900e+01
4.100e+01
4.800e+01
3.500e+01
6.500e+01
6.300e+01
6.700e+01
8.400e+01
8.900e+01
1.030e+02
1.440e+02
1.380e+02
1.400e+02
1.730e+02
2.100e+02
2.360e+02
2.250e+02
2.800e+02
3.270e+02
3.340e+02
3.870e+02
4.040e+02
4.700e+02
5.410e+02
5.850e+02
6.050e+02
6.770e+02
9.310e+02
2.375e+03
8.910e+02
6.770e+02
6.170e+02
5.800e+02
5.360e+02
4.390e+02
3.730e+02
3.870e+02
3.500e+02
3.230e+02
2.840e+02
2.430e+02
2.230e+02
1.960e+02
1.590e+02
1.540e+02
1.490e+02
1.360e+02
1.170e+02
9.600e+01
9.700e+01
6.200e+01
6.600e+01
3.700e+01
6.000e+01
2.800e+01
4.400e+01
3.000e+01
4.600e+01
2.800e+01
2.300e+01
3.100e+01
2.400e+01
2.300e+01
1.300e+01
2.200e+01
1.400e+01
9.000e+00
1.200e+01
1.500e+01
9.000e+00
8.000e+00
1.000e+01
7.000e+00
1.300e+01
1.000e+01
5.000e+00
1.100e+01
8.000e+00
2.000e+00
6.000e+00
5.000e+00
4.000e+00
1.100e+01
1.000e+00
2.000e+00
4.000e+00
3.000e+00
3.000e+00
5.000e+00
6.000e+00
0.000e+00
4.000e+00
4.000e+00
5.000e+00
5.000e+00
6.000e+00
2.000e+00
9.000e+00
6.000e+00
6.000e+00
7.000e+00
1.000e+00
1.000e+01
5.000e+00
6.000e+00
1.200e+01
1.600e+01
1.000e+01
8.000e+00
1.000e+01
1.800e+01
1.700e+01
1.700e+01
1.800e+01
2.500e+01
2.500e+01
3.100e+01
2.500e+01
2.500e+01
3.200e+01
4.600e+01
3.900e+01
4.700e+01
6.200e+01
7.100e+01
7.500e+01
9.600e+01
7.800e+01
1.240e+02
9.100e+01
1.390e+02
1.580e+02
1.630e+02
1.830e+02
2.330e+02
2.040e+02
2.710e+02
2.790e+02
3.250e+02
3.680e+02
4.040e+02
3.930e+02
4.380e+02
4.750e+02
5.130e+02
5.210e+02
5.730e+02
5.760e+02
5.750e+02
5.270e+02
4.720e+02
4.590e+02
4.440e+02
3.620e+02
3.630e+02
2.900e+02
2.530e+02
2.360e+02
2.270e+02
2.200e+02
1.910e+02
1.670e+02
1.350e+02
1.180e+02
8.500e+01
8.500e+01
8.400e+01
9.900e+01
6.800e+01
5.600e+01
3.900e+01
3.100e+01
4.200e+01
2.300e+01
2.400e+01
1.900e+01
2.000e+01
2.000e+01
1.700e+01
1.900e+01
1.500e+01
1.000e+01
1.100e+01
9.000e+00
4.000e+00
1.000e+01
8.000e+00
1.000e+00
8.000e+00
9.000e+00
6.000e+00
3.000e+00
7.000e+00
2.000e+00
2.000e+00
4.000e+00
1.000e+00
1.000e+00
2.000e+00
5.000e+00
5.000e+00
3.000e+00
6.000e+00
0.000e+00
3.000e+00
2.000e+00
6.000e+00
2.000e+00
