9.115e-03
6.510e-03
9.115e-03
1.302e-02
7.812e-03
7.812e-03
9.115e-03
9.115e-03
7.812e-03
7.812e-03
6.510e-03
3.906e-03
1.302e-03
1.042e-02
3.906e-03
6.510e-03
7.812e-03
6.510e-03
1.302e-03
7.812e-03
5.208e-03
3.906e-03
0.000e+00
2.604e-03
3.906e-03
3.906e-03
1.302e-03
0.000e+00
0.000e+00
1.302e-03
1.302e-03
1.302e-03
0.000e+00
1.302e-03
0.000e+00
0.000e+00
0.000e+00
0.000e+00
1.302e-03
0.000e+00
0.000e+00
1.302e-03
0.000e+00
0.000e+00
0.000e+00
1.302e-03
0.000e+00
0.000e+00
0.000e+00
0.000e+00
0.000e+00
0.000e+00
0.000e+00
0.000e+00
0.000e+00
0.000e+00
0.000e+00
0.000e+00
0.000e+00
0.000e+00
0.000e+00
0.000e+00
1.302e-03
1.302e-03
1.302e-03
0.000e+00
0.000e+00
1.302e-03
0.000e+00
0.000e+00
0.000e+00
0.000e+00
0.000e+00
0.000e+00
0.000e+00
0.000e+00
0.000e+00
0.000e+00
1.302e-03
0.000e+00
0.000e+00
0.000e+00
1.302e-03
0.000e+00
0.000e+00
1.302e-03
0.000e+00
0.000e+00
0.000e+00
0.000e+00
2.604e-03
0.000e+00
0.000e+00
2.604e-03
0.000e+00
1.302e-03
0.000e+00
1.302e-03
0.000e+00
0.000e+00
0.000e+00
0.000e+00
1.302e-03
0.000e+00
0.000e+00
1.302e-03
0.000e+00
0.000e+00
0.000e+00
0.000e+00
0.000e+00
0.000e+00
0.000e+00
2.604e-03
0.000e+00
0.000e+00
3.906e-03
0.000e+00
0.000e+00
1.302e-03
0.000e+00
0.000e+00
0.000e+00
1.302e-03
0.000e+00
0.000e+00
0.000e+00
0.000e+00
0.000e+00
0.000e+00
0.000e+00
1.302e-03
0.000e+00
1.302e-03
1.302e-03
0.000e+00
1.302e-03
1.302e-03
0.000e+00
0.000e+00
2.604e-03
1.302e-03
0.000e+00
0.000e+00
0.000e+00
0.000e+00
1.302e-03
0.000e+00
1.302e-03
0.000e+00
0.000e+00
1.302e-03
2.604e-03
0.000e+00
0.000e+00
0.000e+00
2.604e-03
1.302e-03
0.000e+00
0.000e+00
0.000e+00
1.302e-03
0.000e+00
0.000e+00
2.604e-03
1.302e-03
0.000e+00
1.302e-03
2.604e-03
2.604e-03
0.000e+00
1.302e-03
2.604e-03
2.604e-03
3.906e-03
1.302e-03
3.906e-03
1.302e-03
1.302e-03
2.604e-03
2.604e-03
2.604e-03
1.302e-03
2.604e-03
1.302e-03
0.000e+00
1.302e-03
0.000e+00
2.604e-03
0.000e+00
2.604e-03
1.302e-03
0.000e+00
3.906e-03
0.000e+00
1.302e-03
2.604e-03
0.000e+00
0.000e+00
1.302e-03
0.000e+00
1.302e-03
1.302e-03
0.000e+00
0.000e+00
2.604e-03
1.302e-03
0.000e+00
0.000e+00
0.000e+00
0.000e+00
0.000e+00
0.000e+00
0.000e+00
0.000e+00
0.000e+00
0.000e+00
0.000e+00
1.302e-03
2.604e-03
1.302e-03
1.302e-03
1.302e-03
0.000e+00
1.302e-03
0.000e+00
1.302e-03
0.000e+00
1.302e-03
1.302e-03
1.302e-03
0.000e+00
0.000e+00
0.000e+00
2.604e-03
0.000e+00
0.000e+00
1.302e-03
1.302e-03
1.302e-03
0.000e+00
0.000e+00
2.604e-03
1.302e-03
0.000e+00
2.604e-03
0.000e+00
0.000e+00
1.302e-03
0.000e+00
0.000e+00
1.302e-03
0.000e+00
0.000e+00
0.000e+00
0.000e+00
0.000e+00
0.000e+00
1.302e-03
0.000e+00
0.000e+00
2.604e-03
0.000e+00
0.000e+00
0.000e+00
0.000e+00
0.000e+00
0.000e+00
0.000e+00
0.000e+00
0.000e+00
0.000e+00
0.000e+00
0.000e+00
0.000e+00
0.000e+00
0.000e+00
0.000e+00
0.000e+00
0.000e+00
1.302e-03
0.000e+00
0.000e+00
0.000e+00
0.000e+00
0.000e+00
0.000e+00
0.000e+00
0.000e+00
0.000e+00
0.000e+00
0.000e+00
0.000e+00
0.000e+00
1.302e-03
0.000e+00
0.000e+00
0.000e+00
0.000e+00
0.000e+00
0.000e+00
0.000e+00
0.000e+00
1.302e-03
0.000e+00
0.000e+00
1.302e-03
0.000e+00
1.302e-03
0.000e+00
0.000e+00
0.000e+00
0.000e+00
0.000e+00
0.000e+00
1.302e-03
0.000e+00
0.000e+00
1.302e-03
1.302e-03
0.000e+00
0.000e+00
0.000e+00
0.000e+00
0.000e+00
1.302e-03
2.604e-03
0.000e+00
0.000e+00
0.000e+00
0.000e+00
2.604e-03
1.302e-03
1.302e-03
0.000e+00
0.000e+00
1.302e-03
1.302e-03
5.208e-03
2.604e-03
2.604e-03
5.208e-03
3.906e-03
6.510e-03
3.906e-03
2.604e-03
1.172e-02
6.510e-03
1.562e-02
3.906e-03
5.208e-03
3.906e-03
9.115e-03
2.604e-03
7.812e-03
6.510e-03
7.812e-03
1.172e-02
1.823e-02
1.172e-02
