2.305e-02
6.724e-03
1.057e-02
7.685e-03
9.606e-03
5.764e-03
9.606e-03
6.724e-03
4.803e-03
8.646e-03
1.057e-02
3.842e-03
3.842e-03
8.646e-03
6.724e-03
6.724e-03
7.685e-03
1.057e-02
6.724e-03
4.803e-03
3.842e-03
6.724e-03
1.921e-03
0.000e+00
9.606e-03
4.803e-03
1.921e-03
3.842e-03
0.000e+00
7.685e-03
3.842e-03
1.921e-03
2.882e-03
1.921e-03
2.882e-03
2.882e-03
1.921e-03
9.606e-04
2.882e-03
3.842e-03
0.000e+00
9.606e-04
9.606e-04
1.921e-03
1.921e-03
9.606e-04
9.606e-04
9.606e-04
0.000e+00
1.921e-03
0.000e+00
1.921e-03
1.921e-03
0.000e+00
1.921e-03
0.000e+00
0.000e+00
9.606e-04
0.000e+00
0.000e+00
9.606e-04
0.000e+00
0.000e+00
0.000e+00
9.606e-04
0.000e+00
0.000e+00
9.606e-04
0.000e+00
1.921e-03
9.606e-04
0.000e+00
9.606e-04
0.000e+00
0.000e+00
0.000e+00
9.606e-04
9.606e-04
0.000e+00
9.606e-04
9.606e-04
0.000e+00
0.000e+00
9.606e-04
0.000e+00
0.000e+00
0.000e+00
9.606e-04
0.000e+00
9.606e-04
0.000e+00
0.000e+00
0.000e+00
1.921e-03
2.882e-03
9.606e-04
9.606e-04
0.000e+00
0.000e+00
1.921e-03
1.921e-03
9.606e-04
1.921e-03
0.000e+00
0.000e+00
0.000e+00
9.606e-04
2.882e-03
2.882e-03
9.606e-04
0.000e+00
9.606e-04
0.000e+00
0.000e+00
9.606e-04
0.000e+00
1.921e-03
9.606e-04
9.606e-04
2.882e-03
3.842e-03
3.842e-03
0.000e+00
1.921e-03
9.606e-04
9.606e-04
2.882e-03
0.000e+00
0.000e+00
0.000e+00
3.842e-03
2.882e-03
2.882e-03
9.606e-04
5.764e-03
3.842e-03
2.882e-03
3.842e-03
1.921e-03
1.921e-03
1.921e-03
2.882e-03
3.842e-03
1.921e-03
1.921e-03
3.842e-03
1.921e-03
2.882e-03
4.803e-03
1.921e-03
4.803e-03
3.842e-03
1.921e-03
9.606e-04
7.685e-03
4.803e-03
3.842e-03
0.000e+00
2.882e-03
2.882e-03
3.842e-03
3.842e-03
9.606e-04
0.000e+00
1.921e-03
1.921e-03
5.764e-03
9.606e-04
1.921e-03
1.921e-03
4.803e-03
3.842e-03
2.882e-03
4.803e-03
2.882e-03
3.842e-03
1.921e-03
1.921e-03
1.921e-03
1.921e-03
2.882e-03
1.921e-03
9.606e-04
3.842e-03
0.000e+00
2.882e-03
3.842e-03
2.882e-03
1.921e-03
3.842e-03
2.882e-03
4.803e-03
5.764e-03
2.882e-03
9.606e-04
1.921e-03
3.842e-03
1.921e-03
2.882e-03
2.882e-03
2.882e-03
3.842e-03
2.882e-03
7.685e-03
1.921e-03
4.803e-03
6.724e-03
1.921e-03
1.921e-03
1.921e-03
2.882e-03
2.882e-03
2.882e-03
0.000e+00
3.842e-03
1.921e-03
4.803e-03
0.000e+00
1.921e-03
5.764e-03
0.000e+00
4.803e-03
9.606e-04
9.606e-04
1.921e-03
3.842e-03
7.685e-03
9.606e-04
2.882e-03
2.882e-03
2.882e-03
1.921e-03
9.606e-04
9.606e-04
0.000e+00
9.606e-04
9.606e-04
1.921e-03
9.606e-04
1.921e-03
9.606e-04
5.764e-03
9.606e-04
1.921e-03
9.606e-04
9.606e-04
0.000e+00
0.000e+00
3.842e-03
9.606e-04
2.882e-03
0.000e+00
2.882e-03
1.921e-03
3.842e-03
3.842e-03
0.000e+00
0.000e+00
1.921e-03
9.606e-04
1.921e-03
9.606e-04
9.606e-04
0.000e+00
0.000e+00
0.000e+00
9.606e-04
9.606e-04
0.000e+00
0.000e+00
9.606e-04
0.000e+00
0.000e+00
0.000e+00
9.606e-04
2.882e-03
3.842e-03
0.000e+00
0.000e+00
0.000e+00
1.921e-03
9.606e-04
2.882e-03
9.606e-04
2.882e-03
0.000e+00
2.882e-03
9.606e-04
9.606e-04
9.606e-04
0.000e+00
0.000e+00
0.000e+00
9.606e-04
2.882e-03
9.606e-04
9.606e-04
9.606e-04
0.000e+00
2.882e-03
0.000e+00
5.764e-03
2.882e-03
9.606e-04
1.921e-03
1.921e-03
4.803e-03
1.921e-03
3.842e-03
9.606e-04
2.882e-03
0.000e+00
9.606e-04
1.921e-03
4.803e-03
2.882e-03
3.842e-03
2.882e-03
2.882e-03
8.646e-03
9.606e-04
5.764e-03
1.921e-03
2.882e-03
2.882e-03
6.724e-03
9.606e-04
4.803e-03
3.842e-03
1.921e-03
3.842e-03
4.803e-03
1.921e-03
3.842e-03
0.000e+00
5.764e-03
6.724e-03
8.646e-03
5.764e-03
1.057e-02
1.921e-03
2.882e-03
8.646e-03
1.057e-02
6.724e-03
1.249e-02
1.249e-02
1.345e-02
1.057e-02
8.646e-03
9.606e-03
9.606e-03
9.606e-03
1.057e-02
8.646e-03
5.764e-03
1.057e-02
6.724e-03
8.646e-03
6.724e-03
