7.205e-03
5.283e-03
3.842e-03
4.803e-03
3.842e-03
1.441e-03
4.323e-03
2.402e-03
2.402e-03
3.842e-03
2.402e-03
3.362e-03
2.402e-03
5.764e-03
1.441e-03
1.441e-03
1.921e-03
4.323e-03
2.402e-03
2.882e-03
9.606e-04
2.882e-03
2.882e-03
2.882e-03
3.842e-03
1.921e-03
1.441e-03
9.606e-04
1.441e-03
1.921e-03
4.323e-03
1.441e-03
0.000e+00
4.803e-04
1.441e-03
1.441e-03
1.441e-03
4.803e-04
1.921e-03
9.606e-04
0.000e+00
9.606e-04
4.803e-04
9.606e-04
2.402e-03
9.606e-04
1.441e-03
4.803e-04
4.803e-04
0.000e+00
1.441e-03
1.441e-03
0.000e+00
4.803e-04
1.441e-03
4.803e-04
9.606e-04
4.803e-04
0.000e+00
4.803e-04
0.000e+00
0.000e+00
0.000e+00
4.803e-04
0.000e+00
9.606e-04
0.000e+00
4.803e-04
0.000e+00
0.000e+00
4.803e-04
4.803e-04
4.803e-04
0.000e+00
0.000e+00
0.000e+00
4.803e-04
0.000e+00
4.803e-04
0.000e+00
4.803e-04
4.803e-04
4.803e-04
0.000e+00
0.000e+00
4.803e-04
0.000e+00
0.000e+00
0.000e+00
0.000e+00
0.000e+00
4.803e-04
0.000e+00
4.803e-04
4.803e-04
9.606e-04
0.000e+00
0.000e+00
9.606e-04
0.000e+00
0.000e+00
4.803e-04
4.803e-04
0.000e+00
0.000e+00
0.000e+00
0.000e+00
4.803e-04
0.000e+00
0.000e+00
0.000e+00
0.000e+00
9.606e-04
0.000e+00
0.000e+00
4.803e-04
9.606e-04
9.606e-04
0.000e+00
0.000e+00
0.000e+00
9.606e-04
0.000e+00
0.000e+00
0.000e+00
0.000e+00
4.803e-04
0.000e+00
4.803e-04
4.803e-04
0.000e+00
0.000e+00
4.803e-04
9.606e-04
9.606e-04
1.441e-03
1.921e-03
2.402e-03
1.921e-03
1.921e-03
2.882e-03
1.441e-03
1.921e-03
1.441e-03
2.402e-03
2.882e-03
2.882e-03
1.441e-03
9.606e-04
3.362e-03
2.882e-03
5.764e-03
3.842e-03
1.441e-03
3.842e-03
9.606e-04
1.921e-03
1.441e-03
1.441e-03
1.441e-03
3.362e-03
9.606e-04
9.606e-04
9.606e-04
3.362e-03
1.441e-03
1.921e-03
9.606e-04
9.606e-04
9.606e-04
0.000e+00
2.882e-03
9.606e-04
1.441e-03
1.441e-03
9.606e-04
4.803e-04
4.803e-04
4.803e-04
4.803e-04
4.803e-04
9.606e-04
4.803e-04
1.921e-03
1.921e-03
1.921e-03
1.921e-03
2.402e-03
1.441e-03
1.441e-03
1.921e-03
1.441e-03
4.803e-04
1.921e-03
1.441e-03
1.441e-03
1.921e-03
9.606e-04
9.606e-04
4.803e-04
0.000e+00
9.606e-04
4.803e-04
9.606e-04
4.803e-04
3.362e-03
1.441e-03
0.000e+00
2.402e-03
4.803e-04
4.803e-04
2.882e-03
1.921e-03
9.606e-04
1.921e-03
1.921e-03
0.000e+00
1.441e-03
1.921e-03
9.606e-04
1.441e-03
9.606e-04
2.402e-03
0.000e+00
1.921e-03
2.882e-03
9.606e-04
4.803e-04
9.606e-04
4.803e-04
0.000e+00
0.000e+00
9.606e-04
9.606e-04
4.803e-04
0.000e+00
4.803e-04
1.441e-03
9.606e-04
4.803e-04
4.803e-04
0.000e+00
4.803e-04
0.000e+00
4.803e-04
0.000e+00
0.000e+00
0.000e+00
1.441e-03
4.803e-04
9.606e-04
4.803e-04
4.803e-04
4.803e-04
9.606e-04
4.803e-04
9.606e-04
4.803e-04
0.000e+00
0.000e+00
0.000e+00
4.803e-04
4.803e-04
0.000e+00
0.000e+00
0.000e+00
0.000e+00
0.000e+00
0.000e+00
0.000e+00
4.803e-04
0.000e+00
4.803e-04
0.000e+00
0.000e+00
9.606e-04
0.000e+00
0.000e+00
0.000e+00
9.606e-04
9.606e-04
0.000e+00
0.000e+00
0.000e+00
4.803e-04
0.000e+00
4.803e-04
9.606e-04
4.803e-04
4.803e-04
4.803e-04
0.000e+00
9.606e-04
4.803e-04
0.000e+00
0.000e+00
4.803e-04
9.606e-04
4.803e-04
9.606e-04
4.803e-04
4.803e-04
4.803e-04
9.606e-04
9.606e-04
0.000e+00
1.441e-03
1.921e-03
9.606e-04
9.606e-04
4.803e-04
1.441e-03
3.362e-03
2.402e-03
4.323e-03
1.921e-03
4.323e-03
4.803e-03
2.402e-03
2.402e-03
4.803e-04
1.441e-03
1.441e-03
1.441e-03
1.921e-03
3.362e-03
3.842e-03
2.882e-03
3.362e-03
4.323e-03
2.882e-03
4.803e-03
3.842e-03
4.323e-03
4.323e-03
3.842e-03
1.921e-03
4.323e-03
3.842e-03
3.842e-03
4.803e-03
4.323e-03
3.842e-03
2.402e-03
6.244e-03
6.244e-03
3.362e-03
4.323e-03
5.764e-03
5.764e-03
5.283e-03
2.882e-03
5.283e-03
2.402e-03
3.842e-03
2.402e-03
7.205e-03
4.803e-03
4.803e-03
3.842e-03
