1.440e+02
9.200e+01
7.900e+01
4.900e+01
6.300e+01
4.600e+01
3.300e+01
5.300e+01
3.500e+01
6.100e+01
6.400e+01
5.300e+01
4.200e+01
5.600e+01
5.700e+01
4.000e+01
6.200e+01
6.000e+01
7.700e+01
7.600e+01
6.800e+01
6.600e+01
7.100e+01
6.900e+01
8.000e+01
5.700e+01
7.700e+01
6.100e+01
4.700e+01
8.400e+01
8.000e+01
5.400e+01
4.300e+01
4.700e+01
4.000e+01
4.700e+01
6.000e+01
5.900e+01
4.800e+01
7.300e+01
6.300e+01
8.000e+01
9.400e+01
8.100e+01
1.190e+02
1.170e+02
1.300e+02
2.020e+02
1.910e+02
1.800e+02
1.750e+02
1.360e+02
1.780e+02
1.710e+02
2.160e+02
2.090e+02
2.280e+02
2.450e+02
2.350e+02
1.720e+02
1.760e+02
1.320e+02
9.500e+01
7.100e+01
7.800e+01
9.100e+01
8.900e+01
8.800e+01
7.500e+01
8.500e+01
5.800e+01
6.400e+01
6.400e+01
5.300e+01
4.100e+01
3.900e+01
4.600e+01
3.600e+01
5.500e+01
4.100e+01
4.300e+01
4.000e+01
3.700e+01
4.400e+01
4.800e+01
4.200e+01
7.600e+01
6.400e+01
5.000e+01
3.900e+01
4.000e+01
5.300e+01
4.800e+01
4.500e+01
4.200e+01
4.200e+01
3.800e+01
4.600e+01
3.900e+01
3.700e+01
5.900e+01
4.300e+01
5.000e+01
4.100e+01
2.300e+01
2.500e+01
4.400e+01
2.800e+01
3.200e+01
3.500e+01
3.100e+01
3.600e+01
5.800e+01
3.800e+01
3.500e+01
3.700e+01
4.100e+01
4.100e+01
4.000e+01
5.100e+01
5.400e+01
3.300e+01
3.300e+01
2.000e+01
3.500e+01
2.100e+01
2.400e+01
2.700e+01
2.800e+01
2.200e+01
4.900e+01
2.400e+01
3.300e+01
3.400e+01
4.200e+01
2.600e+01
4.500e+01
2.800e+01
2.100e+01
3.100e+01
2.200e+01
4.100e+01
3.500e+01
3.300e+01
2.300e+01
2.800e+01
3.100e+01
3.100e+01
4.200e+01
4.100e+01
3.800e+01
3.200e+01
3.000e+01
3.300e+01
2.900e+01
3.300e+01
2.900e+01
2.800e+01
3.100e+01
5.000e+01
2.700e+01
4.000e+01
2.900e+01
4.000e+01
3.600e+01
2.800e+01
5.700e+01
5.900e+01
4.600e+01
6.400e+01
6.300e+01
7.300e+01
5.200e+01
8.600e+01
7.400e+01
5.600e+01
9.000e+01
6.600e+01
5.700e+01
6.100e+01
9.100e+01
8.100e+01
7.900e+01
4.700e+01
6.300e+01
6.300e+01
5.200e+01
6.700e+01
4.300e+01
7.100e+01
5.700e+01
3.200e+01
5.300e+01
5.100e+01
3.100e+01
4.800e+01
3.400e+01
4.000e+01
4.100e+01
4.200e+01
4.100e+01
3.400e+01
3.600e+01
3.800e+01
2.900e+01
4.300e+01
2.400e+01
2.700e+01
4.300e+01
1.900e+01
3.700e+01
1.900e+01
4.400e+01
3.900e+01
3.600e+01
3.600e+01
3.700e+01
2.500e+01
3.800e+01
5.300e+01
2.700e+01
2.200e+01
2.700e+01
5.100e+01
3.500e+01
2.300e+01
2.700e+01
3.500e+01
2.100e+01
3.800e+01
2.400e+01
3.500e+01
3.500e+01
4.800e+01
3.000e+01
4.200e+01
2.100e+01
6.000e+01
4.000e+01
3.700e+01
5.200e+01
3.000e+01
4.500e+01
4.100e+01
3.400e+01
3.800e+01
3.800e+01
2.300e+01
5.200e+01
2.300e+01
3.500e+01
3.900e+01
4.200e+01
4.300e+01
2.000e+01
2.800e+01
4.600e+01
2.100e+01
4.000e+01
4.000e+01
4.800e+01
3.700e+01
3.400e+01
5.300e+01
4.000e+01
5.500e+01
4.300e+01
5.100e+01
5.500e+01
4.700e+01
5.100e+01
4.000e+01
5.500e+01
4.000e+01
5.600e+01
5.800e+01
5.000e+01
4.900e+01
5.700e+01
4.400e+01
4.400e+01
5.500e+01
4.300e+01
4.000e+01
4.400e+01
5.200e+01
4.500e+01
4.600e+01
7.200e+01
5.900e+01
4.400e+01
6.000e+01
8.800e+01
6.200e+01
7.900e+01
8.000e+01
7.600e+01
8.900e+01
8.900e+01
8.200e+01
1.210e+02
2.030e+02
2.530e+02
2.780e+02
2.290e+02
1.950e+02
1.880e+02
1.650e+02
1.720e+02
1.490e+02
1.350e+02
1.370e+02
1.880e+02
1.490e+02
1.430e+02
1.220e+02
8.400e+01
9.200e+01
6.400e+01
6.200e+01
8.000e+01
8.800e+01
8.100e+01
4.900e+01
7.300e+01
6.200e+01
4.700e+01
5.400e+01
4.700e+01
5.100e+01
7.900e+01
6.200e+01
4.500e+01
6.900e+01
6.900e+01
7.900e+01
6.400e+01
6.600e+01
7.000e+01
5.800e+01
7.800e+01
5.300e+01
6.300e+01
7.300e+01
6.200e+01
6.200e+01
4.100e+01
7.500e+01
4.200e+01
4.700e+01
4.900e+01
3.900e+01
6.300e+01
7.300e+01
4.700e+01
4.800e+01
4.200e+01
6.100e+01
7.400e+01
1.120e+02
