8.100e+01
7.400e+01
5.500e+01
4.700e+01
4.200e+01
3.700e+01
5.100e+01
4.700e+01
3.800e+01
4.400e+01
5.600e+01
6.600e+01
4.600e+01
4.600e+01
5.100e+01
3.000e+01
5.300e+01
5.600e+01
6.000e+01
6.000e+01
4.500e+01
6.900e+01
5.800e+01
6.900e+01
5.500e+01
5.100e+01
5.500e+01
9.000e+01
6.300e+01
7.400e+01
6.100e+01
6.000e+01
5.400e+01
6.400e+01
5.200e+01
6.200e+01
5.800e+01
4.800e+01
7.300e+01
6.100e+01
9.300e+01
1.120e+02
1.080e+02
1.190e+02
1.740e+02
1.650e+02
1.800e+02
1.840e+02
1.920e+02
2.090e+02
2.270e+02
2.410e+02
2.460e+02
1.980e+02
2.150e+02
2.140e+02
2.040e+02
2.060e+02
1.460e+02
1.470e+02
9.600e+01
9.900e+01
9.100e+01
7.200e+01
6.400e+01
9.100e+01
6.900e+01
7.100e+01
7.500e+01
5.600e+01
6.800e+01
5.000e+01
5.100e+01
7.200e+01
3.800e+01
7.100e+01
6.500e+01
6.500e+01
4.700e+01
5.800e+01
6.200e+01
6.300e+01
5.700e+01
4.300e+01
5.500e+01
5.700e+01
3.200e+01
5.700e+01
4.400e+01
6.500e+01
5.000e+01
2.900e+01
5.100e+01
3.200e+01
3.300e+01
4.500e+01
4.100e+01
3.800e+01
2.500e+01
4.100e+01
3.500e+01
2.400e+01
2.100e+01
3.000e+01
3.300e+01
1.400e+01
2.200e+01
2.500e+01
2.700e+01
2.700e+01
2.300e+01
2.300e+01
2.500e+01
2.800e+01
3.800e+01
3.400e+01
3.300e+01
3.900e+01
2.200e+01
4.600e+01
3.200e+01
3.600e+01
2.000e+01
3.100e+01
3.800e+01
1.500e+01
2.300e+01
1.900e+01
2.000e+01
3.200e+01
3.300e+01
1.700e+01
2.200e+01
1.900e+01
2.700e+01
2.100e+01
2.000e+01
2.500e+01
2.500e+01
2.500e+01
1.800e+01
2.500e+01
2.500e+01
2.700e+01
2.700e+01
3.700e+01
2.500e+01
3.900e+01
3.600e+01
5.300e+01
4.400e+01
4.100e+01
3.900e+01
6.000e+01
4.900e+01
4.700e+01
4.600e+01
3.700e+01
3.200e+01
5.400e+01
2.000e+01
3.900e+01
2.700e+01
4.100e+01
4.300e+01
7.300e+01
5.000e+01
6.900e+01
5.900e+01
6.900e+01
8.200e+01
8.700e+01
6.500e+01
7.600e+01
8.500e+01
9.300e+01
9.600e+01
9.000e+01
8.700e+01
9.200e+01
1.600e+02
9.100e+01
9.200e+01
1.120e+02
6.600e+01
9.300e+01
8.500e+01
7.800e+01
8.400e+01
7.800e+01
8.600e+01
7.100e+01
5.200e+01
4.100e+01
4.800e+01
5.700e+01
5.700e+01
5.400e+01
5.900e+01
3.000e+01
5.400e+01
3.900e+01
5.100e+01
3.700e+01
3.500e+01
5.400e+01
3.100e+01
3.800e+01
4.700e+01
4.100e+01
5.500e+01
3.800e+01
3.000e+01
3.700e+01
4.000e+01
3.400e+01
2.900e+01
3.400e+01
2.200e+01
1.700e+01
2.500e+01
2.000e+01
2.000e+01
2.500e+01
3.300e+01
2.100e+01
2.400e+01
1.500e+01
4.500e+01
2.000e+01
2.800e+01
2.100e+01
2.500e+01
1.900e+01
3.600e+01
2.700e+01
3.700e+01
2.900e+01
3.900e+01
3.700e+01
2.700e+01
2.800e+01
2.500e+01
2.500e+01
4.000e+01
2.900e+01
3.400e+01
1.500e+01
1.300e+01
2.700e+01
3.000e+01
3.400e+01
2.400e+01
2.600e+01
1.600e+01
3.000e+01
3.000e+01
3.200e+01
2.100e+01
2.900e+01
4.100e+01
4.100e+01
3.100e+01
2.500e+01
2.800e+01
2.300e+01
3.600e+01
4.500e+01
5.200e+01
5.100e+01
3.500e+01
3.500e+01
4.700e+01
6.300e+01
6.300e+01
5.600e+01
5.500e+01
5.000e+01
5.200e+01
5.900e+01
6.600e+01
5.400e+01
4.000e+01
6.300e+01
4.400e+01
5.500e+01
5.200e+01
6.100e+01
9.800e+01
4.400e+01
6.900e+01
5.200e+01
7.600e+01
6.200e+01
5.500e+01
5.800e+01
7.900e+01
6.600e+01
9.400e+01
1.130e+02
1.290e+02
1.250e+02
1.500e+02
1.970e+02
2.020e+02
2.150e+02
2.060e+02
2.260e+02
1.870e+02
2.310e+02
2.110e+02
2.070e+02
2.050e+02
2.200e+02
1.690e+02
1.490e+02
1.480e+02
1.150e+02
1.310e+02
1.270e+02
8.600e+01
7.300e+01
6.400e+01
8.700e+01
5.800e+01
6.600e+01
4.400e+01
5.800e+01
5.600e+01
4.300e+01
7.200e+01
7.300e+01
6.800e+01
4.600e+01
6.300e+01
7.000e+01
6.200e+01
8.600e+01
6.400e+01
6.800e+01
6.700e+01
5.200e+01
3.600e+01
4.900e+01
6.300e+01
5.800e+01
5.000e+01
4.400e+01
3.200e+01
5.800e+01
3.200e+01
3.700e+01
5.100e+01
5.800e+01
5.200e+01
7.100e+01
5.700e+01
4.600e+01
7.000e+01
8.600e+01
