2.248e-02
1.305e-02
1.015e-02
8.702e-03
1.233e-02
1.450e-02
5.076e-03
6.526e-03
1.233e-02
1.015e-02
1.015e-02
1.015e-02
1.015e-02
8.702e-03
1.088e-02
8.702e-03
8.702e-03
5.801e-03
4.351e-03
8.702e-03
6.526e-03
3.626e-03
3.626e-03
4.351e-03
3.626e-03
5.801e-03
1.450e-03
2.175e-03
2.901e-03
4.351e-03
3.626e-03
3.626e-03
5.076e-03
2.901e-03
2.901e-03
7.252e-04
1.450e-03
5.076e-03
2.901e-03
0.000e+00
0.000e+00
0.000e+00
1.450e-03
0.000e+00
7.252e-04
2.175e-03
7.252e-04
2.901e-03
1.450e-03
1.450e-03
1.450e-03
0.000e+00
0.000e+00
1.450e-03
7.252e-04
1.450e-03
7.252e-04
7.252e-04
7.252e-04
0.000e+00
7.252e-04
0.000e+00
7.252e-04
0.000e+00
0.000e+00
7.252e-04
7.252e-04
1.450e-03
0.000e+00
7.252e-04
1.450e-03
0.000e+00
7.252e-04
0.000e+00
0.000e+00
0.000e+00
0.000e+00
0.000e+00
0.000e+00
0.000e+00
0.000e+00
7.252e-04
0.000e+00
2.175e-03
1.450e-03
1.450e-03
7.252e-04
7.252e-04
7.252e-04
1.450e-03
7.252e-04
7.252e-04
0.000e+00
0.000e+00
7.252e-04
1.450e-03
2.175e-03
7.252e-04
0.000e+00
0.000e+00
0.000e+00
0.000e+00
0.000e+00
1.450e-03
2.175e-03
0.000e+00
1.450e-03
1.450e-03
1.450e-03
7.252e-04
7.252e-04
7.252e-04
2.901e-03
1.450e-03
1.450e-03
0.000e+00
1.450e-03
3.626e-03
1.450e-03
2.175e-03
0.000e+00
7.252e-04
7.252e-04
2.175e-03
2.175e-03
0.000e+00
1.450e-03
7.252e-04
1.450e-03
7.252e-04
1.450e-03
0.000e+00
2.175e-03
1.450e-03
1.450e-03
2.901e-03
1.450e-03
2.175e-03
7.252e-04
7.252e-04
2.175e-03
1.450e-03
3.626e-03
2.175e-03
7.252e-04
5.801e-03
4.351e-03
2.901e-03
1.450e-03
2.175e-03
1.450e-03
2.175e-03
3.626e-03
3.626e-03
4.351e-03
4.351e-03
2.901e-03
4.351e-03
2.901e-03
4.351e-03
3.626e-03
2.901e-03
4.351e-03
4.351e-03
4.351e-03
2.175e-03
6.526e-03
5.801e-03
6.526e-03
5.801e-03
5.076e-03
1.450e-03
4.351e-03
5.076e-03
3.626e-03
4.351e-03
3.626e-03
7.252e-04
5.076e-03
9.427e-03
1.450e-02
1.015e-02
3.626e-03
5.076e-03
4.351e-03
3.626e-03
3.626e-03
4.351e-03
2.901e-03
7.252e-04
2.901e-03
2.175e-03
2.901e-03
1.450e-03
5.801e-03
3.626e-03
6.526e-03
0.000e+00
3.626e-03
4.351e-03
2.901e-03
5.076e-03
2.175e-03
2.175e-03
7.977e-03
2.175e-03
5.801e-03
2.901e-03
2.901e-03
3.626e-03
2.175e-03
4.351e-03
3.626e-03
4.351e-03
2.901e-03
3.626e-03
2.901e-03
1.450e-03
7.252e-04
2.901e-03
0.000e+00
2.901e-03
4.351e-03
2.901e-03
2.901e-03
2.901e-03
1.450e-03
4.351e-03
3.626e-03
2.175e-03
0.000e+00
2.175e-03
7.252e-04
2.175e-03
1.450e-03
1.450e-03
2.175e-03
0.000e+00
2.175e-03
1.450e-03
7.252e-04
2.175e-03
2.175e-03
0.000e+00
2.175e-03
2.175e-03
0.000e+00
2.901e-03
2.175e-03
1.450e-03
0.000e+00
0.000e+00
1.450e-03
2.901e-03
1.450e-03
2.175e-03
7.252e-04
1.450e-03
0.000e+00
1.450e-03
7.252e-04
0.000e+00
0.000e+00
7.252e-04
7.252e-04
1.450e-03
1.450e-03
7.252e-04
0.000e+00
7.252e-04
7.252e-04
0.000e+00
0.000e+00
1.450e-03
0.000e+00
0.000e+00
0.000e+00
0.000e+00
0.000e+00
7.252e-04
0.000e+00
7.252e-04
0.000e+00
0.000e+00
0.000e+00
1.450e-03
0.000e+00
7.252e-04
0.000e+00
0.000e+00
0.000e+00
7.252e-04
0.000e+00
7.252e-04
7.252e-04
0.000e+00
7.252e-04
0.000e+00
7.252e-04
7.252e-04
7.252e-04
0.000e+00
7.252e-04
0.000e+00
7.252e-04
0.000e+00
2.901e-03
7.252e-04
0.000e+00
7.252e-04
7.252e-04
2.175e-03
2.175e-03
1.450e-03
0.000e+00
1.450e-03
7.252e-04
1.450e-03
7.252e-04
4.351e-03
2.901e-03
2.901e-03
2.901e-03
2.901e-03
4.351e-03
7.252e-04
1.450e-03
2.175e-03
2.175e-03
2.901e-03
2.901e-03
4.351e-03
3.626e-03
5.076e-03
7.252e-03
5.076e-03
2.901e-03
2.901e-03
3.626e-03
5.076e-03
5.076e-03
7.977e-03
6.526e-03
7.977e-03
3.626e-03
9.427e-03
7.252e-03
1.233e-02
9.427e-03
6.526e-03
1.305e-02
7.977e-03
1.015e-02
7.977e-03
8.702e-03
5.801e-03
8.702e-03
9.427e-03
7.977e-03
6.526e-03
