6.526e-03
5.801e-03
7.977e-03
8.339e-03
6.889e-03
4.714e-03
6.889e-03
6.889e-03
5.801e-03
5.801e-03
7.252e-03
4.351e-03
2.901e-03
3.988e-03
5.076e-03
4.351e-03
5.801e-03
4.351e-03
3.988e-03
4.714e-03
3.626e-03
2.538e-03
3.263e-03
2.175e-03
4.351e-03
3.626e-03
1.088e-03
1.088e-03
1.450e-03
2.538e-03
2.175e-03
1.088e-03
1.450e-03
1.450e-03
7.252e-04
0.000e+00
3.626e-04
1.088e-03
1.450e-03
7.252e-04
7.252e-04
3.626e-04
3.626e-04
0.000e+00
0.000e+00
3.626e-04
0.000e+00
3.626e-04
0.000e+00
0.000e+00
0.000e+00
0.000e+00
3.626e-04
0.000e+00
0.000e+00
0.000e+00
7.252e-04
0.000e+00
3.626e-04
0.000e+00
0.000e+00
0.000e+00
1.088e-03
3.626e-04
3.626e-04
0.000e+00
3.626e-04
3.626e-04
0.000e+00
3.626e-04
3.626e-04
0.000e+00
0.000e+00
0.000e+00
7.252e-04
0.000e+00
0.000e+00
0.000e+00
3.626e-04
0.000e+00
0.000e+00
0.000e+00
3.626e-04
0.000e+00
0.000e+00
3.626e-04
3.626e-04
0.000e+00
0.000e+00
0.000e+00
7.252e-04
0.000e+00
3.626e-04
1.088e-03
0.000e+00
3.626e-04
0.000e+00
7.252e-04
0.000e+00
3.626e-04
3.626e-04
3.626e-04
1.450e-03
0.000e+00
0.000e+00
3.626e-04
3.626e-04
0.000e+00
1.450e-03
3.626e-04
0.000e+00
0.000e+00
3.626e-04
1.088e-03
3.626e-04
0.000e+00
2.538e-03
3.626e-04
7.252e-04
1.088e-03
7.252e-04
7.252e-04
3.626e-04
7.252e-04
7.252e-04
7.252e-04
3.626e-04
7.252e-04
3.626e-04
3.626e-04
7.252e-04
7.252e-04
0.000e+00
1.450e-03
1.450e-03
7.252e-04
1.088e-03
1.450e-03
3.626e-04
1.088e-03
1.088e-03
1.088e-03
0.000e+00
0.000e+00
1.088e-03
7.252e-04
1.088e-03
3.626e-04
1.088e-03
1.450e-03
1.088e-03
1.450e-03
1.088e-03
1.813e-03
7.252e-04
7.252e-04
1.088e-03
1.450e-03
1.088e-03
2.538e-03
2.175e-03
1.813e-03
1.088e-03
1.450e-03
1.813e-03
2.175e-03
1.450e-03
1.450e-03
2.538e-03
4.351e-03
1.450e-03
2.175e-03
3.263e-03
2.175e-03
2.901e-03
2.538e-03
2.538e-03
3.263e-03
2.175e-03
2.901e-03
3.626e-03
3.988e-03
2.175e-03
3.626e-03
1.450e-03
3.626e-03
1.450e-03
1.813e-03
2.175e-03
2.175e-03
2.175e-03
3.626e-04
7.252e-04
2.901e-03
1.813e-03
3.626e-03
1.450e-03
1.088e-03
0.000e+00
3.626e-04
1.088e-03
1.813e-03
1.088e-03
1.813e-03
2.538e-03
3.626e-03
2.538e-03
1.813e-03
7.252e-04
3.626e-04
7.252e-04
7.252e-04
1.450e-03
7.252e-04
1.813e-03
7.252e-04
7.252e-04
1.088e-03
1.450e-03
1.088e-03
1.088e-03
1.813e-03
1.450e-03
3.626e-04
1.450e-03
1.088e-03
7.252e-04
1.450e-03
3.626e-04
1.088e-03
1.088e-03
0.000e+00
1.450e-03
7.252e-04
1.450e-03
3.626e-04
0.000e+00
7.252e-04
1.088e-03
3.626e-04
3.626e-04
3.626e-04
1.450e-03
1.450e-03
3.626e-04
7.252e-04
0.000e+00
3.626e-04
3.626e-04
0.000e+00
3.626e-04
3.626e-04
3.626e-04
3.626e-04
3.626e-04
0.000e+00
3.626e-04
3.626e-04
3.626e-04
3.626e-04
3.626e-04
1.450e-03
3.626e-04
3.626e-04
0.000e+00
0.000e+00
7.252e-04
0.000e+00
0.000e+00
0.000e+00
0.000e+00
3.626e-04
0.000e+00
3.626e-04
0.000e+00
0.000e+00
0.000e+00
0.000e+00
0.000e+00
0.000e+00
3.626e-04
0.000e+00
0.000e+00
0.000e+00
3.626e-04
0.000e+00
0.000e+00
0.000e+00
0.000e+00
0.000e+00
0.000e+00
0.000e+00
0.000e+00
0.000e+00
7.252e-04
3.626e-04
0.000e+00
0.000e+00
0.000e+00
0.000e+00
3.626e-04
0.000e+00
0.000e+00
7.252e-04
3.626e-04
3.626e-04
3.626e-04
0.000e+00
7.252e-04
7.252e-04
0.000e+00
3.626e-04
3.626e-04
3.626e-04
0.000e+00
3.626e-04
0.000e+00
1.088e-03
7.252e-04
1.450e-03
0.000e+00
7.252e-04
0.000e+00
7.252e-04
1.088e-03
2.175e-03
1.813e-03
3.626e-04
1.813e-03
7.252e-04
1.088e-03
1.450e-03
7.252e-04
7.252e-04
7.252e-04
1.088e-03
2.538e-03
2.538e-03
5.076e-03
2.901e-03
5.076e-03
4.351e-03
3.626e-03
5.439e-03
5.801e-03
4.351e-03
5.439e-03
5.076e-03
6.889e-03
5.076e-03
3.626e-03
2.901e-03
5.439e-03
2.901e-03
4.714e-03
5.076e-03
6.889e-03
7.977e-03
8.339e-03
9.065e-03
