1.529e-02
7.644e-03
6.295e-03
5.845e-03
5.396e-03
3.597e-03
7.644e-03
4.496e-03
4.496e-03
9.442e-03
6.745e-03
5.845e-03
5.396e-03
5.845e-03
6.295e-03
6.295e-03
4.047e-03
7.194e-03
3.147e-03
3.597e-03
3.597e-03
5.845e-03
2.248e-03
8.993e-04
6.295e-03
4.946e-03
3.147e-03
3.147e-03
2.248e-03
5.845e-03
3.147e-03
1.349e-03
2.248e-03
1.799e-03
2.248e-03
3.597e-03
1.349e-03
2.698e-03
2.248e-03
3.147e-03
4.496e-04
2.698e-03
1.349e-03
2.698e-03
3.147e-03
1.799e-03
2.698e-03
3.147e-03
3.147e-03
3.597e-03
4.047e-03
3.147e-03
2.248e-03
8.993e-04
1.349e-03
4.496e-04
8.993e-04
8.993e-04
4.496e-04
8.993e-04
1.349e-03
4.496e-04
8.993e-04
8.993e-04
1.349e-03
8.993e-04
0.000e+00
4.496e-04
4.496e-04
8.993e-04
1.349e-03
0.000e+00
4.496e-04
4.496e-04
1.349e-03
1.349e-03
1.799e-03
8.993e-04
4.496e-04
8.993e-04
8.993e-04
1.349e-03
4.496e-04
8.993e-04
0.000e+00
8.993e-04
4.496e-04
4.496e-04
2.248e-03
8.993e-04
4.496e-04
8.993e-04
4.496e-04
1.349e-03
1.349e-03
8.993e-04
1.349e-03
8.993e-04
8.993e-04
8.993e-04
2.248e-03
8.993e-04
2.248e-03
4.496e-04
1.349e-03
3.597e-03
1.349e-03
1.799e-03
3.147e-03
1.349e-03
8.993e-04
4.496e-04
8.993e-04
1.349e-03
1.349e-03
3.147e-03
1.349e-03
3.147e-03
2.248e-03
2.248e-03
2.698e-03
3.147e-03
1.799e-03
1.799e-03
2.698e-03
1.799e-03
2.248e-03
4.496e-04
0.000e+00
8.993e-04
2.248e-03
1.799e-03
1.799e-03
2.248e-03
3.147e-03
4.047e-03
4.047e-03
3.597e-03
2.698e-03
1.799e-03
4.047e-03
4.946e-03
2.248e-03
2.248e-03
1.349e-03
4.047e-03
2.248e-03
5.845e-03
4.047e-03
5.396e-03
4.946e-03
4.047e-03
1.349e-03
1.799e-03
4.946e-03
3.147e-03
2.698e-03
2.698e-03
2.698e-03
2.248e-03
2.248e-03
3.597e-03
1.349e-03
4.496e-04
8.993e-04
1.799e-03
4.047e-03
1.799e-03
1.349e-03
3.597e-03
3.597e-03
2.248e-03
2.248e-03
3.147e-03
3.147e-03
3.147e-03
1.349e-03
1.349e-03
1.799e-03
1.349e-03
1.799e-03
3.147e-03
8.993e-04
2.698e-03
1.799e-03
2.248e-03
2.248e-03
2.698e-03
2.698e-03
4.047e-03
2.248e-03
3.147e-03
3.597e-03
3.147e-03
1.799e-03
2.698e-03
3.147e-03
1.349e-03
2.698e-03
3.147e-03
4.496e-03
4.047e-03
2.698e-03
4.946e-03
1.799e-03
2.248e-03
4.047e-03
1.799e-03
2.248e-03
2.248e-03
2.248e-03
3.597e-03
2.248e-03
1.349e-03
2.698e-03
2.698e-03
5.396e-03
2.698e-03
2.248e-03
4.946e-03
3.147e-03
4.047e-03
4.496e-04
4.047e-03
3.147e-03
2.698e-03
4.496e-03
1.799e-03
1.349e-03
1.799e-03
1.799e-03
1.349e-03
8.993e-04
1.799e-03
1.349e-03
1.799e-03
2.698e-03
8.993e-04
1.349e-03
2.248e-03
2.248e-03
3.597e-03
1.799e-03
2.698e-03
2.248e-03
2.248e-03
4.496e-04
2.248e-03
4.946e-03
2.248e-03
2.248e-03
4.496e-04
1.799e-03
1.799e-03
2.698e-03
3.147e-03
8.993e-04
1.799e-03
2.248e-03
1.799e-03
2.248e-03
1.799e-03
1.799e-03
8.993e-04
1.349e-03
0.000e+00
2.248e-03
1.799e-03
4.496e-04
1.349e-03
8.993e-04
1.349e-03
1.349e-03
4.496e-04
4.496e-04
2.248e-03
1.799e-03
8.993e-04
0.000e+00
1.349e-03
1.799e-03
8.993e-04
3.147e-03
1.799e-03
2.248e-03
4.496e-04
1.799e-03
1.349e-03
8.993e-04
8.993e-04
0.000e+00
4.496e-04
3.147e-03
1.349e-03
2.698e-03
4.496e-04
2.248e-03
1.349e-03
1.349e-03
2.698e-03
1.799e-03
4.047e-03
3.147e-03
2.698e-03
2.698e-03
1.799e-03
4.496e-03
3.597e-03
3.147e-03
2.248e-03
4.047e-03
4.946e-03
3.597e-03
5.396e-03
5.396e-03
3.597e-03
5.396e-03
6.295e-03
3.147e-03
6.295e-03
8.993e-04
6.295e-03
2.698e-03
4.047e-03
1.799e-03
4.946e-03
3.147e-03
3.597e-03
3.147e-03
2.248e-03
4.496e-03
6.745e-03
1.799e-03
3.597e-03
1.349e-03
5.396e-03
5.396e-03
4.946e-03
7.644e-03
5.396e-03
3.597e-03
2.248e-03
7.194e-03
7.644e-03
6.295e-03
8.094e-03
7.194e-03
8.094e-03
8.094e-03
7.644e-03
7.644e-03
5.845e-03
8.993e-03
7.194e-03
6.745e-03
4.047e-03
8.543e-03
6.295e-03
6.745e-03
6.745e-03
