5.171e-03
4.047e-03
3.822e-03
3.822e-03
5.396e-03
2.023e-03
4.272e-03
1.574e-03
2.923e-03
3.147e-03
2.923e-03
2.698e-03
3.372e-03
4.272e-03
3.147e-03
1.349e-03
2.698e-03
3.822e-03
1.799e-03
2.248e-03
1.574e-03
2.473e-03
2.473e-03
2.023e-03
2.923e-03
1.799e-03
1.124e-03
6.745e-04
1.124e-03
2.248e-03
2.923e-03
1.574e-03
6.745e-04
1.799e-03
8.993e-04
1.124e-03
1.349e-03
8.993e-04
1.349e-03
1.124e-03
8.993e-04
1.124e-03
8.993e-04
8.993e-04
1.574e-03
8.993e-04
1.349e-03
6.745e-04
6.745e-04
2.248e-04
8.993e-04
6.745e-04
6.745e-04
4.496e-04
1.124e-03
6.745e-04
4.496e-04
8.993e-04
0.000e+00
4.496e-04
4.496e-04
6.745e-04
0.000e+00
4.496e-04
0.000e+00
8.993e-04
0.000e+00
4.496e-04
2.248e-04
2.248e-04
2.248e-04
2.248e-04
4.496e-04
0.000e+00
0.000e+00
0.000e+00
2.248e-04
0.000e+00
2.248e-04
0.000e+00
2.248e-04
4.496e-04
4.496e-04
0.000e+00
0.000e+00
2.248e-04
2.248e-04
0.000e+00
2.248e-04
2.248e-04
0.000e+00
2.248e-04
6.745e-04
6.745e-04
4.496e-04
6.745e-04
0.000e+00
4.496e-04
1.124e-03
0.000e+00
0.000e+00
1.124e-03
8.993e-04
6.745e-04
2.248e-04
2.248e-04
4.496e-04
4.496e-04
0.000e+00
0.000e+00
2.248e-04
2.248e-04
8.993e-04
1.124e-03
8.993e-04
4.496e-04
1.349e-03
8.993e-04
2.248e-04
8.993e-04
4.496e-04
6.745e-04
4.496e-04
4.496e-04
4.496e-04
6.745e-04
4.496e-04
6.745e-04
4.496e-04
2.248e-04
4.496e-04
8.993e-04
1.574e-03
1.574e-03
1.349e-03
1.124e-03
8.993e-04
1.574e-03
1.349e-03
2.023e-03
2.248e-03
1.349e-03
1.574e-03
2.023e-03
2.473e-03
2.023e-03
1.799e-03
1.349e-03
2.248e-03
2.473e-03
1.799e-03
2.923e-03
2.473e-03
1.574e-03
2.248e-03
1.349e-03
2.248e-03
1.574e-03
2.023e-03
1.349e-03
2.248e-03
1.349e-03
8.993e-04
2.023e-03
1.799e-03
1.799e-03
1.799e-03
1.574e-03
1.124e-03
1.574e-03
6.745e-04
2.023e-03
1.799e-03
1.349e-03
1.799e-03
6.745e-04
6.745e-04
6.745e-04
1.799e-03
8.993e-04
2.248e-04
8.993e-04
1.124e-03
1.349e-03
8.993e-04
1.799e-03
1.574e-03
1.574e-03
1.349e-03
1.349e-03
2.023e-03
2.248e-03
1.574e-03
1.799e-03
1.124e-03
1.124e-03
1.799e-03
1.574e-03
1.124e-03
6.745e-04
8.993e-04
6.745e-04
6.745e-04
1.349e-03
4.496e-04
2.023e-03
1.349e-03
4.496e-04
1.799e-03
1.124e-03
8.993e-04
1.349e-03
1.574e-03
1.124e-03
8.993e-04
1.574e-03
1.349e-03
1.349e-03
1.124e-03
8.993e-04
1.574e-03
1.574e-03
2.473e-03
4.496e-04
1.124e-03
2.023e-03
1.124e-03
1.124e-03
1.349e-03
4.496e-04
2.248e-04
2.248e-04
1.349e-03
1.349e-03
6.745e-04
4.496e-04
8.993e-04
1.124e-03
6.745e-04
8.993e-04
2.248e-04
6.745e-04
4.496e-04
6.745e-04
1.124e-03
6.745e-04
4.496e-04
2.248e-04
1.349e-03
8.993e-04
6.745e-04
4.496e-04
2.248e-04
6.745e-04
1.349e-03
2.248e-04
6.745e-04
4.496e-04
0.000e+00
2.248e-04
0.000e+00
4.496e-04
2.248e-04
0.000e+00
2.248e-04
4.496e-04
0.000e+00
0.000e+00
4.496e-04
0.000e+00
4.496e-04
0.000e+00
4.496e-04
0.000e+00
6.745e-04
4.496e-04
2.248e-04
0.000e+00
0.000e+00
8.993e-04
4.496e-04
2.248e-04
4.496e-04
2.248e-04
4.496e-04
0.000e+00
4.496e-04
6.745e-04
4.496e-04
4.496e-04
4.496e-04
8.993e-04
4.496e-04
4.496e-04
0.000e+00
6.745e-04
6.745e-04
4.496e-04
4.496e-04
4.496e-04
6.745e-04
2.248e-04
4.496e-04
6.745e-04
6.745e-04
8.993e-04
1.124e-03
1.574e-03
1.349e-03
1.574e-03
2.023e-03
8.993e-04
2.248e-03
2.248e-03
3.372e-03
2.248e-03
3.597e-03
4.272e-03
2.923e-03
2.923e-03
1.799e-03
1.799e-03
2.923e-03
2.923e-03
2.248e-03
3.597e-03
3.372e-03
2.473e-03
2.923e-03
3.597e-03
2.248e-03
4.721e-03
3.822e-03
4.721e-03
4.047e-03
3.372e-03
1.799e-03
4.721e-03
3.372e-03
3.597e-03
4.047e-03
4.496e-03
4.047e-03
4.496e-03
4.721e-03
5.171e-03
3.147e-03
3.372e-03
4.721e-03
5.396e-03
5.621e-03
3.597e-03
5.171e-03
3.822e-03
2.923e-03
2.923e-03
5.621e-03
3.822e-03
3.822e-03
2.473e-03
