1.259e-02
1.463e-02
9.524e-03
1.088e-02
1.190e-02
8.163e-03
1.054e-02
9.524e-03
5.102e-03
9.864e-03
5.442e-03
4.762e-03
5.442e-03
7.483e-03
5.102e-03
4.762e-03
3.741e-03
5.102e-03
6.463e-03
3.061e-03
4.422e-03
5.782e-03
2.041e-03
2.721e-03
3.401e-03
2.721e-03
1.701e-03
1.361e-03
2.381e-03
2.721e-03
1.020e-03
2.041e-03
1.361e-03
2.041e-03
1.020e-03
6.803e-04
2.041e-03
1.361e-03
1.361e-03
2.041e-03
6.803e-04
6.803e-04
6.803e-04
6.803e-04
6.803e-04
3.401e-04
6.803e-04
3.401e-04
1.020e-03
6.803e-04
1.361e-03
6.803e-04
0.000e+00
3.401e-04
3.401e-04
2.381e-03
6.803e-04
1.020e-03
3.401e-04
1.361e-03
3.401e-04
6.803e-04
6.803e-04
6.803e-04
3.401e-04
1.020e-03
0.000e+00
1.361e-03
6.803e-04
3.401e-04
0.000e+00
6.803e-04
3.401e-04
1.020e-03
3.401e-04
0.000e+00
3.401e-04
0.000e+00
0.000e+00
3.401e-04
0.000e+00
0.000e+00
3.401e-04
0.000e+00
1.020e-03
1.361e-03
3.401e-04
3.401e-04
3.401e-04
6.803e-04
6.803e-04
3.401e-04
0.000e+00
6.803e-04
1.020e-03
6.803e-04
3.401e-04
0.000e+00
3.401e-04
3.401e-04
0.000e+00
6.803e-04
3.401e-04
0.000e+00
0.000e+00
3.401e-04
3.401e-04
0.000e+00
6.803e-04
3.401e-04
3.401e-04
0.000e+00
0.000e+00
6.803e-04
0.000e+00
3.401e-04
3.401e-04
0.000e+00
6.803e-04
0.000e+00
6.803e-04
3.401e-04
6.803e-04
0.000e+00
6.803e-04
6.803e-04
3.401e-04
3.401e-04
6.803e-04
6.803e-04
0.000e+00
0.000e+00
1.020e-03
3.401e-04
0.000e+00
3.401e-04
3.401e-04
6.803e-04
3.401e-04
0.000e+00
0.000e+00
0.000e+00
0.000e+00
0.000e+00
3.401e-04
0.000e+00
3.401e-04
3.401e-04
3.401e-04
3.401e-04
3.401e-04
0.000e+00
3.401e-04
3.401e-04
0.000e+00
0.000e+00
0.000e+00
0.000e+00
0.000e+00
6.803e-04
0.000e+00
3.401e-04
3.401e-04
6.803e-04
6.803e-04
0.000e+00
0.000e+00
0.000e+00
3.401e-04
0.000e+00
0.000e+00
0.000e+00
0.000e+00
0.000e+00
3.401e-04
0.000e+00
0.000e+00
0.000e+00
3.401e-04
0.000e+00
0.000e+00
3.401e-04
0.000e+00
0.000e+00
0.000e+00
3.401e-04
6.803e-04
0.000e+00
0.000e+00
0.000e+00
0.000e+00
0.000e+00
0.000e+00
0.000e+00
0.000e+00
0.000e+00
0.000e+00
1.020e-03
0.000e+00
0.000e+00
0.000e+00
6.803e-04
0.000e+00
0.000e+00
3.401e-04
0.000e+00
0.000e+00
3.401e-04
0.000e+00
0.000e+00
0.000e+00
0.000e+00
3.401e-04
0.000e+00
0.000e+00
0.000e+00
3.401e-04
0.000e+00
0.000e+00
3.401e-04
6.803e-04
0.000e+00
0.000e+00
3.401e-04
0.000e+00
3.401e-04
0.000e+00
6.803e-04
0.000e+00
3.401e-04
3.401e-04
3.401e-04
6.803e-04
6.803e-04
6.803e-04
3.401e-04
0.000e+00
3.401e-04
3.401e-04
6.803e-04
3.401e-04
3.401e-04
0.000e+00
3.401e-04
0.000e+00
3.401e-04
3.401e-04
0.000e+00
0.000e+00
0.000e+00
3.401e-04
3.401e-04
3.401e-04
3.401e-04
0.000e+00
0.000e+00
3.401e-04
3.401e-04
0.000e+00
1.020e-03
0.000e+00
0.000e+00
0.000e+00
3.401e-04
0.000e+00
1.701e-03
3.401e-04
3.401e-04
1.020e-03
3.401e-04
3.401e-04
3.401e-04
0.000e+00
1.361e-03
0.000e+00
1.020e-03
0.000e+00
1.020e-03
3.401e-04
0.000e+00
6.803e-04
6.803e-04
6.803e-04
6.803e-04
0.000e+00
1.020e-03
3.401e-04
3.401e-04
1.020e-03
6.803e-04
0.000e+00
6.803e-04
6.803e-04
6.803e-04
1.361e-03
1.361e-03
0.000e+00
1.701e-03
1.020e-03
1.020e-03
6.803e-04
0.000e+00
1.020e-03
1.020e-03
1.020e-03
2.041e-03
1.020e-03
1.361e-03
6.803e-04
1.020e-03
1.020e-03
6.803e-04
1.361e-03
1.361e-03
1.701e-03
6.803e-04
3.401e-04
1.361e-03
6.803e-04
6.803e-04
2.381e-03
6.803e-04
6.803e-04
1.020e-03
2.041e-03
6.803e-04
2.041e-03
1.361e-03
2.381e-03
2.041e-03
2.041e-03
3.741e-03
1.701e-03
2.721e-03
2.381e-03
5.102e-03
1.701e-03
4.762e-03
2.041e-03
4.082e-03
1.701e-03
2.721e-03
4.082e-03
4.762e-03
3.741e-03
4.422e-03
6.122e-03
5.782e-03
5.102e-03
5.102e-03
1.122e-02
9.864e-03
8.503e-03
7.483e-03
1.088e-02
9.864e-03
9.184e-03
1.361e-02
1.224e-02
7.823e-03
