6.259e-02
2.109e-02
1.565e-02
1.293e-02
1.088e-02
8.844e-03
1.224e-02
1.224e-02
6.803e-03
1.224e-02
9.524e-03
1.156e-02
4.762e-03
8.844e-03
8.844e-03
6.122e-03
8.844e-03
7.483e-03
5.442e-03
7.483e-03
4.082e-03
4.082e-03
2.041e-03
8.844e-03
3.401e-03
4.082e-03
1.361e-03
3.401e-03
2.041e-03
2.721e-03
6.122e-03
6.122e-03
2.041e-03
2.721e-03
2.721e-03
4.082e-03
1.361e-03
2.721e-03
4.082e-03
3.401e-03
2.721e-03
4.762e-03
3.401e-03
1.361e-03
3.401e-03
2.721e-03
2.041e-03
2.721e-03
2.041e-03
6.803e-04
6.803e-04
3.401e-03
1.361e-03
1.361e-03
2.721e-03
1.361e-03
6.803e-04
1.361e-03
0.000e+00
2.721e-03
2.041e-03
2.041e-03
2.041e-03
0.000e+00
1.361e-03
2.721e-03
6.803e-04
6.803e-04
1.361e-03
6.803e-04
1.361e-03
6.803e-04
4.762e-03
2.721e-03
2.721e-03
2.041e-03
3.401e-03
2.041e-03
1.361e-03
2.721e-03
3.401e-03
4.082e-03
2.721e-03
3.401e-03
2.041e-03
2.041e-03
6.803e-04
1.361e-03
2.041e-03
2.041e-03
2.721e-03
3.401e-03
3.401e-03
1.361e-03
1.361e-03
0.000e+00
6.803e-04
6.803e-04
2.721e-03
2.041e-03
2.721e-03
3.401e-03
4.762e-03
2.041e-03
1.361e-03
6.803e-04
4.082e-03
5.442e-03
6.803e-04
2.721e-03
1.361e-03
2.041e-03
2.721e-03
1.361e-03
2.041e-03
0.000e+00
2.721e-03
0.000e+00
2.041e-03
0.000e+00
2.041e-03
2.721e-03
2.041e-03
1.361e-03
1.361e-03
6.803e-04
1.361e-03
0.000e+00
6.803e-04
6.803e-04
1.361e-03
6.803e-04
0.000e+00
0.000e+00
6.803e-04
6.803e-04
1.361e-03
6.803e-04
6.803e-04
0.000e+00
6.803e-04
0.000e+00
6.803e-04
0.000e+00
1.361e-03
0.000e+00
0.000e+00
1.361e-03
0.000e+00
2.721e-03
6.803e-04
0.000e+00
0.000e+00
0.000e+00
6.803e-04
6.803e-04
6.803e-04
1.361e-03
0.000e+00
0.000e+00
0.000e+00
0.000e+00
0.000e+00
6.803e-04
0.000e+00
0.000e+00
0.000e+00
0.000e+00
0.000e+00
6.803e-04
6.803e-04
0.000e+00
6.803e-04
0.000e+00
0.000e+00
0.000e+00
6.803e-04
0.000e+00
0.000e+00
0.000e+00
0.000e+00
6.803e-04
6.803e-04
0.000e+00
6.803e-04
0.000e+00
0.000e+00
0.000e+00
0.000e+00
0.000e+00
0.000e+00
0.000e+00
0.000e+00
0.000e+00
0.000e+00
0.000e+00
0.000e+00
0.000e+00
0.000e+00
6.803e-04
1.361e-03
0.000e+00
0.000e+00
6.803e-04
0.000e+00
0.000e+00
6.803e-04
0.000e+00
6.803e-04
1.361e-03
6.803e-04
0.000e+00
0.000e+00
1.361e-03
0.000e+00
0.000e+00
0.000e+00
6.803e-04
6.803e-04
6.803e-04
0.000e+00
6.803e-04
0.000e+00
0.000e+00
0.000e+00
6.803e-04
6.803e-04
6.803e-04
1.361e-03
0.000e+00
6.803e-04
0.000e+00
6.803e-04
6.803e-04
1.361e-03
1.361e-03
0.000e+00
1.361e-03
6.803e-04
2.721e-03
0.000e+00
6.803e-04
2.721e-03
2.721e-03
1.361e-03
2.041e-03
1.361e-03
2.721e-03
3.401e-03
6.803e-04
0.000e+00
1.361e-03
2.041e-03
2.041e-03
0.000e+00
6.122e-03
2.721e-03
3.401e-03
2.721e-03
4.082e-03
3.401e-03
3.401e-03
2.721e-03
6.803e-04
2.721e-03
2.041e-03
6.803e-04
1.361e-03
2.041e-03
6.803e-04
3.401e-03
1.361e-03
1.361e-03
3.401e-03
2.721e-03
6.803e-04
2.041e-03
0.000e+00
1.361e-03
1.361e-03
3.401e-03
4.082e-03
4.082e-03
3.401e-03
1.361e-03
2.041e-03
2.721e-03
3.401e-03
3.401e-03
2.041e-03
3.401e-03
1.361e-03
2.041e-03
6.803e-04
6.803e-04
1.361e-03
6.803e-04
2.041e-03
0.000e+00
3.401e-03
2.041e-03
2.041e-03
6.803e-04
2.041e-03
2.721e-03
6.803e-04
1.361e-03
1.361e-03
2.041e-03
3.401e-03
5.442e-03
6.803e-04
2.041e-03
2.721e-03
1.361e-03
6.803e-04
2.721e-03
2.041e-03
0.000e+00
3.401e-03
4.762e-03
4.762e-03
4.082e-03
2.041e-03
2.721e-03
5.442e-03
2.041e-03
3.401e-03
2.721e-03
4.762e-03
4.082e-03
3.401e-03
4.082e-03
4.082e-03
3.401e-03
6.803e-03
4.082e-03
4.762e-03
4.762e-03
4.082e-03
6.122e-03
5.442e-03
6.803e-03
9.524e-03
8.844e-03
5.442e-03
3.401e-03
6.803e-03
1.020e-02
8.163e-03
1.293e-02
8.163e-03
9.524e-03
9.524e-03
6.803e-03
1.497e-02
1.361e-02
1.361e-02
1.973e-02
2.789e-02
