1.712e-03
3.425e-03
5.137e-03
5.137e-03
1.370e-02
1.027e-02
3.425e-03
6.849e-03
1.027e-02
6.849e-03
1.370e-02
1.712e-03
5.137e-03
6.849e-03
3.425e-03
1.712e-03
8.562e-03
5.137e-03
1.712e-03
0.000e+00
0.000e+00
1.712e-03
1.712e-03
6.849e-03
1.712e-03
1.712e-03
1.712e-03
5.137e-03
1.712e-03
1.712e-03
0.000e+00
3.425e-03
8.562e-03
0.000e+00
3.425e-03
0.000e+00
0.000e+00
0.000e+00
3.425e-03
0.000e+00
0.000e+00
0.000e+00
0.000e+00
0.000e+00
0.000e+00
3.425e-03
0.000e+00
0.000e+00
0.000e+00
0.000e+00
1.712e-03
0.000e+00
0.000e+00
0.000e+00
1.712e-03
0.000e+00
1.712e-03
0.000e+00
1.712e-03
0.000e+00
1.712e-03
0.000e+00
0.000e+00
1.712e-03
1.712e-03
0.000e+00
1.712e-03
0.000e+00
1.712e-03
8.562e-03
0.000e+00
1.712e-03
0.000e+00
0.000e+00
0.000e+00
1.712e-03
1.712e-03
0.000e+00
3.425e-03
1.712e-03
0.000e+00
0.000e+00
1.712e-03
3.425e-03
3.425e-03
0.000e+00
1.712e-03
1.712e-03
0.000e+00
0.000e+00
0.000e+00
0.000e+00
1.712e-03
0.000e+00
1.712e-03
0.000e+00
0.000e+00
1.712e-03
1.712e-03
0.000e+00
0.000e+00
0.000e+00
0.000e+00
0.000e+00
0.000e+00
0.000e+00
0.000e+00
1.712e-03
0.000e+00
1.712e-03
0.000e+00
0.000e+00
0.000e+00
0.000e+00
1.712e-03
0.000e+00
0.000e+00
1.712e-03
0.000e+00
0.000e+00
1.712e-03
0.000e+00
0.000e+00
1.712e-03
0.000e+00
0.000e+00
0.000e+00
0.000e+00
0.000e+00
0.000e+00
1.712e-03
0.000e+00
0.000e+00
0.000e+00
0.000e+00
0.000e+00
0.000e+00
0.000e+00
0.000e+00
1.712e-03
0.000e+00
0.000e+00
0.000e+00
0.000e+00
1.712e-03
0.000e+00
0.000e+00
0.000e+00
0.000e+00
1.712e-03
0.000e+00
0.000e+00
0.000e+00
0.000e+00
0.000e+00
0.000e+00
0.000e+00
0.000e+00
0.000e+00
1.712e-03
0.000e+00
3.425e-03
1.712e-03
0.000e+00
0.000e+00
0.000e+00
1.712e-03
0.000e+00
0.000e+00
1.712e-03
0.000e+00
1.712e-03
0.000e+00
0.000e+00
0.000e+00
0.000e+00
0.000e+00
0.000e+00
0.000e+00
0.000e+00
0.000e+00
0.000e+00
0.000e+00
0.000e+00
1.712e-03
0.000e+00
0.000e+00
0.000e+00
1.712e-03
0.000e+00
0.000e+00
0.000e+00
0.000e+00
0.000e+00
1.712e-03
0.000e+00
0.000e+00
1.712e-03
1.712e-03
1.712e-03
0.000e+00
0.000e+00
0.000e+00
1.712e-03
0.000e+00
0.000e+00
0.000e+00
0.000e+00
0.000e+00
0.000e+00
0.000e+00
0.000e+00
0.000e+00
0.000e+00
0.000e+00
0.000e+00
0.000e+00
0.000e+00
0.000e+00
0.000e+00
0.000e+00
0.000e+00
0.000e+00
0.000e+00
0.000e+00
0.000e+00
1.712e-03
0.000e+00
0.000e+00
0.000e+00
0.000e+00
0.000e+00
1.712e-03
0.000e+00
0.000e+00
0.000e+00
0.000e+00
1.712e-03
0.000e+00
0.000e+00
0.000e+00
0.000e+00
0.000e+00
0.000e+00
0.000e+00
0.000e+00
0.000e+00
3.425e-03
0.000e+00
1.712e-03
3.425e-03
1.712e-03
0.000e+00
0.000e+00
0.000e+00
0.000e+00
0.000e+00
0.000e+00
3.425e-03
1.712e-03
0.000e+00
0.000e+00
0.000e+00
0.000e+00
0.000e+00
1.712e-03
0.000e+00
0.000e+00
0.000e+00
0.000e+00
1.712e-03
0.000e+00
0.000e+00
0.000e+00
1.712e-03
0.000e+00
0.000e+00
0.000e+00
0.000e+00
0.000e+00
0.000e+00
0.000e+00
1.712e-03
3.425e-03
0.000e+00
0.000e+00
5.137e-03
0.000e+00
1.712e-03
0.000e+00
0.000e+00
1.712e-03
0.000e+00
0.000e+00
0.000e+00
1.712e-03
1.712e-03
0.000e+00
5.137e-03
0.000e+00
3.425e-03
0.000e+00
0.000e+00
0.000e+00
0.000e+00
0.000e+00
1.712e-03
0.000e+00
3.425e-03
0.000e+00
0.000e+00
3.425e-03
0.000e+00
1.712e-03
0.000e+00
1.712e-03
0.000e+00
1.712e-03
0.000e+00
1.712e-03
3.425e-03
1.712e-03
0.000e+00
1.712e-03
1.712e-03
0.000e+00
0.000e+00
3.425e-03
0.000e+00
1.712e-03
0.000e+00
1.712e-03
3.425e-03
5.137e-03
3.425e-03
0.000e+00
1.712e-03
0.000e+00
5.137e-03
1.712e-03
1.199e-02
1.712e-03
5.137e-03
3.425e-03
1.199e-02
8.562e-03
1.712e-03
5.137e-03
1.712e-03
6.849e-03
1.027e-02
8.562e-03
6.849e-03
1.027e-02
5.137e-03
1.884e-02
6.849e-03
5.137e-03
8.562e-03
3.425e-03
