2.055e-02
3.425e-03
6.849e-03
1.027e-02
6.849e-03
2.055e-02
3.425e-03
6.849e-03
6.849e-03
3.425e-03
1.370e-02
1.027e-02
1.027e-02
1.370e-02
1.712e-02
3.425e-03
2.055e-02
1.027e-02
0.000e+00
3.425e-03
1.027e-02
6.849e-03
6.849e-03
0.000e+00
1.370e-02
1.027e-02
3.425e-03
0.000e+00
3.425e-03
3.425e-03
6.849e-03
6.849e-03
6.849e-03
0.000e+00
0.000e+00
3.425e-03
0.000e+00
6.849e-03
6.849e-03
0.000e+00
3.425e-03
0.000e+00
3.425e-03
0.000e+00
0.000e+00
0.000e+00
0.000e+00
0.000e+00
0.000e+00
0.000e+00
3.425e-03
3.425e-03
0.000e+00
3.425e-03
3.425e-03
0.000e+00
0.000e+00
3.425e-03
0.000e+00
3.425e-03
0.000e+00
3.425e-03
0.000e+00
0.000e+00
0.000e+00
3.425e-03
0.000e+00
0.000e+00
0.000e+00
6.849e-03
0.000e+00
0.000e+00
0.000e+00
3.425e-03
0.000e+00
0.000e+00
0.000e+00
0.000e+00
0.000e+00
3.425e-03
0.000e+00
3.425e-03
0.000e+00
0.000e+00
6.849e-03
6.849e-03
0.000e+00
0.000e+00
6.849e-03
3.425e-03
6.849e-03
3.425e-03
0.000e+00
0.000e+00
0.000e+00
1.370e-02
0.000e+00
6.849e-03
3.425e-03
3.425e-03
6.849e-03
0.000e+00
3.425e-03
0.000e+00
3.425e-03
0.000e+00
0.000e+00
3.425e-03
1.027e-02
0.000e+00
0.000e+00
0.000e+00
6.849e-03
0.000e+00
3.425e-03
0.000e+00
3.425e-03
0.000e+00
3.425e-03
3.425e-03
3.425e-03
3.425e-03
6.849e-03
0.000e+00
0.000e+00
0.000e+00
0.000e+00
0.000e+00
3.425e-03
3.425e-03
0.000e+00
3.425e-03
0.000e+00
3.425e-03
3.425e-03
0.000e+00
0.000e+00
3.425e-03
3.425e-03
3.425e-03
3.425e-03
0.000e+00
6.849e-03
0.000e+00
3.425e-03
3.425e-03
3.425e-03
3.425e-03
0.000e+00
0.000e+00
3.425e-03
0.000e+00
0.000e+00
0.000e+00
0.000e+00
0.000e+00
0.000e+00
3.425e-03
0.000e+00
0.000e+00
0.000e+00
0.000e+00
0.000e+00
0.000e+00
0.000e+00
0.000e+00
0.000e+00
0.000e+00
0.000e+00
0.000e+00
0.000e+00
3.425e-03
0.000e+00
0.000e+00
0.000e+00
3.425e-03
0.000e+00
0.000e+00
0.000e+00
0.000e+00
0.000e+00
0.000e+00
0.000e+00
0.000e+00
0.000e+00
0.000e+00
0.000e+00
0.000e+00
0.000e+00
0.000e+00
0.000e+00
0.000e+00
0.000e+00
3.425e-03
0.000e+00
0.000e+00
0.000e+00
3.425e-03
0.000e+00
0.000e+00
0.000e+00
0.000e+00
0.000e+00
3.425e-03
0.000e+00
0.000e+00
0.000e+00
0.000e+00
0.000e+00
0.000e+00
3.425e-03
0.000e+00
0.000e+00
0.000e+00
0.000e+00
3.425e-03
0.000e+00
0.000e+00
3.425e-03
6.849e-03
3.425e-03
0.000e+00
3.425e-03
3.425e-03
6.849e-03
3.425e-03
3.425e-03
0.000e+00
0.000e+00
3.425e-03
3.425e-03
0.000e+00
3.425e-03
0.000e+00
0.000e+00
0.000e+00
0.000e+00
0.000e+00
6.849e-03
3.425e-03
0.000e+00
0.000e+00
3.425e-03
3.425e-03
0.000e+00
0.000e+00
0.000e+00
3.425e-03
3.425e-03
0.000e+00
0.000e+00
0.000e+00
0.000e+00
0.000e+00
3.425e-03
0.000e+00
0.000e+00
3.425e-03
3.425e-03
6.849e-03
3.425e-03
0.000e+00
1.027e-02
0.000e+00
0.000e+00
3.425e-03
3.425e-03
3.425e-03
0.000e+00
0.000e+00
3.425e-03
6.849e-03
3.425e-03
3.425e-03
6.849e-03
0.000e+00
6.849e-03
6.849e-03
3.425e-03
0.000e+00
0.000e+00
0.000e+00
3.425e-03
0.000e+00
0.000e+00
0.000e+00
0.000e+00
0.000e+00
3.425e-03
0.000e+00
3.425e-03
0.000e+00
0.000e+00
0.000e+00
0.000e+00
0.000e+00
0.000e+00
0.000e+00
0.000e+00
0.000e+00
0.000e+00
3.425e-03
0.000e+00
0.000e+00
3.425e-03
3.425e-03
0.000e+00
0.000e+00
0.000e+00
3.425e-03
0.000e+00
0.000e+00
3.425e-03
6.849e-03
1.027e-02
0.000e+00
0.000e+00
0.000e+00
0.000e+00
1.370e-02
3.425e-03
0.000e+00
6.849e-03
3.425e-03
0.000e+00
3.425e-03
0.000e+00
3.425e-03
1.027e-02
0.000e+00
3.425e-03
3.425e-03
0.000e+00
0.000e+00
3.425e-03
6.849e-03
6.849e-03
3.425e-03
3.425e-03
0.000e+00
0.000e+00
6.849e-03
6.849e-03
3.425e-03
1.027e-02
1.370e-02
2.055e-02
2.055e-02
1.370e-02
3.425e-03
3.425e-03
1.027e-02
1.370e-02
6.849e-03
1.370e-02
6.849e-03
1.027e-02
6.849e-03
1.027e-02
3.425e-03
