1.259e-02
1.181e-02
9.876e-03
1.007e-02
1.336e-02
7.746e-03
1.046e-02
8.714e-03
7.359e-03
9.295e-03
6.584e-03
5.035e-03
5.809e-03
6.390e-03
5.616e-03
3.873e-03
4.067e-03
4.260e-03
5.035e-03
3.292e-03
3.486e-03
4.067e-03
2.711e-03
3.486e-03
3.098e-03
2.324e-03
1.743e-03
1.743e-03
1.743e-03
2.324e-03
1.549e-03
1.743e-03
2.324e-03
1.549e-03
1.162e-03
7.746e-04
1.356e-03
9.682e-04
1.356e-03
1.162e-03
5.809e-04
3.873e-04
3.873e-04
5.809e-04
5.809e-04
7.746e-04
7.746e-04
1.936e-04
5.809e-04
3.873e-04
1.162e-03
3.873e-04
0.000e+00
1.936e-04
3.873e-04
1.356e-03
5.809e-04
5.809e-04
3.873e-04
9.682e-04
3.873e-04
3.873e-04
3.873e-04
5.809e-04
3.873e-04
5.809e-04
3.873e-04
7.746e-04
5.809e-04
1.162e-03
1.936e-04
7.746e-04
3.873e-04
5.809e-04
1.936e-04
1.936e-04
3.873e-04
0.000e+00
3.873e-04
3.873e-04
0.000e+00
0.000e+00
5.809e-04
3.873e-04
9.682e-04
7.746e-04
3.873e-04
3.873e-04
1.936e-04
5.809e-04
7.746e-04
3.873e-04
3.873e-04
5.809e-04
1.162e-03
7.746e-04
3.873e-04
1.936e-04
5.809e-04
9.682e-04
0.000e+00
7.746e-04
7.746e-04
1.936e-04
0.000e+00
1.936e-04
3.873e-04
3.873e-04
5.809e-04
3.873e-04
3.873e-04
0.000e+00
1.936e-04
3.873e-04
3.873e-04
3.873e-04
3.873e-04
1.936e-04
3.873e-04
0.000e+00
7.746e-04
1.936e-04
3.873e-04
1.936e-04
3.873e-04
5.809e-04
1.936e-04
1.936e-04
5.809e-04
3.873e-04
1.936e-04
0.000e+00
7.746e-04
1.936e-04
0.000e+00
3.873e-04
1.936e-04
3.873e-04
1.936e-04
3.873e-04
0.000e+00
1.936e-04
0.000e+00
0.000e+00
3.873e-04
0.000e+00
3.873e-04
1.936e-04
1.936e-04
3.873e-04
1.936e-04
0.000e+00
3.873e-04
3.873e-04
1.936e-04
5.809e-04
1.936e-04
0.000e+00
1.936e-04
5.809e-04
0.000e+00
7.746e-04
3.873e-04
5.809e-04
7.746e-04
1.162e-03
5.809e-04
1.936e-04
5.809e-04
1.356e-03
1.936e-04
7.746e-04
7.746e-04
5.809e-04
1.162e-03
1.936e-04
3.873e-04
9.682e-04
1.162e-03
7.746e-04
1.549e-03
1.356e-03
7.746e-04
7.746e-04
7.746e-04
1.549e-03
1.549e-03
3.873e-04
7.746e-04
3.873e-04
1.162e-03
3.873e-04
1.936e-04
7.746e-04
3.873e-04
1.936e-04
0.000e+00
9.682e-04
1.936e-04
1.936e-04
3.873e-04
5.809e-04
0.000e+00
1.936e-04
5.809e-04
7.746e-04
0.000e+00
3.873e-04
5.809e-04
3.873e-04
1.936e-04
1.936e-04
1.936e-04
0.000e+00
0.000e+00
0.000e+00
3.873e-04
0.000e+00
0.000e+00
1.936e-04
3.873e-04
0.000e+00
0.000e+00
1.936e-04
0.000e+00
3.873e-04
3.873e-04
3.873e-04
0.000e+00
1.936e-04
1.936e-04
1.936e-04
7.746e-04
3.873e-04
3.873e-04
1.936e-04
0.000e+00
3.873e-04
1.936e-04
3.873e-04
1.936e-04
1.936e-04
0.000e+00
3.873e-04
0.000e+00
3.873e-04
1.936e-04
3.873e-04
0.000e+00
1.936e-04
5.809e-04
3.873e-04
1.936e-04
1.936e-04
0.000e+00
0.000e+00
1.936e-04
5.809e-04
5.809e-04
9.682e-04
0.000e+00
1.936e-04
3.873e-04
3.873e-04
1.936e-04
1.162e-03
5.809e-04
5.809e-04
5.809e-04
3.873e-04
3.873e-04
1.936e-04
1.936e-04
7.746e-04
3.873e-04
5.809e-04
1.936e-04
5.809e-04
1.936e-04
0.000e+00
3.873e-04
5.809e-04
7.746e-04
9.682e-04
0.000e+00
5.809e-04
7.746e-04
1.936e-04
7.746e-04
3.873e-04
0.000e+00
5.809e-04
3.873e-04
3.873e-04
9.682e-04
9.682e-04
1.936e-04
9.682e-04
1.162e-03
5.809e-04
7.746e-04
1.936e-04
5.809e-04
7.746e-04
5.809e-04
1.162e-03
7.746e-04
7.746e-04
9.682e-04
5.809e-04
7.746e-04
7.746e-04
7.746e-04
9.682e-04
1.162e-03
5.809e-04
3.873e-04
9.682e-04
7.746e-04
9.682e-04
1.743e-03
5.809e-04
3.873e-04
1.356e-03
1.936e-03
5.809e-04
1.549e-03
1.162e-03
1.743e-03
1.549e-03
1.549e-03
2.905e-03
1.936e-03
2.711e-03
2.324e-03
3.292e-03
1.743e-03
3.679e-03
2.517e-03
4.067e-03
3.486e-03
3.292e-03
4.648e-03
4.648e-03
5.616e-03
4.454e-03
5.229e-03
5.422e-03
5.809e-03
5.809e-03
1.007e-02
8.908e-03
8.714e-03
6.971e-03
8.714e-03
1.007e-02
1.026e-02
1.065e-02
1.201e-02
7.552e-03
