6.197e-02
2.053e-02
1.356e-02
1.278e-02
1.201e-02
1.046e-02
1.123e-02
1.123e-02
8.521e-03
1.201e-02
8.908e-03
9.295e-03
7.359e-03
9.295e-03
9.682e-03
6.971e-03
9.295e-03
5.809e-03
3.098e-03
6.197e-03
6.197e-03
5.422e-03
2.324e-03
5.422e-03
4.648e-03
4.260e-03
1.162e-03
3.098e-03
1.936e-03
3.486e-03
4.648e-03
4.260e-03
3.486e-03
1.936e-03
1.549e-03
3.486e-03
2.324e-03
3.098e-03
3.098e-03
2.711e-03
1.936e-03
3.486e-03
2.711e-03
1.162e-03
4.260e-03
1.936e-03
1.162e-03
2.324e-03
2.324e-03
7.746e-04
1.549e-03
2.711e-03
7.746e-04
1.162e-03
1.936e-03
7.746e-04
3.873e-04
1.162e-03
0.000e+00
2.324e-03
1.162e-03
1.549e-03
1.549e-03
0.000e+00
7.746e-04
1.936e-03
3.873e-04
3.873e-04
7.746e-04
1.162e-03
1.162e-03
3.873e-04
2.711e-03
1.936e-03
2.324e-03
1.936e-03
2.324e-03
1.549e-03
7.746e-04
1.936e-03
1.936e-03
2.711e-03
1.549e-03
1.936e-03
2.324e-03
1.936e-03
3.873e-04
7.746e-04
3.873e-03
2.324e-03
2.324e-03
2.711e-03
1.936e-03
7.746e-04
7.746e-04
1.936e-03
3.873e-04
1.162e-03
2.324e-03
1.936e-03
2.711e-03
2.711e-03
4.260e-03
1.162e-03
2.324e-03
1.162e-03
2.324e-03
4.260e-03
3.098e-03
3.486e-03
7.746e-04
1.549e-03
2.711e-03
1.162e-03
1.549e-03
3.873e-04
2.711e-03
2.324e-03
1.936e-03
3.873e-04
2.324e-03
2.711e-03
1.936e-03
1.549e-03
1.549e-03
3.873e-04
1.549e-03
0.000e+00
7.746e-04
1.162e-03
7.746e-04
7.746e-04
0.000e+00
7.746e-04
1.549e-03
1.936e-03
1.549e-03
7.746e-04
7.746e-04
3.873e-04
7.746e-04
3.873e-04
1.549e-03
0.000e+00
1.549e-03
7.746e-04
3.873e-04
1.549e-03
0.000e+00
2.711e-03
1.162e-03
1.162e-03
1.162e-03
3.873e-04
1.549e-03
3.873e-04
1.162e-03
1.549e-03
3.873e-04
3.873e-04
3.873e-04
1.936e-03
1.162e-03
3.873e-04
1.162e-03
3.873e-04
7.746e-04
1.162e-03
7.746e-04
2.324e-03
1.936e-03
7.746e-04
1.162e-03
7.746e-04
1.162e-03
1.936e-03
7.746e-04
3.873e-04
7.746e-04
3.098e-03
7.359e-03
4.648e-03
1.549e-03
1.162e-03
1.549e-03
7.746e-04
1.162e-03
1.162e-03
3.873e-04
3.873e-04
3.873e-04
0.000e+00
3.873e-04
7.746e-04
3.873e-04
7.746e-04
7.746e-04
3.873e-04
7.746e-04
7.746e-04
7.746e-04
1.936e-03
1.162e-03
1.549e-03
3.873e-04
0.000e+00
1.549e-03
7.746e-04
7.746e-04
1.162e-03
7.746e-04
0.000e+00
0.000e+00
1.936e-03
3.873e-04
7.746e-04
7.746e-04
7.746e-04
1.936e-03
1.936e-03
3.873e-04
3.873e-04
3.873e-04
7.746e-04
1.162e-03
1.549e-03
2.711e-03
1.162e-03
7.746e-04
7.746e-04
7.746e-04
3.873e-04
7.746e-04
1.162e-03
1.162e-03
7.746e-04
0.000e+00
7.746e-04
1.936e-03
2.324e-03
0.000e+00
1.162e-03
2.324e-03
3.486e-03
1.162e-03
2.324e-03
1.162e-03
3.486e-03
2.711e-03
7.746e-04
1.162e-03
2.324e-03
1.549e-03
1.936e-03
1.162e-03
4.260e-03
1.549e-03
3.098e-03
2.324e-03
3.486e-03
2.711e-03
2.324e-03
2.711e-03
3.873e-04
1.936e-03
2.324e-03
1.936e-03
1.936e-03
1.162e-03
7.746e-04
3.098e-03
1.549e-03
2.324e-03
3.486e-03
2.324e-03
7.746e-04
2.324e-03
7.746e-04
1.162e-03
1.549e-03
1.936e-03
2.711e-03
2.711e-03
2.324e-03
7.746e-04
1.936e-03
1.549e-03
2.711e-03
2.711e-03
1.162e-03
2.324e-03
7.746e-04
1.549e-03
7.746e-04
3.873e-04
7.746e-04
3.873e-04
1.162e-03
3.873e-04
2.324e-03
1.549e-03
1.549e-03
3.873e-04
1.162e-03
2.324e-03
7.746e-04
1.162e-03
7.746e-04
1.549e-03
2.711e-03
3.098e-03
1.162e-03
1.549e-03
2.324e-03
3.098e-03
7.746e-04
2.324e-03
1.162e-03
3.873e-04
3.486e-03
3.873e-03
3.486e-03
3.486e-03
2.711e-03
1.936e-03
4.260e-03
2.324e-03
3.486e-03
3.873e-03
3.486e-03
3.486e-03
4.648e-03
3.098e-03
2.711e-03
2.711e-03
6.584e-03
4.260e-03
3.486e-03
5.035e-03
3.098e-03
4.648e-03
4.648e-03
5.809e-03
7.359e-03
8.133e-03
5.422e-03
6.197e-03
7.746e-03
9.682e-03
7.746e-03
1.007e-02
8.521e-03
1.162e-02
8.908e-03
1.007e-02
1.394e-02
1.239e-02
1.278e-02
1.665e-02
2.208e-02
