1.589e-03
1.986e-03
2.780e-03
1.986e-03
3.971e-03
3.177e-03
1.589e-03
1.986e-03
3.177e-03
1.986e-03
3.574e-03
1.589e-03
1.589e-03
2.383e-03
1.589e-03
7.943e-04
3.177e-03
2.383e-03
1.986e-03
1.589e-03
7.943e-04
3.971e-04
2.780e-03
2.383e-03
1.986e-03
3.971e-04
7.943e-04
1.986e-03
3.971e-04
1.191e-03
7.943e-04
7.943e-04
3.177e-03
3.971e-04
1.191e-03
1.589e-03
3.971e-04
7.943e-04
1.589e-03
7.943e-04
0.000e+00
7.943e-04
7.943e-04
3.971e-04
3.971e-04
1.589e-03
1.589e-03
7.943e-04
0.000e+00
0.000e+00
7.943e-04
7.943e-04
3.971e-04
0.000e+00
1.589e-03
3.971e-04
7.943e-04
3.971e-04
1.589e-03
3.971e-04
1.589e-03
7.943e-04
0.000e+00
1.191e-03
3.971e-04
0.000e+00
1.191e-03
0.000e+00
1.191e-03
3.574e-03
3.971e-04
7.943e-04
7.943e-04
7.943e-04
0.000e+00
1.191e-03
1.191e-03
2.383e-03
1.986e-03
1.986e-03
7.943e-04
7.943e-04
1.589e-03
2.383e-03
2.383e-03
1.191e-03
3.971e-03
1.986e-03
3.971e-04
3.574e-03
1.589e-03
1.986e-03
1.191e-03
2.383e-03
1.986e-03
3.574e-03
3.177e-03
2.780e-03
1.589e-03
3.177e-03
2.383e-03
2.383e-03
1.191e-03
3.574e-03
4.369e-03
3.574e-03
3.177e-03
3.177e-03
3.177e-03
3.574e-03
1.589e-03
1.589e-03
2.780e-03
1.589e-03
3.971e-03
1.191e-03
1.589e-03
1.986e-03
3.971e-04
7.943e-04
1.191e-03
1.986e-03
2.383e-03
1.986e-03
1.986e-03
1.191e-03
0.000e+00
7.943e-04
1.986e-03
7.943e-04
1.589e-03
7.943e-04
2.383e-03
7.943e-04
7.943e-04
7.943e-04
1.191e-03
2.780e-03
1.191e-03
7.943e-04
3.971e-04
3.971e-04
3.971e-04
3.971e-04
3.971e-03
7.943e-04
7.943e-04
7.943e-04
7.943e-04
7.943e-04
0.000e+00
0.000e+00
3.971e-04
3.971e-04
0.000e+00
1.191e-03
7.943e-04
7.943e-04
3.971e-04
7.943e-04
3.971e-04
1.589e-03
7.943e-04
3.971e-04
0.000e+00
3.971e-04
3.971e-04
0.000e+00
3.971e-04
7.943e-04
3.971e-04
7.943e-04
3.971e-04
0.000e+00
3.971e-04
3.971e-04
7.943e-04
3.971e-04
3.971e-04
0.000e+00
3.971e-04
7.943e-04
3.971e-04
0.000e+00
3.971e-04
7.943e-04
7.943e-04
7.943e-04
7.943e-04
3.971e-04
0.000e+00
0.000e+00
0.000e+00
3.971e-04
3.971e-04
7.943e-04
3.971e-04
1.191e-03
1.589e-03
3.971e-04
3.971e-04
7.943e-04
0.000e+00
1.191e-03
3.971e-04
7.943e-04
7.943e-04
3.971e-04
7.943e-04
0.000e+00
3.971e-04
3.971e-04
0.000e+00
7.943e-04
3.971e-04
3.971e-04
3.971e-04
3.971e-04
7.943e-04
7.943e-04
0.000e+00
1.191e-03
7.943e-04
7.943e-04
1.986e-03
7.943e-04
3.574e-03
1.589e-03
3.971e-04
1.191e-03
7.943e-04
3.971e-04
1.191e-03
0.000e+00
3.971e-04
1.589e-03
1.589e-03
3.574e-03
1.589e-03
1.589e-03
1.589e-03
7.943e-04
1.589e-03
2.383e-03
2.383e-03
3.971e-04
1.589e-03
2.780e-03
1.589e-03
1.589e-03
3.177e-03
4.766e-03
1.191e-03
3.971e-03
3.574e-03
1.589e-03
1.589e-03
5.560e-03
3.574e-03
2.383e-03
3.971e-03
3.574e-03
2.383e-03
2.383e-03
3.177e-03
3.971e-03
1.191e-03
1.191e-03
3.574e-03
4.369e-03
2.780e-03
2.383e-03
1.986e-03
1.986e-03
1.589e-03
1.589e-03
7.943e-04
1.589e-03
1.191e-03
2.780e-03
1.986e-03
2.383e-03
7.943e-04
2.383e-03
7.943e-04
1.589e-03
1.986e-03
7.943e-04
7.943e-04
1.589e-03
7.943e-04
1.191e-03
3.971e-04
1.589e-03
1.589e-03
7.943e-04
7.943e-04
1.191e-03
1.589e-03
0.000e+00
1.589e-03
0.000e+00
3.971e-04
7.943e-04
3.971e-04
7.943e-04
1.986e-03
0.000e+00
7.943e-04
0.000e+00
7.943e-04
1.191e-03
0.000e+00
1.589e-03
7.943e-04
1.986e-03
1.191e-03
7.943e-04
0.000e+00
7.943e-04
7.943e-04
7.943e-04
0.000e+00
1.589e-03
7.943e-04
1.191e-03
7.943e-04
1.986e-03
1.986e-03
7.943e-04
7.943e-04
1.589e-03
1.191e-03
1.986e-03
7.943e-04
7.943e-04
1.191e-03
7.943e-04
1.589e-03
7.943e-04
3.971e-03
7.943e-04
1.191e-03
1.191e-03
3.971e-03
2.780e-03
7.943e-04
1.589e-03
1.589e-03
1.986e-03
3.177e-03
3.177e-03
2.383e-03
3.177e-03
1.589e-03
5.560e-03
3.574e-03
1.589e-03
3.177e-03
1.191e-03
