1.456e-02
6.205e-03
6.453e-03
5.874e-03
5.791e-03
4.715e-03
4.964e-03
4.715e-03
3.971e-03
4.302e-03
4.633e-03
4.798e-03
4.136e-03
4.964e-03
3.971e-03
4.219e-03
4.633e-03
3.723e-03
4.881e-03
4.219e-03
3.557e-03
5.046e-03
4.219e-03
4.302e-03
3.723e-03
3.309e-03
3.971e-03
3.475e-03
3.144e-03
2.813e-03
3.971e-03
3.723e-03
2.482e-03
2.730e-03
2.647e-03
3.144e-03
2.978e-03
3.640e-03
2.895e-03
2.647e-03
3.226e-03
2.565e-03
3.061e-03
2.730e-03
2.565e-03
2.316e-03
2.316e-03
2.068e-03
2.234e-03
1.985e-03
1.737e-03
1.820e-03
1.324e-03
2.316e-03
1.820e-03
1.655e-03
1.985e-03
2.234e-03
1.820e-03
2.482e-03
3.061e-03
2.316e-03
2.565e-03
1.737e-03
2.068e-03
2.234e-03
2.068e-03
2.482e-03
2.068e-03
3.226e-03
2.482e-03
1.737e-03
3.557e-03
2.316e-03
2.316e-03
2.399e-03
2.565e-03
2.316e-03
2.895e-03
2.316e-03
3.475e-03
2.895e-03
3.144e-03
3.392e-03
2.895e-03
2.647e-03
2.813e-03
2.895e-03
4.964e-03
3.557e-03
3.475e-03
4.302e-03
2.565e-03
2.978e-03
3.971e-03
2.813e-03
3.309e-03
3.475e-03
3.723e-03
3.640e-03
3.640e-03
5.212e-03
3.061e-03
3.723e-03
3.888e-03
3.557e-03
4.219e-03
5.460e-03
4.633e-03
3.557e-03
5.046e-03
5.708e-03
3.061e-03
2.895e-03
3.309e-03
4.136e-03
3.723e-03
3.475e-03
3.144e-03
5.956e-03
5.708e-03
3.805e-03
4.633e-03
2.895e-03
3.640e-03
3.144e-03
3.309e-03
3.309e-03
2.978e-03
2.482e-03
2.813e-03
3.226e-03
2.399e-03
2.978e-03
2.234e-03
2.068e-03
2.151e-03
2.151e-03
2.482e-03
1.075e-03
1.572e-03
1.903e-03
1.985e-03
2.565e-03
2.234e-03
1.489e-03
2.565e-03
1.406e-03
2.068e-03
2.730e-03
1.241e-03
1.572e-03
1.241e-03
9.100e-04
9.100e-04
1.158e-03
7.445e-04
7.445e-04
9.100e-04
9.100e-04
4.964e-04
1.075e-03
1.075e-03
9.927e-04
9.927e-04
1.075e-03
1.241e-03
9.927e-04
1.241e-03
8.273e-04
9.927e-04
6.618e-04
4.964e-04
4.136e-04
9.927e-04
6.618e-04
7.445e-04
3.309e-04
9.927e-04
7.445e-04
1.075e-03
1.158e-03
6.618e-04
4.964e-04
8.273e-04
5.791e-04
6.618e-04
4.136e-04
7.445e-04
8.273e-04
7.445e-04
7.445e-04
5.791e-04
7.445e-04
4.136e-04
2.482e-04
7.445e-04
4.136e-04
3.309e-04
1.075e-03
7.445e-04
7.445e-04
8.273e-04
6.618e-04
9.927e-04
5.791e-04
6.618e-04
1.075e-03
1.158e-03
1.406e-03
1.655e-03
1.406e-03
1.903e-03
1.489e-03
1.158e-03
9.927e-04
1.737e-03
2.316e-03
2.068e-03
1.820e-03
1.903e-03
2.068e-03
1.489e-03
1.158e-03
2.234e-03
1.737e-03
2.068e-03
3.144e-03
2.647e-03
1.903e-03
2.730e-03
2.978e-03
2.234e-03
3.392e-03
3.392e-03
2.978e-03
2.730e-03
2.234e-03
3.144e-03
3.392e-03
4.881e-03
6.122e-03
4.467e-03
3.392e-03
3.392e-03
3.475e-03
3.971e-03
4.302e-03
4.054e-03
2.730e-03
2.730e-03
3.888e-03
3.805e-03
3.640e-03
4.550e-03
3.888e-03
2.978e-03
3.640e-03
4.302e-03
4.219e-03
4.136e-03
2.813e-03
3.723e-03
3.144e-03
4.302e-03
3.640e-03
2.813e-03
3.640e-03
3.971e-03
3.392e-03
3.392e-03
3.805e-03
1.903e-03
2.482e-03
2.730e-03
2.730e-03
2.813e-03
3.226e-03
2.151e-03
1.903e-03
2.730e-03
2.151e-03
2.565e-03
3.226e-03
2.234e-03
1.737e-03
1.655e-03
2.565e-03
2.151e-03
2.068e-03
2.399e-03
2.068e-03
2.151e-03
2.151e-03
1.075e-03
1.737e-03
2.482e-03
2.482e-03
1.655e-03
2.068e-03
2.399e-03
2.399e-03
1.820e-03
2.151e-03
1.903e-03
2.316e-03
1.158e-03
2.399e-03
2.151e-03
2.647e-03
2.399e-03
2.151e-03
1.737e-03
1.737e-03
2.482e-03
2.399e-03
2.399e-03
2.068e-03
1.985e-03
3.805e-03
2.730e-03
2.565e-03
1.903e-03
2.565e-03
2.482e-03
3.557e-03
2.895e-03
3.392e-03
3.144e-03
3.971e-03
3.475e-03
3.805e-03
3.805e-03
3.226e-03
4.385e-03
4.550e-03
4.881e-03
3.640e-03
3.144e-03
3.971e-03
3.805e-03
3.723e-03
4.467e-03
4.136e-03
3.309e-03
4.633e-03
3.144e-03
3.805e-03
3.971e-03
3.971e-03
4.881e-03
4.964e-03
4.633e-03
4.715e-03
4.467e-03
4.881e-03
4.881e-03
5.625e-03
6.535e-03
7.114e-03
