3.392e-03
4.922e-03
3.020e-03
3.185e-03
3.020e-03
2.730e-03
2.565e-03
3.144e-03
2.358e-03
2.730e-03
2.440e-03
2.565e-03
2.399e-03
2.771e-03
2.110e-03
2.689e-03
2.482e-03
2.027e-03
2.358e-03
1.985e-03
2.565e-03
2.027e-03
1.696e-03
1.820e-03
1.985e-03
1.985e-03
1.861e-03
1.944e-03
1.530e-03
1.448e-03
1.779e-03
1.448e-03
1.530e-03
1.282e-03
1.241e-03
8.686e-04
1.530e-03
1.158e-03
1.200e-03
1.448e-03
1.489e-03
7.859e-04
1.075e-03
1.158e-03
8.273e-04
7.445e-04
9.514e-04
1.200e-03
1.158e-03
1.406e-03
9.927e-04
1.158e-03
9.927e-04
7.032e-04
1.075e-03
1.365e-03
7.032e-04
8.686e-04
1.241e-03
1.572e-03
1.075e-03
9.514e-04
1.034e-03
1.075e-03
9.927e-04
1.034e-03
1.655e-03
1.406e-03
1.241e-03
9.100e-04
7.859e-04
1.034e-03
1.282e-03
1.655e-03
1.530e-03
1.282e-03
1.489e-03
1.448e-03
1.613e-03
1.365e-03
1.406e-03
1.406e-03
1.365e-03
9.514e-04
1.117e-03
1.489e-03
1.655e-03
2.027e-03
1.530e-03
1.530e-03
1.530e-03
1.985e-03
1.820e-03
1.572e-03
2.068e-03
2.110e-03
1.861e-03
1.985e-03
2.192e-03
1.903e-03
1.903e-03
2.234e-03
1.779e-03
2.234e-03
2.316e-03
2.316e-03
2.027e-03
2.151e-03
2.068e-03
2.234e-03
2.275e-03
2.110e-03
2.151e-03
2.151e-03
2.358e-03
1.861e-03
1.572e-03
2.110e-03
1.530e-03
2.192e-03
2.110e-03
2.027e-03
2.275e-03
1.779e-03
1.365e-03
1.903e-03
2.358e-03
1.613e-03
1.324e-03
1.530e-03
1.655e-03
1.655e-03
1.158e-03
1.737e-03
1.282e-03
1.406e-03
1.200e-03
6.618e-04
1.200e-03
9.927e-04
8.273e-04
1.200e-03
9.514e-04
8.273e-04
1.075e-03
8.686e-04
7.859e-04
9.514e-04
7.859e-04
7.445e-04
6.205e-04
5.377e-04
4.136e-04
4.550e-04
3.723e-04
4.136e-04
2.068e-04
4.964e-04
3.723e-04
4.136e-04
2.068e-04
2.895e-04
4.136e-04
2.895e-04
6.205e-04
3.309e-04
1.655e-04
4.136e-05
2.482e-04
3.723e-04
2.895e-04
3.309e-04
2.482e-04
3.309e-04
1.655e-04
3.309e-04
3.723e-04
4.964e-04
2.068e-04
2.895e-04
6.205e-04
4.550e-04
2.895e-04
2.895e-04
1.241e-04
2.068e-04
4.136e-04
2.895e-04
3.309e-04
2.068e-04
2.895e-04
3.309e-04
1.655e-04
4.136e-04
2.482e-04
5.791e-04
2.482e-04
2.895e-04
3.723e-04
3.309e-04
3.723e-04
5.791e-04
7.032e-04
4.136e-04
2.068e-04
4.136e-04
3.723e-04
6.205e-04
4.964e-04
1.241e-04
4.136e-04
4.136e-04
9.100e-04
4.136e-04
4.136e-04
4.136e-04
4.550e-04
6.618e-04
8.273e-04
1.200e-03
1.034e-03
8.273e-04
8.686e-04
9.514e-04
1.241e-03
1.200e-03
1.034e-03
1.737e-03
1.655e-03
1.034e-03
1.324e-03
1.613e-03
1.696e-03
1.737e-03
2.027e-03
1.613e-03
1.985e-03
1.820e-03
1.489e-03
1.779e-03
1.655e-03
1.448e-03
1.985e-03
2.027e-03
1.613e-03
1.737e-03
2.110e-03
1.985e-03
1.572e-03
1.861e-03
1.282e-03
1.696e-03
2.027e-03
1.903e-03
1.530e-03
2.151e-03
1.779e-03
1.944e-03
1.365e-03
2.730e-03
1.779e-03
1.448e-03
2.027e-03
1.985e-03
1.861e-03
1.944e-03
1.861e-03
1.779e-03
1.944e-03
2.110e-03
1.406e-03
1.406e-03
1.117e-03
1.324e-03
1.489e-03
1.158e-03
1.200e-03
1.324e-03
1.200e-03
9.514e-04
8.273e-04
1.158e-03
1.034e-03
9.927e-04
1.158e-03
1.365e-03
8.273e-04
1.530e-03
1.406e-03
9.514e-04
9.927e-04
1.075e-03
8.686e-04
1.075e-03
1.158e-03
1.034e-03
1.075e-03
1.820e-03
9.927e-04
7.032e-04
1.324e-03
1.200e-03
1.448e-03
1.241e-03
1.034e-03
9.927e-04
1.324e-03
1.117e-03
9.514e-04
1.448e-03
1.117e-03
1.075e-03
9.100e-04
9.927e-04
1.117e-03
1.075e-03
1.117e-03
1.075e-03
9.514e-04
1.158e-03
1.241e-03
1.241e-03
1.117e-03
1.241e-03
1.365e-03
7.445e-04
1.324e-03
1.406e-03
1.696e-03
1.324e-03
1.655e-03
2.027e-03
1.779e-03
1.572e-03
1.696e-03
2.151e-03
1.985e-03
2.647e-03
1.696e-03
1.572e-03
2.027e-03
1.861e-03
2.110e-03
1.944e-03
1.861e-03
2.730e-03
2.358e-03
2.565e-03
2.068e-03
2.399e-03
2.689e-03
2.895e-03
2.895e-03
2.523e-03
2.730e-03
3.557e-03
2.689e-03
2.854e-03
3.309e-03
3.226e-03
