1.704e-02
7.193e-03
6.695e-03
6.142e-03
6.086e-03
5.588e-03
5.201e-03
4.814e-03
4.924e-03
5.422e-03
5.312e-03
5.146e-03
4.592e-03
5.256e-03
4.814e-03
4.482e-03
4.924e-03
4.316e-03
4.482e-03
4.426e-03
3.873e-03
4.980e-03
3.707e-03
3.486e-03
3.873e-03
3.541e-03
3.652e-03
3.265e-03
2.877e-03
3.154e-03
3.763e-03
3.320e-03
2.822e-03
2.324e-03
2.490e-03
3.043e-03
2.601e-03
3.320e-03
2.601e-03
2.269e-03
2.379e-03
2.379e-03
2.545e-03
2.435e-03
2.379e-03
2.047e-03
1.992e-03
2.213e-03
2.213e-03
1.937e-03
1.992e-03
1.715e-03
1.383e-03
2.047e-03
1.605e-03
1.439e-03
1.660e-03
1.826e-03
1.549e-03
2.103e-03
2.324e-03
1.771e-03
1.992e-03
1.439e-03
1.605e-03
1.771e-03
1.549e-03
1.881e-03
1.494e-03
2.545e-03
2.047e-03
1.217e-03
2.656e-03
1.771e-03
1.937e-03
1.771e-03
1.992e-03
1.881e-03
2.158e-03
1.881e-03
2.601e-03
2.324e-03
2.379e-03
2.656e-03
2.490e-03
2.379e-03
2.324e-03
2.435e-03
4.371e-03
3.154e-03
2.877e-03
3.375e-03
2.435e-03
2.490e-03
3.707e-03
2.988e-03
2.877e-03
2.822e-03
3.043e-03
2.988e-03
3.265e-03
4.260e-03
2.877e-03
3.043e-03
3.486e-03
3.265e-03
3.541e-03
4.758e-03
4.537e-03
3.375e-03
4.150e-03
4.537e-03
3.265e-03
2.767e-03
3.099e-03
3.873e-03
3.431e-03
3.818e-03
3.209e-03
5.312e-03
5.699e-03
4.150e-03
3.818e-03
3.099e-03
3.320e-03
2.656e-03
3.099e-03
2.656e-03
2.711e-03
2.269e-03
2.490e-03
2.711e-03
2.269e-03
2.656e-03
2.490e-03
2.490e-03
2.324e-03
2.324e-03
2.269e-03
1.383e-03
2.269e-03
2.324e-03
2.324e-03
2.435e-03
1.881e-03
2.213e-03
2.601e-03
2.269e-03
2.269e-03
2.822e-03
2.158e-03
1.881e-03
1.439e-03
1.217e-03
1.881e-03
1.549e-03
1.162e-03
1.383e-03
1.217e-03
1.217e-03
8.853e-04
1.605e-03
1.273e-03
1.107e-03
1.328e-03
1.162e-03
1.937e-03
1.494e-03
1.549e-03
1.605e-03
1.715e-03
9.960e-04
1.162e-03
1.328e-03
1.605e-03
1.328e-03
1.051e-03
4.426e-04
1.494e-03
1.549e-03
2.379e-03
2.103e-03
8.300e-04
1.217e-03
1.217e-03
1.217e-03
1.051e-03
9.406e-04
1.162e-03
1.273e-03
1.107e-03
1.162e-03
1.217e-03
1.217e-03
9.960e-04
7.746e-04
1.494e-03
5.533e-04
8.853e-04
1.605e-03
1.383e-03
1.494e-03
1.328e-03
1.439e-03
1.715e-03
9.960e-04
1.494e-03
1.494e-03
1.439e-03
1.605e-03
1.826e-03
1.881e-03
1.937e-03
1.771e-03
1.383e-03
1.383e-03
2.158e-03
2.158e-03
2.213e-03
2.379e-03
1.771e-03
2.213e-03
1.494e-03
1.771e-03
2.269e-03
2.269e-03
2.435e-03
2.988e-03
2.379e-03
2.103e-03
2.601e-03
2.711e-03
1.992e-03
3.320e-03
3.099e-03
2.545e-03
2.933e-03
2.047e-03
3.375e-03
3.597e-03
4.869e-03
5.699e-03
4.039e-03
3.320e-03
3.209e-03
3.541e-03
3.154e-03
4.150e-03
3.984e-03
2.877e-03
2.711e-03
3.320e-03
3.431e-03
3.154e-03
4.260e-03
3.873e-03
3.043e-03
3.541e-03
3.763e-03
3.597e-03
3.818e-03
2.490e-03
3.652e-03
2.545e-03
3.984e-03
3.099e-03
2.877e-03
3.431e-03
2.822e-03
3.099e-03
2.877e-03
3.320e-03
1.992e-03
2.490e-03
2.269e-03
2.435e-03
2.601e-03
2.656e-03
1.660e-03
1.826e-03
2.269e-03
2.103e-03
2.435e-03
2.767e-03
2.103e-03
1.549e-03
1.494e-03
2.213e-03
1.937e-03
1.715e-03
1.881e-03
1.660e-03
2.103e-03
1.826e-03
1.162e-03
1.383e-03
2.213e-03
1.937e-03
1.494e-03
1.937e-03
2.103e-03
2.269e-03
1.715e-03
1.826e-03
1.881e-03
1.937e-03
1.715e-03
2.324e-03
1.992e-03
2.213e-03
2.213e-03
2.324e-03
1.881e-03
2.158e-03
2.877e-03
2.435e-03
2.379e-03
2.490e-03
1.771e-03
3.984e-03
2.379e-03
2.933e-03
2.324e-03
2.656e-03
2.324e-03
3.265e-03
2.767e-03
3.375e-03
2.988e-03
3.541e-03
3.320e-03
3.984e-03
3.486e-03
3.099e-03
3.929e-03
4.482e-03
4.426e-03
3.597e-03
3.541e-03
3.763e-03
3.597e-03
3.763e-03
4.758e-03
4.703e-03
3.763e-03
5.035e-03
4.205e-03
4.980e-03
4.814e-03
4.648e-03
5.533e-03
5.367e-03
5.976e-03
5.201e-03
5.312e-03
5.090e-03
5.644e-03
5.810e-03
6.806e-03
6.972e-03
