3.873e-03
4.565e-03
3.597e-03
3.707e-03
3.846e-03
2.822e-03
3.182e-03
3.237e-03
2.988e-03
2.960e-03
3.016e-03
2.767e-03
2.435e-03
2.988e-03
2.462e-03
2.518e-03
2.767e-03
2.407e-03
2.324e-03
2.186e-03
2.379e-03
1.937e-03
2.047e-03
2.020e-03
2.213e-03
1.992e-03
1.660e-03
1.798e-03
1.383e-03
1.605e-03
1.771e-03
1.356e-03
1.577e-03
1.328e-03
1.107e-03
8.576e-04
1.245e-03
1.051e-03
1.245e-03
1.217e-03
1.245e-03
8.300e-04
9.960e-04
9.683e-04
8.576e-04
7.746e-04
1.024e-03
9.960e-04
8.853e-04
9.683e-04
1.024e-03
1.024e-03
8.576e-04
5.256e-04
1.051e-03
1.024e-03
6.916e-04
8.023e-04
1.024e-03
1.300e-03
9.406e-04
8.300e-04
8.300e-04
8.853e-04
8.023e-04
8.576e-04
1.245e-03
1.079e-03
1.024e-03
9.960e-04
6.363e-04
8.576e-04
9.960e-04
1.245e-03
1.162e-03
9.960e-04
1.134e-03
1.162e-03
1.356e-03
1.134e-03
1.162e-03
1.190e-03
1.162e-03
8.300e-04
9.960e-04
1.162e-03
1.522e-03
1.605e-03
1.134e-03
1.411e-03
1.300e-03
1.632e-03
1.494e-03
1.494e-03
1.743e-03
1.909e-03
1.577e-03
1.715e-03
1.826e-03
1.715e-03
1.660e-03
1.909e-03
1.577e-03
1.992e-03
1.964e-03
1.937e-03
1.771e-03
1.743e-03
1.854e-03
1.826e-03
1.715e-03
1.743e-03
1.798e-03
1.881e-03
2.103e-03
1.466e-03
1.632e-03
1.743e-03
1.190e-03
1.798e-03
1.715e-03
1.881e-03
1.826e-03
1.522e-03
1.217e-03
1.549e-03
1.743e-03
1.328e-03
1.162e-03
1.217e-03
1.383e-03
1.356e-03
1.162e-03
1.549e-03
1.217e-03
1.245e-03
1.107e-03
9.683e-04
1.107e-03
1.134e-03
9.683e-04
1.190e-03
9.960e-04
8.300e-04
1.383e-03
9.960e-04
9.406e-04
9.130e-04
1.024e-03
9.960e-04
7.746e-04
8.576e-04
7.470e-04
7.193e-04
5.810e-04
6.086e-04
6.086e-04
7.193e-04
6.363e-04
7.193e-04
6.640e-04
6.640e-04
5.256e-04
6.363e-04
8.300e-04
7.470e-04
4.980e-04
3.320e-04
6.086e-04
8.576e-04
4.150e-04
7.193e-04
7.746e-04
6.640e-04
6.916e-04
5.533e-04
6.916e-04
7.470e-04
5.533e-04
6.640e-04
9.130e-04
8.853e-04
5.810e-04
6.916e-04
3.597e-04
8.300e-04
7.470e-04
6.640e-04
6.363e-04
4.980e-04
6.916e-04
5.256e-04
4.150e-04
8.576e-04
5.256e-04
8.576e-04
5.533e-04
5.810e-04
4.980e-04
4.426e-04
5.533e-04
7.470e-04
6.640e-04
6.640e-04
4.426e-04
8.853e-04
6.916e-04
6.640e-04
7.193e-04
2.490e-04
4.703e-04
5.533e-04
9.130e-04
5.810e-04
5.810e-04
5.810e-04
6.363e-04
7.470e-04
9.130e-04
1.162e-03
1.051e-03
9.960e-04
1.051e-03
8.023e-04
1.217e-03
1.300e-03
1.162e-03
1.577e-03
1.411e-03
9.960e-04
1.245e-03
1.162e-03
1.522e-03
1.411e-03
1.660e-03
1.328e-03
1.632e-03
1.715e-03
1.383e-03
1.549e-03
1.439e-03
1.245e-03
1.660e-03
1.854e-03
1.522e-03
1.383e-03
1.715e-03
1.688e-03
1.466e-03
1.605e-03
1.300e-03
1.771e-03
1.549e-03
1.743e-03
1.494e-03
1.688e-03
1.494e-03
1.826e-03
1.356e-03
2.130e-03
1.605e-03
1.605e-03
1.743e-03
1.632e-03
1.577e-03
1.771e-03
1.466e-03
1.328e-03
1.715e-03
1.771e-03
1.217e-03
1.245e-03
1.024e-03
1.190e-03
1.217e-03
1.024e-03
9.683e-04
1.051e-03
9.130e-04
9.683e-04
8.576e-04
1.024e-03
9.683e-04
9.960e-04
9.683e-04
1.107e-03
8.023e-04
1.273e-03
1.107e-03
9.130e-04
8.023e-04
9.683e-04
7.193e-04
9.130e-04
1.051e-03
8.576e-04
9.683e-04
1.411e-03
9.130e-04
5.533e-04
1.190e-03
9.406e-04
1.217e-03
1.079e-03
8.576e-04
8.853e-04
1.217e-03
9.960e-04
9.960e-04
1.273e-03
1.107e-03
9.683e-04
9.130e-04
1.107e-03
1.300e-03
1.217e-03
1.300e-03
1.411e-03
1.107e-03
1.356e-03
1.134e-03
1.190e-03
1.134e-03
1.439e-03
1.356e-03
1.217e-03
1.522e-03
1.494e-03
1.909e-03
1.466e-03
1.605e-03
2.296e-03
1.854e-03
1.937e-03
1.826e-03
2.075e-03
1.937e-03
2.656e-03
2.158e-03
1.992e-03
2.628e-03
2.269e-03
2.379e-03
2.545e-03
2.711e-03
3.043e-03
2.739e-03
2.794e-03
2.794e-03
2.960e-03
3.182e-03
3.126e-03
3.375e-03
2.767e-03
2.905e-03
3.846e-03
3.597e-03
3.237e-03
3.846e-03
3.375e-03
