0.000e+00
0.000e+00
0.000e+00
0.000e+00
0.000e+00
0.000e+00
0.000e+00
0.000e+00
0.000e+00
0.000e+00
0.000e+00
0.000e+00
0.000e+00
0.000e+00
0.000e+00
0.000e+00
0.000e+00
0.000e+00
0.000e+00
0.000e+00
0.000e+00
0.000e+00
0.000e+00
0.000e+00
0.000e+00
2.008e-03
0.000e+00
0.000e+00
0.000e+00
0.000e+00
0.000e+00
0.000e+00
2.008e-03
2.008e-03
0.000e+00
2.008e-03
2.008e-03
0.000e+00
0.000e+00
0.000e+00
0.000e+00
0.000e+00
0.000e+00
2.008e-03
0.000e+00
2.008e-03
0.000e+00
0.000e+00
2.008e-03
0.000e+00
2.008e-03
4.016e-03
4.016e-03
4.016e-03
4.016e-03
1.406e-02
0.000e+00
2.008e-03
6.024e-03
4.016e-03
2.008e-03
0.000e+00
6.024e-03
4.016e-03
2.008e-03
8.032e-03
6.024e-03
4.016e-03
6.024e-03
2.008e-03
2.008e-03
1.406e-02
2.008e-03
0.000e+00
2.008e-03
2.008e-03
4.016e-03
6.024e-03
0.000e+00
2.008e-03
2.008e-03
4.016e-03
4.016e-03
6.024e-03
4.016e-03
2.008e-03
0.000e+00
2.008e-03
4.016e-03
4.016e-03
4.016e-03
4.016e-03
2.008e-03
4.016e-03
0.000e+00
0.000e+00
0.000e+00
2.008e-03
2.008e-03
0.000e+00
0.000e+00
0.000e+00
2.008e-03
0.000e+00
0.000e+00
0.000e+00
0.000e+00
4.016e-03
0.000e+00
0.000e+00
0.000e+00
2.008e-03
2.008e-03
0.000e+00
0.000e+00
0.000e+00
0.000e+00
2.008e-03
0.000e+00
0.000e+00
2.008e-03
0.000e+00
2.008e-03
0.000e+00
0.000e+00
0.000e+00
0.000e+00
0.000e+00
2.008e-03
2.008e-03
0.000e+00
2.008e-03
0.000e+00
0.000e+00
0.000e+00
0.000e+00
0.000e+00
0.000e+00
2.008e-03
0.000e+00
0.000e+00
0.000e+00
0.000e+00
0.000e+00
0.000e+00
2.008e-03
0.000e+00
4.016e-03
0.000e+00
0.000e+00
0.000e+00
0.000e+00
0.000e+00
0.000e+00
0.000e+00
0.000e+00
0.000e+00
0.000e+00
0.000e+00
0.000e+00
0.000e+00
0.000e+00
2.008e-03
4.016e-03
0.000e+00
2.008e-03
2.008e-03
0.000e+00
0.000e+00
0.000e+00
2.008e-03
4.016e-03
6.024e-03
2.008e-03
2.008e-03
2.008e-03
2.008e-03
2.008e-03
0.000e+00
0.000e+00
6.024e-03
0.000e+00
2.008e-03
2.008e-03
4.016e-03
2.008e-03
2.008e-03
0.000e+00
4.016e-03
2.008e-03
0.000e+00
0.000e+00
2.008e-03
2.008e-03
2.008e-03
0.000e+00
4.016e-03
0.000e+00
0.000e+00
0.000e+00
0.000e+00
0.000e+00
0.000e+00
2.008e-03
0.000e+00
0.000e+00
0.000e+00
0.000e+00
0.000e+00
0.000e+00
2.008e-03
2.008e-03
0.000e+00
0.000e+00
0.000e+00
2.008e-03
0.000e+00
2.008e-03
2.008e-03
0.000e+00
2.008e-03
2.008e-03
0.000e+00
0.000e+00
0.000e+00
0.000e+00
2.008e-03
4.016e-03
0.000e+00
0.000e+00
0.000e+00
0.000e+00
0.000e+00
0.000e+00
0.000e+00
0.000e+00
0.000e+00
0.000e+00
0.000e+00
0.000e+00
4.016e-03
0.000e+00
2.008e-03
0.000e+00
0.000e+00
0.000e+00
0.000e+00
2.008e-03
0.000e+00
0.000e+00
0.000e+00
0.000e+00
0.000e+00
0.000e+00
0.000e+00
2.008e-03
4.016e-03
0.000e+00
0.000e+00
0.000e+00
0.000e+00
2.008e-03
2.008e-03
0.000e+00
0.000e+00
4.016e-03
4.016e-03
4.016e-03
0.000e+00
0.000e+00
2.008e-03
6.024e-03
4.016e-03
0.000e+00
0.000e+00
2.008e-03
2.008e-03
2.008e-03
2.008e-03
4.016e-03
8.032e-03
6.024e-03
2.008e-03
0.000e+00
8.032e-03
4.016e-03
2.008e-03
4.016e-03
2.008e-03
6.024e-03
2.008e-03
2.008e-03
8.032e-03
1.004e-02
6.024e-03
8.032e-03
2.008e-03
4.016e-03
0.000e+00
2.008e-03
6.024e-03
4.016e-03
4.016e-03
2.008e-03
4.016e-03
0.000e+00
0.000e+00
2.008e-03
4.016e-03
6.024e-03
2.008e-03
8.032e-03
2.008e-03
0.000e+00
0.000e+00
2.008e-03
0.000e+00
0.000e+00
0.000e+00
0.000e+00
2.008e-03
0.000e+00
0.000e+00
0.000e+00
0.000e+00
0.000e+00
0.000e+00
2.008e-03
0.000e+00
0.000e+00
2.008e-03
0.000e+00
0.000e+00
0.000e+00
0.000e+00
0.000e+00
2.008e-03
0.000e+00
0.000e+00
0.000e+00
0.000e+00
0.000e+00
0.000e+00
0.000e+00
0.000e+00
0.000e+00
0.000e+00
0.000e+00
0.000e+00
0.000e+00
0.000e+00
0.000e+00
0.000e+00
0.000e+00
0.000e+00
0.000e+00
0.000e+00
0.000e+00
0.000e+00
2.008e-03
