1.626e-03
5.420e-04
0.000e+00
0.000e+00
0.000e+00
0.000e+00
5.420e-04
0.000e+00
0.000e+00
0.000e+00
0.000e+00
0.000e+00
0.000e+00
5.420e-04
5.420e-04
0.000e+00
0.000e+00
0.000e+00
0.000e+00
0.000e+00
1.084e-03
0.000e+00
0.000e+00
0.000e+00
5.420e-04
2.168e-03
0.000e+00
0.000e+00
1.626e-03
1.084e-03
1.626e-03
5.420e-04
5.420e-04
0.000e+00
1.084e-03
5.420e-04
0.000e+00
5.420e-04
1.626e-03
1.084e-03
1.084e-03
0.000e+00
5.420e-04
5.420e-04
1.084e-03
5.420e-04
1.626e-03
5.420e-04
0.000e+00
2.710e-03
2.168e-03
2.710e-03
1.084e-03
4.336e-03
3.252e-03
2.168e-03
5.420e-03
1.626e-03
2.710e-03
1.084e-03
5.420e-03
3.252e-03
6.504e-03
7.046e-03
4.336e-03
3.794e-03
4.336e-03
2.710e-03
2.710e-03
2.168e-03
3.252e-03
4.878e-03
1.626e-03
4.336e-03
4.878e-03
3.794e-03
2.710e-03
2.168e-03
4.336e-03
3.252e-03
2.168e-03
2.168e-03
2.168e-03
2.168e-03
1.084e-03
5.420e-04
3.252e-03
1.626e-03
4.878e-03
2.710e-03
1.626e-03
3.794e-03
5.420e-03
5.420e-04
3.794e-03
3.252e-03
2.168e-03
3.252e-03
1.084e-03
2.168e-03
3.252e-03
5.420e-04
1.626e-03
2.710e-03
0.000e+00
1.626e-03
1.626e-03
2.710e-03
1.626e-03
2.710e-03
1.084e-03
1.084e-03
2.710e-03
1.084e-03
3.794e-03
1.084e-03
1.626e-03
2.710e-03
2.710e-03
2.710e-03
1.626e-03
2.710e-03
4.878e-03
5.420e-04
2.168e-03
2.710e-03
1.084e-03
5.420e-04
1.626e-03
5.420e-04
2.168e-03
5.420e-04
2.710e-03
1.084e-03
2.710e-03
1.084e-03
1.626e-03
2.710e-03
4.878e-03
1.084e-03
1.626e-03
1.084e-03
5.420e-04
5.420e-04
1.626e-03
2.710e-03
2.710e-03
2.168e-03
3.794e-03
4.878e-03
3.794e-03
2.168e-03
5.420e-03
2.168e-03
3.252e-03
5.420e-03
7.046e-03
5.420e-03
5.420e-03
5.420e-03
3.252e-03
3.794e-03
5.420e-03
5.962e-03
4.336e-03
8.672e-03
2.168e-03
4.878e-03
8.130e-03
7.046e-03
5.962e-03
9.756e-03
7.046e-03
9.756e-03
7.046e-03
5.420e-03
1.247e-02
1.084e-02
1.084e-02
1.626e-02
2.818e-02
1.463e-02
9.756e-03
8.672e-03
1.030e-02
5.962e-03
9.214e-03
1.247e-02
5.420e-03
8.672e-03
1.030e-02
6.504e-03
5.962e-03
8.672e-03
5.962e-03
6.504e-03
4.878e-03
5.420e-03
7.046e-03
4.878e-03
5.420e-03
2.710e-03
2.710e-03
3.252e-03
2.168e-03
5.420e-03
1.084e-03
2.168e-03
3.252e-03
1.084e-03
3.794e-03
2.710e-03
2.168e-03
2.710e-03
3.794e-03
5.420e-03
3.794e-03
3.252e-03
2.168e-03
1.626e-03
2.168e-03
2.710e-03
3.252e-03
5.420e-04
1.626e-03
1.084e-03
5.420e-04
1.626e-03
1.084e-03
2.168e-03
0.000e+00
1.084e-03
2.168e-03
1.084e-03
3.252e-03
1.084e-03
1.084e-03
2.168e-03
2.710e-03
3.794e-03
3.252e-03
4.336e-03
1.626e-03
1.084e-03
2.710e-03
3.794e-03
2.168e-03
1.084e-03
3.252e-03
2.168e-03
5.420e-04
3.252e-03
2.168e-03
2.168e-03
2.710e-03
1.084e-03
2.168e-03
1.626e-03
5.420e-04
2.710e-03
4.336e-03
1.626e-03
2.710e-03
2.710e-03
2.710e-03
3.252e-03
3.794e-03
2.710e-03
2.168e-03
6.504e-03
4.878e-03
1.084e-03
2.168e-03
3.794e-03
2.168e-03
2.710e-03
2.710e-03
2.710e-03
4.878e-03
2.710e-03
4.336e-03
3.252e-03
5.420e-04
3.794e-03
3.252e-03
2.168e-03
4.878e-03
4.878e-03
2.710e-03
4.336e-03
2.710e-03
4.878e-03
4.878e-03
6.504e-03
6.504e-03
3.252e-03
5.420e-03
4.336e-03
3.252e-03
6.504e-03
4.336e-03
4.878e-03
3.252e-03
3.252e-03
2.710e-03
1.626e-03
2.710e-03
4.336e-03
2.168e-03
3.252e-03
2.168e-03
1.084e-03
5.420e-04
0.000e+00
1.626e-03
0.000e+00
5.420e-04
5.420e-04
5.420e-04
1.084e-03
1.084e-03
1.084e-03
1.084e-03
0.000e+00
2.168e-03
1.626e-03
1.626e-03
0.000e+00
2.168e-03
1.084e-03
0.000e+00
0.000e+00
1.626e-03
5.420e-04
0.000e+00
5.420e-04
5.420e-04
0.000e+00
1.084e-03
1.084e-03
5.420e-04
0.000e+00
0.000e+00
0.000e+00
0.000e+00
5.420e-04
0.000e+00
5.420e-04
0.000e+00
0.000e+00
0.000e+00
5.420e-04
0.000e+00
0.000e+00
5.420e-04
0.000e+00
0.000e+00
0.000e+00
0.000e+00
0.000e+00
