0.000e+00
0.000e+00
0.000e+00
0.000e+00
0.000e+00
0.000e+00
0.000e+00
0.000e+00
0.000e+00
0.000e+00
0.000e+00
0.000e+00
0.000e+00
0.000e+00
2.710e-04
0.000e+00
0.000e+00
2.710e-04
0.000e+00
0.000e+00
0.000e+00
2.710e-04
0.000e+00
0.000e+00
0.000e+00
2.710e-04
0.000e+00
0.000e+00
0.000e+00
0.000e+00
0.000e+00
8.130e-04
0.000e+00
0.000e+00
8.130e-04
0.000e+00
0.000e+00
0.000e+00
0.000e+00
5.420e-04
8.130e-04
5.420e-04
0.000e+00
0.000e+00
5.420e-04
0.000e+00
5.420e-04
8.130e-04
1.355e-03
8.130e-04
2.710e-04
0.000e+00
1.355e-03
8.130e-04
1.626e-03
1.626e-03
1.084e-03
1.355e-03
5.420e-04
1.084e-03
1.626e-03
1.626e-03
1.084e-03
2.168e-03
1.626e-03
2.439e-03
1.626e-03
2.168e-03
2.981e-03
1.626e-03
2.439e-03
1.626e-03
2.439e-03
1.897e-03
2.168e-03
2.710e-03
1.897e-03
1.355e-03
2.710e-03
1.897e-03
1.626e-03
1.626e-03
2.710e-03
2.168e-03
3.252e-03
1.355e-03
2.439e-03
2.168e-03
1.897e-03
8.130e-04
1.355e-03
2.168e-03
1.355e-03
8.130e-04
1.897e-03
5.420e-04
1.355e-03
1.355e-03
5.420e-04
1.084e-03
1.626e-03
1.626e-03
1.355e-03
1.084e-03
5.420e-04
2.710e-04
2.710e-04
1.084e-03
5.420e-04
1.084e-03
2.710e-04
2.710e-04
5.420e-04
1.084e-03
1.355e-03
5.420e-04
2.710e-04
8.130e-04
5.420e-04
1.355e-03
2.710e-04
2.710e-04
1.626e-03
1.897e-03
5.420e-04
8.130e-04
5.420e-04
1.355e-03
1.355e-03
2.710e-04
1.084e-03
8.130e-04
1.897e-03
2.710e-04
1.355e-03
2.710e-04
8.130e-04
1.626e-03
5.420e-04
1.355e-03
5.420e-04
1.355e-03
8.130e-04
1.084e-03
1.355e-03
1.626e-03
1.897e-03
8.130e-04
1.355e-03
8.130e-04
2.439e-03
1.355e-03
1.626e-03
2.439e-03
2.710e-03
1.084e-03
1.897e-03
2.981e-03
3.252e-03
2.168e-03
2.981e-03
3.794e-03
2.168e-03
2.168e-03
2.168e-03
2.981e-03
3.794e-03
3.252e-03
2.981e-03
5.691e-03
2.981e-03
5.149e-03
3.794e-03
4.607e-03
5.691e-03
5.962e-03
6.775e-03
5.962e-03
7.588e-03
4.607e-03
5.962e-03
6.775e-03
4.878e-03
4.065e-03
4.065e-03
7.046e-03
5.691e-03
7.317e-03
4.607e-03
3.252e-03
4.065e-03
2.710e-03
4.336e-03
4.336e-03
2.981e-03
2.168e-03
3.794e-03
2.168e-03
2.168e-03
2.710e-03
2.168e-03
1.626e-03
4.065e-03
2.710e-03
2.710e-03
1.084e-03
1.626e-03
2.710e-03
2.710e-04
1.626e-03
1.626e-03
5.420e-04
1.355e-03
1.897e-03
5.420e-04
1.355e-03
5.420e-04
5.420e-04
8.130e-04
5.420e-04
1.355e-03
1.355e-03
1.355e-03
5.420e-04
1.084e-03
1.626e-03
8.130e-04
1.084e-03
8.130e-04
1.084e-03
1.084e-03
2.710e-04
5.420e-04
0.000e+00
8.130e-04
5.420e-04
5.420e-04
8.130e-04
1.626e-03
5.420e-04
1.626e-03
2.710e-04
8.130e-04
8.130e-04
2.168e-03
1.084e-03
2.710e-04
1.084e-03
1.084e-03
5.420e-04
8.130e-04
5.420e-04
2.439e-03
2.710e-04
8.130e-04
1.355e-03
1.897e-03
1.084e-03
5.420e-04
1.084e-03
0.000e+00
2.710e-04
1.897e-03
5.420e-04
5.420e-04
1.084e-03
8.130e-04
1.084e-03
2.981e-03
2.439e-03
1.084e-03
1.355e-03
2.168e-03
2.168e-03
2.168e-03
2.439e-03
2.710e-03
4.336e-03
5.420e-04
2.168e-03
2.439e-03
1.897e-03
3.523e-03
2.168e-03
4.065e-03
3.523e-03
1.897e-03
2.710e-03
2.439e-03
3.523e-03
3.794e-03
2.981e-03
1.626e-03
2.439e-03
2.168e-03
5.420e-04
1.626e-03
3.252e-03
1.355e-03
5.420e-04
1.355e-03
2.710e-04
1.355e-03
8.130e-04
2.710e-04
1.084e-03
1.084e-03
0.000e+00
5.420e-04
5.420e-04
8.130e-04
5.420e-04
5.420e-04
0.000e+00
5.420e-04
2.710e-04
8.130e-04
0.000e+00
8.130e-04
5.420e-04
8.130e-04
2.710e-04
5.420e-04
2.710e-04
5.420e-04
8.130e-04
2.710e-04
0.000e+00
5.420e-04
2.710e-04
2.710e-04
2.710e-04
0.000e+00
2.710e-04
2.710e-04
0.000e+00
2.710e-04
5.420e-04
0.000e+00
0.000e+00
0.000e+00
2.710e-04
2.710e-04
0.000e+00
0.000e+00
0.000e+00
2.710e-04
0.000e+00
0.000e+00
0.000e+00
0.000e+00
0.000e+00
0.000e+00
0.000e+00
0.000e+00
2.710e-04
0.000e+00
0.000e+00
0.000e+00
0.000e+00
