2.830e+02
2.800e+02
2.670e+02
2.100e+02
2.020e+02
1.800e+02
2.050e+02
1.960e+02
1.790e+02
1.770e+02
1.880e+02
1.680e+02
1.780e+02
1.650e+02
1.760e+02
1.540e+02
2.120e+02
1.860e+02
2.060e+02
2.290e+02
2.070e+02
2.430e+02
2.650e+02
2.770e+02
2.700e+02
2.480e+02
3.000e+02
3.050e+02
3.220e+02
3.120e+02
3.440e+02
3.500e+02
3.610e+02
3.710e+02
3.830e+02
3.850e+02
3.840e+02
3.620e+02
3.620e+02
2.840e+02
3.010e+02
2.240e+02
2.030e+02
1.610e+02
1.610e+02
1.520e+02
1.340e+02
1.110e+02
9.200e+01
8.100e+01
9.700e+01
1.090e+02
1.060e+02
8.300e+01
9.100e+01
1.270e+02
1.290e+02
1.230e+02
8.900e+01
6.800e+01
3.800e+01
2.300e+01
2.100e+01
2.800e+01
1.900e+01
3.800e+01
6.300e+01
6.600e+01
7.200e+01
1.050e+02
1.310e+02
9.100e+01
9.100e+01
9.000e+01
7.500e+01
9.000e+01
5.300e+01
5.600e+01
5.300e+01
5.000e+01
5.300e+01
5.800e+01
5.100e+01
4.200e+01
4.700e+01
5.100e+01
7.000e+01
6.700e+01
6.900e+01
6.500e+01
5.600e+01
4.100e+01
5.800e+01
5.700e+01
5.800e+01
6.100e+01
5.500e+01
5.500e+01
4.600e+01
4.900e+01
4.700e+01
4.400e+01
4.000e+01
4.800e+01
5.000e+01
4.200e+01
3.600e+01
3.600e+01
4.400e+01
4.800e+01
4.000e+01
4.400e+01
4.700e+01
4.700e+01
4.500e+01
5.900e+01
4.900e+01
5.200e+01
6.100e+01
6.500e+01
5.100e+01
4.800e+01
5.700e+01
5.000e+01
4.100e+01
4.500e+01
5.800e+01
3.900e+01
4.500e+01
4.200e+01
3.800e+01
2.800e+01
3.700e+01
3.400e+01
4.500e+01
2.900e+01
2.900e+01
3.100e+01
4.700e+01
4.400e+01
3.200e+01
5.300e+01
5.500e+01
5.600e+01
4.900e+01
5.200e+01
4.300e+01
6.000e+01
4.800e+01
6.400e+01
5.200e+01
5.700e+01
5.600e+01
4.000e+01
4.300e+01
5.200e+01
4.400e+01
3.600e+01
3.300e+01
3.600e+01
3.000e+01
3.600e+01
3.200e+01
2.700e+01
2.000e+01
3.200e+01
2.800e+01
2.600e+01
1.500e+01
2.300e+01
3.200e+01
3.500e+01
3.300e+01
2.800e+01
3.100e+01
1.800e+01
1.800e+01
2.700e+01
2.200e+01
1.900e+01
2.200e+01
2.400e+01
2.000e+01
1.800e+01
1.500e+01
2.500e+01
1.800e+01
2.000e+01
1.700e+01
2.300e+01
2.800e+01
2.100e+01
2.400e+01
1.500e+01
3.100e+01
2.500e+01
2.500e+01
2.700e+01
3.300e+01
2.800e+01
3.700e+01
3.400e+01
4.400e+01
4.100e+01
5.500e+01
5.400e+01
4.300e+01
7.300e+01
4.800e+01
4.900e+01
5.600e+01
6.700e+01
5.500e+01
4.800e+01
4.500e+01
5.000e+01
4.100e+01
5.000e+01
5.900e+01
4.100e+01
4.700e+01
4.600e+01
4.600e+01
4.900e+01
5.100e+01
3.900e+01
4.000e+01
5.200e+01
5.500e+01
4.100e+01
3.900e+01
5.300e+01
3.500e+01
4.200e+01
4.400e+01
5.300e+01
7.200e+01
5.200e+01
5.900e+01
5.500e+01
5.000e+01
5.500e+01
6.000e+01
5.000e+01
6.400e+01
4.300e+01
5.000e+01
4.900e+01
5.500e+01
4.700e+01
4.800e+01
3.500e+01
3.600e+01
4.000e+01
3.300e+01
3.900e+01
5.500e+01
4.300e+01
4.500e+01
3.800e+01
5.000e+01
3.800e+01
3.100e+01
5.100e+01
5.300e+01
4.800e+01
4.400e+01
5.800e+01
5.800e+01
5.600e+01
7.000e+01
5.800e+01
6.000e+01
5.700e+01
6.900e+01
6.400e+01
5.500e+01
6.600e+01
6.700e+01
6.300e+01
5.900e+01
6.300e+01
5.600e+01
5.200e+01
6.400e+01
7.200e+01
7.900e+01
8.000e+01
1.200e+02
1.060e+02
1.030e+02
1.160e+02
1.130e+02
6.400e+01
7.100e+01
5.200e+01
3.300e+01
2.300e+01
2.900e+01
2.800e+01
4.800e+01
6.600e+01
8.500e+01
1.130e+02
1.070e+02
1.210e+02
1.200e+02
1.290e+02
8.800e+01
7.300e+01
8.800e+01
7.500e+01
5.700e+01
5.300e+01
1.110e+02
1.140e+02
1.110e+02
1.700e+02
2.350e+02
2.300e+02
2.930e+02
3.440e+02
4.040e+02
3.950e+02
4.060e+02
4.230e+02
4.110e+02
4.080e+02
3.710e+02
3.320e+02
3.510e+02
3.320e+02
3.350e+02
3.190e+02
2.950e+02
2.740e+02
2.680e+02
2.720e+02
2.450e+02
2.450e+02
2.360e+02
1.970e+02
1.830e+02
1.910e+02
2.030e+02
2.070e+02
1.710e+02
1.700e+02
1.500e+02
1.650e+02
1.660e+02
1.700e+02
1.730e+02
1.910e+02
1.610e+02
1.850e+02
2.190e+02
2.270e+02
2.330e+02
2.790e+02
