4.500e+02
2.840e+02
2.880e+02
2.500e+02
2.340e+02
2.150e+02
2.000e+02
1.850e+02
2.130e+02
2.000e+02
2.130e+02
2.340e+02
2.120e+02
2.060e+02
1.940e+02
2.190e+02
2.200e+02
2.440e+02
2.570e+02
2.290e+02
2.550e+02
2.300e+02
2.880e+02
2.550e+02
2.820e+02
2.400e+02
2.870e+02
2.900e+02
3.010e+02
3.010e+02
3.330e+02
3.060e+02
2.980e+02
3.110e+02
3.640e+02
3.730e+02
3.220e+02
3.150e+02
3.230e+02
2.860e+02
2.270e+02
1.960e+02
1.920e+02
1.270e+02
1.330e+02
9.400e+01
8.300e+01
1.090e+02
1.130e+02
7.800e+01
1.620e+02
7.500e+01
8.500e+01
8.400e+01
9.800e+01
1.250e+02
1.390e+02
1.270e+02
8.200e+01
6.700e+01
2.600e+01
2.100e+01
1.000e+01
1.700e+01
3.100e+01
4.400e+01
4.600e+01
5.700e+01
7.400e+01
1.000e+02
1.170e+02
9.900e+01
8.500e+01
8.600e+01
1.020e+02
5.700e+01
5.600e+01
4.700e+01
5.700e+01
5.100e+01
4.600e+01
3.700e+01
3.500e+01
4.100e+01
4.700e+01
2.900e+01
6.600e+01
4.900e+01
4.000e+01
6.500e+01
4.600e+01
5.500e+01
4.600e+01
3.800e+01
4.500e+01
5.200e+01
5.400e+01
4.700e+01
4.400e+01
4.800e+01
6.600e+01
5.000e+01
4.900e+01
5.300e+01
3.300e+01
4.400e+01
6.000e+01
5.800e+01
4.500e+01
7.400e+01
5.200e+01
5.000e+01
7.200e+01
5.800e+01
5.300e+01
6.200e+01
5.600e+01
5.200e+01
7.200e+01
5.900e+01
6.200e+01
5.700e+01
6.000e+01
6.100e+01
5.200e+01
5.200e+01
4.800e+01
4.700e+01
4.600e+01
4.600e+01
6.500e+01
4.900e+01
5.200e+01
5.200e+01
4.300e+01
5.200e+01
4.600e+01
3.900e+01
3.000e+01
4.500e+01
4.600e+01
5.100e+01
5.800e+01
4.800e+01
5.500e+01
5.200e+01
5.200e+01
4.800e+01
5.300e+01
5.400e+01
4.900e+01
3.900e+01
3.900e+01
4.700e+01
3.700e+01
4.100e+01
4.000e+01
4.300e+01
3.100e+01
2.800e+01
2.900e+01
3.000e+01
2.600e+01
2.400e+01
2.400e+01
1.900e+01
1.800e+01
2.500e+01
2.800e+01
2.700e+01
1.100e+01
1.000e+01
1.800e+01
3.700e+01
2.700e+01
1.900e+01
1.900e+01
1.400e+01
2.500e+01
2.500e+01
2.000e+01
2.900e+01
2.600e+01
1.200e+01
1.700e+01
1.900e+01
1.700e+01
1.500e+01
2.200e+01
1.200e+01
1.500e+01
2.400e+01
8.000e+00
2.300e+01
2.000e+01
2.900e+01
2.800e+01
3.100e+01
2.800e+01
3.200e+01
2.600e+01
3.600e+01
2.900e+01
3.600e+01
3.300e+01
5.700e+01
4.100e+01
4.300e+01
3.800e+01
3.700e+01
4.600e+01
5.100e+01
6.200e+01
5.200e+01
4.600e+01
4.700e+01
4.800e+01
5.300e+01
5.000e+01
5.200e+01
4.400e+01
4.500e+01
4.600e+01
5.800e+01
5.300e+01
5.100e+01
5.600e+01
6.300e+01
5.400e+01
5.000e+01
4.500e+01
4.500e+01
5.800e+01
5.600e+01
5.400e+01
6.600e+01
6.000e+01
7.600e+01
6.700e+01
5.500e+01
7.600e+01
5.600e+01
6.700e+01
5.800e+01
7.000e+01
6.000e+01
7.100e+01
4.900e+01
7.300e+01
5.600e+01
6.500e+01
5.700e+01
5.900e+01
5.700e+01
3.700e+01
5.300e+01
5.500e+01
3.900e+01
4.300e+01
5.600e+01
6.700e+01
3.200e+01
5.900e+01
5.100e+01
5.300e+01
5.500e+01
4.300e+01
4.600e+01
4.800e+01
4.100e+01
5.000e+01
5.300e+01
5.200e+01
5.700e+01
6.000e+01
4.400e+01
4.700e+01
3.600e+01
4.500e+01
4.400e+01
3.800e+01
4.100e+01
4.600e+01
7.000e+01
5.000e+01
6.900e+01
8.100e+01
9.700e+01
9.300e+01
1.000e+02
1.000e+02
1.000e+02
1.150e+02
8.400e+01
5.400e+01
3.100e+01
3.400e+01
1.700e+01
1.800e+01
1.700e+01
3.500e+01
5.800e+01
9.400e+01
9.600e+01
1.200e+02
1.660e+02
8.600e+01
1.130e+02
1.020e+02
9.000e+01
1.000e+02
5.200e+01
5.600e+01
5.400e+01
7.100e+01
9.800e+01
1.130e+02
1.370e+02
1.800e+02
2.000e+02
2.620e+02
3.210e+02
3.560e+02
4.140e+02
3.870e+02
4.020e+02
3.230e+02
3.480e+02
3.340e+02
3.040e+02
3.090e+02
3.180e+02
2.960e+02
2.770e+02
2.540e+02
2.700e+02
2.530e+02
2.330e+02
2.510e+02
2.240e+02
2.410e+02
2.200e+02
2.350e+02
2.040e+02
2.100e+02
2.190e+02
2.070e+02
1.920e+02
2.090e+02
1.980e+02
1.910e+02
1.930e+02
1.920e+02
2.320e+02
1.850e+02
2.100e+02
2.320e+02
2.460e+02
2.310e+02
2.880e+02
