4.617e-04
4.617e-04
4.617e-04
4.617e-04
9.234e-04
2.308e-03
9.234e-04
4.617e-04
0.000e+00
0.000e+00
9.234e-04
1.385e-03
9.234e-04
1.385e-03
0.000e+00
9.234e-04
0.000e+00
4.617e-04
0.000e+00
9.234e-04
4.617e-04
4.617e-04
4.617e-04
4.617e-04
9.234e-04
0.000e+00
4.617e-04
1.847e-03
0.000e+00
1.385e-03
1.847e-03
9.234e-04
4.617e-04
9.234e-04
1.847e-03
1.847e-03
4.617e-04
1.385e-03
1.385e-03
2.308e-03
4.617e-04
1.847e-03
3.693e-03
2.770e-03
2.770e-03
1.847e-03
2.770e-03
2.308e-03
4.155e-03
6.002e-03
4.155e-03
2.308e-03
4.155e-03
5.078e-03
3.693e-03
2.308e-03
3.232e-03
3.232e-03
6.925e-03
4.617e-03
7.387e-03
9.695e-03
7.387e-03
3.232e-03
5.540e-03
1.385e-03
4.617e-03
6.002e-03
2.770e-03
5.078e-03
5.078e-03
3.232e-03
4.617e-03
6.925e-03
4.155e-03
5.078e-03
5.078e-03
4.155e-03
7.849e-03
6.925e-03
3.693e-03
4.617e-03
5.540e-03
3.693e-03
9.234e-04
2.770e-03
4.155e-03
3.693e-03
3.693e-03
3.693e-03
3.693e-03
6.464e-03
2.770e-03
5.078e-03
3.693e-03
1.847e-03
2.770e-03
1.385e-03
1.847e-03
1.385e-03
1.847e-03
2.308e-03
9.234e-04
2.308e-03
9.234e-04
2.308e-03
3.693e-03
1.847e-03
2.308e-03
4.617e-03
2.770e-03
1.847e-03
1.385e-03
1.847e-03
0.000e+00
2.308e-03
1.847e-03
3.693e-03
2.308e-03
1.847e-03
4.617e-03
2.308e-03
1.847e-03
1.847e-03
2.308e-03
4.155e-03
1.385e-03
9.234e-04
3.232e-03
9.234e-04
9.234e-04
9.234e-04
4.617e-04
1.847e-03
1.385e-03
1.847e-03
1.385e-03
2.308e-03
2.770e-03
3.232e-03
9.234e-04
3.693e-03
2.308e-03
4.617e-03
9.234e-04
1.847e-03
6.002e-03
1.847e-03
3.693e-03
3.232e-03
4.155e-03
2.770e-03
2.308e-03
4.155e-03
2.308e-03
5.540e-03
2.308e-03
2.308e-03
2.308e-03
2.770e-03
3.232e-03
1.847e-03
3.693e-03
3.232e-03
2.308e-03
2.770e-03
4.617e-03
2.308e-03
6.002e-03
6.002e-03
4.155e-03
2.308e-03
3.232e-03
2.770e-03
4.155e-03
3.232e-03
4.155e-03
5.540e-03
3.693e-03
4.617e-03
1.662e-02
6.925e-03
3.693e-03
3.232e-03
4.617e-03
4.155e-03
1.847e-03
4.155e-03
4.155e-03
3.693e-03
3.232e-03
5.540e-03
4.155e-03
3.232e-03
4.155e-03
2.308e-03
9.234e-04
4.155e-03
5.078e-03
1.847e-03
3.693e-03
4.617e-03
1.847e-03
4.155e-03
3.693e-03
3.693e-03
2.308e-03
3.232e-03
3.693e-03
3.232e-03
9.234e-04
9.234e-04
1.385e-03
3.232e-03
1.847e-03
2.770e-03
1.385e-03
1.847e-03
2.770e-03
1.385e-03
2.308e-03
4.617e-04
4.155e-03
2.770e-03
0.000e+00
9.234e-04
3.232e-03
9.234e-04
9.234e-04
1.385e-03
9.234e-04
1.847e-03
1.385e-03
9.234e-04
9.234e-04
1.385e-03
2.770e-03
9.234e-04
4.617e-04
9.234e-04
2.308e-03
2.770e-03
3.232e-03
3.693e-03
1.847e-03
5.078e-03
2.308e-03
3.232e-03
3.693e-03
1.385e-03
2.770e-03
1.847e-03
2.308e-03
4.155e-03
1.847e-03
3.693e-03
1.385e-03
1.385e-03
2.770e-03
3.232e-03
2.770e-03
2.770e-03
3.693e-03
4.617e-03
3.232e-03
4.155e-03
2.308e-03
4.617e-03
6.002e-03
4.617e-03
4.155e-03
2.308e-03
6.925e-03
4.617e-03
3.693e-03
7.387e-03
3.232e-03
5.078e-03
4.155e-03
4.617e-03
4.155e-03
4.617e-03
3.232e-03
5.078e-03
6.464e-03
4.155e-03
5.540e-03
4.617e-03
6.925e-03
8.310e-03
4.617e-03
6.002e-03
2.308e-03
9.234e-04
3.693e-03
3.232e-03
3.693e-03
3.693e-03
5.078e-03
6.002e-03
9.695e-03
8.772e-03
2.770e-03
3.232e-03
1.385e-03
3.693e-03
4.155e-03
3.693e-03
4.155e-03
3.693e-03
2.770e-03
5.078e-03
4.617e-03
3.232e-03
2.770e-03
2.308e-03
1.385e-03
9.234e-04
2.308e-03
1.847e-03
9.234e-04
4.617e-03
2.770e-03
9.234e-04
9.234e-04
1.385e-03
3.693e-03
9.234e-04
1.385e-03
1.385e-03
1.385e-03
0.000e+00
9.234e-04
9.234e-04
9.234e-04
4.617e-04
0.000e+00
9.234e-04
0.000e+00
4.617e-04
0.000e+00
1.385e-03
0.000e+00
4.617e-04
4.617e-04
4.617e-04
4.617e-04
4.617e-04
0.000e+00
0.000e+00
4.617e-04
4.617e-04
0.000e+00
1.385e-03
0.000e+00
4.617e-04
9.234e-04
0.000e+00
0.000e+00
4.617e-04
