4.617e-04
4.617e-04
6.925e-04
2.308e-04
0.000e+00
0.000e+00
0.000e+00
0.000e+00
2.308e-04
2.308e-04
0.000e+00
4.617e-04
0.000e+00
4.617e-04
0.000e+00
2.308e-04
4.617e-04
6.925e-04
0.000e+00
0.000e+00
0.000e+00
2.308e-04
6.925e-04
2.308e-04
0.000e+00
4.617e-04
0.000e+00
4.617e-04
0.000e+00
4.617e-04
2.308e-04
4.617e-04
6.925e-04
2.308e-04
2.308e-04
6.925e-04
2.308e-04
2.308e-04
2.308e-04
1.385e-03
2.308e-04
1.154e-03
9.234e-04
1.616e-03
6.925e-04
1.154e-03
1.616e-03
1.385e-03
1.385e-03
1.154e-03
1.385e-03
2.078e-03
2.308e-03
2.308e-03
2.078e-03
2.539e-03
3.693e-03
3.693e-03
2.308e-03
4.386e-03
3.232e-03
3.924e-03
3.001e-03
4.848e-03
1.847e-03
3.463e-03
3.693e-03
2.078e-03
2.770e-03
2.078e-03
4.386e-03
2.770e-03
2.539e-03
3.463e-03
2.539e-03
2.308e-03
2.308e-03
3.463e-03
9.234e-04
2.308e-03
6.925e-04
3.463e-03
1.847e-03
2.770e-03
1.154e-03
1.847e-03
1.847e-03
2.308e-03
1.847e-03
1.154e-03
2.308e-03
1.154e-03
1.385e-03
9.234e-04
1.385e-03
9.234e-04
9.234e-04
4.617e-04
1.385e-03
6.925e-04
0.000e+00
9.234e-04
1.154e-03
9.234e-04
2.308e-04
4.617e-04
2.308e-04
1.385e-03
1.154e-03
1.385e-03
1.385e-03
9.234e-04
9.234e-04
4.617e-04
9.234e-04
6.925e-04
1.385e-03
9.234e-04
4.617e-04
4.617e-04
6.925e-04
9.234e-04
1.154e-03
9.234e-04
1.385e-03
4.617e-04
1.154e-03
1.154e-03
9.234e-04
9.234e-04
6.925e-04
6.925e-04
6.925e-04
0.000e+00
4.617e-04
2.308e-04
9.234e-04
9.234e-04
2.308e-04
6.925e-04
9.234e-04
9.234e-04
6.925e-04
1.385e-03
9.234e-04
2.308e-04
1.154e-03
9.234e-04
1.616e-03
1.616e-03
1.154e-03
6.925e-04
9.234e-04
6.925e-04
9.234e-04
1.847e-03
2.539e-03
9.234e-04
1.154e-03
1.847e-03
9.234e-04
1.385e-03
1.154e-03
2.770e-03
1.847e-03
2.308e-03
1.847e-03
1.154e-03
2.770e-03
1.385e-03
4.617e-03
2.770e-03
3.001e-03
2.770e-03
3.924e-03
2.308e-03
2.078e-03
4.848e-03
4.386e-03
4.848e-03
5.309e-03
4.617e-03
4.617e-03
4.848e-03
3.693e-03
1.616e-03
2.539e-03
1.154e-03
3.001e-03
2.539e-03
2.539e-03
2.770e-03
2.308e-03
9.234e-04
2.308e-03
2.539e-03
2.770e-03
1.847e-03
1.616e-03
9.234e-04
6.925e-04
1.847e-03
1.616e-03
4.617e-04
6.925e-04
1.385e-03
1.154e-03
1.616e-03
1.385e-03
1.154e-03
9.234e-04
1.385e-03
4.617e-04
6.925e-04
1.154e-03
2.308e-04
1.154e-03
6.925e-04
4.617e-04
2.308e-04
1.616e-03
2.308e-04
1.154e-03
4.617e-04
6.925e-04
6.925e-04
6.925e-04
9.234e-04
2.308e-04
1.154e-03
6.925e-04
1.847e-03
6.925e-04
2.308e-04
1.616e-03
6.925e-04
0.000e+00
1.385e-03
2.308e-04
9.234e-04
9.234e-04
6.925e-04
1.385e-03
2.308e-04
1.154e-03
6.925e-04
6.925e-04
6.925e-04
9.234e-04
1.847e-03
2.308e-04
6.925e-04
4.617e-04
1.154e-03
6.925e-04
6.925e-04
1.154e-03
9.234e-04
1.154e-03
4.617e-04
1.154e-03
1.385e-03
1.154e-03
9.234e-04
1.385e-03
1.847e-03
1.385e-03
1.385e-03
1.847e-03
1.616e-03
1.616e-03
2.078e-03
1.154e-03
3.232e-03
1.385e-03
2.078e-03
1.154e-03
2.078e-03
9.234e-04
3.001e-03
3.001e-03
1.385e-03
3.693e-03
2.078e-03
2.078e-03
1.616e-03
2.770e-03
3.232e-03
3.232e-03
3.232e-03
2.539e-03
2.539e-03
3.924e-03
2.078e-03
3.463e-03
2.770e-03
3.693e-03
3.693e-03
4.155e-03
4.155e-03
6.925e-03
3.463e-03
2.078e-03
3.463e-03
2.308e-03
1.154e-03
2.770e-03
3.463e-03
1.616e-03
2.308e-03
3.463e-03
1.616e-03
1.154e-03
1.154e-03
9.234e-04
6.925e-04
1.154e-03
1.385e-03
4.617e-04
1.616e-03
4.617e-04
9.234e-04
4.617e-04
4.617e-04
2.308e-04
0.000e+00
2.308e-04
9.234e-04
1.385e-03
0.000e+00
0.000e+00
2.308e-04
9.234e-04
0.000e+00
4.617e-04
6.925e-04
2.308e-04
0.000e+00
2.308e-04
4.617e-04
2.308e-04
2.308e-04
2.308e-04
0.000e+00
6.925e-04
0.000e+00
0.000e+00
0.000e+00
0.000e+00
4.617e-04
4.617e-04
0.000e+00
2.308e-04
2.308e-04
0.000e+00
0.000e+00
2.308e-04
2.308e-04
0.000e+00
2.308e-04
