6.859e-04
7.594e-04
6.124e-04
6.369e-04
4.654e-04
7.349e-04
4.164e-04
6.124e-04
4.899e-04
5.634e-04
5.144e-04
3.674e-04
4.409e-04
4.409e-04
6.859e-04
6.124e-04
5.879e-04
3.429e-04
7.349e-04
5.144e-04
2.450e-04
6.369e-04
6.369e-04
4.164e-04
3.429e-04
6.369e-04
4.899e-04
6.369e-04
5.389e-04
6.124e-04
5.879e-04
6.124e-04
5.389e-04
5.389e-04
5.634e-04
6.124e-04
7.349e-04
8.573e-04
5.144e-04
9.798e-04
8.328e-04
9.798e-04
8.573e-04
9.798e-04
1.102e-03
1.151e-03
1.617e-03
1.078e-03
1.837e-03
1.323e-03
1.347e-03
1.396e-03
1.519e-03
1.323e-03
2.009e-03
2.131e-03
2.058e-03
1.739e-03
2.107e-03
2.303e-03
1.690e-03
2.254e-03
2.107e-03
2.425e-03
1.764e-03
2.254e-03
2.156e-03
1.886e-03
2.156e-03
1.911e-03
2.033e-03
2.131e-03
1.984e-03
1.690e-03
2.156e-03
1.911e-03
1.690e-03
1.715e-03
1.862e-03
1.911e-03
1.592e-03
2.082e-03
1.543e-03
1.641e-03
1.862e-03
1.666e-03
1.421e-03
1.690e-03
1.592e-03
1.347e-03
1.543e-03
1.249e-03
1.102e-03
1.053e-03
1.078e-03
9.553e-04
8.083e-04
9.798e-04
1.029e-03
1.053e-03
9.553e-04
8.573e-04
1.127e-03
9.798e-04
4.654e-04
8.328e-04
8.083e-04
8.083e-04
8.328e-04
1.102e-03
9.798e-04
8.573e-04
8.573e-04
8.083e-04
8.083e-04
1.004e-03
6.859e-04
8.328e-04
7.349e-04
7.594e-04
9.063e-04
8.818e-04
9.063e-04
7.839e-04
8.328e-04
9.063e-04
1.274e-03
7.839e-04
9.063e-04
8.818e-04
8.573e-04
1.029e-03
8.328e-04
8.328e-04
8.818e-04
8.083e-04
1.225e-03
8.818e-04
1.102e-03
9.798e-04
1.519e-03
9.553e-04
1.396e-03
1.029e-03
1.127e-03
1.200e-03
1.470e-03
1.029e-03
1.543e-03
1.568e-03
1.788e-03
1.494e-03
1.641e-03
1.641e-03
1.494e-03
1.788e-03
1.764e-03
2.082e-03
2.058e-03
2.499e-03
2.009e-03
1.935e-03
2.327e-03
2.303e-03
2.621e-03
2.401e-03
2.817e-03
2.450e-03
2.890e-03
3.282e-03
3.454e-03
3.356e-03
3.037e-03
3.135e-03
3.478e-03
3.331e-03
3.895e-03
3.993e-03
4.042e-03
3.944e-03
4.556e-03
4.556e-03
3.993e-03
3.919e-03
3.870e-03
3.748e-03
3.111e-03
3.184e-03
3.307e-03
2.646e-03
2.450e-03
2.523e-03
2.939e-03
3.013e-03
2.523e-03
2.768e-03
2.401e-03
2.278e-03
2.131e-03
2.131e-03
1.715e-03
1.862e-03
2.205e-03
1.960e-03
1.666e-03
1.715e-03
1.225e-03
1.813e-03
1.347e-03
1.543e-03
1.323e-03
1.396e-03
1.029e-03
1.298e-03
1.249e-03
8.573e-04
1.053e-03
1.004e-03
9.553e-04
8.573e-04
9.308e-04
8.573e-04
8.328e-04
4.654e-04
9.063e-04
9.553e-04
8.328e-04
1.029e-03
7.104e-04
8.083e-04
9.553e-04
9.063e-04
6.614e-04
5.634e-04
1.029e-03
7.594e-04
7.349e-04
7.839e-04
9.308e-04
7.104e-04
1.004e-03
6.859e-04
1.029e-03
7.349e-04
8.083e-04
7.839e-04
5.879e-04
1.004e-03
1.029e-03
8.818e-04
7.104e-04
7.839e-04
8.083e-04
8.818e-04
9.308e-04
8.328e-04
1.078e-03
1.127e-03
1.004e-03
1.225e-03
1.078e-03
1.004e-03
1.200e-03
8.083e-04
1.078e-03
1.519e-03
1.127e-03
8.818e-04
1.298e-03
1.445e-03
1.421e-03
1.323e-03
1.592e-03
1.837e-03
1.715e-03
1.592e-03
1.911e-03
2.180e-03
1.445e-03
1.617e-03
1.837e-03
1.935e-03
2.180e-03
1.935e-03
2.107e-03
1.886e-03
2.058e-03
1.984e-03
1.862e-03
2.523e-03
2.401e-03
1.935e-03
1.984e-03
2.033e-03
2.425e-03
2.450e-03
2.229e-03
2.474e-03
2.205e-03
1.960e-03
2.719e-03
1.911e-03
2.205e-03
2.033e-03
2.033e-03
2.107e-03
1.788e-03
1.862e-03
1.372e-03
1.641e-03
1.837e-03
1.445e-03
1.396e-03
1.249e-03
1.274e-03
1.127e-03
8.328e-04
1.249e-03
9.798e-04
1.151e-03
1.053e-03
9.553e-04
1.274e-03
9.063e-04
9.308e-04
9.798e-04
6.614e-04
1.004e-03
1.004e-03
7.839e-04
4.899e-04
8.573e-04
5.634e-04
4.409e-04
4.654e-04
5.144e-04
6.369e-04
5.634e-04
5.634e-04
7.104e-04
8.083e-04
5.144e-04
5.879e-04
4.164e-04
6.369e-04
3.429e-04
6.124e-04
2.939e-04
2.939e-04
6.124e-04
4.899e-04
5.879e-04
5.144e-04
6.614e-04
6.614e-04
5.144e-04
7.349e-04
3.919e-04
4.164e-04
4.654e-04
