9.007e-03
4.382e-03
4.138e-03
4.625e-03
6.816e-03
5.599e-03
3.895e-03
6.329e-03
6.329e-03
2.678e-03
2.678e-03
5.112e-03
4.869e-03
3.895e-03
4.382e-03
4.625e-03
4.625e-03
4.869e-03
3.895e-03
7.546e-03
5.599e-03
6.086e-03
7.790e-03
7.790e-03
6.573e-03
8.033e-03
5.112e-03
7.303e-03
8.033e-03
9.007e-03
6.816e-03
7.303e-03
6.329e-03
4.869e-03
7.790e-03
7.790e-03
4.138e-03
6.329e-03
7.059e-03
5.355e-03
7.303e-03
8.763e-03
8.277e-03
8.033e-03
7.790e-03
4.869e-03
5.842e-03
7.303e-03
5.112e-03
7.059e-03
6.816e-03
8.763e-03
8.277e-03
5.842e-03
3.895e-03
4.869e-03
6.329e-03
4.869e-03
3.895e-03
5.842e-03
4.869e-03
4.138e-03
4.382e-03
3.651e-03
3.651e-03
2.678e-03
2.921e-03
3.165e-03
3.651e-03
1.947e-03
1.947e-03
1.947e-03
1.947e-03
1.217e-03
1.947e-03
2.191e-03
1.704e-03
7.303e-04
1.704e-03
7.303e-04
2.434e-03
1.461e-03
1.461e-03
2.434e-04
1.704e-03
1.217e-03
1.461e-03
1.461e-03
9.737e-04
1.704e-03
9.737e-04
7.303e-04
1.947e-03
4.869e-04
9.737e-04
2.434e-04
9.737e-04
1.217e-03
4.869e-04
7.303e-04
7.303e-04
2.434e-04
2.434e-04
7.303e-04
7.303e-04
9.737e-04
0.000e+00
1.704e-03
2.191e-03
7.303e-04
9.737e-04
1.217e-03
2.434e-04
0.000e+00
7.303e-04
0.000e+00
2.434e-04
2.434e-04
4.869e-04
0.000e+00
7.303e-04
7.303e-04
1.461e-03
2.434e-04
7.303e-04
0.000e+00
4.869e-04
4.869e-04
2.434e-04
4.869e-04
7.303e-04
2.434e-04
2.434e-04
1.217e-03
7.303e-04
0.000e+00
7.303e-04
2.434e-04
9.737e-04
7.303e-04
2.434e-04
9.737e-04
7.303e-04
4.869e-04
7.303e-04
1.947e-03
1.461e-03
2.434e-04
1.217e-03
1.217e-03
2.434e-04
7.303e-04
9.737e-04
2.678e-03
4.869e-04
1.461e-03
9.737e-04
9.737e-04
1.461e-03
7.303e-04
1.461e-03
1.217e-03
2.678e-03
2.191e-03
2.191e-03
1.461e-03
1.704e-03
1.217e-03
2.191e-03
2.678e-03
2.921e-03
2.434e-03
2.678e-03
7.303e-04
2.434e-03
1.704e-03
2.434e-03
1.461e-03
1.947e-03
2.921e-03
5.599e-03
4.625e-03
2.434e-03
1.947e-03
2.191e-03
4.625e-03
1.947e-03
2.191e-03
2.921e-03
1.947e-03
3.408e-03
1.704e-03
9.737e-04
2.434e-03
7.303e-04
2.434e-03
1.947e-03
3.165e-03
1.704e-03
2.191e-03
9.737e-04
7.303e-04
1.461e-03
1.217e-03
1.947e-03
1.947e-03
1.704e-03
9.737e-04
1.217e-03
4.869e-04
1.217e-03
1.217e-03
1.217e-03
1.704e-03
2.678e-03
7.303e-04
1.704e-03
0.000e+00
4.869e-04
1.217e-03
1.461e-03
4.869e-04
7.303e-04
2.434e-04
4.869e-04
9.737e-04
1.217e-03
9.737e-04
7.303e-04
2.434e-04
9.737e-04
9.737e-04
1.947e-03
9.737e-04
2.434e-04
2.434e-04
9.737e-04
1.217e-03
1.217e-03
7.303e-04
4.869e-04
4.869e-04
7.303e-04
7.303e-04
4.869e-04
2.434e-04
4.869e-04
9.737e-04
2.434e-04
7.303e-04
9.737e-04
9.737e-04
7.303e-04
9.737e-04
1.217e-03
7.303e-04
1.704e-03
9.737e-04
4.869e-04
1.461e-03
9.737e-04
1.704e-03
9.737e-04
1.461e-03
7.303e-04
1.217e-03
2.434e-04
7.303e-04
7.303e-04
1.217e-03
2.434e-04
1.704e-03
2.434e-04
1.217e-03
0.000e+00
0.000e+00
7.303e-04
9.737e-04
1.217e-03
1.704e-03
1.461e-03
2.434e-04
1.217e-03
7.303e-04
2.434e-04
3.651e-03
2.434e-03
2.191e-03
2.191e-03
1.947e-03
1.461e-03
2.191e-03
4.138e-03
2.921e-03
9.737e-04
2.434e-03
2.921e-03
1.704e-03
2.678e-03
3.651e-03
3.895e-03
1.461e-03
3.651e-03
4.625e-03
6.816e-03
5.112e-03
6.816e-03
4.625e-03
6.329e-03
3.895e-03
4.138e-03
8.520e-03
5.599e-03
6.329e-03
7.546e-03
7.059e-03
6.816e-03
5.112e-03
8.277e-03
5.355e-03
6.573e-03
6.329e-03
4.625e-03
7.059e-03
3.895e-03
5.355e-03
4.382e-03
5.355e-03
7.303e-03
6.329e-03
3.408e-03
5.355e-03
4.382e-03
4.869e-03
5.112e-03
7.059e-03
5.842e-03
4.138e-03
3.408e-03
5.599e-03
4.625e-03
4.625e-03
4.138e-03
7.303e-03
4.625e-03
5.842e-03
3.408e-03
3.895e-03
5.112e-03
2.678e-03
2.678e-03
4.625e-03
3.651e-03
5.599e-03
2.678e-03
5.355e-03
4.382e-03
4.382e-03
6.086e-03
4.138e-03
