9.396e-04
9.396e-04
4.698e-04
9.396e-04
4.698e-04
3.132e-04
9.396e-04
7.830e-04
7.830e-04
1.096e-03
6.264e-04
3.132e-04
4.698e-04
4.698e-04
4.698e-04
1.566e-04
1.566e-04
1.566e-04
4.698e-04
3.132e-04
0.000e+00
7.830e-04
0.000e+00
1.566e-04
3.132e-04
1.566e-04
0.000e+00
6.264e-04
1.566e-04
6.264e-04
3.132e-04
3.132e-04
3.132e-04
1.566e-04
3.132e-04
3.132e-04
0.000e+00
3.132e-04
1.566e-04
0.000e+00
0.000e+00
0.000e+00
6.264e-04
6.264e-04
3.132e-04
1.566e-04
1.566e-04
3.132e-04
4.698e-04
1.566e-04
0.000e+00
6.264e-04
4.698e-04
9.396e-04
4.698e-04
9.396e-04
4.698e-04
3.132e-04
4.698e-04
1.253e-03
7.830e-04
6.264e-04
1.253e-03
4.698e-04
6.264e-04
1.409e-03
1.409e-03
2.192e-03
1.409e-03
3.132e-04
9.396e-04
7.830e-04
9.396e-04
6.264e-04
1.253e-03
1.096e-03
1.096e-03
1.409e-03
1.253e-03
1.253e-03
1.566e-04
2.192e-03
1.253e-03
7.830e-04
1.723e-03
1.253e-03
1.723e-03
1.566e-03
1.723e-03
6.264e-04
6.264e-04
1.723e-03
3.132e-04
7.830e-04
1.096e-03
7.830e-04
6.264e-04
3.132e-04
6.264e-04
9.396e-04
9.396e-04
7.830e-04
6.264e-04
3.132e-04
4.698e-04
4.698e-04
4.698e-04
4.698e-04
3.132e-04
3.132e-04
3.132e-04
7.830e-04
7.830e-04
3.132e-04
4.698e-04
6.264e-04
3.132e-04
3.132e-04
1.096e-03
6.264e-04
9.396e-04
4.698e-04
3.132e-04
4.698e-04
3.132e-04
4.698e-04
9.396e-04
6.264e-04
4.698e-04
4.698e-04
4.698e-04
3.132e-04
7.830e-04
9.396e-04
1.566e-04
3.132e-04
9.396e-04
6.264e-04
9.396e-04
9.396e-04
9.396e-04
7.830e-04
1.253e-03
4.698e-04
7.830e-04
6.264e-04
1.096e-03
1.409e-03
9.396e-04
1.096e-03
1.566e-03
1.723e-03
1.566e-03
2.192e-03
1.096e-03
2.349e-03
2.192e-03
2.975e-03
2.819e-03
3.288e-03
1.723e-03
2.662e-03
2.505e-03
4.071e-03
3.915e-03
4.385e-03
5.324e-03
3.445e-03
6.577e-03
4.854e-03
7.203e-03
7.830e-03
6.733e-03
7.673e-03
8.143e-03
9.396e-03
1.034e-02
8.926e-03
9.709e-03
8.456e-03
1.143e-02
1.096e-02
9.552e-03
1.049e-02
1.018e-02
9.552e-03
6.420e-03
7.047e-03
8.299e-03
6.577e-03
4.854e-03
4.541e-03
5.951e-03
4.854e-03
4.071e-03
5.168e-03
4.071e-03
3.132e-03
3.288e-03
3.132e-03
1.566e-03
3.602e-03
3.288e-03
2.662e-03
2.505e-03
1.879e-03
1.096e-03
2.349e-03
1.409e-03
1.096e-03
1.723e-03
1.879e-03
1.409e-03
6.264e-04
7.830e-04
1.409e-03
4.698e-04
1.253e-03
4.698e-04
6.264e-04
3.132e-04
6.264e-04
6.264e-04
3.132e-04
4.698e-04
4.698e-04
7.830e-04
1.566e-04
6.264e-04
3.132e-04
3.132e-04
4.698e-04
1.566e-04
0.000e+00
7.830e-04
7.830e-04
4.698e-04
7.830e-04
3.132e-04
0.000e+00
1.566e-04
7.830e-04
3.132e-04
1.566e-04
6.264e-04
4.698e-04
4.698e-04
3.132e-04
6.264e-04
3.132e-04
9.396e-04
4.698e-04
4.698e-04
7.830e-04
3.132e-04
0.000e+00
4.698e-04
4.698e-04
6.264e-04
3.132e-04
1.253e-03
1.566e-04
9.396e-04
3.132e-04
1.566e-03
1.409e-03
1.253e-03
6.264e-04
7.830e-04
7.830e-04
2.192e-03
1.253e-03
1.723e-03
1.096e-03
1.253e-03
1.096e-03
1.096e-03
1.253e-03
9.396e-04
1.253e-03
9.396e-04
1.879e-03
1.879e-03
1.409e-03
1.253e-03
1.566e-03
7.830e-04
4.698e-04
9.396e-04
1.723e-03
1.096e-03
4.698e-04
9.396e-04
1.409e-03
1.253e-03
1.409e-03
6.264e-04
9.396e-04
9.396e-04
9.396e-04
1.879e-03
3.132e-04
1.096e-03
7.830e-04
3.132e-04
4.698e-04
9.396e-04
6.264e-04
4.698e-04
3.132e-04
4.698e-04
4.698e-04
4.698e-04
6.264e-04
3.132e-04
3.132e-04
1.566e-04
4.698e-04
4.698e-04
1.566e-04
0.000e+00
0.000e+00
1.566e-04
6.264e-04
1.566e-04
3.132e-04
0.000e+00
3.132e-04
3.132e-04
1.566e-04
0.000e+00
6.264e-04
1.566e-04
3.132e-04
0.000e+00
0.000e+00
3.132e-04
0.000e+00
3.132e-04
3.132e-04
7.830e-04
3.132e-04
6.264e-04
7.830e-04
4.698e-04
3.132e-04
6.264e-04
3.132e-04
4.698e-04
4.698e-04
1.566e-04
6.264e-04
7.830e-04
9.396e-04
4.698e-04
6.264e-04
3.132e-04
3.132e-04
7.830e-04
1.253e-03
