5.324e-03
3.132e-03
9.396e-04
3.132e-04
2.505e-03
9.396e-04
9.396e-04
6.264e-04
3.132e-04
6.264e-04
0.000e+00
0.000e+00
0.000e+00
9.396e-04
9.396e-04
3.132e-04
3.132e-04
3.132e-04
6.264e-04
6.264e-04
6.264e-04
9.396e-04
1.253e-03
1.253e-03
3.132e-04
1.566e-03
0.000e+00
6.264e-04
1.566e-03
9.396e-04
6.264e-04
9.396e-04
3.132e-04
3.132e-04
6.264e-04
9.396e-04
0.000e+00
6.264e-04
1.253e-03
1.566e-03
2.505e-03
6.264e-04
1.253e-03
6.264e-04
1.879e-03
6.264e-04
6.264e-04
1.879e-03
1.253e-03
6.264e-04
1.879e-03
1.566e-03
6.264e-04
1.253e-03
1.566e-03
2.192e-03
2.819e-03
2.819e-03
1.879e-03
2.192e-03
9.396e-04
2.819e-03
1.566e-03
3.758e-03
4.698e-03
2.192e-03
3.445e-03
3.445e-03
2.505e-03
3.132e-03
2.819e-03
3.758e-03
3.132e-03
3.445e-03
2.505e-03
5.324e-03
4.385e-03
2.192e-03
4.385e-03
3.132e-03
3.445e-03
2.505e-03
2.505e-03
1.566e-03
1.879e-03
1.879e-03
2.505e-03
3.132e-03
3.445e-03
3.758e-03
2.505e-03
4.385e-03
2.505e-03
3.445e-03
2.819e-03
1.253e-03
2.192e-03
9.396e-04
2.192e-03
2.505e-03
3.132e-03
2.819e-03
1.566e-03
1.566e-03
6.264e-04
2.192e-03
3.132e-03
1.879e-03
2.505e-03
3.132e-03
1.566e-03
1.879e-03
1.566e-03
1.253e-03
6.264e-04
9.396e-04
1.566e-03
3.132e-04
1.253e-03
6.264e-04
6.264e-04
6.264e-04
9.396e-04
1.879e-03
1.879e-03
6.264e-04
1.566e-03
6.264e-04
1.879e-03
6.264e-04
2.819e-03
6.264e-04
1.566e-03
1.566e-03
9.396e-04
2.819e-03
1.253e-03
9.396e-04
2.192e-03
9.396e-04
2.819e-03
4.071e-03
2.505e-03
2.505e-03
2.192e-03
1.879e-03
3.445e-03
3.758e-03
3.132e-03
3.758e-03
2.819e-03
1.879e-03
3.758e-03
1.253e-03
2.505e-03
4.071e-03
4.698e-03
4.071e-03
4.071e-03
3.132e-03
3.758e-03
3.758e-03
4.385e-03
5.011e-03
5.637e-03
5.637e-03
6.890e-03
6.577e-03
9.082e-03
7.516e-03
7.203e-03
8.769e-03
7.203e-03
1.159e-02
8.143e-03
8.456e-03
1.535e-02
1.034e-02
1.441e-02
1.942e-02
5.168e-02
1.848e-02
1.190e-02
1.159e-02
1.002e-02
1.096e-02
9.396e-03
1.002e-02
9.082e-03
9.396e-03
7.203e-03
1.065e-02
5.951e-03
1.002e-02
7.203e-03
7.203e-03
5.951e-03
5.011e-03
6.264e-03
4.698e-03
2.819e-03
4.385e-03
2.192e-03
4.385e-03
4.698e-03
1.879e-03
2.505e-03
1.566e-03
3.445e-03
3.445e-03
4.071e-03
2.505e-03
1.879e-03
2.819e-03
2.505e-03
1.253e-03
2.505e-03
2.819e-03
2.819e-03
2.505e-03
3.132e-03
2.819e-03
2.505e-03
1.566e-03
1.253e-03
1.253e-03
9.396e-04
1.253e-03
1.253e-03
0.000e+00
3.132e-04
1.879e-03
6.264e-04
1.253e-03
1.566e-03
6.264e-04
1.253e-03
6.264e-04
0.000e+00
1.253e-03
1.879e-03
1.566e-03
6.264e-04
1.253e-03
9.396e-04
6.264e-04
1.253e-03
1.253e-03
1.253e-03
3.132e-04
2.192e-03
1.879e-03
1.879e-03
2.819e-03
9.396e-04
3.445e-03
9.396e-04
2.819e-03
2.192e-03
1.879e-03
1.879e-03
3.445e-03
3.445e-03
2.505e-03
2.192e-03
3.758e-03
2.505e-03
2.505e-03
2.192e-03
3.132e-03
4.071e-03
1.879e-03
6.264e-03
2.819e-03
2.192e-03
3.132e-03
1.566e-03
3.445e-03
3.132e-03
1.879e-03
4.698e-03
5.637e-03
3.132e-03
5.011e-03
2.819e-03
3.132e-03
1.879e-03
3.758e-03
5.951e-03
2.819e-03
2.505e-03
2.819e-03
2.819e-03
2.505e-03
3.132e-03
1.253e-03
2.192e-03
2.192e-03
3.132e-03
1.879e-03
3.132e-03
3.758e-03
2.819e-03
2.819e-03
2.505e-03
6.264e-04
1.253e-03
9.396e-04
6.264e-04
1.566e-03
1.879e-03
3.132e-04
3.132e-04
1.566e-03
1.253e-03
9.396e-04
1.879e-03
9.396e-04
6.264e-04
3.132e-04
9.396e-04
1.566e-03
3.132e-04
6.264e-04
1.253e-03
9.396e-04
6.264e-04
6.264e-04
1.566e-03
3.132e-04
1.566e-03
9.396e-04
9.396e-04
6.264e-04
9.396e-04
9.396e-04
1.879e-03
3.132e-04
9.396e-04
9.396e-04
3.132e-04
6.264e-04
9.396e-04
9.396e-04
3.132e-04
6.264e-04
9.396e-04
2.192e-03
0.000e+00
9.396e-04
1.253e-03
1.253e-03
3.132e-04
6.264e-04
6.264e-04
1.879e-03
9.396e-04
3.132e-04
2.192e-03
1.566e-03
