2.548e-03
1.225e-03
9.798e-04
9.798e-04
1.372e-03
1.127e-03
1.029e-03
5.879e-04
8.328e-04
1.225e-03
9.308e-04
1.176e-03
1.029e-03
1.372e-03
9.798e-04
7.839e-04
7.349e-04
1.274e-03
8.818e-04
7.839e-04
1.274e-03
1.372e-03
1.176e-03
1.078e-03
7.839e-04
1.519e-03
9.308e-04
1.960e-03
1.421e-03
1.078e-03
1.274e-03
1.372e-03
1.666e-03
1.666e-03
1.715e-03
2.401e-03
1.617e-03
1.274e-03
2.205e-03
2.009e-03
2.156e-03
2.058e-03
2.597e-03
1.225e-03
2.646e-03
2.009e-03
2.352e-03
2.499e-03
2.450e-03
3.576e-03
2.939e-03
2.597e-03
2.205e-03
4.213e-03
2.646e-03
2.939e-03
4.213e-03
3.135e-03
4.262e-03
4.262e-03
6.712e-03
7.006e-03
5.144e-03
4.017e-03
4.017e-03
3.968e-03
4.997e-03
4.213e-03
3.282e-03
3.821e-03
4.017e-03
4.262e-03
3.919e-03
3.674e-03
3.723e-03
4.850e-03
3.723e-03
3.674e-03
4.066e-03
3.576e-03
3.086e-03
3.772e-03
3.870e-03
3.380e-03
2.401e-03
3.037e-03
2.450e-03
2.890e-03
3.429e-03
3.135e-03
2.450e-03
3.576e-03
2.694e-03
2.401e-03
2.058e-03
2.058e-03
2.499e-03
2.009e-03
1.715e-03
2.205e-03
2.841e-03
1.911e-03
2.156e-03
1.862e-03
1.421e-03
1.813e-03
2.009e-03
1.813e-03
1.274e-03
2.205e-03
1.568e-03
1.470e-03
1.862e-03
1.715e-03
1.421e-03
1.470e-03
1.470e-03
1.568e-03
2.107e-03
1.813e-03
1.715e-03
1.666e-03
2.156e-03
1.617e-03
1.715e-03
1.911e-03
1.421e-03
1.323e-03
2.597e-03
1.421e-03
2.009e-03
1.617e-03
1.568e-03
1.862e-03
2.254e-03
2.303e-03
1.715e-03
2.548e-03
2.792e-03
2.548e-03
2.401e-03
3.233e-03
2.254e-03
2.841e-03
2.058e-03
2.792e-03
3.331e-03
2.646e-03
3.184e-03
2.694e-03
3.331e-03
2.646e-03
2.792e-03
2.890e-03
3.429e-03
3.625e-03
3.576e-03
3.478e-03
3.870e-03
3.478e-03
3.674e-03
3.821e-03
4.458e-03
4.311e-03
4.850e-03
4.066e-03
4.850e-03
4.115e-03
5.193e-03
5.242e-03
4.409e-03
4.654e-03
5.732e-03
6.124e-03
4.899e-03
4.801e-03
7.251e-03
6.026e-03
6.124e-03
7.985e-03
1.788e-02
8.622e-03
6.516e-03
6.124e-03
6.320e-03
5.830e-03
5.046e-03
5.144e-03
5.389e-03
5.193e-03
4.850e-03
5.340e-03
4.654e-03
5.438e-03
4.801e-03
5.144e-03
4.654e-03
3.772e-03
4.752e-03
3.282e-03
3.968e-03
3.919e-03
3.135e-03
3.821e-03
3.527e-03
3.086e-03
2.792e-03
2.890e-03
3.576e-03
2.499e-03
2.939e-03
2.499e-03
2.205e-03
2.792e-03
2.890e-03
2.401e-03
2.890e-03
2.841e-03
2.401e-03
2.156e-03
2.548e-03
2.597e-03
2.401e-03
1.862e-03
1.862e-03
2.058e-03
1.470e-03
2.205e-03
1.127e-03
1.176e-03
1.078e-03
1.715e-03
1.372e-03
1.764e-03
1.862e-03
1.372e-03
1.372e-03
1.470e-03
1.225e-03
1.372e-03
2.303e-03
1.813e-03
1.568e-03
1.764e-03
1.519e-03
2.058e-03
1.568e-03
1.617e-03
1.813e-03
1.519e-03
2.058e-03
1.764e-03
2.254e-03
2.156e-03
1.372e-03
2.107e-03
1.225e-03
1.960e-03
1.960e-03
2.009e-03
2.548e-03
2.107e-03
2.646e-03
2.890e-03
1.911e-03
2.352e-03
2.107e-03
2.792e-03
3.037e-03
3.282e-03
3.429e-03
3.037e-03
3.380e-03
3.184e-03
2.646e-03
3.233e-03
2.841e-03
3.331e-03
4.213e-03
2.694e-03
3.674e-03
3.527e-03
3.625e-03
4.213e-03
3.821e-03
3.380e-03
3.821e-03
3.821e-03
4.752e-03
4.066e-03
4.409e-03
5.095e-03
4.409e-03
3.478e-03
4.164e-03
3.429e-03
3.821e-03
3.429e-03
5.242e-03
6.075e-03
6.859e-03
6.222e-03
4.654e-03
4.115e-03
3.233e-03
3.233e-03
3.821e-03
3.184e-03
2.597e-03
3.919e-03
2.939e-03
2.646e-03
3.331e-03
2.450e-03
2.058e-03
2.303e-03
2.107e-03
2.303e-03
2.009e-03
2.254e-03
2.156e-03
2.597e-03
2.303e-03
1.715e-03
2.352e-03
2.646e-03
2.156e-03
2.058e-03
2.450e-03
1.666e-03
1.225e-03
1.323e-03
1.617e-03
1.470e-03
1.372e-03
1.225e-03
1.372e-03
1.078e-03
1.323e-03
1.274e-03
1.127e-03
1.421e-03
1.274e-03
1.029e-03
8.818e-04
1.323e-03
1.127e-03
1.274e-03
8.818e-04
1.274e-03
1.078e-03
1.225e-03
1.078e-03
1.421e-03
9.308e-04
1.078e-03
8.818e-04
4.899e-04
1.274e-03
1.078e-03
