6.200e-04
6.200e-04
3.100e-04
3.100e-04
3.100e-04
3.100e-04
0.000e+00
3.100e-04
0.000e+00
3.100e-04
3.100e-04
0.000e+00
3.100e-04
3.100e-04
3.100e-04
0.000e+00
0.000e+00
6.200e-04
3.100e-04
6.200e-04
3.100e-04
6.200e-04
9.299e-04
9.299e-04
6.200e-04
3.100e-04
3.100e-04
1.860e-03
0.000e+00
1.240e-03
1.550e-03
6.200e-04
9.299e-04
2.170e-03
1.240e-03
9.299e-04
1.240e-03
6.200e-04
6.200e-04
1.240e-03
1.860e-03
3.100e-04
6.200e-04
9.299e-04
2.170e-03
4.340e-03
6.200e-04
3.100e-03
2.480e-03
2.480e-03
9.299e-04
2.170e-03
4.030e-03
1.550e-03
1.240e-03
1.550e-03
9.299e-04
3.720e-03
4.650e-03
2.170e-03
9.299e-04
3.100e-03
4.030e-03
4.340e-03
4.030e-03
2.480e-03
4.030e-03
4.030e-03
2.480e-03
3.100e-03
2.170e-03
9.299e-04
1.550e-03
2.480e-03
6.200e-04
6.200e-04
6.200e-04
2.170e-03
1.240e-03
3.100e-04
1.240e-03
2.170e-03
1.550e-03
1.860e-03
0.000e+00
0.000e+00
0.000e+00
1.860e-03
6.200e-04
1.550e-03
9.299e-04
9.299e-04
6.200e-04
1.240e-03
6.200e-04
0.000e+00
6.200e-04
9.299e-04
1.240e-03
2.170e-03
1.240e-03
1.860e-03
1.550e-03
2.170e-03
2.790e-03
3.410e-03
6.200e-04
1.860e-03
1.240e-03
2.170e-03
3.410e-03
2.790e-03
2.170e-03
2.170e-03
3.410e-03
2.790e-03
1.550e-03
2.790e-03
3.100e-03
1.860e-03
2.480e-03
2.170e-03
1.550e-03
1.240e-03
1.550e-03
2.790e-03
1.550e-03
2.170e-03
3.410e-03
2.790e-03
9.299e-04
2.790e-03
2.170e-03
3.100e-03
1.550e-03
2.170e-03
1.240e-03
1.550e-03
1.550e-03
1.550e-03
1.550e-03
2.170e-03
1.550e-03
4.030e-03
9.299e-04
1.240e-03
1.550e-03
6.200e-04
1.860e-03
1.550e-03
3.100e-04
1.550e-03
9.299e-04
1.550e-03
6.200e-04
6.200e-04
3.100e-04
9.299e-04
6.200e-04
0.000e+00
3.100e-04
3.100e-04
0.000e+00
9.299e-04
0.000e+00
6.200e-04
9.299e-04
0.000e+00
0.000e+00
9.299e-04
3.100e-04
3.100e-04
0.000e+00
0.000e+00
0.000e+00
9.299e-04
0.000e+00
0.000e+00
6.200e-04
0.000e+00
1.550e-03
6.200e-04
1.550e-03
0.000e+00
6.200e-04
6.200e-04
3.100e-04
3.100e-04
6.200e-04
0.000e+00
3.100e-04
3.100e-04
0.000e+00
0.000e+00
3.100e-04
0.000e+00
9.299e-04
9.299e-04
3.100e-04
9.299e-04
0.000e+00
9.299e-04
6.200e-04
9.299e-04
3.100e-04
1.240e-03
9.299e-04
6.200e-04
6.200e-04
9.299e-04
3.100e-04
3.100e-03
1.860e-03
1.240e-03
6.200e-04
9.299e-04
9.299e-04
6.200e-04
1.860e-03
1.550e-03
1.860e-03
1.860e-03
1.550e-03
2.480e-03
1.860e-03
1.550e-03
1.550e-03
2.480e-03
3.100e-03
1.860e-03
2.480e-03
2.480e-03
2.170e-03
9.299e-04
3.100e-03
9.299e-04
1.240e-03
1.860e-03
3.100e-03
2.170e-03
9.299e-04
1.240e-03
4.650e-03
3.720e-03
3.410e-03
3.410e-03
6.200e-03
2.790e-03
1.860e-03
2.170e-03
2.480e-03
2.790e-03
1.550e-03
3.100e-04
2.790e-03
9.299e-04
6.200e-04
1.550e-03
1.550e-03
6.200e-04
1.550e-03
3.100e-04
1.550e-03
6.200e-04
9.299e-04
6.200e-04
1.240e-03
6.200e-04
1.550e-03
1.240e-03
9.299e-04
0.000e+00
9.299e-04
9.299e-04
1.240e-03
6.200e-04
9.299e-04
9.299e-04
9.299e-04
3.100e-04
1.240e-03
1.860e-03
2.790e-03
3.100e-03
1.550e-03
2.790e-03
1.860e-03
2.480e-03
3.410e-03
3.720e-03
1.550e-03
1.550e-03
1.550e-03
1.550e-03
3.100e-03
3.100e-03
9.299e-04
3.720e-03
3.720e-03
2.480e-03
1.860e-03
1.550e-03
1.240e-03
4.030e-03
2.170e-03
1.240e-03
1.240e-03
3.100e-03
1.860e-03
3.100e-03
4.030e-03
3.720e-03
3.410e-03
9.299e-04
3.100e-03
1.240e-03
1.550e-03
2.170e-03
2.480e-03
3.100e-04
4.030e-03
0.000e+00
1.860e-03
9.299e-04
9.299e-04
1.550e-03
2.170e-03
3.100e-04
6.200e-04
1.550e-03
6.200e-04
9.299e-04
9.299e-04
3.100e-04
3.100e-04
6.200e-04
6.200e-04
3.100e-04
0.000e+00
3.100e-04
3.100e-04
3.100e-04
6.200e-04
0.000e+00
1.550e-03
0.000e+00
0.000e+00
0.000e+00
3.100e-04
0.000e+00
6.200e-04
3.100e-04
0.000e+00
0.000e+00
6.200e-04
0.000e+00
9.299e-04
3.100e-04
3.100e-04
6.200e-04
