6.200e-04
6.200e-04
0.000e+00
6.200e-04
0.000e+00
0.000e+00
0.000e+00
0.000e+00
6.200e-04
6.200e-04
6.200e-04
0.000e+00
6.200e-04
1.860e-03
1.240e-03
6.200e-04
6.200e-04
6.200e-04
6.200e-04
1.860e-03
6.200e-04
1.240e-03
1.860e-03
6.200e-04
1.860e-03
4.960e-03
1.240e-03
2.480e-03
0.000e+00
2.480e-03
1.860e-03
3.720e-03
4.960e-03
6.200e-04
1.860e-03
2.480e-03
1.860e-03
1.240e-03
1.860e-03
1.240e-03
1.240e-03
4.960e-03
5.580e-03
9.299e-03
7.440e-03
4.960e-03
3.100e-03
6.200e-03
7.440e-03
7.440e-03
5.580e-03
7.440e-03
6.200e-03
0.000e+00
1.302e-02
5.580e-03
3.720e-03
2.542e-02
1.240e-02
6.820e-03
1.178e-02
6.820e-03
1.860e-03
2.480e-03
2.480e-03
2.480e-03
1.860e-03
4.340e-03
1.240e-03
1.860e-03
4.960e-03
0.000e+00
6.200e-04
1.240e-03
0.000e+00
6.200e-04
1.240e-03
0.000e+00
1.240e-03
6.200e-04
1.240e-03
0.000e+00
6.200e-04
1.240e-03
1.860e-03
6.200e-04
0.000e+00
0.000e+00
0.000e+00
1.860e-03
1.240e-03
0.000e+00
1.860e-03
1.240e-03
0.000e+00
0.000e+00
0.000e+00
0.000e+00
6.200e-04
1.240e-03
6.200e-04
0.000e+00
0.000e+00
6.200e-04
1.860e-03
6.200e-04
1.240e-03
6.200e-04
1.860e-03
1.240e-03
3.100e-03
1.860e-03
2.480e-03
1.860e-03
2.480e-03
4.960e-03
3.100e-03
3.720e-03
2.480e-03
8.060e-03
4.960e-03
9.919e-03
9.299e-03
1.178e-02
5.580e-03
5.580e-03
6.820e-03
9.299e-03
6.820e-03
5.580e-03
3.100e-03
7.440e-03
1.116e-02
4.340e-03
3.720e-03
5.580e-03
5.580e-03
7.440e-03
6.200e-04
3.100e-03
1.240e-03
2.480e-03
4.960e-03
6.200e-03
1.860e-03
5.580e-03
3.100e-03
6.200e-04
5.580e-03
3.100e-03
1.860e-03
2.480e-03
6.200e-04
4.340e-03
2.480e-03
3.720e-03
3.720e-03
4.960e-03
2.480e-03
1.240e-03
1.240e-03
1.860e-03
6.200e-04
0.000e+00
0.000e+00
0.000e+00
0.000e+00
0.000e+00
0.000e+00
6.200e-04
0.000e+00
6.200e-04
0.000e+00
1.240e-03
0.000e+00
0.000e+00
0.000e+00
0.000e+00
0.000e+00
1.860e-03
1.240e-03
6.200e-04
0.000e+00
6.200e-04
0.000e+00
0.000e+00
0.000e+00
0.000e+00
6.200e-04
6.200e-04
6.200e-04
6.200e-04
1.240e-03
1.240e-03
0.000e+00
1.240e-03
6.200e-04
1.240e-03
1.860e-03
0.000e+00
2.480e-03
1.860e-03
0.000e+00
3.720e-03
3.100e-03
1.860e-03
6.200e-04
3.720e-03
0.000e+00
1.860e-03
5.580e-03
3.720e-03
3.720e-03
3.720e-03
1.860e-03
1.240e-03
2.480e-03
2.480e-03
4.960e-03
4.960e-03
4.340e-03
4.960e-03
2.480e-03
6.200e-03
2.480e-03
3.720e-03
7.440e-03
6.200e-03
8.060e-03
9.299e-03
6.820e-03
6.820e-03
3.100e-03
2.480e-03
8.060e-03
3.100e-03
6.820e-03
2.232e-02
1.302e-02
6.200e-03
1.178e-02
8.060e-03
2.480e-03
1.860e-03
1.240e-03
2.480e-03
1.240e-03
0.000e+00
3.720e-03
3.720e-03
4.340e-03
6.200e-04
1.240e-03
1.240e-03
6.200e-04
6.200e-04
0.000e+00
1.860e-03
6.200e-04
0.000e+00
6.200e-04
1.240e-03
0.000e+00
6.200e-04
1.240e-03
0.000e+00
0.000e+00
0.000e+00
6.200e-04
3.100e-03
6.200e-04
1.860e-03
0.000e+00
1.240e-03
6.200e-04
0.000e+00
0.000e+00
0.000e+00
0.000e+00
6.200e-04
0.000e+00
6.200e-04
0.000e+00
1.240e-03
0.000e+00
2.480e-03
1.860e-03
0.000e+00
1.860e-03
1.860e-03
1.240e-03
1.860e-03
0.000e+00
1.860e-03
2.480e-03
3.720e-03
3.720e-03
3.720e-03
4.960e-03
5.580e-03
8.060e-03
6.820e-03
1.240e-02
1.116e-02
8.679e-03
6.820e-03
7.440e-03
6.200e-03
6.200e-03
4.340e-03
1.302e-02
8.060e-03
7.440e-03
4.340e-03
4.340e-03
3.720e-03
1.860e-03
6.200e-03
8.060e-03
2.480e-03
3.720e-03
7.440e-03
3.100e-03
3.100e-03
5.580e-03
6.200e-04
6.200e-03
1.240e-03
1.240e-03
6.200e-04
3.720e-03
3.720e-03
6.200e-04
4.340e-03
6.200e-03
4.340e-03
2.480e-03
1.240e-03
6.200e-04
6.200e-04
1.240e-03
1.240e-03
0.000e+00
0.000e+00
0.000e+00
0.000e+00
0.000e+00
0.000e+00
0.000e+00
6.200e-04
0.000e+00
6.200e-04
0.000e+00
0.000e+00
0.000e+00
0.000e+00
6.200e-04
0.000e+00
0.000e+00
6.200e-04
