0.000e+00
0.000e+00
0.000e+00
0.000e+00
0.000e+00
0.000e+00
0.000e+00
0.000e+00
0.000e+00
0.000e+00
0.000e+00
0.000e+00
0.000e+00
0.000e+00
0.000e+00
0.000e+00
0.000e+00
0.000e+00
0.000e+00
0.000e+00
0.000e+00
0.000e+00
0.000e+00
0.000e+00
0.000e+00
0.000e+00
0.000e+00
0.000e+00
0.000e+00
0.000e+00
0.000e+00
0.000e+00
0.000e+00
0.000e+00
0.000e+00
0.000e+00
0.000e+00
0.000e+00
0.000e+00
0.000e+00
0.000e+00
0.000e+00
0.000e+00
0.000e+00
0.000e+00
0.000e+00
0.000e+00
5.780e-03
5.780e-03
0.000e+00
0.000e+00
0.000e+00
0.000e+00
0.000e+00
0.000e+00
5.780e-03
5.780e-03
5.780e-03
5.780e-03
1.156e-02
0.000e+00
1.734e-02
0.000e+00
0.000e+00
5.780e-03
1.156e-02
0.000e+00
5.780e-03
0.000e+00
0.000e+00
5.780e-03
0.000e+00
5.780e-03
5.780e-03
5.780e-03
5.780e-03
5.780e-03
5.780e-03
0.000e+00
0.000e+00
1.734e-02
1.156e-02
0.000e+00
5.780e-03
5.780e-03
5.780e-03
2.312e-02
0.000e+00
0.000e+00
1.156e-02
4.046e-02
1.156e-02
1.156e-02
0.000e+00
5.780e-03
1.156e-02
5.780e-03
1.156e-02
5.780e-03
0.000e+00
5.780e-03
3.468e-02
5.780e-03
0.000e+00
0.000e+00
0.000e+00
1.156e-02
0.000e+00
5.780e-03
1.156e-02
1.734e-02
0.000e+00
0.000e+00
0.000e+00
0.000e+00
0.000e+00
1.156e-02
0.000e+00
0.000e+00
0.000e+00
5.780e-03
1.156e-02
5.780e-03
1.734e-02
0.000e+00
0.000e+00
5.780e-03
5.780e-03
0.000e+00
0.000e+00
0.000e+00
5.780e-03
0.000e+00
0.000e+00
0.000e+00
0.000e+00
5.780e-03
0.000e+00
0.000e+00
0.000e+00
0.000e+00
0.000e+00
0.000e+00
0.000e+00
0.000e+00
0.000e+00
0.000e+00
0.000e+00
0.000e+00
0.000e+00
0.000e+00
0.000e+00
0.000e+00
0.000e+00
0.000e+00
0.000e+00
0.000e+00
0.000e+00
0.000e+00
0.000e+00
0.000e+00
0.000e+00
0.000e+00
0.000e+00
0.000e+00
0.000e+00
0.000e+00
0.000e+00
0.000e+00
0.000e+00
0.000e+00
0.000e+00
0.000e+00
0.000e+00
0.000e+00
0.000e+00
0.000e+00
0.000e+00
0.000e+00
0.000e+00
0.000e+00
0.000e+00
0.000e+00
0.000e+00
0.000e+00
0.000e+00
0.000e+00
0.000e+00
0.000e+00
0.000e+00
0.000e+00
0.000e+00
0.000e+00
0.000e+00
0.000e+00
0.000e+00
0.000e+00
0.000e+00
0.000e+00
0.000e+00
0.000e+00
0.000e+00
0.000e+00
0.000e+00
0.000e+00
0.000e+00
0.000e+00
0.000e+00
0.000e+00
0.000e+00
0.000e+00
0.000e+00
0.000e+00
0.000e+00
0.000e+00
0.000e+00
0.000e+00
0.000e+00
0.000e+00
0.000e+00
0.000e+00
0.000e+00
0.000e+00
0.000e+00
0.000e+00
0.000e+00
0.000e+00
0.000e+00
0.000e+00
0.000e+00
0.000e+00
0.000e+00
0.000e+00
5.780e-03
0.000e+00
5.780e-03
0.000e+00
0.000e+00
0.000e+00
5.780e-03
1.734e-02
5.780e-03
0.000e+00
0.000e+00
0.000e+00
5.780e-03
0.000e+00
5.780e-03
0.000e+00
5.780e-03
2.890e-02
5.780e-03
1.734e-02
1.156e-02
5.780e-03
0.000e+00
0.000e+00
5.780e-03
5.780e-03
1.156e-02
5.780e-03
5.780e-03
5.780e-03
5.780e-03
1.156e-02
1.156e-02
5.780e-03
1.156e-02
0.000e+00
1.734e-02
6.358e-02
5.780e-03
0.000e+00
1.734e-02
0.000e+00
0.000e+00
0.000e+00
5.780e-03
0.000e+00
5.780e-03
0.000e+00
0.000e+00
1.156e-02
0.000e+00
1.156e-02
1.156e-02
5.780e-03
1.156e-02
1.156e-02
1.156e-02
2.312e-02
1.156e-02
5.780e-03
1.156e-02
1.156e-02
1.734e-02
0.000e+00
0.000e+00
1.156e-02
0.000e+00
5.780e-03
0.000e+00
0.000e+00
0.000e+00
0.000e+00
5.780e-03
5.780e-03
0.000e+00
0.000e+00
0.000e+00
0.000e+00
0.000e+00
0.000e+00
0.000e+00
0.000e+00
0.000e+00
0.000e+00
5.780e-03
0.000e+00
0.000e+00
0.000e+00
0.000e+00
0.000e+00
0.000e+00
0.000e+00
0.000e+00
0.000e+00
0.000e+00
0.000e+00
0.000e+00
0.000e+00
0.000e+00
0.000e+00
0.000e+00
0.000e+00
0.000e+00
0.000e+00
0.000e+00
0.000e+00
0.000e+00
0.000e+00
0.000e+00
0.000e+00
0.000e+00
0.000e+00
0.000e+00
0.000e+00
0.000e+00
0.000e+00
0.000e+00
0.000e+00
0.000e+00
0.000e+00
0.000e+00
0.000e+00
0.000e+00
0.000e+00
0.000e+00
0.000e+00
0.000e+00
