0.000e+00
0.000e+00
0.000e+00
0.000e+00
0.000e+00
0.000e+00
0.000e+00
0.000e+00
0.000e+00
0.000e+00
0.000e+00
0.000e+00
0.000e+00
0.000e+00
0.000e+00
0.000e+00
0.000e+00
0.000e+00
0.000e+00
0.000e+00
0.000e+00
0.000e+00
0.000e+00
0.000e+00
0.000e+00
0.000e+00
0.000e+00
0.000e+00
0.000e+00
0.000e+00
0.000e+00
0.000e+00
0.000e+00
0.000e+00
0.000e+00
0.000e+00
0.000e+00
0.000e+00
0.000e+00
0.000e+00
0.000e+00
0.000e+00
0.000e+00
0.000e+00
0.000e+00
0.000e+00
0.000e+00
0.000e+00
0.000e+00
0.000e+00
0.000e+00
0.000e+00
1.087e-02
0.000e+00
5.435e-03
0.000e+00
5.435e-03
0.000e+00
5.435e-03
5.435e-03
0.000e+00
0.000e+00
5.435e-03
0.000e+00
1.630e-02
0.000e+00
0.000e+00
5.435e-03
1.087e-02
5.435e-03
1.630e-02
5.435e-03
0.000e+00
0.000e+00
0.000e+00
5.435e-03
5.435e-03
5.435e-03
5.435e-03
0.000e+00
1.087e-02
1.087e-02
2.174e-02
0.000e+00
5.435e-03
5.435e-03
5.435e-03
1.630e-02
0.000e+00
1.087e-02
1.630e-02
1.087e-02
0.000e+00
0.000e+00
5.435e-03
1.630e-02
0.000e+00
5.435e-03
5.435e-03
5.435e-03
1.630e-02
5.435e-03
2.174e-02
1.087e-02
3.261e-02
5.435e-03
5.435e-03
0.000e+00
0.000e+00
0.000e+00
5.435e-03
5.435e-03
1.087e-02
5.435e-03
5.435e-03
5.435e-03
0.000e+00
0.000e+00
2.174e-02
1.087e-02
0.000e+00
0.000e+00
5.435e-03
5.435e-03
5.435e-03
0.000e+00
0.000e+00
5.435e-03
0.000e+00
0.000e+00
0.000e+00
0.000e+00
0.000e+00
0.000e+00
5.435e-03
0.000e+00
5.435e-03
0.000e+00
0.000e+00
0.000e+00
0.000e+00
0.000e+00
0.000e+00
0.000e+00
0.000e+00
0.000e+00
0.000e+00
0.000e+00
0.000e+00
0.000e+00
0.000e+00
0.000e+00
0.000e+00
0.000e+00
0.000e+00
0.000e+00
0.000e+00
0.000e+00
0.000e+00
0.000e+00
0.000e+00
0.000e+00
0.000e+00
0.000e+00
0.000e+00
0.000e+00
0.000e+00
0.000e+00
0.000e+00
0.000e+00
0.000e+00
0.000e+00
0.000e+00
0.000e+00
0.000e+00
0.000e+00
0.000e+00
0.000e+00
0.000e+00
0.000e+00
0.000e+00
0.000e+00
0.000e+00
0.000e+00
0.000e+00
0.000e+00
0.000e+00
0.000e+00
0.000e+00
0.000e+00
0.000e+00
0.000e+00
0.000e+00
0.000e+00
0.000e+00
0.000e+00
0.000e+00
0.000e+00
0.000e+00
0.000e+00
0.000e+00
0.000e+00
0.000e+00
0.000e+00
0.000e+00
0.000e+00
0.000e+00
0.000e+00
0.000e+00
0.000e+00
0.000e+00
0.000e+00
0.000e+00
0.000e+00
0.000e+00
0.000e+00
0.000e+00
0.000e+00
0.000e+00
0.000e+00
0.000e+00
0.000e+00
0.000e+00
0.000e+00
0.000e+00
0.000e+00
0.000e+00
0.000e+00
0.000e+00
0.000e+00
5.435e-03
0.000e+00
0.000e+00
5.435e-03
0.000e+00
0.000e+00
0.000e+00
0.000e+00
1.087e-02
1.087e-02
5.435e-03
1.630e-02
0.000e+00
0.000e+00
5.435e-03
5.435e-03
5.435e-03
0.000e+00
5.435e-03
5.435e-03
0.000e+00
1.087e-02
0.000e+00
2.174e-02
0.000e+00
1.087e-02
1.630e-02
5.435e-03
0.000e+00
5.435e-03
1.087e-02
5.435e-03
2.174e-02
5.435e-03
1.087e-02
2.174e-02
1.087e-02
2.717e-02
1.630e-02
5.435e-03
3.261e-02
1.087e-02
5.435e-03
1.087e-02
0.000e+00
2.174e-02
0.000e+00
0.000e+00
0.000e+00
5.435e-03
1.087e-02
0.000e+00
0.000e+00
1.087e-02
1.087e-02
0.000e+00
1.630e-02
1.087e-02
2.174e-02
5.435e-03
5.435e-03
5.435e-03
0.000e+00
0.000e+00
0.000e+00
0.000e+00
0.000e+00
5.435e-03
5.435e-03
1.087e-02
0.000e+00
1.087e-02
0.000e+00
0.000e+00
0.000e+00
5.435e-03
1.087e-02
0.000e+00
5.435e-03
0.000e+00
0.000e+00
0.000e+00
0.000e+00
0.000e+00
0.000e+00
0.000e+00
0.000e+00
0.000e+00
0.000e+00
0.000e+00
0.000e+00
0.000e+00
0.000e+00
0.000e+00
0.000e+00
0.000e+00
0.000e+00
0.000e+00
0.000e+00
0.000e+00
0.000e+00
0.000e+00
0.000e+00
0.000e+00
0.000e+00
0.000e+00
0.000e+00
0.000e+00
0.000e+00
0.000e+00
0.000e+00
0.000e+00
0.000e+00
0.000e+00
0.000e+00
0.000e+00
0.000e+00
0.000e+00
0.000e+00
0.000e+00
0.000e+00
0.000e+00
0.000e+00
0.000e+00
0.000e+00
0.000e+00
0.000e+00
0.000e+00
0.000e+00
0.000e+00
