0.000e+00
0.000e+00
0.000e+00
0.000e+00
0.000e+00
0.000e+00
0.000e+00
0.000e+00
0.000e+00
0.000e+00
0.000e+00
0.000e+00
0.000e+00
0.000e+00
0.000e+00
0.000e+00
0.000e+00
0.000e+00
0.000e+00
0.000e+00
0.000e+00
0.000e+00
0.000e+00
0.000e+00
0.000e+00
0.000e+00
0.000e+00
0.000e+00
0.000e+00
0.000e+00
0.000e+00
0.000e+00
0.000e+00
0.000e+00
0.000e+00
0.000e+00
0.000e+00
0.000e+00
0.000e+00
0.000e+00
0.000e+00
0.000e+00
1.170e-02
2.339e-02
0.000e+00
1.754e-02
0.000e+00
5.848e-03
0.000e+00
1.170e-02
0.000e+00
0.000e+00
1.754e-02
5.848e-03
2.924e-02
2.924e-02
0.000e+00
1.170e-02
5.848e-03
1.170e-02
0.000e+00
5.848e-03
0.000e+00
5.848e-03
0.000e+00
1.170e-02
1.170e-02
0.000e+00
5.848e-03
0.000e+00
2.339e-02
5.848e-03
0.000e+00
5.848e-03
0.000e+00
1.754e-02
5.848e-03
1.170e-02
5.848e-03
5.848e-03
0.000e+00
0.000e+00
5.848e-03
0.000e+00
0.000e+00
1.170e-02
0.000e+00
0.000e+00
5.848e-03
5.848e-03
5.848e-03
0.000e+00
0.000e+00
0.000e+00
1.170e-02
5.848e-03
0.000e+00
0.000e+00
0.000e+00
0.000e+00
5.848e-03
5.848e-03
0.000e+00
0.000e+00
0.000e+00
0.000e+00
0.000e+00
0.000e+00
0.000e+00
0.000e+00
5.848e-03
0.000e+00
0.000e+00
0.000e+00
0.000e+00
0.000e+00
1.170e-02
0.000e+00
5.848e-03
0.000e+00
1.170e-02
0.000e+00
5.848e-03
0.000e+00
5.848e-03
5.848e-03
5.848e-03
1.170e-02
1.170e-02
5.848e-03
5.848e-03
0.000e+00
0.000e+00
5.848e-03
0.000e+00
5.848e-03
0.000e+00
0.000e+00
0.000e+00
0.000e+00
0.000e+00
0.000e+00
5.848e-03
1.170e-02
0.000e+00
0.000e+00
0.000e+00
0.000e+00
0.000e+00
0.000e+00
0.000e+00
5.848e-03
5.848e-03
0.000e+00
0.000e+00
0.000e+00
0.000e+00
5.848e-03
0.000e+00
5.848e-03
0.000e+00
0.000e+00
0.000e+00
0.000e+00
0.000e+00
0.000e+00
0.000e+00
0.000e+00
0.000e+00
0.000e+00
5.848e-03
0.000e+00
0.000e+00
0.000e+00
0.000e+00
0.000e+00
0.000e+00
0.000e+00
5.848e-03
1.170e-02
1.170e-02
0.000e+00
0.000e+00
0.000e+00
0.000e+00
0.000e+00
0.000e+00
0.000e+00
0.000e+00
0.000e+00
0.000e+00
0.000e+00
0.000e+00
0.000e+00
0.000e+00
0.000e+00
0.000e+00
0.000e+00
0.000e+00
0.000e+00
0.000e+00
0.000e+00
0.000e+00
0.000e+00
0.000e+00
0.000e+00
0.000e+00
0.000e+00
0.000e+00
0.000e+00
0.000e+00
0.000e+00
0.000e+00
5.848e-03
0.000e+00
0.000e+00
0.000e+00
0.000e+00
5.848e-03
0.000e+00
0.000e+00
0.000e+00
0.000e+00
0.000e+00
0.000e+00
0.000e+00
0.000e+00
0.000e+00
0.000e+00
0.000e+00
0.000e+00
5.848e-03
0.000e+00
0.000e+00
0.000e+00
0.000e+00
5.848e-03
0.000e+00
0.000e+00
5.848e-03
0.000e+00
5.848e-03
5.848e-03
5.848e-03
5.848e-03
5.848e-03
0.000e+00
0.000e+00
0.000e+00
5.848e-03
5.848e-03
5.848e-03
0.000e+00
0.000e+00
0.000e+00
0.000e+00
5.848e-03
0.000e+00
0.000e+00
5.848e-03
0.000e+00
5.848e-03
0.000e+00
0.000e+00
1.754e-02
0.000e+00
0.000e+00
0.000e+00
0.000e+00
1.170e-02
5.848e-03
5.848e-03
0.000e+00
0.000e+00
1.754e-02
0.000e+00
5.848e-03
0.000e+00
5.848e-03
5.848e-03
0.000e+00
0.000e+00
0.000e+00
5.848e-03
0.000e+00
2.339e-02
1.170e-02
1.170e-02
0.000e+00
0.000e+00
5.848e-03
0.000e+00
5.848e-03
5.848e-03
0.000e+00
5.848e-03
0.000e+00
5.848e-03
1.170e-02
1.170e-02
0.000e+00
0.000e+00
0.000e+00
1.170e-02
3.509e-02
2.339e-02
5.848e-03
1.170e-02
1.170e-02
0.000e+00
5.848e-03
1.754e-02
0.000e+00
5.848e-03
1.170e-02
5.848e-03
0.000e+00
1.754e-02
5.848e-03
5.848e-03
0.000e+00
0.000e+00
0.000e+00
0.000e+00
0.000e+00
0.000e+00
0.000e+00
0.000e+00
0.000e+00
0.000e+00
0.000e+00
0.000e+00
0.000e+00
0.000e+00
0.000e+00
0.000e+00
0.000e+00
0.000e+00
0.000e+00
0.000e+00
0.000e+00
0.000e+00
0.000e+00
0.000e+00
0.000e+00
0.000e+00
0.000e+00
0.000e+00
0.000e+00
0.000e+00
0.000e+00
0.000e+00
0.000e+00
0.000e+00
0.000e+00
0.000e+00
0.000e+00
0.000e+00
0.000e+00
0.000e+00
