4.587e-02
4.587e-02
2.141e-02
3.670e-02
3.670e-02
1.223e-02
1.529e-02
1.529e-02
6.116e-03
2.752e-02
1.223e-02
6.116e-03
1.223e-02
6.116e-03
0.000e+00
6.116e-03
0.000e+00
0.000e+00
0.000e+00
0.000e+00
6.116e-03
3.058e-03
6.116e-03
6.116e-03
0.000e+00
0.000e+00
6.116e-03
0.000e+00
0.000e+00
0.000e+00
0.000e+00
0.000e+00
0.000e+00
0.000e+00
0.000e+00
3.058e-03
0.000e+00
0.000e+00
0.000e+00
0.000e+00
0.000e+00
0.000e+00
0.000e+00
0.000e+00
0.000e+00
0.000e+00
0.000e+00
0.000e+00
3.058e-03
0.000e+00
3.058e-03
0.000e+00
0.000e+00
0.000e+00
0.000e+00
0.000e+00
0.000e+00
0.000e+00
0.000e+00
0.000e+00
0.000e+00
0.000e+00
0.000e+00
3.058e-03
0.000e+00
0.000e+00
0.000e+00
0.000e+00
0.000e+00
0.000e+00
0.000e+00
0.000e+00
0.000e+00
0.000e+00
0.000e+00
0.000e+00
0.000e+00
0.000e+00
0.000e+00
0.000e+00
0.000e+00
0.000e+00
0.000e+00
0.000e+00
0.000e+00
0.000e+00
0.000e+00
0.000e+00
0.000e+00
0.000e+00
0.000e+00
0.000e+00
0.000e+00
0.000e+00
0.000e+00
0.000e+00
0.000e+00
0.000e+00
0.000e+00
0.000e+00
0.000e+00
0.000e+00
0.000e+00
0.000e+00
0.000e+00
0.000e+00
0.000e+00
0.000e+00
0.000e+00
0.000e+00
0.000e+00
0.000e+00
0.000e+00
0.000e+00
0.000e+00
0.000e+00
0.000e+00
0.000e+00
0.000e+00
0.000e+00
0.000e+00
0.000e+00
0.000e+00
0.000e+00
0.000e+00
0.000e+00
0.000e+00
0.000e+00
0.000e+00
0.000e+00
0.000e+00
0.000e+00
3.058e-03
0.000e+00
0.000e+00
0.000e+00
0.000e+00
0.000e+00
0.000e+00
0.000e+00
0.000e+00
0.000e+00
0.000e+00
0.000e+00
0.000e+00
0.000e+00
0.000e+00
0.000e+00
0.000e+00
0.000e+00
0.000e+00
0.000e+00
0.000e+00
0.000e+00
0.000e+00
0.000e+00
0.000e+00
3.058e-03
0.000e+00
0.000e+00
0.000e+00
0.000e+00
3.058e-03
0.000e+00
6.116e-03
0.000e+00
3.058e-03
9.174e-03
0.000e+00
9.174e-03
6.116e-03
6.116e-03
0.000e+00
6.116e-03
0.000e+00
1.529e-02
6.116e-03
3.976e-02
3.058e-02
1.223e-02
3.670e-02
3.976e-02
1.835e-02
4.893e-02
1.529e-02
1.835e-02
3.058e-03
3.058e-03
6.116e-03
2.141e-02
1.529e-02
3.058e-03
6.116e-03
0.000e+00
0.000e+00
0.000e+00
0.000e+00
0.000e+00
3.058e-03
3.058e-03
3.058e-03
3.058e-03
0.000e+00
0.000e+00
3.058e-03
0.000e+00
0.000e+00
0.000e+00
0.000e+00
0.000e+00
0.000e+00
0.000e+00
0.000e+00
0.000e+00
0.000e+00
0.000e+00
0.000e+00
0.000e+00
0.000e+00
0.000e+00
0.000e+00
0.000e+00
0.000e+00
3.058e-03
0.000e+00
0.000e+00
0.000e+00
0.000e+00
0.000e+00
0.000e+00
0.000e+00
0.000e+00
0.000e+00
0.000e+00
0.000e+00
0.000e+00
0.000e+00
0.000e+00
0.000e+00
0.000e+00
0.000e+00
0.000e+00
0.000e+00
0.000e+00
0.000e+00
0.000e+00
0.000e+00
0.000e+00
0.000e+00
0.000e+00
0.000e+00
0.000e+00
0.000e+00
0.000e+00
0.000e+00
0.000e+00
0.000e+00
3.058e-03
0.000e+00
0.000e+00
0.000e+00
0.000e+00
0.000e+00
0.000e+00
0.000e+00
0.000e+00
0.000e+00
0.000e+00
0.000e+00
0.000e+00
0.000e+00
0.000e+00
0.000e+00
0.000e+00
0.000e+00
3.058e-03
0.000e+00
0.000e+00
0.000e+00
0.000e+00
0.000e+00
3.058e-03
0.000e+00
0.000e+00
0.000e+00
0.000e+00
0.000e+00
0.000e+00
0.000e+00
0.000e+00
0.000e+00
0.000e+00
0.000e+00
0.000e+00
0.000e+00
0.000e+00
0.000e+00
0.000e+00
3.058e-03
0.000e+00
3.058e-03
0.000e+00
0.000e+00
0.000e+00
0.000e+00
0.000e+00
0.000e+00
0.000e+00
6.116e-03
0.000e+00
0.000e+00
0.000e+00
0.000e+00
0.000e+00
0.000e+00
0.000e+00
0.000e+00
3.058e-03
3.058e-03
0.000e+00
0.000e+00
0.000e+00
0.000e+00
0.000e+00
0.000e+00
0.000e+00
0.000e+00
0.000e+00
0.000e+00
0.000e+00
0.000e+00
0.000e+00
0.000e+00
0.000e+00
3.058e-03
3.058e-03
3.058e-03
0.000e+00
3.058e-03
0.000e+00
0.000e+00
0.000e+00
0.000e+00
1.223e-02
3.058e-03
0.000e+00
3.058e-03
6.116e-03
1.223e-02
9.174e-03
1.529e-02
6.116e-03
0.000e+00
9.174e-03
9.174e-03
1.529e-02
2.446e-02
3.670e-02
1.835e-02
2.141e-02
