1.070e-02
9.174e-03
1.070e-02
3.058e-03
1.529e-02
4.587e-03
6.116e-03
7.645e-03
1.070e-02
6.116e-03
0.000e+00
3.058e-03
6.116e-03
6.116e-03
4.587e-03
3.058e-03
1.529e-03
0.000e+00
4.587e-03
4.587e-03
3.058e-03
0.000e+00
0.000e+00
3.058e-03
3.058e-03
0.000e+00
0.000e+00
1.529e-03
1.529e-03
3.058e-03
1.529e-03
1.529e-03
1.529e-03
1.529e-03
0.000e+00
0.000e+00
1.529e-03
0.000e+00
1.529e-03
0.000e+00
1.529e-03
0.000e+00
0.000e+00
3.058e-03
0.000e+00
1.529e-03
0.000e+00
0.000e+00
0.000e+00
0.000e+00
0.000e+00
0.000e+00
0.000e+00
0.000e+00
0.000e+00
1.529e-03
0.000e+00
0.000e+00
0.000e+00
0.000e+00
0.000e+00
0.000e+00
0.000e+00
0.000e+00
0.000e+00
1.529e-03
1.529e-03
0.000e+00
1.529e-03
0.000e+00
0.000e+00
0.000e+00
0.000e+00
1.529e-03
0.000e+00
0.000e+00
0.000e+00
0.000e+00
0.000e+00
0.000e+00
0.000e+00
0.000e+00
0.000e+00
0.000e+00
0.000e+00
0.000e+00
0.000e+00
0.000e+00
0.000e+00
0.000e+00
0.000e+00
0.000e+00
0.000e+00
0.000e+00
0.000e+00
0.000e+00
0.000e+00
0.000e+00
0.000e+00
0.000e+00
0.000e+00
0.000e+00
0.000e+00
0.000e+00
0.000e+00
0.000e+00
0.000e+00
0.000e+00
0.000e+00
0.000e+00
0.000e+00
0.000e+00
0.000e+00
0.000e+00
0.000e+00
0.000e+00
0.000e+00
1.529e-03
1.529e-03
0.000e+00
0.000e+00
0.000e+00
0.000e+00
0.000e+00
0.000e+00
0.000e+00
0.000e+00
0.000e+00
0.000e+00
0.000e+00
0.000e+00
0.000e+00
0.000e+00
0.000e+00
0.000e+00
0.000e+00
0.000e+00
0.000e+00
0.000e+00
0.000e+00
0.000e+00
0.000e+00
1.529e-03
0.000e+00
0.000e+00
0.000e+00
1.529e-03
0.000e+00
0.000e+00
0.000e+00
1.529e-03
1.529e-03
0.000e+00
1.529e-03
1.529e-03
0.000e+00
0.000e+00
1.529e-03
1.529e-03
0.000e+00
1.529e-03
0.000e+00
4.587e-03
1.529e-03
1.529e-03
4.587e-03
3.058e-03
3.058e-03
1.529e-03
4.587e-03
1.529e-03
7.645e-03
0.000e+00
9.174e-03
4.587e-03
7.645e-03
7.645e-03
4.587e-03
6.116e-03
6.116e-03
7.645e-03
3.058e-03
7.645e-03
6.116e-03
9.174e-03
4.587e-03
7.645e-03
9.174e-03
1.529e-03
7.645e-03
0.000e+00
3.058e-03
4.587e-03
4.587e-03
1.529e-03
3.058e-03
0.000e+00
1.529e-03
3.058e-03
0.000e+00
1.529e-03
1.529e-03
0.000e+00
1.529e-03
0.000e+00
1.529e-03
4.587e-03
0.000e+00
0.000e+00
0.000e+00
3.058e-03
1.529e-03
0.000e+00
0.000e+00
0.000e+00
0.000e+00
0.000e+00
0.000e+00
0.000e+00
3.058e-03
0.000e+00
1.529e-03
1.529e-03
0.000e+00
0.000e+00
0.000e+00
0.000e+00
0.000e+00
0.000e+00
0.000e+00
0.000e+00
0.000e+00
0.000e+00
0.000e+00
0.000e+00
0.000e+00
0.000e+00
0.000e+00
0.000e+00
1.529e-03
0.000e+00
0.000e+00
0.000e+00
0.000e+00
0.000e+00
1.529e-03
0.000e+00
0.000e+00
0.000e+00
0.000e+00
0.000e+00
0.000e+00
0.000e+00
0.000e+00
0.000e+00
0.000e+00
0.000e+00
0.000e+00
1.529e-03
3.058e-03
0.000e+00
0.000e+00
0.000e+00
0.000e+00
0.000e+00
0.000e+00
0.000e+00
1.529e-03
0.000e+00
0.000e+00
0.000e+00
0.000e+00
0.000e+00
0.000e+00
0.000e+00
0.000e+00
0.000e+00
0.000e+00
0.000e+00
0.000e+00
0.000e+00
0.000e+00
0.000e+00
0.000e+00
0.000e+00
0.000e+00
0.000e+00
0.000e+00
0.000e+00
0.000e+00
0.000e+00
0.000e+00
4.587e-03
0.000e+00
0.000e+00
1.529e-03
1.529e-03
0.000e+00
0.000e+00
1.529e-03
0.000e+00
0.000e+00
0.000e+00
0.000e+00
0.000e+00
0.000e+00
0.000e+00
0.000e+00
0.000e+00
0.000e+00
0.000e+00
0.000e+00
0.000e+00
0.000e+00
0.000e+00
0.000e+00
0.000e+00
1.529e-03
1.529e-03
0.000e+00
1.529e-03
0.000e+00
1.529e-03
0.000e+00
1.529e-03
0.000e+00
0.000e+00
0.000e+00
1.529e-03
1.529e-03
0.000e+00
1.529e-03
0.000e+00
3.058e-03
0.000e+00
0.000e+00
0.000e+00
0.000e+00
4.587e-03
3.058e-03
0.000e+00
3.058e-03
3.058e-03
4.587e-03
1.529e-03
1.529e-03
7.645e-03
1.529e-03
3.058e-03
7.645e-03
6.116e-03
4.587e-03
4.587e-03
4.587e-03
1.070e-02
1.223e-02
6.116e-03
4.587e-03
4.587e-03
7.645e-03
