0.000e+00
0.000e+00
0.000e+00
0.000e+00
0.000e+00
0.000e+00
0.000e+00
0.000e+00
0.000e+00
0.000e+00
0.000e+00
0.000e+00
0.000e+00
0.000e+00
0.000e+00
0.000e+00
0.000e+00
0.000e+00
0.000e+00
0.000e+00
0.000e+00
0.000e+00
0.000e+00
0.000e+00
0.000e+00
0.000e+00
0.000e+00
0.000e+00
0.000e+00
0.000e+00
0.000e+00
1.520e-03
0.000e+00
0.000e+00
0.000e+00
0.000e+00
0.000e+00
7.599e-04
0.000e+00
1.520e-03
1.520e-03
0.000e+00
0.000e+00
0.000e+00
7.599e-04
1.520e-03
7.599e-04
1.520e-03
7.599e-04
2.280e-03
1.520e-03
7.599e-04
3.799e-03
1.520e-03
1.520e-03
7.599e-04
1.520e-03
7.599e-04
4.559e-03
3.040e-03
7.599e-04
3.040e-03
6.839e-03
3.040e-03
1.520e-03
6.079e-03
3.799e-03
3.799e-03
5.319e-03
1.520e-03
3.799e-03
2.280e-03
5.319e-03
1.520e-03
2.280e-03
1.520e-03
2.280e-03
1.520e-03
2.280e-03
3.799e-03
2.280e-03
2.280e-03
1.520e-03
0.000e+00
0.000e+00
5.319e-03
7.599e-04
2.280e-03
3.040e-03
0.000e+00
2.280e-03
1.520e-03
2.280e-03
4.559e-03
1.520e-03
1.520e-03
2.280e-03
2.280e-03
2.280e-03
3.799e-03
1.520e-03
4.559e-03
2.280e-03
3.799e-03
5.319e-03
3.799e-03
3.799e-03
3.799e-03
1.520e-03
2.280e-03
0.000e+00
2.280e-03
2.280e-03
3.799e-03
3.799e-03
4.559e-03
2.280e-03
7.599e-04
1.520e-03
3.799e-03
3.799e-03
7.599e-04
3.799e-03
1.520e-03
0.000e+00
7.599e-04
1.520e-03
2.280e-03
1.520e-03
7.599e-04
2.280e-03
0.000e+00
0.000e+00
3.040e-03
7.599e-04
0.000e+00
0.000e+00
1.520e-03
2.280e-03
7.599e-04
7.599e-04
7.599e-04
7.599e-04
2.280e-03
0.000e+00
1.520e-03
0.000e+00
0.000e+00
0.000e+00
0.000e+00
7.599e-04
0.000e+00
0.000e+00
0.000e+00
0.000e+00
1.520e-03
0.000e+00
0.000e+00
0.000e+00
0.000e+00
0.000e+00
0.000e+00
0.000e+00
0.000e+00
0.000e+00
7.599e-04
0.000e+00
0.000e+00
0.000e+00
0.000e+00
0.000e+00
0.000e+00
0.000e+00
0.000e+00
0.000e+00
7.599e-04
0.000e+00
0.000e+00
7.599e-04
0.000e+00
0.000e+00
0.000e+00
0.000e+00
0.000e+00
0.000e+00
0.000e+00
0.000e+00
0.000e+00
0.000e+00
0.000e+00
0.000e+00
0.000e+00
0.000e+00
0.000e+00
0.000e+00
0.000e+00
0.000e+00
0.000e+00
0.000e+00
0.000e+00
0.000e+00
0.000e+00
0.000e+00
0.000e+00
0.000e+00
0.000e+00
0.000e+00
0.000e+00
0.000e+00
0.000e+00
7.599e-04
0.000e+00
0.000e+00
0.000e+00
0.000e+00
0.000e+00
0.000e+00
0.000e+00
0.000e+00
1.520e-03
0.000e+00
7.599e-04
7.599e-04
7.599e-04
7.599e-04
2.280e-03
1.520e-03
3.040e-03
1.520e-03
3.799e-03
2.280e-03
0.000e+00
1.520e-03
1.520e-03
7.599e-04
3.799e-03
2.280e-03
2.280e-03
3.040e-03
2.280e-03
3.040e-03
1.520e-03
4.559e-03
2.280e-03
4.559e-03
5.319e-03
7.599e-03
7.599e-03
2.280e-03
5.319e-03
3.799e-03
2.280e-03
1.520e-03
6.079e-03
3.799e-03
2.280e-03
1.520e-03
3.040e-03
3.040e-03
1.520e-03
4.559e-03
3.040e-03
3.799e-03
1.520e-03
2.280e-03
4.559e-03
2.280e-03
7.599e-04
2.280e-03
3.040e-03
2.280e-03
3.040e-03
3.799e-03
4.559e-03
3.040e-03
7.599e-04
7.599e-04
1.520e-03
3.040e-03
3.040e-03
2.280e-03
0.000e+00
7.599e-04
1.520e-03
2.280e-03
0.000e+00
4.559e-03
4.559e-03
3.799e-03
3.799e-03
3.799e-03
3.040e-03
3.040e-03
3.799e-03
3.040e-03
4.559e-03
2.280e-03
2.280e-03
5.319e-03
4.559e-03
1.520e-03
3.040e-03
3.040e-03
3.040e-03
7.599e-04
3.040e-03
3.040e-03
3.040e-03
1.520e-03
2.280e-03
2.280e-03
1.520e-03
7.599e-04
3.799e-03
1.520e-03
0.000e+00
3.040e-03
1.520e-03
0.000e+00
7.599e-04
7.599e-04
7.599e-04
0.000e+00
0.000e+00
7.599e-04
0.000e+00
0.000e+00
0.000e+00
2.280e-03
0.000e+00
0.000e+00
0.000e+00
0.000e+00
0.000e+00
0.000e+00
0.000e+00
0.000e+00
0.000e+00
0.000e+00
0.000e+00
0.000e+00
0.000e+00
0.000e+00
0.000e+00
0.000e+00
0.000e+00
0.000e+00
0.000e+00
0.000e+00
0.000e+00
0.000e+00
0.000e+00
0.000e+00
0.000e+00
0.000e+00
0.000e+00
0.000e+00
0.000e+00
0.000e+00
0.000e+00
