0.000e+00
0.000e+00
0.000e+00
0.000e+00
0.000e+00
0.000e+00
0.000e+00
0.000e+00
0.000e+00
0.000e+00
0.000e+00
0.000e+00
0.000e+00
0.000e+00
0.000e+00
0.000e+00
0.000e+00
3.040e-03
0.000e+00
0.000e+00
0.000e+00
0.000e+00
0.000e+00
0.000e+00
0.000e+00
0.000e+00
0.000e+00
0.000e+00
0.000e+00
0.000e+00
0.000e+00
0.000e+00
0.000e+00
0.000e+00
0.000e+00
0.000e+00
1.520e-03
0.000e+00
0.000e+00
1.520e-03
1.520e-03
1.520e-03
0.000e+00
7.599e-03
4.559e-03
4.559e-03
3.040e-03
9.119e-03
4.559e-03
4.559e-03
6.079e-03
7.599e-03
4.559e-03
3.040e-03
7.599e-03
3.040e-03
9.119e-03
2.432e-02
1.064e-02
1.368e-02
9.119e-03
7.599e-03
4.559e-03
7.599e-03
3.040e-03
1.064e-02
7.599e-03
4.559e-03
4.559e-03
6.079e-03
1.216e-02
4.559e-03
0.000e+00
3.040e-03
0.000e+00
6.079e-03
1.520e-03
0.000e+00
3.040e-03
6.079e-03
0.000e+00
0.000e+00
0.000e+00
0.000e+00
3.040e-03
0.000e+00
6.079e-03
3.040e-03
3.040e-03
1.520e-03
7.599e-03
3.040e-03
4.559e-03
1.520e-03
0.000e+00
1.520e-03
0.000e+00
0.000e+00
6.079e-03
6.079e-03
1.520e-03
6.079e-03
1.520e-03
6.079e-03
3.040e-03
1.520e-03
1.520e-03
1.520e-03
6.079e-03
6.079e-03
9.119e-03
1.216e-02
6.079e-03
3.040e-03
1.520e-03
1.368e-02
6.079e-03
7.599e-03
6.079e-03
1.064e-02
6.079e-03
7.599e-03
9.119e-03
7.599e-03
3.040e-03
1.064e-02
4.559e-03
4.559e-03
9.119e-03
4.559e-03
4.559e-03
4.559e-03
1.520e-03
0.000e+00
6.079e-03
1.520e-03
6.079e-03
3.040e-03
0.000e+00
1.520e-03
1.520e-03
0.000e+00
1.520e-03
0.000e+00
0.000e+00
0.000e+00
0.000e+00
0.000e+00
0.000e+00
0.000e+00
0.000e+00
0.000e+00
0.000e+00
0.000e+00
0.000e+00
0.000e+00
0.000e+00
1.520e-03
0.000e+00
0.000e+00
0.000e+00
0.000e+00
0.000e+00
0.000e+00
0.000e+00
0.000e+00
0.000e+00
0.000e+00
0.000e+00
0.000e+00
0.000e+00
0.000e+00
0.000e+00
0.000e+00
0.000e+00
0.000e+00
0.000e+00
0.000e+00
0.000e+00
0.000e+00
0.000e+00
0.000e+00
0.000e+00
0.000e+00
0.000e+00
0.000e+00
0.000e+00
0.000e+00
0.000e+00
0.000e+00
0.000e+00
0.000e+00
0.000e+00
0.000e+00
0.000e+00
0.000e+00
0.000e+00
0.000e+00
0.000e+00
0.000e+00
0.000e+00
0.000e+00
0.000e+00
0.000e+00
0.000e+00
0.000e+00
0.000e+00
0.000e+00
0.000e+00
0.000e+00
0.000e+00
0.000e+00
3.040e-03
0.000e+00
0.000e+00
0.000e+00
0.000e+00
0.000e+00
1.520e-03
0.000e+00
3.040e-03
3.040e-03
1.520e-03
1.520e-03
3.040e-03
4.559e-03
1.520e-03
6.079e-03
3.040e-03
7.599e-03
9.119e-03
1.520e-03
3.040e-03
6.079e-03
1.216e-02
6.079e-03
3.040e-03
1.520e-02
1.216e-02
1.064e-02
1.672e-02
6.079e-03
1.520e-02
4.559e-03
3.040e-03
9.119e-03
7.599e-03
3.040e-03
7.599e-03
6.079e-03
6.079e-03
6.079e-03
6.079e-03
1.520e-03
1.520e-03
3.040e-03
3.040e-03
3.040e-03
0.000e+00
1.520e-03
1.520e-03
4.559e-03
0.000e+00
6.079e-03
3.040e-03
1.520e-03
1.520e-03
6.079e-03
4.559e-03
3.040e-03
1.520e-03
6.079e-03
4.559e-03
4.559e-03
1.520e-03
4.559e-03
1.520e-03
1.520e-03
4.559e-03
0.000e+00
0.000e+00
3.040e-03
0.000e+00
1.520e-03
1.520e-03
4.559e-03
1.520e-03
0.000e+00
3.040e-03
6.079e-03
3.040e-03
3.040e-03
1.064e-02
6.079e-03
1.368e-02
1.064e-02
7.599e-03
7.599e-03
9.119e-03
1.064e-02
7.599e-03
1.368e-02
7.599e-03
4.559e-03
4.559e-03
3.040e-03
4.559e-03
6.079e-03
4.559e-03
3.040e-03
6.079e-03
0.000e+00
3.040e-03
3.040e-03
0.000e+00
7.599e-03
4.559e-03
4.559e-03
3.040e-03
4.559e-03
1.520e-03
1.520e-03
1.520e-03
3.040e-03
0.000e+00
0.000e+00
0.000e+00
1.520e-03
1.520e-03
0.000e+00
1.520e-03
0.000e+00
0.000e+00
0.000e+00
0.000e+00
0.000e+00
0.000e+00
0.000e+00
0.000e+00
0.000e+00
0.000e+00
0.000e+00
0.000e+00
0.000e+00
0.000e+00
0.000e+00
0.000e+00
0.000e+00
0.000e+00
0.000e+00
0.000e+00
0.000e+00
0.000e+00
0.000e+00
0.000e+00
0.000e+00
0.000e+00
0.000e+00
0.000e+00
0.000e+00
