0.000e+00
0.000e+00
0.000e+00
0.000e+00
0.000e+00
0.000e+00
0.000e+00
0.000e+00
0.000e+00
0.000e+00
0.000e+00
0.000e+00
0.000e+00
0.000e+00
0.000e+00
0.000e+00
0.000e+00
8.143e-04
0.000e+00
0.000e+00
1.629e-03
0.000e+00
0.000e+00
0.000e+00
8.143e-04
8.143e-04
0.000e+00
1.629e-03
0.000e+00
0.000e+00
0.000e+00
0.000e+00
1.629e-03
8.143e-04
0.000e+00
8.143e-04
0.000e+00
8.143e-04
1.629e-03
8.143e-04
8.143e-04
4.072e-03
4.072e-03
4.886e-03
7.329e-03
8.143e-03
3.257e-03
4.886e-03
5.700e-03
4.072e-03
4.072e-03
5.700e-03
4.072e-03
2.443e-03
5.700e-03
4.072e-03
6.515e-03
4.886e-03
4.072e-03
6.515e-03
8.143e-04
4.072e-03
1.629e-03
4.072e-03
2.443e-03
8.143e-04
8.143e-04
1.629e-03
1.629e-03
1.629e-03
8.143e-04
8.143e-04
0.000e+00
2.443e-03
0.000e+00
0.000e+00
8.143e-04
8.143e-04
0.000e+00
8.143e-04
0.000e+00
8.143e-04
0.000e+00
0.000e+00
0.000e+00
8.143e-04
8.143e-04
8.143e-04
1.629e-03
8.143e-04
8.143e-04
0.000e+00
8.143e-04
0.000e+00
0.000e+00
0.000e+00
0.000e+00
0.000e+00
0.000e+00
0.000e+00
0.000e+00
0.000e+00
1.629e-03
0.000e+00
8.143e-04
8.143e-04
0.000e+00
0.000e+00
8.143e-04
0.000e+00
0.000e+00
1.629e-03
1.629e-03
3.257e-03
1.629e-03
8.143e-04
0.000e+00
8.143e-04
1.629e-03
1.629e-03
2.443e-03
4.072e-03
8.143e-04
2.443e-03
3.257e-03
4.886e-03
4.072e-03
4.886e-03
5.700e-03
7.329e-03
2.443e-03
1.629e-03
4.072e-03
6.515e-03
4.886e-03
4.072e-03
3.257e-03
5.700e-03
5.700e-03
4.886e-03
4.072e-03
8.143e-04
8.143e-04
2.443e-03
2.443e-03
2.443e-03
1.629e-03
1.629e-03
0.000e+00
8.143e-04
0.000e+00
8.143e-04
1.629e-03
0.000e+00
0.000e+00
0.000e+00
0.000e+00
8.143e-04
0.000e+00
0.000e+00
0.000e+00
0.000e+00
0.000e+00
0.000e+00
0.000e+00
0.000e+00
0.000e+00
0.000e+00
0.000e+00
0.000e+00
0.000e+00
0.000e+00
0.000e+00
0.000e+00
0.000e+00
0.000e+00
0.000e+00
0.000e+00
0.000e+00
0.000e+00
0.000e+00
0.000e+00
0.000e+00
0.000e+00
8.143e-04
0.000e+00
0.000e+00
0.000e+00
0.000e+00
0.000e+00
0.000e+00
0.000e+00
0.000e+00
8.143e-04
0.000e+00
0.000e+00
0.000e+00
0.000e+00
0.000e+00
0.000e+00
0.000e+00
0.000e+00
0.000e+00
8.143e-04
0.000e+00
0.000e+00
2.443e-03
0.000e+00
0.000e+00
1.629e-03
0.000e+00
0.000e+00
0.000e+00
2.443e-03
0.000e+00
8.143e-04
4.886e-03
1.629e-03
3.257e-03
5.700e-03
4.072e-03
4.886e-03
5.700e-03
8.143e-04
3.257e-03
5.700e-03
1.629e-03
3.257e-03
4.072e-03
4.886e-03
1.629e-03
4.072e-03
8.143e-04
4.072e-03
5.700e-03
4.886e-03
4.072e-03
3.257e-03
3.257e-03
1.629e-03
8.143e-04
1.629e-03
2.443e-03
4.072e-03
2.443e-03
8.143e-04
8.143e-04
8.143e-04
8.143e-04
8.143e-04
0.000e+00
8.143e-04
1.629e-03
8.143e-04
0.000e+00
0.000e+00
0.000e+00
0.000e+00
0.000e+00
1.629e-03
1.629e-03
0.000e+00
0.000e+00
0.000e+00
0.000e+00
8.143e-04
8.143e-04
0.000e+00
1.629e-03
0.000e+00
0.000e+00
0.000e+00
8.143e-04
0.000e+00
0.000e+00
0.000e+00
8.143e-04
0.000e+00
8.143e-04
0.000e+00
8.143e-04
0.000e+00
0.000e+00
8.143e-04
0.000e+00
8.143e-04
0.000e+00
0.000e+00
0.000e+00
0.000e+00
0.000e+00
8.143e-04
0.000e+00
2.443e-03
1.629e-03
8.143e-04
3.257e-03
3.257e-03
2.443e-03
8.143e-04
4.886e-03
3.257e-03
5.700e-03
5.700e-03
3.257e-03
2.443e-03
3.257e-03
4.886e-03
5.700e-03
3.257e-03
5.700e-03
4.072e-03
5.700e-03
4.886e-03
4.886e-03
5.700e-03
1.629e-03
4.072e-03
1.629e-03
3.257e-03
8.143e-04
8.143e-04
8.143e-04
8.143e-04
0.000e+00
8.143e-04
1.629e-03
0.000e+00
0.000e+00
8.143e-04
0.000e+00
0.000e+00
0.000e+00
8.143e-04
8.143e-04
0.000e+00
8.143e-04
0.000e+00
0.000e+00
0.000e+00
8.143e-04
0.000e+00
8.143e-04
8.143e-04
0.000e+00
0.000e+00
8.143e-04
0.000e+00
0.000e+00
0.000e+00
0.000e+00
0.000e+00
0.000e+00
0.000e+00
0.000e+00
0.000e+00
0.000e+00
0.000e+00
0.000e+00
0.000e+00
