0.000e+00
0.000e+00
0.000e+00
0.000e+00
0.000e+00
0.000e+00
0.000e+00
0.000e+00
0.000e+00
0.000e+00
0.000e+00
0.000e+00
0.000e+00
0.000e+00
0.000e+00
0.000e+00
0.000e+00
0.000e+00
0.000e+00
0.000e+00
0.000e+00
0.000e+00
0.000e+00
0.000e+00
0.000e+00
0.000e+00
0.000e+00
0.000e+00
0.000e+00
0.000e+00
3.257e-03
3.257e-03
0.000e+00
0.000e+00
0.000e+00
4.886e-03
1.629e-03
1.629e-03
6.515e-03
3.257e-03
3.257e-03
6.515e-03
4.886e-03
8.143e-03
6.515e-03
4.886e-03
4.886e-03
1.303e-02
1.629e-02
8.143e-03
1.466e-02
1.629e-02
1.954e-02
6.515e-03
8.143e-03
1.140e-02
9.772e-03
8.143e-03
3.257e-03
4.886e-03
6.515e-03
1.629e-03
3.257e-03
1.629e-03
6.515e-03
3.257e-03
1.629e-03
3.257e-03
3.257e-03
4.886e-03
0.000e+00
0.000e+00
0.000e+00
0.000e+00
1.629e-03
0.000e+00
0.000e+00
1.629e-03
0.000e+00
1.629e-03
0.000e+00
1.629e-03
0.000e+00
1.629e-03
0.000e+00
0.000e+00
3.257e-03
0.000e+00
1.629e-03
0.000e+00
3.257e-03
1.629e-03
0.000e+00
0.000e+00
0.000e+00
1.629e-03
0.000e+00
0.000e+00
0.000e+00
3.257e-03
0.000e+00
0.000e+00
0.000e+00
0.000e+00
0.000e+00
0.000e+00
0.000e+00
0.000e+00
0.000e+00
0.000e+00
0.000e+00
0.000e+00
0.000e+00
1.629e-03
0.000e+00
1.629e-03
1.629e-03
1.629e-03
0.000e+00
0.000e+00
3.257e-03
1.629e-03
1.629e-03
3.257e-03
9.772e-03
4.886e-03
9.772e-03
1.303e-02
1.629e-02
1.629e-02
1.140e-02
2.117e-02
2.443e-02
1.629e-02
1.303e-02
8.143e-03
6.515e-03
4.886e-03
4.886e-03
4.886e-03
4.886e-03
1.629e-03
6.515e-03
0.000e+00
1.629e-03
1.629e-03
1.629e-03
1.629e-03
1.629e-03
0.000e+00
0.000e+00
0.000e+00
0.000e+00
0.000e+00
0.000e+00
0.000e+00
0.000e+00
1.629e-03
0.000e+00
0.000e+00
0.000e+00
0.000e+00
0.000e+00
0.000e+00
0.000e+00
0.000e+00
0.000e+00
0.000e+00
0.000e+00
0.000e+00
0.000e+00
0.000e+00
0.000e+00
0.000e+00
0.000e+00
0.000e+00
0.000e+00
0.000e+00
0.000e+00
0.000e+00
0.000e+00
0.000e+00
0.000e+00
0.000e+00
0.000e+00
0.000e+00
0.000e+00
0.000e+00
0.000e+00
0.000e+00
0.000e+00
0.000e+00
0.000e+00
0.000e+00
0.000e+00
0.000e+00
0.000e+00
0.000e+00
0.000e+00
0.000e+00
0.000e+00
0.000e+00
0.000e+00
0.000e+00
0.000e+00
0.000e+00
0.000e+00
0.000e+00
1.629e-03
0.000e+00
0.000e+00
1.629e-03
1.629e-03
3.257e-03
1.629e-03
4.886e-03
1.629e-03
1.629e-03
3.257e-03
1.629e-03
9.772e-03
8.143e-03
3.257e-03
1.140e-02
9.772e-03
9.772e-03
1.954e-02
1.140e-02
2.117e-02
1.629e-02
1.792e-02
1.629e-02
9.772e-03
6.515e-03
9.772e-03
1.140e-02
8.143e-03
4.886e-03
4.886e-03
3.257e-03
1.629e-03
1.629e-03
3.257e-03
0.000e+00
0.000e+00
0.000e+00
0.000e+00
0.000e+00
3.257e-03
0.000e+00
1.629e-03
1.629e-03
0.000e+00
0.000e+00
0.000e+00
0.000e+00
1.629e-03
1.629e-03
0.000e+00
0.000e+00
1.629e-03
0.000e+00
0.000e+00
0.000e+00
0.000e+00
0.000e+00
1.629e-03
0.000e+00
0.000e+00
0.000e+00
0.000e+00
0.000e+00
0.000e+00
0.000e+00
1.629e-03
0.000e+00
3.257e-03
0.000e+00
0.000e+00
0.000e+00
0.000e+00
3.257e-03
0.000e+00
1.629e-03
0.000e+00
0.000e+00
0.000e+00
0.000e+00
0.000e+00
0.000e+00
1.629e-03
1.629e-03
0.000e+00
0.000e+00
3.257e-03
1.629e-03
0.000e+00
3.257e-03
0.000e+00
0.000e+00
8.143e-03
3.257e-03
6.515e-03
1.629e-02
6.515e-03
9.772e-03
1.140e-02
6.515e-03
1.629e-02
8.143e-03
1.792e-02
1.466e-02
1.629e-02
1.303e-02
1.303e-02
9.772e-03
6.515e-03
4.886e-03
3.257e-03
9.772e-03
8.143e-03
6.515e-03
4.886e-03
0.000e+00
1.629e-03
4.886e-03
0.000e+00
0.000e+00
1.629e-03
1.629e-03
3.257e-03
0.000e+00
1.629e-03
0.000e+00
0.000e+00
0.000e+00
0.000e+00
0.000e+00
0.000e+00
0.000e+00
0.000e+00
0.000e+00
0.000e+00
0.000e+00
0.000e+00
0.000e+00
0.000e+00
0.000e+00
0.000e+00
0.000e+00
0.000e+00
0.000e+00
0.000e+00
0.000e+00
0.000e+00
0.000e+00
0.000e+00
0.000e+00
0.000e+00
0.000e+00
