8.079e-03
6.284e-03
8.977e-04
1.795e-03
1.795e-03
0.000e+00
2.693e-03
1.795e-03
0.000e+00
1.795e-03
8.977e-04
0.000e+00
8.977e-04
0.000e+00
8.977e-04
8.977e-04
0.000e+00
2.693e-03
8.977e-04
1.795e-03
8.977e-04
1.795e-03
8.977e-04
0.000e+00
4.488e-03
4.488e-03
5.386e-03
4.488e-03
7.181e-03
7.181e-03
6.284e-03
4.488e-03
4.488e-03
4.488e-03
4.488e-03
5.386e-03
3.591e-03
3.591e-03
2.693e-03
6.284e-03
7.181e-03
3.591e-03
1.795e-03
4.488e-03
2.693e-03
8.977e-04
8.977e-04
8.977e-04
8.977e-04
0.000e+00
0.000e+00
0.000e+00
8.977e-04
8.977e-04
0.000e+00
0.000e+00
0.000e+00
0.000e+00
0.000e+00
0.000e+00
0.000e+00
0.000e+00
0.000e+00
0.000e+00
0.000e+00
0.000e+00
0.000e+00
0.000e+00
0.000e+00
0.000e+00
0.000e+00
0.000e+00
0.000e+00
0.000e+00
0.000e+00
0.000e+00
0.000e+00
0.000e+00
0.000e+00
0.000e+00
0.000e+00
0.000e+00
0.000e+00
0.000e+00
0.000e+00
0.000e+00
0.000e+00
0.000e+00
0.000e+00
0.000e+00
0.000e+00
0.000e+00
0.000e+00
0.000e+00
0.000e+00
0.000e+00
0.000e+00
0.000e+00
0.000e+00
0.000e+00
0.000e+00
0.000e+00
0.000e+00
0.000e+00
0.000e+00
0.000e+00
0.000e+00
0.000e+00
0.000e+00
0.000e+00
0.000e+00
0.000e+00
0.000e+00
0.000e+00
0.000e+00
0.000e+00
0.000e+00
0.000e+00
0.000e+00
0.000e+00
8.977e-04
0.000e+00
0.000e+00
0.000e+00
0.000e+00
0.000e+00
0.000e+00
0.000e+00
0.000e+00
1.795e-03
8.977e-04
0.000e+00
8.977e-04
0.000e+00
8.977e-04
1.795e-03
3.591e-03
0.000e+00
3.591e-03
1.795e-03
8.977e-04
0.000e+00
1.795e-03
4.488e-03
3.591e-03
3.591e-03
4.488e-03
2.693e-03
5.386e-03
5.386e-03
5.386e-03
3.591e-03
5.386e-03
2.693e-03
1.795e-03
2.693e-03
2.693e-03
2.693e-03
0.000e+00
8.977e-04
2.693e-03
0.000e+00
8.977e-04
8.977e-04
8.977e-04
0.000e+00
0.000e+00
0.000e+00
0.000e+00
1.795e-03
0.000e+00
0.000e+00
1.795e-03
1.795e-03
0.000e+00
2.693e-03
0.000e+00
1.795e-03
2.693e-03
8.977e-04
2.873e-02
1.795e-03
8.977e-04
3.591e-03
8.977e-04
0.000e+00
8.977e-04
2.693e-03
0.000e+00
8.977e-04
8.977e-04
8.977e-04
0.000e+00
1.795e-03
0.000e+00
8.977e-04
0.000e+00
1.795e-03
3.591e-03
8.977e-04
2.693e-03
2.693e-03
3.591e-03
1.795e-03
8.977e-04
4.488e-03
1.795e-03
2.693e-03
2.693e-03
1.795e-03
6.284e-03
4.488e-03
4.488e-03
3.591e-03
7.181e-03
3.591e-03
1.795e-03
4.488e-03
8.079e-03
3.591e-03
5.386e-03
3.591e-03
0.000e+00
8.977e-04
0.000e+00
1.795e-03
1.795e-03
8.977e-04
0.000e+00
0.000e+00
8.977e-04
0.000e+00
0.000e+00
0.000e+00
0.000e+00
0.000e+00
0.000e+00
0.000e+00
0.000e+00
0.000e+00
0.000e+00
0.000e+00
0.000e+00
0.000e+00
0.000e+00
0.000e+00
0.000e+00
0.000e+00
0.000e+00
0.000e+00
0.000e+00
0.000e+00
0.000e+00
0.000e+00
0.000e+00
0.000e+00
0.000e+00
0.000e+00
0.000e+00
0.000e+00
0.000e+00
0.000e+00
0.000e+00
0.000e+00
0.000e+00
0.000e+00
0.000e+00
0.000e+00
0.000e+00
0.000e+00
0.000e+00
0.000e+00
0.000e+00
0.000e+00
0.000e+00
0.000e+00
0.000e+00
0.000e+00
0.000e+00
0.000e+00
0.000e+00
0.000e+00
0.000e+00
0.000e+00
0.000e+00
0.000e+00
0.000e+00
0.000e+00
0.000e+00
0.000e+00
0.000e+00
0.000e+00
0.000e+00
0.000e+00
0.000e+00
0.000e+00
0.000e+00
0.000e+00
0.000e+00
0.000e+00
0.000e+00
0.000e+00
0.000e+00
0.000e+00
0.000e+00
0.000e+00
0.000e+00
8.977e-04
0.000e+00
8.977e-04
0.000e+00
0.000e+00
0.000e+00
8.977e-04
8.977e-04
8.977e-04
1.795e-03
2.693e-03
8.977e-04
2.693e-03
4.488e-03
1.795e-03
6.284e-03
4.488e-03
8.079e-03
5.386e-03
6.284e-03
6.284e-03
4.488e-03
7.181e-03
5.386e-03
3.591e-03
1.795e-03
2.693e-03
3.591e-03
8.977e-04
8.977e-04
3.591e-03
3.591e-03
1.795e-03
8.977e-04
1.795e-03
8.977e-04
8.977e-04
0.000e+00
8.977e-04
0.000e+00
0.000e+00
8.977e-04
0.000e+00
8.977e-04
8.977e-04
2.693e-03
8.977e-04
0.000e+00
0.000e+00
2.693e-03
3.591e-03
5.386e-03
5.386e-03
