1.165e-02
3.883e-03
0.000e+00
2.913e-03
1.942e-03
9.709e-04
9.709e-04
1.942e-03
9.709e-04
0.000e+00
9.709e-04
0.000e+00
9.709e-04
9.709e-04
9.709e-04
0.000e+00
0.000e+00
0.000e+00
0.000e+00
0.000e+00
1.942e-03
1.942e-03
0.000e+00
1.942e-03
0.000e+00
0.000e+00
2.913e-03
9.709e-04
9.709e-04
0.000e+00
0.000e+00
9.709e-04
0.000e+00
0.000e+00
0.000e+00
0.000e+00
0.000e+00
0.000e+00
0.000e+00
0.000e+00
0.000e+00
0.000e+00
0.000e+00
0.000e+00
0.000e+00
0.000e+00
0.000e+00
0.000e+00
0.000e+00
0.000e+00
0.000e+00
0.000e+00
0.000e+00
0.000e+00
0.000e+00
9.709e-04
0.000e+00
0.000e+00
0.000e+00
0.000e+00
0.000e+00
0.000e+00
0.000e+00
0.000e+00
0.000e+00
0.000e+00
0.000e+00
0.000e+00
0.000e+00
0.000e+00
0.000e+00
0.000e+00
0.000e+00
0.000e+00
0.000e+00
0.000e+00
0.000e+00
0.000e+00
0.000e+00
0.000e+00
0.000e+00
0.000e+00
0.000e+00
0.000e+00
0.000e+00
0.000e+00
0.000e+00
0.000e+00
0.000e+00
0.000e+00
0.000e+00
0.000e+00
0.000e+00
0.000e+00
0.000e+00
0.000e+00
0.000e+00
0.000e+00
0.000e+00
0.000e+00
0.000e+00
0.000e+00
0.000e+00
0.000e+00
0.000e+00
0.000e+00
0.000e+00
0.000e+00
0.000e+00
0.000e+00
0.000e+00
0.000e+00
0.000e+00
9.709e-04
0.000e+00
0.000e+00
0.000e+00
0.000e+00
0.000e+00
9.709e-04
0.000e+00
0.000e+00
9.709e-04
9.709e-04
9.709e-04
0.000e+00
9.709e-04
0.000e+00
0.000e+00
0.000e+00
0.000e+00
9.709e-04
0.000e+00
0.000e+00
3.883e-03
9.709e-04
0.000e+00
9.709e-04
1.942e-03
2.913e-03
9.709e-04
9.709e-04
0.000e+00
9.709e-04
0.000e+00
1.942e-03
9.709e-04
1.942e-03
9.709e-04
9.709e-04
1.942e-03
9.709e-04
2.913e-03
1.942e-03
2.913e-03
9.709e-04
9.709e-04
1.942e-03
9.709e-04
9.709e-04
0.000e+00
0.000e+00
9.709e-04
9.709e-04
2.913e-03
3.883e-03
4.854e-03
4.854e-03
3.883e-03
6.796e-03
6.796e-03
7.767e-03
5.825e-03
3.883e-03
1.165e-02
5.825e-03
4.854e-03
1.748e-02
1.165e-02
1.359e-02
8.932e-02
9.709e-03
1.165e-02
1.068e-02
1.359e-02
1.068e-02
1.068e-02
2.913e-03
6.796e-03
6.796e-03
7.767e-03
2.913e-03
6.796e-03
8.738e-03
3.883e-03
6.796e-03
0.000e+00
2.913e-03
3.883e-03
0.000e+00
4.854e-03
2.913e-03
9.709e-04
1.942e-03
9.709e-04
1.942e-03
9.709e-04
2.913e-03
2.913e-03
9.709e-04
9.709e-04
2.913e-03
1.942e-03
1.942e-03
1.942e-03
0.000e+00
1.942e-03
9.709e-04
9.709e-04
9.709e-04
9.709e-04
0.000e+00
9.709e-04
9.709e-04
9.709e-04
9.709e-04
9.709e-04
0.000e+00
0.000e+00
0.000e+00
1.942e-03
0.000e+00
0.000e+00
0.000e+00
0.000e+00
9.709e-04
0.000e+00
9.709e-04
1.942e-03
0.000e+00
0.000e+00
0.000e+00
0.000e+00
9.709e-04
9.709e-04
0.000e+00
0.000e+00
0.000e+00
0.000e+00
0.000e+00
0.000e+00
0.000e+00
0.000e+00
0.000e+00
0.000e+00
0.000e+00
0.000e+00
0.000e+00
0.000e+00
9.709e-04
9.709e-04
0.000e+00
0.000e+00
0.000e+00
0.000e+00
0.000e+00
0.000e+00
0.000e+00
0.000e+00
0.000e+00
0.000e+00
0.000e+00
0.000e+00
0.000e+00
0.000e+00
0.000e+00
0.000e+00
0.000e+00
9.709e-04
0.000e+00
0.000e+00
0.000e+00
0.000e+00
0.000e+00
0.000e+00
0.000e+00
0.000e+00
0.000e+00
0.000e+00
0.000e+00
0.000e+00
0.000e+00
0.000e+00
0.000e+00
0.000e+00
0.000e+00
9.709e-04
0.000e+00
0.000e+00
0.000e+00
0.000e+00
0.000e+00
0.000e+00
0.000e+00
0.000e+00
0.000e+00
0.000e+00
0.000e+00
0.000e+00
0.000e+00
0.000e+00
0.000e+00
0.000e+00
0.000e+00
0.000e+00
0.000e+00
0.000e+00
0.000e+00
0.000e+00
0.000e+00
1.942e-03
0.000e+00
0.000e+00
0.000e+00
9.709e-04
9.709e-04
0.000e+00
0.000e+00
0.000e+00
0.000e+00
0.000e+00
9.709e-04
0.000e+00
0.000e+00
0.000e+00
0.000e+00
9.709e-04
0.000e+00
0.000e+00
0.000e+00
0.000e+00
0.000e+00
0.000e+00
0.000e+00
0.000e+00
0.000e+00
0.000e+00
0.000e+00
1.942e-03
9.709e-04
9.709e-04
0.000e+00
1.942e-03
0.000e+00
1.942e-03
1.942e-03
1.942e-03
3.883e-03
1.942e-03
2.913e-03
