1.880e-01
2.890e-02
1.069e-02
7.918e-03
5.146e-03
5.938e-03
3.167e-03
2.771e-03
1.979e-03
2.375e-03
1.979e-03
1.979e-03
1.584e-03
1.584e-03
7.918e-04
1.979e-03
2.771e-03
1.979e-03
3.959e-03
4.355e-03
4.751e-03
5.146e-03
1.979e-03
1.584e-03
7.918e-04
3.959e-03
1.584e-03
2.771e-03
1.979e-03
1.979e-03
1.188e-03
3.167e-03
1.188e-03
1.188e-03
1.188e-03
1.188e-03
5.146e-03
2.771e-03
1.979e-03
3.959e-03
1.584e-03
1.584e-03
1.979e-03
1.584e-03
7.918e-04
1.188e-03
0.000e+00
0.000e+00
3.959e-04
0.000e+00
3.959e-04
7.918e-04
0.000e+00
0.000e+00
0.000e+00
3.959e-04
0.000e+00
0.000e+00
3.959e-04
0.000e+00
1.584e-03
3.959e-04
0.000e+00
1.188e-03
3.959e-04
3.959e-04
0.000e+00
0.000e+00
3.959e-04
0.000e+00
3.959e-04
0.000e+00
0.000e+00
0.000e+00
7.918e-04
0.000e+00
3.959e-04
0.000e+00
0.000e+00
0.000e+00
0.000e+00
0.000e+00
0.000e+00
3.959e-04
7.918e-04
0.000e+00
0.000e+00
0.000e+00
0.000e+00
0.000e+00
0.000e+00
3.959e-04
0.000e+00
0.000e+00
0.000e+00
0.000e+00
0.000e+00
0.000e+00
0.000e+00
0.000e+00
0.000e+00
0.000e+00
0.000e+00
3.959e-04
0.000e+00
0.000e+00
0.000e+00
0.000e+00
0.000e+00
0.000e+00
0.000e+00
0.000e+00
0.000e+00
0.000e+00
3.959e-04
7.918e-04
3.959e-04
3.959e-04
7.918e-04
0.000e+00
3.959e-04
3.959e-04
0.000e+00
3.959e-04
1.188e-03
1.188e-03
3.959e-04
1.188e-03
7.918e-04
1.188e-03
1.979e-03
0.000e+00
7.918e-04
3.959e-04
1.584e-03
7.918e-04
3.167e-03
2.375e-03
1.584e-03
1.584e-03
1.979e-03
1.584e-03
4.355e-03
3.167e-03
3.167e-03
1.979e-03
2.771e-03
1.584e-03
1.584e-03
3.167e-03
2.375e-03
5.146e-03
7.918e-04
2.771e-03
1.979e-03
3.563e-03
3.167e-03
1.188e-03
3.959e-03
2.771e-03
3.959e-03
2.771e-03
3.959e-03
3.959e-03
1.188e-03
2.771e-03
1.188e-03
0.000e+00
2.771e-03
1.979e-03
3.563e-03
2.771e-03
3.563e-03
3.167e-03
3.167e-03
1.584e-03
3.167e-03
4.751e-03
9.105e-03
3.048e-02
1.516e-01
2.415e-02
1.148e-02
5.146e-03
4.355e-03
6.334e-03
3.167e-03
2.771e-03
2.375e-03
2.771e-03
1.584e-03
2.375e-03
2.771e-03
1.584e-03
1.188e-03
1.188e-03
2.771e-03
4.355e-03
3.959e-03
5.146e-03
4.355e-03
3.563e-03
1.584e-03
2.375e-03
1.584e-03
1.188e-03
3.167e-03
3.167e-03
1.188e-03
3.563e-03
3.167e-03
1.979e-03
1.584e-03
1.188e-03
2.771e-03
1.979e-03
1.584e-03
2.375e-03
3.167e-03
1.979e-03
4.751e-03
1.188e-03
7.918e-04
2.375e-03
7.918e-04
3.959e-04
7.918e-04
0.000e+00
3.959e-04
0.000e+00
3.959e-04
7.918e-04
7.918e-04
3.959e-04
3.959e-04
0.000e+00
0.000e+00
0.000e+00
3.959e-04
7.918e-04
0.000e+00
7.918e-04
7.918e-04
0.000e+00
7.918e-04
0.000e+00
0.000e+00
3.959e-04
0.000e+00
3.959e-04
0.000e+00
0.000e+00
0.000e+00
0.000e+00
3.959e-04
3.959e-04
0.000e+00
3.959e-04
0.000e+00
0.000e+00
0.000e+00
0.000e+00
0.000e+00
0.000e+00
0.000e+00
1.188e-03
0.000e+00
0.000e+00
0.000e+00
0.000e+00
0.000e+00
7.918e-04
3.959e-04
0.000e+00
0.000e+00
3.959e-04
0.000e+00
0.000e+00
0.000e+00
0.000e+00
0.000e+00
0.000e+00
3.959e-04
0.000e+00
0.000e+00
0.000e+00
0.000e+00
0.000e+00
0.000e+00
0.000e+00
0.000e+00
0.000e+00
0.000e+00
0.000e+00
0.000e+00
3.959e-04
3.959e-04
1.188e-03
3.959e-04
7.918e-04
0.000e+00
0.000e+00
0.000e+00
3.959e-04
0.000e+00
7.918e-04
3.959e-04
1.188e-03
1.584e-03
1.584e-03
1.188e-03
3.959e-04
7.918e-04
0.000e+00
7.918e-04
1.584e-03
1.584e-03
1.584e-03
1.584e-03
1.584e-03
2.771e-03
1.188e-03
3.959e-03
1.979e-03
3.959e-03
3.959e-03
1.584e-03
1.188e-03
3.167e-03
1.584e-03
1.584e-03
1.979e-03
2.771e-03
3.563e-03
3.167e-03
1.979e-03
3.959e-03
7.918e-04
3.959e-03
2.375e-03
3.167e-03
3.563e-03
1.979e-03
4.355e-03
1.188e-03
2.375e-03
1.584e-03
7.918e-04
1.584e-03
3.959e-03
3.167e-03
1.979e-03
4.355e-03
3.563e-03
3.959e-03
2.771e-03
3.959e-03
7.522e-03
8.709e-03
3.682e-02
