1.623e-02
1.010e-02
1.029e-02
6.730e-03
6.136e-03
4.751e-03
6.730e-03
5.146e-03
3.959e-03
4.949e-03
3.365e-03
2.375e-03
3.167e-03
2.177e-03
9.897e-04
1.781e-03
2.177e-03
1.979e-03
2.177e-03
2.177e-03
1.781e-03
1.188e-03
1.979e-03
1.781e-03
1.188e-03
1.386e-03
1.188e-03
9.897e-04
9.897e-04
7.918e-04
7.918e-04
1.781e-03
1.386e-03
1.979e-04
1.584e-03
1.584e-03
1.188e-03
1.979e-03
5.938e-04
5.938e-04
9.897e-04
1.188e-03
3.959e-04
1.386e-03
1.188e-03
7.918e-04
3.959e-04
1.979e-04
5.938e-04
9.897e-04
5.938e-04
0.000e+00
3.959e-04
1.979e-04
9.897e-04
1.979e-04
3.959e-04
0.000e+00
1.979e-04
1.979e-04
1.979e-04
3.959e-04
1.979e-04
1.979e-04
0.000e+00
0.000e+00
1.979e-04
1.979e-04
0.000e+00
1.979e-04
3.959e-04
1.979e-04
3.959e-04
0.000e+00
1.979e-04
1.979e-04
1.979e-04
0.000e+00
1.979e-04
1.979e-04
0.000e+00
3.959e-04
0.000e+00
1.979e-04
0.000e+00
0.000e+00
0.000e+00
1.979e-04
1.979e-04
5.938e-04
1.979e-04
0.000e+00
0.000e+00
3.959e-04
0.000e+00
0.000e+00
0.000e+00
0.000e+00
0.000e+00
3.959e-04
0.000e+00
5.938e-04
1.979e-04
1.979e-04
0.000e+00
3.959e-04
0.000e+00
0.000e+00
5.938e-04
0.000e+00
5.938e-04
1.979e-04
1.979e-04
1.979e-04
1.979e-04
3.959e-04
1.979e-04
1.979e-04
0.000e+00
0.000e+00
9.897e-04
1.979e-04
3.959e-04
3.959e-04
5.938e-04
5.938e-04
3.959e-04
0.000e+00
3.959e-04
1.188e-03
5.938e-04
5.938e-04
7.918e-04
7.918e-04
5.938e-04
7.918e-04
5.938e-04
1.979e-04
1.188e-03
1.386e-03
7.918e-04
1.386e-03
1.781e-03
5.938e-04
1.979e-04
1.584e-03
1.386e-03
1.584e-03
7.918e-04
1.386e-03
9.897e-04
1.386e-03
1.584e-03
1.979e-03
1.584e-03
1.386e-03
5.938e-04
1.188e-03
1.584e-03
1.781e-03
1.188e-03
1.781e-03
1.781e-03
1.781e-03
1.781e-03
1.188e-03
2.177e-03
2.771e-03
3.365e-03
3.167e-03
3.365e-03
2.969e-03
3.167e-03
3.959e-03
5.740e-03
4.751e-03
7.720e-03
5.740e-03
7.126e-03
7.324e-03
6.928e-03
8.116e-03
7.918e-03
6.334e-03
7.522e-03
5.542e-03
4.949e-03
5.146e-03
2.969e-03
3.959e-03
2.573e-03
1.781e-03
2.771e-03
3.563e-03
1.584e-03
1.386e-03
1.584e-03
1.584e-03
2.177e-03
1.584e-03
2.375e-03
1.188e-03
1.979e-03
2.771e-03
9.897e-04
1.584e-03
1.386e-03
9.897e-04
0.000e+00
9.897e-04
9.897e-04
5.938e-04
1.386e-03
5.938e-04
2.177e-03
1.979e-03
7.918e-04
1.188e-03
5.938e-04
1.386e-03
1.979e-04
5.938e-04
1.386e-03
3.959e-04
1.386e-03
9.897e-04
5.938e-04
1.188e-03
1.979e-04
1.979e-04
3.959e-04
1.386e-03
3.959e-04
1.979e-04
3.959e-04
0.000e+00
7.918e-04
3.959e-04
3.959e-04
0.000e+00
5.938e-04
3.959e-04
5.938e-04
1.979e-04
1.979e-04
3.959e-04
0.000e+00
1.979e-04
1.979e-04
0.000e+00
1.979e-04
0.000e+00
0.000e+00
0.000e+00
1.979e-04
1.979e-04
3.959e-04
0.000e+00
3.959e-04
0.000e+00
3.959e-04
1.979e-04
0.000e+00
1.979e-04
1.979e-04
0.000e+00
3.959e-04
1.979e-04
0.000e+00
3.959e-04
0.000e+00
3.959e-04
1.979e-04
0.000e+00
0.000e+00
0.000e+00
0.000e+00
0.000e+00
1.979e-04
0.000e+00
0.000e+00
5.938e-04
1.979e-04
1.979e-04
1.979e-04
3.959e-04
1.979e-04
0.000e+00
0.000e+00
3.959e-04
1.979e-04
3.959e-04
0.000e+00
0.000e+00
1.979e-04
1.979e-04
1.979e-04
0.000e+00
1.979e-04
3.959e-04
1.979e-04
5.938e-04
5.938e-04
3.959e-04
1.979e-04
1.979e-04
5.938e-04
5.938e-04
0.000e+00
3.959e-04
3.959e-04
0.000e+00
3.959e-04
9.897e-04
9.897e-04
3.959e-04
1.979e-03
1.188e-03
7.918e-04
3.959e-04
1.188e-03
5.938e-04
7.918e-04
9.897e-04
9.897e-04
9.897e-04
1.979e-03
5.938e-04
9.897e-04
7.918e-04
7.918e-04
1.979e-03
1.386e-03
1.188e-03
3.959e-04
1.584e-03
1.188e-03
2.573e-03
9.897e-04
1.979e-03
9.897e-04
1.584e-03
2.573e-03
1.781e-03
1.584e-03
1.781e-03
2.375e-03
1.584e-03
3.959e-03
4.553e-03
2.969e-03
2.573e-03
4.751e-03
5.146e-03
5.938e-03
5.542e-03
5.146e-03
7.522e-03
6.136e-03
1.306e-02
