5.930e+02
3.800e+02
3.730e+02
3.200e+02
3.080e+02
2.840e+02
2.550e+02
2.550e+02
2.820e+02
2.850e+02
2.900e+02
3.040e+02
2.950e+02
3.010e+02
2.860e+02
3.000e+02
3.230e+02
3.280e+02
3.450e+02
3.350e+02
3.630e+02
3.300e+02
4.070e+02
3.960e+02
4.210e+02
3.830e+02
4.570e+02
4.520e+02
4.640e+02
4.690e+02
5.210e+02
4.990e+02
4.740e+02
5.140e+02
5.570e+02
5.580e+02
5.050e+02
5.030e+02
5.140e+02
4.970e+02
4.290e+02
4.160e+02
4.350e+02
3.870e+02
4.310e+02
3.690e+02
4.380e+02
4.960e+02
5.180e+02
5.360e+02
6.760e+02
6.630e+02
7.350e+02
7.760e+02
9.680e+02
1.190e+03
1.362e+03
1.912e+03
2.130e+03
1.708e+03
2.351e+03
1.060e+03
7.570e+02
5.540e+02
5.280e+02
5.300e+02
4.970e+02
5.020e+02
3.860e+02
3.800e+02
3.510e+02
3.330e+02
2.980e+02
2.520e+02
2.540e+02
2.030e+02
2.050e+02
1.860e+02
1.820e+02
1.650e+02
1.480e+02
1.530e+02
1.600e+02
1.420e+02
1.620e+02
1.080e+02
1.770e+02
1.640e+02
1.310e+02
1.520e+02
1.490e+02
1.420e+02
1.350e+02
1.340e+02
1.170e+02
1.060e+02
1.260e+02
1.080e+02
1.080e+02
1.090e+02
1.330e+02
1.120e+02
1.200e+02
1.170e+02
9.200e+01
9.300e+01
1.090e+02
1.100e+02
1.040e+02
1.200e+02
9.600e+01
9.700e+01
1.140e+02
1.010e+02
1.110e+02
1.180e+02
9.100e+01
9.600e+01
1.410e+02
1.090e+02
1.200e+02
1.110e+02
1.050e+02
1.110e+02
9.400e+01
9.000e+01
9.300e+01
9.300e+01
1.030e+02
8.900e+01
1.180e+02
9.900e+01
1.100e+02
1.120e+02
8.800e+01
1.140e+02
9.800e+01
9.300e+01
7.600e+01
9.100e+01
9.800e+01
1.190e+02
1.250e+02
1.260e+02
1.140e+02
1.110e+02
1.120e+02
1.200e+02
1.190e+02
1.310e+02
1.280e+02
1.270e+02
1.280e+02
1.530e+02
1.230e+02
1.350e+02
1.510e+02
1.500e+02
1.350e+02
1.580e+02
1.360e+02
1.710e+02
1.640e+02
1.990e+02
1.960e+02
2.260e+02
2.690e+02
3.010e+02
3.180e+02
3.270e+02
3.220e+02
2.830e+02
3.450e+02
3.760e+02
3.360e+02
3.750e+02
4.350e+02
5.090e+02
5.410e+02
5.020e+02
5.090e+02
5.150e+02
5.490e+02
4.920e+02
4.810e+02
4.630e+02
3.880e+02
3.260e+02
2.910e+02
3.220e+02
2.640e+02
2.340e+02
2.300e+02
2.190e+02
2.200e+02
2.110e+02
2.230e+02
2.300e+02
2.040e+02
1.980e+02
1.640e+02
1.510e+02
1.810e+02
1.680e+02
1.530e+02
1.910e+02
1.530e+02
1.290e+02
1.190e+02
1.260e+02
1.340e+02
1.240e+02
1.160e+02
1.180e+02
1.210e+02
1.160e+02
1.100e+02
1.070e+02
1.000e+02
1.030e+02
9.000e+01
1.020e+02
8.900e+01
1.070e+02
1.040e+02
1.010e+02
1.130e+02
1.140e+02
1.070e+02
9.400e+01
1.070e+02
9.500e+01
1.000e+02
1.100e+02
9.700e+01
1.070e+02
9.500e+01
1.250e+02
1.120e+02
1.140e+02
1.220e+02
1.120e+02
1.390e+02
1.190e+02
1.240e+02
1.030e+02
1.090e+02
9.500e+01
1.350e+02
1.000e+02
1.070e+02
1.040e+02
1.140e+02
1.020e+02
8.100e+01
1.120e+02
1.130e+02
9.500e+01
9.000e+01
1.210e+02
1.280e+02
1.130e+02
1.240e+02
1.300e+02
1.160e+02
1.450e+02
1.170e+02
1.300e+02
1.340e+02
1.350e+02
1.460e+02
1.510e+02
1.400e+02
1.520e+02
1.580e+02
1.610e+02
1.500e+02
1.460e+02
1.600e+02
1.470e+02
1.430e+02
1.660e+02
1.610e+02
1.960e+02
2.050e+02
2.250e+02
2.410e+02
2.830e+02
3.050e+02
2.980e+02
3.060e+02
3.740e+02
4.620e+02
4.440e+02
5.070e+02
5.450e+02
6.240e+02
6.130e+02
7.230e+02
1.071e+03
2.319e+03
1.651e+03
2.070e+03
1.751e+03
1.423e+03
1.278e+03
9.840e+02
8.910e+02
7.450e+02
6.550e+02
5.830e+02
4.640e+02
4.780e+02
3.940e+02
3.990e+02
3.820e+02
4.010e+02
3.920e+02
4.080e+02
4.320e+02
5.080e+02
5.330e+02
5.560e+02
5.930e+02
5.910e+02
5.930e+02
5.060e+02
5.380e+02
5.080e+02
4.820e+02
4.990e+02
4.900e+02
4.260e+02
4.130e+02
3.790e+02
4.210e+02
3.720e+02
3.480e+02
3.600e+02
3.480e+02
3.360e+02
3.230e+02
3.230e+02
2.990e+02
3.110e+02
3.090e+02
2.900e+02
2.670e+02
2.780e+02
2.670e+02
2.640e+02
2.650e+02
2.710e+02
2.870e+02
2.470e+02
2.710e+02
3.150e+02
3.260e+02
3.140e+02
3.670e+02
