3.470e+02
3.440e+02
3.130e+02
2.690e+02
2.510e+02
2.220e+02
2.450e+02
2.370e+02
2.140e+02
2.160e+02
2.180e+02
1.940e+02
2.050e+02
2.080e+02
2.110e+02
1.820e+02
2.570e+02
2.120e+02
2.430e+02
2.580e+02
2.420e+02
2.790e+02
2.960e+02
3.130e+02
3.070e+02
2.840e+02
3.430e+02
3.510e+02
3.730e+02
3.740e+02
4.100e+02
4.030e+02
4.250e+02
4.380e+02
4.720e+02
4.820e+02
4.800e+02
4.800e+02
5.090e+02
4.440e+02
4.720e+02
4.390e+02
4.360e+02
4.310e+02
5.010e+02
4.910e+02
5.730e+02
5.940e+02
6.450e+02
7.390e+02
8.330e+02
1.018e+03
1.138e+03
1.354e+03
1.785e+03
2.202e+03
2.344e+03
2.027e+03
1.686e+03
1.735e+03
1.798e+03
1.095e+03
6.710e+02
5.070e+02
4.730e+02
4.450e+02
3.980e+02
3.510e+02
3.650e+02
3.840e+02
3.740e+02
3.330e+02
3.080e+02
3.010e+02
2.420e+02
2.720e+02
2.160e+02
1.840e+02
1.980e+02
1.910e+02
1.850e+02
1.980e+02
1.830e+02
1.650e+02
1.580e+02
1.570e+02
1.630e+02
1.540e+02
1.620e+02
1.560e+02
1.310e+02
9.200e+01
1.050e+02
1.200e+02
1.100e+02
1.060e+02
1.000e+02
1.090e+02
9.500e+01
9.100e+01
1.030e+02
9.500e+01
7.600e+01
9.200e+01
8.000e+01
7.800e+01
6.900e+01
6.600e+01
6.800e+01
6.800e+01
7.700e+01
7.000e+01
7.100e+01
6.500e+01
8.000e+01
9.400e+01
7.600e+01
8.700e+01
9.800e+01
9.600e+01
8.800e+01
8.700e+01
8.700e+01
8.900e+01
6.900e+01
8.700e+01
8.200e+01
7.000e+01
8.000e+01
8.000e+01
6.800e+01
5.800e+01
6.700e+01
5.600e+01
7.800e+01
5.700e+01
6.000e+01
6.200e+01
8.000e+01
7.100e+01
5.900e+01
8.500e+01
1.000e+02
1.020e+02
9.600e+01
9.600e+01
8.700e+01
9.600e+01
1.200e+02
1.260e+02
1.240e+02
1.270e+02
1.310e+02
1.370e+02
1.370e+02
1.340e+02
1.430e+02
1.410e+02
1.460e+02
1.610e+02
1.790e+02
1.740e+02
1.870e+02
2.240e+02
2.350e+02
2.830e+02
2.850e+02
3.390e+02
3.070e+02
3.480e+02
4.100e+02
3.600e+02
3.650e+02
4.120e+02
3.970e+02
4.570e+02
5.430e+02
5.450e+02
5.900e+02
6.080e+02
6.350e+02
5.800e+02
6.070e+02
5.590e+02
5.190e+02
4.780e+02
4.260e+02
4.260e+02
3.680e+02
3.470e+02
3.380e+02
3.210e+02
2.860e+02
2.400e+02
2.330e+02
2.480e+02
2.230e+02
2.350e+02
2.200e+02
2.160e+02
2.060e+02
1.930e+02
1.880e+02
1.800e+02
1.800e+02
1.750e+02
1.470e+02
1.560e+02
1.500e+02
1.160e+02
1.240e+02
1.100e+02
1.150e+02
1.070e+02
8.500e+01
1.020e+02
6.500e+01
8.300e+01
8.900e+01
7.900e+01
7.300e+01
6.900e+01
7.700e+01
8.000e+01
8.700e+01
7.100e+01
7.900e+01
7.800e+01
9.200e+01
7.200e+01
6.900e+01
8.200e+01
6.800e+01
6.300e+01
8.000e+01
8.900e+01
9.900e+01
8.200e+01
1.090e+02
9.000e+01
8.400e+01
7.900e+01
8.300e+01
8.100e+01
9.300e+01
8.200e+01
8.500e+01
7.000e+01
8.300e+01
7.300e+01
7.000e+01
6.800e+01
6.500e+01
6.800e+01
6.500e+01
7.000e+01
8.800e+01
7.500e+01
8.700e+01
8.400e+01
9.700e+01
8.000e+01
8.800e+01
9.700e+01
9.500e+01
8.800e+01
1.020e+02
1.190e+02
1.050e+02
1.350e+02
1.440e+02
1.400e+02
1.610e+02
1.510e+02
1.740e+02
1.690e+02
1.810e+02
1.740e+02
1.870e+02
1.680e+02
1.920e+02
1.890e+02
1.970e+02
2.300e+02
1.960e+02
2.390e+02
2.830e+02
2.700e+02
3.820e+02
3.200e+02
3.610e+02
3.740e+02
3.910e+02
3.820e+02
3.930e+02
4.260e+02
5.070e+02
5.650e+02
7.160e+02
1.090e+03
1.739e+03
1.710e+03
1.645e+03
1.975e+03
2.273e+03
2.155e+03
1.826e+03
1.510e+03
1.185e+03
9.730e+02
8.060e+02
7.040e+02
6.070e+02
5.530e+02
5.190e+02
4.790e+02
4.670e+02
4.280e+02
4.950e+02
4.660e+02
4.740e+02
5.350e+02
5.330e+02
5.220e+02
4.980e+02
5.230e+02
4.860e+02
4.700e+02
4.270e+02
3.860e+02
4.050e+02
3.760e+02
3.730e+02
3.590e+02
3.400e+02
3.020e+02
3.030e+02
3.050e+02
2.700e+02
2.810e+02
2.660e+02
2.280e+02
2.080e+02
2.110e+02
2.390e+02
2.320e+02
1.960e+02
2.070e+02
1.810e+02
1.970e+02
1.900e+02
2.160e+02
1.990e+02
2.270e+02
2.060e+02
2.380e+02
2.580e+02
2.750e+02
2.890e+02
3.350e+02
