1.567e-02
4.180e-03
0.000e+00
3.135e-03
1.045e-03
1.045e-03
0.000e+00
3.135e-03
3.135e-03
2.090e-03
1.045e-03
0.000e+00
0.000e+00
2.090e-03
3.135e-03
0.000e+00
0.000e+00
2.090e-03
4.180e-03
5.225e-03
3.135e-03
4.180e-03
1.045e-03
2.090e-03
3.135e-03
3.135e-03
9.404e-03
2.090e-03
8.359e-03
5.225e-03
9.404e-03
1.045e-02
1.254e-02
1.149e-02
5.225e-03
4.180e-03
3.135e-03
9.404e-03
8.359e-03
4.180e-03
1.463e-02
1.045e-02
6.270e-03
4.180e-03
8.359e-03
4.180e-03
2.090e-03
7.315e-03
4.180e-03
2.090e-03
1.045e-03
2.090e-03
2.090e-03
1.045e-03
1.045e-03
1.045e-03
0.000e+00
2.090e-03
0.000e+00
1.045e-03
2.090e-03
1.045e-03
0.000e+00
0.000e+00
0.000e+00
2.090e-03
1.045e-03
1.045e-03
0.000e+00
0.000e+00
0.000e+00
4.180e-03
0.000e+00
0.000e+00
0.000e+00
0.000e+00
0.000e+00
0.000e+00
1.045e-03
0.000e+00
0.000e+00
0.000e+00
0.000e+00
0.000e+00
0.000e+00
0.000e+00
0.000e+00
1.045e-03
0.000e+00
2.090e-03
1.045e-03
3.135e-03
0.000e+00
1.045e-03
0.000e+00
0.000e+00
0.000e+00
0.000e+00
0.000e+00
2.090e-03
1.045e-03
0.000e+00
0.000e+00
0.000e+00
0.000e+00
0.000e+00
0.000e+00
1.045e-03
1.045e-03
0.000e+00
0.000e+00
0.000e+00
0.000e+00
0.000e+00
0.000e+00
1.045e-03
1.045e-03
1.045e-03
0.000e+00
0.000e+00
0.000e+00
1.045e-03
0.000e+00
1.045e-03
0.000e+00
3.135e-03
3.135e-03
1.045e-03
3.135e-03
0.000e+00
4.180e-03
7.315e-03
5.225e-03
7.315e-03
5.225e-03
6.270e-03
3.135e-03
4.180e-03
6.270e-03
1.149e-02
8.359e-03
4.180e-03
5.225e-03
1.045e-02
8.359e-03
1.463e-02
6.270e-03
7.315e-03
9.404e-03
6.270e-03
5.225e-03
4.180e-03
1.254e-02
4.180e-03
5.225e-03
8.359e-03
4.180e-03
2.090e-03
4.180e-03
3.135e-03
2.090e-03
0.000e+00
1.045e-03
0.000e+00
1.045e-03
0.000e+00
2.090e-03
0.000e+00
3.135e-03
2.090e-03
0.000e+00
0.000e+00
1.045e-03
0.000e+00
1.045e-03
0.000e+00
0.000e+00
1.045e-03
0.000e+00
3.135e-03
1.149e-02
6.270e-03
1.045e-03
2.090e-03
1.045e-03
2.090e-03
1.045e-03
2.090e-03
2.090e-03
1.045e-03
2.090e-03
1.045e-03
1.045e-03
2.090e-03
1.045e-03
1.045e-03
0.000e+00
0.000e+00
3.135e-03
2.090e-03
6.270e-03
4.180e-03
2.090e-03
2.090e-03
2.090e-03
1.045e-03
1.045e-03
7.315e-03
6.270e-03
7.315e-03
4.180e-03
4.180e-03
9.404e-03
1.149e-02
7.315e-03
5.225e-03
9.404e-03
5.225e-03
2.090e-03
5.225e-03
5.225e-03
5.225e-03
6.270e-03
1.045e-02
8.359e-03
8.359e-03
3.135e-03
5.225e-03
2.090e-03
8.359e-03
3.135e-03
2.090e-03
1.045e-03
3.135e-03
1.045e-03
2.090e-03
1.045e-03
2.090e-03
1.045e-03
0.000e+00
0.000e+00
0.000e+00
1.045e-03
2.090e-03
2.090e-03
2.090e-03
2.090e-03
0.000e+00
0.000e+00
0.000e+00
0.000e+00
1.045e-03
0.000e+00
1.045e-03
0.000e+00
0.000e+00
0.000e+00
0.000e+00
0.000e+00
0.000e+00
1.045e-03
0.000e+00
0.000e+00
0.000e+00
1.045e-03
0.000e+00
0.000e+00
1.045e-03
3.135e-03
1.045e-03
1.045e-03
1.045e-03
1.045e-03
0.000e+00
0.000e+00
0.000e+00
0.000e+00
2.090e-03
0.000e+00
0.000e+00
1.045e-03
0.000e+00
0.000e+00
0.000e+00
0.000e+00
0.000e+00
0.000e+00
1.045e-03
2.090e-03
0.000e+00
1.045e-03
0.000e+00
1.045e-03
1.045e-03
1.045e-03
1.045e-03
0.000e+00
0.000e+00
0.000e+00
0.000e+00
0.000e+00
0.000e+00
3.135e-03
1.045e-03
0.000e+00
2.090e-03
0.000e+00
2.090e-03
0.000e+00
2.090e-03
2.090e-03
1.045e-03
2.090e-03
6.270e-03
4.180e-03
9.404e-03
3.135e-03
8.359e-03
4.180e-03
5.225e-03
1.149e-02
8.359e-03
7.315e-03
6.270e-03
1.149e-02
9.404e-03
1.254e-02
1.045e-02
9.404e-03
7.315e-03
1.254e-02
3.135e-03
7.315e-03
7.315e-03
5.225e-03
6.270e-03
6.270e-03
4.180e-03
4.180e-03
6.270e-03
4.180e-03
3.135e-03
0.000e+00
0.000e+00
1.045e-03
0.000e+00
2.090e-03
0.000e+00
3.135e-03
1.045e-03
2.090e-03
1.045e-03
1.045e-03
1.045e-03
0.000e+00
0.000e+00
1.045e-03
1.045e-03
0.000e+00
4.180e-03
