3.135e-03
1.045e-03
1.567e-03
1.567e-03
0.000e+00
1.045e-03
5.225e-04
5.225e-04
1.045e-03
5.225e-04
0.000e+00
0.000e+00
0.000e+00
1.045e-03
1.567e-03
1.045e-03
2.090e-03
0.000e+00
0.000e+00
1.045e-03
3.135e-03
1.045e-03
1.567e-03
2.612e-03
5.747e-03
1.567e-03
3.135e-03
2.612e-03
1.045e-03
3.657e-03
1.045e-03
2.612e-03
2.090e-03
3.657e-03
4.702e-03
3.135e-03
4.702e-03
0.000e+00
3.135e-03
2.612e-03
1.045e-03
1.567e-03
3.135e-03
3.657e-03
5.225e-03
3.135e-03
2.090e-03
2.090e-03
3.135e-03
3.657e-03
3.135e-03
1.045e-03
3.135e-03
1.567e-03
3.135e-03
3.135e-03
5.225e-04
1.045e-03
1.567e-03
0.000e+00
1.567e-03
0.000e+00
0.000e+00
0.000e+00
1.045e-03
5.225e-04
1.045e-03
1.045e-03
0.000e+00
0.000e+00
0.000e+00
1.045e-03
5.225e-04
0.000e+00
0.000e+00
5.225e-04
1.567e-03
0.000e+00
0.000e+00
1.567e-03
0.000e+00
0.000e+00
0.000e+00
5.225e-04
0.000e+00
5.225e-04
0.000e+00
0.000e+00
5.225e-04
1.045e-03
5.225e-04
5.225e-04
5.225e-04
0.000e+00
5.225e-04
0.000e+00
0.000e+00
0.000e+00
5.225e-04
5.225e-04
0.000e+00
5.225e-04
0.000e+00
5.225e-04
5.225e-04
0.000e+00
0.000e+00
5.225e-04
5.225e-04
1.567e-03
0.000e+00
5.225e-04
5.225e-04
1.045e-03
5.225e-04
0.000e+00
1.567e-03
1.045e-03
2.090e-03
1.045e-03
0.000e+00
1.045e-03
0.000e+00
1.567e-03
2.612e-03
2.612e-03
5.225e-04
2.090e-03
2.090e-03
2.090e-03
2.612e-03
2.090e-03
4.180e-03
2.612e-03
2.090e-03
4.180e-03
3.135e-03
2.612e-03
4.180e-03
3.135e-03
3.135e-03
2.090e-03
3.135e-03
2.612e-03
3.657e-03
2.612e-03
2.612e-03
2.612e-03
1.045e-03
2.612e-03
5.225e-04
1.045e-03
1.045e-03
1.567e-03
3.135e-03
2.612e-03
5.225e-04
1.567e-03
1.567e-03
5.225e-04
1.045e-03
1.045e-03
0.000e+00
1.567e-03
5.225e-04
5.225e-04
5.225e-04
5.225e-04
2.612e-03
0.000e+00
0.000e+00
1.567e-03
1.045e-03
1.567e-03
5.225e-04
1.567e-03
2.090e-03
1.045e-03
5.225e-04
1.567e-03
1.045e-03
5.225e-04
1.045e-03
5.225e-04
5.225e-04
1.045e-03
1.567e-03
1.567e-03
0.000e+00
5.225e-04
1.045e-03
5.225e-04
0.000e+00
1.045e-03
5.225e-04
1.045e-03
1.045e-03
1.567e-03
1.567e-03
1.045e-03
5.225e-04
1.045e-03
1.045e-03
2.612e-03
1.567e-03
1.045e-03
2.612e-03
2.612e-03
5.225e-04
3.657e-03
3.135e-03
2.612e-03
3.135e-03
2.090e-03
1.045e-03
3.135e-03
2.612e-03
2.612e-03
3.657e-03
2.090e-03
3.657e-03
5.225e-04
1.567e-03
1.567e-03
1.045e-03
3.657e-03
2.090e-03
3.135e-03
4.702e-03
2.090e-03
1.567e-03
4.180e-03
3.135e-03
1.567e-03
2.612e-03
1.567e-03
2.090e-03
0.000e+00
1.045e-03
1.567e-03
1.567e-03
1.045e-03
0.000e+00
1.045e-03
5.225e-04
0.000e+00
5.225e-04
1.567e-03
1.045e-03
0.000e+00
1.567e-03
1.045e-03
0.000e+00
0.000e+00
0.000e+00
5.225e-04
0.000e+00
0.000e+00
5.225e-04
0.000e+00
5.225e-04
0.000e+00
0.000e+00
1.045e-03
0.000e+00
0.000e+00
5.225e-04
5.225e-04
0.000e+00
1.045e-03
0.000e+00
1.567e-03
0.000e+00
0.000e+00
0.000e+00
1.045e-03
0.000e+00
5.225e-04
0.000e+00
5.225e-04
0.000e+00
0.000e+00
5.225e-04
5.225e-04
5.225e-04
5.225e-04
0.000e+00
0.000e+00
5.225e-04
5.225e-04
0.000e+00
0.000e+00
5.225e-04
0.000e+00
0.000e+00
5.225e-04
1.045e-03
1.045e-03
1.567e-03
0.000e+00
1.045e-03
5.225e-04
3.135e-03
0.000e+00
1.045e-03
1.045e-03
1.045e-03
1.567e-03
1.567e-03
2.612e-03
3.135e-03
2.612e-03
2.612e-03
3.135e-03
2.612e-03
4.180e-03
4.180e-03
3.657e-03
3.135e-03
1.567e-03
2.612e-03
6.270e-03
4.180e-03
5.225e-04
3.657e-03
3.657e-03
2.612e-03
4.180e-03
2.612e-03
2.612e-03
1.045e-03
1.567e-03
2.612e-03
5.225e-04
3.135e-03
3.657e-03
2.090e-03
4.180e-03
0.000e+00
5.225e-04
1.045e-03
5.225e-04
5.225e-04
5.225e-04
5.225e-04
2.090e-03
5.225e-04
1.567e-03
0.000e+00
1.567e-03
5.225e-04
0.000e+00
0.000e+00
3.135e-03
1.567e-03
0.000e+00
1.045e-03
1.567e-03
2.090e-03
1.045e-03
