2.188e-03
5.470e-03
2.188e-03
2.188e-03
8.753e-03
2.188e-03
0.000e+00
3.282e-03
2.188e-03
2.188e-03
0.000e+00
0.000e+00
1.094e-03
2.188e-03
0.000e+00
0.000e+00
1.094e-03
1.094e-03
0.000e+00
1.094e-03
0.000e+00
1.094e-03
1.094e-03
2.188e-03
0.000e+00
0.000e+00
0.000e+00
0.000e+00
1.094e-03
1.094e-03
0.000e+00
3.282e-03
2.188e-03
3.282e-03
1.094e-03
0.000e+00
0.000e+00
1.094e-03
0.000e+00
0.000e+00
0.000e+00
1.094e-03
2.188e-03
3.282e-03
2.188e-03
0.000e+00
1.094e-03
1.094e-03
1.094e-03
0.000e+00
2.188e-03
3.282e-03
2.188e-03
0.000e+00
3.282e-03
1.094e-03
0.000e+00
2.188e-03
1.094e-03
1.094e-03
0.000e+00
2.188e-03
0.000e+00
0.000e+00
3.282e-03
1.094e-03
0.000e+00
1.094e-03
0.000e+00
0.000e+00
1.094e-03
3.282e-03
0.000e+00
2.188e-03
0.000e+00
0.000e+00
0.000e+00
0.000e+00
0.000e+00
1.094e-03
2.188e-03
0.000e+00
0.000e+00
1.094e-03
2.188e-03
2.188e-03
1.094e-03
1.094e-03
2.188e-03
1.094e-03
0.000e+00
2.188e-03
3.282e-03
0.000e+00
1.094e-03
0.000e+00
0.000e+00
0.000e+00
2.188e-03
0.000e+00
1.094e-03
0.000e+00
1.094e-03
0.000e+00
1.094e-03
1.094e-03
0.000e+00
1.094e-03
2.188e-03
0.000e+00
0.000e+00
2.188e-03
1.094e-03
0.000e+00
0.000e+00
0.000e+00
0.000e+00
2.188e-03
2.188e-03
0.000e+00
0.000e+00
0.000e+00
0.000e+00
0.000e+00
1.094e-03
0.000e+00
1.094e-03
2.188e-03
2.188e-03
1.094e-03
1.094e-03
1.094e-03
1.094e-03
0.000e+00
1.094e-03
1.094e-03
1.094e-03
1.094e-03
1.094e-03
0.000e+00
2.188e-03
2.188e-03
1.094e-03
0.000e+00
0.000e+00
0.000e+00
2.188e-03
1.094e-03
2.188e-03
0.000e+00
1.094e-03
0.000e+00
0.000e+00
1.094e-03
2.188e-03
1.094e-03
1.094e-03
0.000e+00
3.282e-03
1.094e-03
1.094e-03
0.000e+00
1.094e-03
0.000e+00
3.282e-03
1.094e-03
3.282e-03
2.188e-03
1.094e-03
3.282e-03
3.282e-03
2.188e-03
3.282e-03
2.188e-03
5.470e-03
3.282e-03
5.470e-03
3.282e-03
1.751e-02
7.659e-03
6.565e-03
9.847e-03
6.565e-03
5.470e-03
8.753e-03
6.565e-03
0.000e+00
2.188e-03
2.188e-03
5.470e-03
1.094e-03
1.094e-03
2.188e-03
0.000e+00
0.000e+00
2.188e-03
2.188e-03
1.094e-03
0.000e+00
2.188e-03
2.188e-03
3.282e-03
3.282e-03
1.094e-03
2.188e-03
0.000e+00
1.094e-03
1.094e-03
2.188e-03
0.000e+00
1.094e-03
1.094e-03
0.000e+00
3.282e-03
0.000e+00
1.094e-03
3.282e-03
0.000e+00
2.188e-03
1.094e-03
0.000e+00
0.000e+00
0.000e+00
1.094e-03
0.000e+00
2.188e-03
2.188e-03
0.000e+00
0.000e+00
1.094e-03
0.000e+00
0.000e+00
3.282e-03
2.188e-03
0.000e+00
1.094e-03
3.282e-03
0.000e+00
1.094e-03
1.094e-03
0.000e+00
1.094e-03
0.000e+00
1.094e-03
0.000e+00
0.000e+00
2.188e-03
0.000e+00
0.000e+00
1.094e-03
1.094e-03
1.094e-03
1.094e-03
0.000e+00
1.094e-03
1.094e-03
1.094e-03
0.000e+00
0.000e+00
1.094e-03
0.000e+00
1.094e-03
1.094e-03
3.282e-03
0.000e+00
0.000e+00
1.094e-03
1.094e-03
1.094e-03
1.094e-03
0.000e+00
1.094e-03
2.188e-03
0.000e+00
0.000e+00
2.188e-03
0.000e+00
0.000e+00
0.000e+00
0.000e+00
1.094e-03
0.000e+00
0.000e+00
1.094e-03
1.094e-03
3.282e-03
0.000e+00
1.094e-03
1.094e-03
0.000e+00
0.000e+00
1.094e-03
3.282e-03
2.188e-03
0.000e+00
1.094e-03
1.094e-03
2.188e-03
2.188e-03
1.094e-03
0.000e+00
1.094e-03
3.282e-03
0.000e+00
1.094e-03
1.094e-03
1.094e-03
5.470e-03
1.094e-03
2.188e-03
4.376e-03
3.282e-03
1.094e-03
2.188e-03
2.188e-03
0.000e+00
1.094e-03
4.376e-03
2.188e-03
3.282e-03
0.000e+00
4.376e-03
0.000e+00
3.282e-03
0.000e+00
1.094e-03
0.000e+00
2.188e-03
3.282e-03
1.094e-03
0.000e+00
0.000e+00
1.094e-03
2.188e-03
1.094e-03
0.000e+00
0.000e+00
0.000e+00
2.188e-03
1.094e-03
0.000e+00
0.000e+00
2.188e-03
2.188e-03
0.000e+00
0.000e+00
1.094e-03
1.094e-03
0.000e+00
1.094e-03
1.094e-03
0.000e+00
2.188e-03
0.000e+00
1.094e-03
1.094e-03
4.376e-03
4.376e-03
1.094e-03
4.376e-03
