1.429e-01
3.181e-02
1.739e-02
7.209e-03
9.330e-03
3.605e-03
3.817e-03
4.029e-03
2.545e-03
1.696e-03
1.060e-03
6.361e-04
1.484e-03
1.272e-03
1.908e-03
1.484e-03
1.696e-03
2.120e-03
1.484e-03
1.908e-03
2.120e-03
2.969e-03
2.120e-03
3.393e-03
4.029e-03
5.089e-03
3.605e-03
3.181e-03
3.605e-03
2.757e-03
4.453e-03
4.029e-03
4.453e-03
4.029e-03
2.545e-03
2.332e-03
2.969e-03
3.181e-03
2.332e-03
2.120e-03
4.453e-03
2.757e-03
2.120e-03
1.696e-03
3.817e-03
1.484e-03
1.060e-03
1.696e-03
2.120e-03
1.272e-03
8.482e-04
1.272e-03
8.482e-04
6.361e-04
2.120e-04
4.241e-04
2.120e-04
4.241e-04
2.120e-04
2.120e-04
4.241e-04
2.120e-04
0.000e+00
2.120e-04
0.000e+00
1.908e-03
8.482e-04
4.241e-04
0.000e+00
0.000e+00
4.241e-04
1.060e-03
0.000e+00
2.120e-04
2.120e-04
4.241e-04
0.000e+00
0.000e+00
4.241e-04
2.120e-04
2.120e-04
0.000e+00
0.000e+00
0.000e+00
2.120e-04
0.000e+00
0.000e+00
2.120e-04
2.120e-04
6.361e-04
2.120e-04
6.361e-04
2.120e-04
2.120e-04
2.120e-04
4.241e-04
2.120e-04
0.000e+00
0.000e+00
4.241e-04
4.241e-04
0.000e+00
2.120e-04
0.000e+00
0.000e+00
0.000e+00
0.000e+00
2.120e-04
4.241e-04
0.000e+00
0.000e+00
2.120e-04
8.482e-04
0.000e+00
0.000e+00
2.120e-04
2.120e-04
4.241e-04
0.000e+00
0.000e+00
2.120e-04
2.120e-04
4.241e-04
4.241e-04
4.241e-04
8.482e-04
1.272e-03
8.482e-04
1.060e-03
4.241e-04
2.332e-03
2.332e-03
1.696e-03
2.332e-03
2.969e-03
3.393e-03
1.484e-03
1.060e-03
1.696e-03
3.181e-03
2.545e-03
2.545e-03
2.969e-03
3.605e-03
3.181e-03
4.029e-03
2.120e-03
3.181e-03
4.029e-03
2.545e-03
2.969e-03
4.029e-03
4.877e-03
3.605e-03
4.241e-03
5.513e-03
4.241e-03
2.757e-03
2.757e-03
2.545e-03
2.332e-03
6.361e-04
1.696e-03
1.696e-03
8.482e-04
1.272e-03
1.060e-03
1.696e-03
2.757e-03
1.908e-03
1.060e-03
2.120e-03
2.120e-03
2.120e-03
1.484e-03
3.605e-03
2.969e-03
5.301e-03
1.166e-02
2.778e-02
1.060e-01
2.099e-02
1.103e-02
2.969e-03
4.241e-03
4.453e-03
1.696e-03
2.545e-03
2.332e-03
1.272e-03
1.272e-03
8.482e-04
4.241e-04
1.272e-03
1.484e-03
2.120e-03
1.060e-03
1.272e-03
1.060e-03
1.908e-03
1.272e-03
2.969e-03
2.332e-03
1.908e-03
3.817e-03
4.241e-03
3.605e-03
4.453e-03
3.605e-03
2.757e-03
1.908e-03
2.332e-03
4.453e-03
4.241e-03
3.605e-03
2.969e-03
3.817e-03
2.757e-03
1.696e-03
1.908e-03
2.969e-03
2.120e-03
2.545e-03
2.757e-03
3.181e-03
2.757e-03
1.908e-03
1.060e-03
1.272e-03
2.545e-03
1.272e-03
1.484e-03
6.361e-04
1.060e-03
2.120e-04
6.361e-04
2.120e-04
6.361e-04
6.361e-04
0.000e+00
0.000e+00
2.120e-04
6.361e-04
1.060e-03
8.482e-04
6.361e-04
4.241e-04
4.241e-04
6.361e-04
0.000e+00
6.361e-04
2.120e-04
2.120e-04
2.120e-04
4.241e-04
0.000e+00
6.361e-04
0.000e+00
2.120e-04
0.000e+00
4.241e-04
0.000e+00
2.120e-04
0.000e+00
4.241e-04
0.000e+00
0.000e+00
2.120e-04
1.060e-03
2.120e-04
2.120e-04
2.120e-04
4.241e-04
0.000e+00
2.120e-04
4.241e-04
0.000e+00
4.241e-04
2.120e-04
0.000e+00
4.241e-04
0.000e+00
2.120e-04
0.000e+00
0.000e+00
0.000e+00
0.000e+00
2.120e-04
4.241e-04
0.000e+00
2.120e-04
0.000e+00
6.361e-04
2.120e-04
6.361e-04
6.361e-04
2.120e-04
0.000e+00
0.000e+00
0.000e+00
2.120e-04
0.000e+00
6.361e-04
2.120e-04
4.241e-04
4.241e-04
1.060e-03
1.060e-03
6.361e-04
6.361e-04
1.060e-03
6.361e-04
1.696e-03
2.332e-03
1.484e-03
3.181e-03
1.272e-03
3.817e-03
1.696e-03
1.696e-03
2.969e-03
3.393e-03
1.908e-03
2.332e-03
4.877e-03
2.545e-03
3.393e-03
4.029e-03
3.817e-03
3.605e-03
4.665e-03
2.332e-03
5.089e-03
4.241e-03
5.301e-03
4.453e-03
4.029e-03
4.877e-03
3.393e-03
3.393e-03
3.181e-03
1.696e-03
1.908e-03
8.482e-04
1.696e-03
8.482e-04
8.482e-04
1.696e-03
3.605e-03
2.120e-03
2.332e-03
2.332e-03
3.181e-03
4.665e-03
3.181e-03
4.029e-03
5.513e-03
1.039e-02
1.675e-02
3.393e-02
