1.219e-02
9.224e-03
6.573e-03
6.573e-03
5.937e-03
5.513e-03
4.241e-03
4.453e-03
3.923e-03
4.665e-03
2.863e-03
3.181e-03
2.120e-03
3.393e-03
3.181e-03
3.075e-03
2.969e-03
2.863e-03
1.272e-03
2.120e-03
2.651e-03
1.166e-03
1.696e-03
2.226e-03
2.014e-03
1.378e-03
1.908e-03
1.272e-03
1.696e-03
2.226e-03
1.484e-03
2.014e-03
1.802e-03
1.908e-03
1.802e-03
1.166e-03
2.545e-03
9.542e-04
6.361e-04
1.484e-03
9.542e-04
1.060e-03
1.272e-03
1.272e-03
1.484e-03
1.060e-03
6.361e-04
6.361e-04
1.060e-03
9.542e-04
9.542e-04
7.422e-04
9.542e-04
3.181e-04
1.060e-03
9.542e-04
4.241e-04
3.181e-04
5.301e-04
3.181e-04
4.241e-04
4.241e-04
2.120e-04
1.060e-04
6.361e-04
4.241e-04
4.241e-04
5.301e-04
0.000e+00
1.060e-04
3.181e-04
3.181e-04
3.181e-04
2.120e-04
1.060e-04
1.060e-04
3.181e-04
1.060e-04
1.060e-04
3.181e-04
2.120e-04
2.120e-04
1.060e-04
2.120e-04
4.241e-04
3.181e-04
1.060e-04
2.120e-04
3.181e-04
2.120e-04
2.120e-04
3.181e-04
3.181e-04
0.000e+00
3.181e-04
0.000e+00
1.060e-04
1.060e-04
2.120e-04
1.060e-04
1.060e-04
1.060e-04
1.060e-04
1.060e-04
2.120e-04
4.241e-04
0.000e+00
4.241e-04
3.181e-04
5.301e-04
0.000e+00
2.120e-04
3.181e-04
4.241e-04
1.060e-04
2.120e-04
3.181e-04
6.361e-04
5.301e-04
3.181e-04
1.060e-04
4.241e-04
4.241e-04
5.301e-04
7.422e-04
6.361e-04
3.181e-04
1.166e-03
1.272e-03
8.482e-04
1.166e-03
8.482e-04
1.272e-03
8.482e-04
4.241e-04
1.060e-03
1.378e-03
1.378e-03
1.166e-03
9.542e-04
1.378e-03
9.542e-04
1.484e-03
1.272e-03
1.060e-03
7.422e-04
1.484e-03
1.166e-03
1.166e-03
1.272e-03
1.484e-03
1.060e-03
1.060e-03
1.166e-03
1.908e-03
1.802e-03
1.166e-03
1.378e-03
1.484e-03
1.166e-03
1.166e-03
1.272e-03
2.014e-03
8.482e-04
2.332e-03
7.422e-04
2.651e-03
2.439e-03
1.802e-03
2.863e-03
2.651e-03
2.439e-03
2.969e-03
3.711e-03
3.287e-03
2.545e-03
4.453e-03
4.877e-03
5.513e-03
5.725e-03
6.891e-03
5.089e-03
5.725e-03
3.923e-03
4.771e-03
3.605e-03
2.757e-03
4.559e-03
2.545e-03
3.075e-03
3.075e-03
3.181e-03
1.590e-03
1.378e-03
1.908e-03
2.545e-03
2.226e-03
1.696e-03
2.014e-03
2.332e-03
1.484e-03
1.484e-03
1.590e-03
1.166e-03
1.484e-03
1.378e-03
1.484e-03
1.590e-03
1.060e-03
1.908e-03
1.908e-03
1.272e-03
1.696e-03
1.484e-03
9.542e-04
1.590e-03
1.378e-03
1.060e-03
1.484e-03
8.482e-04
1.590e-03
3.181e-04
1.060e-03
1.166e-03
7.422e-04
1.060e-03
9.542e-04
8.482e-04
1.378e-03
6.361e-04
5.301e-04
9.542e-04
1.166e-03
4.241e-04
8.482e-04
5.301e-04
6.361e-04
2.120e-04
6.361e-04
6.361e-04
6.361e-04
3.181e-04
1.060e-04
4.241e-04
3.181e-04
0.000e+00
3.181e-04
7.422e-04
3.181e-04
3.181e-04
4.241e-04
4.241e-04
2.120e-04
1.060e-04
1.060e-04
4.241e-04
2.120e-04
0.000e+00
1.060e-04
1.060e-04
1.060e-04
1.060e-04
2.120e-04
5.301e-04
1.060e-04
2.120e-04
3.181e-04
2.120e-04
2.120e-04
5.301e-04
1.060e-04
3.181e-04
2.120e-04
2.120e-04
1.060e-04
3.181e-04
0.000e+00
2.120e-04
0.000e+00
2.120e-04
1.060e-04
0.000e+00
2.120e-04
2.120e-04
2.120e-04
5.301e-04
1.060e-04
1.060e-04
3.181e-04
1.060e-04
0.000e+00
2.120e-04
3.181e-04
3.181e-04
1.060e-04
1.060e-04
4.241e-04
4.241e-04
4.241e-04
2.120e-04
4.241e-04
2.120e-04
8.482e-04
2.120e-04
4.241e-04
7.422e-04
5.301e-04
1.272e-03
6.361e-04
1.166e-03
1.060e-03
1.060e-03
6.361e-04
8.482e-04
7.422e-04
1.272e-03
1.272e-03
1.378e-03
1.060e-03
8.482e-04
1.378e-03
2.545e-03
1.060e-03
9.542e-04
1.378e-03
1.802e-03
1.166e-03
1.908e-03
1.166e-03
1.166e-03
1.378e-03
1.166e-03
1.696e-03
2.863e-03
1.696e-03
1.590e-03
1.802e-03
1.908e-03
1.060e-03
1.272e-03
1.590e-03
1.484e-03
1.696e-03
1.378e-03
1.908e-03
2.757e-03
2.863e-03
2.969e-03
2.545e-03
2.863e-03
4.241e-03
3.181e-03
3.499e-03
4.453e-03
4.559e-03
3.923e-03
4.877e-03
5.619e-03
7.316e-03
9.648e-03
