6.234e-02
1.039e-02
2.597e-03
0.000e+00
0.000e+00
2.597e-03
0.000e+00
0.000e+00
0.000e+00
5.195e-03
2.597e-03
0.000e+00
0.000e+00
0.000e+00
7.792e-03
2.597e-03
0.000e+00
0.000e+00
2.597e-03
0.000e+00
0.000e+00
0.000e+00
0.000e+00
0.000e+00
0.000e+00
0.000e+00
0.000e+00
0.000e+00
5.195e-03
0.000e+00
5.195e-03
2.597e-03
5.195e-03
7.792e-03
2.597e-03
2.597e-03
5.195e-03
0.000e+00
0.000e+00
2.597e-03
2.597e-03
0.000e+00
2.597e-03
2.597e-03
5.195e-03
5.195e-03
0.000e+00
2.597e-03
2.597e-03
0.000e+00
2.597e-03
0.000e+00
2.597e-03
0.000e+00
0.000e+00
0.000e+00
0.000e+00
0.000e+00
5.195e-03
0.000e+00
0.000e+00
0.000e+00
0.000e+00
0.000e+00
0.000e+00
0.000e+00
0.000e+00
0.000e+00
0.000e+00
0.000e+00
0.000e+00
0.000e+00
0.000e+00
0.000e+00
0.000e+00
0.000e+00
0.000e+00
0.000e+00
0.000e+00
0.000e+00
0.000e+00
0.000e+00
0.000e+00
0.000e+00
0.000e+00
0.000e+00
0.000e+00
0.000e+00
0.000e+00
0.000e+00
0.000e+00
0.000e+00
0.000e+00
2.597e-03
0.000e+00
0.000e+00
0.000e+00
0.000e+00
0.000e+00
0.000e+00
0.000e+00
0.000e+00
0.000e+00
0.000e+00
0.000e+00
0.000e+00
5.195e-03
0.000e+00
0.000e+00
0.000e+00
0.000e+00
0.000e+00
0.000e+00
0.000e+00
2.597e-03
0.000e+00
2.597e-03
0.000e+00
0.000e+00
0.000e+00
0.000e+00
0.000e+00
0.000e+00
5.195e-03
0.000e+00
0.000e+00
0.000e+00
5.195e-03
2.597e-03
5.195e-03
0.000e+00
5.195e-03
2.597e-03
7.792e-03
5.195e-03
1.039e-02
7.792e-03
1.299e-02
5.195e-03
5.195e-03
2.597e-03
7.792e-03
7.792e-03
5.195e-03
0.000e+00
0.000e+00
0.000e+00
0.000e+00
0.000e+00
0.000e+00
0.000e+00
2.597e-03
5.195e-03
0.000e+00
0.000e+00
0.000e+00
2.597e-03
5.195e-03
2.597e-03
0.000e+00
0.000e+00
2.597e-03
0.000e+00
0.000e+00
0.000e+00
5.195e-03
0.000e+00
0.000e+00
0.000e+00
5.195e-03
5.195e-03
1.039e-02
2.597e-03
5.195e-03
2.597e-03
2.597e-03
0.000e+00
1.039e-02
7.792e-03
5.195e-02
2.442e-01
3.117e-02
5.195e-03
5.195e-03
0.000e+00
5.195e-03
0.000e+00
0.000e+00
0.000e+00
0.000e+00
0.000e+00
0.000e+00
0.000e+00
0.000e+00
5.195e-03
0.000e+00
0.000e+00
0.000e+00
2.597e-03
0.000e+00
0.000e+00
2.597e-03
0.000e+00
0.000e+00
0.000e+00
0.000e+00
0.000e+00
2.597e-03
0.000e+00
0.000e+00
2.597e-03
0.000e+00
5.195e-03
7.792e-03
0.000e+00
7.792e-03
2.597e-03
2.597e-03
5.195e-03
0.000e+00
0.000e+00
2.597e-03
2.597e-03
5.195e-03
5.195e-03
0.000e+00
0.000e+00
5.195e-03
2.597e-03
0.000e+00
0.000e+00
0.000e+00
2.597e-03
0.000e+00
0.000e+00
2.597e-03
0.000e+00
2.597e-03
0.000e+00
0.000e+00
2.597e-03
0.000e+00
0.000e+00
0.000e+00
0.000e+00
0.000e+00
0.000e+00
0.000e+00
0.000e+00
0.000e+00
0.000e+00
0.000e+00
0.000e+00
0.000e+00
0.000e+00
0.000e+00
0.000e+00
2.597e-03
0.000e+00
0.000e+00
2.597e-03
0.000e+00
0.000e+00
0.000e+00
0.000e+00
0.000e+00
0.000e+00
0.000e+00
0.000e+00
0.000e+00
0.000e+00
0.000e+00
0.000e+00
0.000e+00
0.000e+00
0.000e+00
0.000e+00
0.000e+00
0.000e+00
0.000e+00
0.000e+00
0.000e+00
0.000e+00
0.000e+00
0.000e+00
0.000e+00
5.195e-03
0.000e+00
0.000e+00
0.000e+00
0.000e+00
0.000e+00
0.000e+00
0.000e+00
0.000e+00
0.000e+00
0.000e+00
2.597e-03
0.000e+00
2.597e-03
0.000e+00
0.000e+00
0.000e+00
0.000e+00
0.000e+00
0.000e+00
5.195e-03
7.792e-03
2.597e-03
0.000e+00
2.597e-03
2.597e-03
1.558e-02
5.195e-03
7.792e-03
2.597e-03
5.195e-03
7.792e-03
7.792e-03
7.792e-03
7.792e-03
1.558e-02
0.000e+00
2.597e-03
0.000e+00
0.000e+00
0.000e+00
0.000e+00
0.000e+00
2.597e-03
0.000e+00
0.000e+00
7.792e-03
0.000e+00
0.000e+00
2.597e-03
5.195e-03
2.597e-03
2.597e-03
0.000e+00
2.597e-03
2.597e-03
0.000e+00
0.000e+00
0.000e+00
5.195e-03
0.000e+00
0.000e+00
0.000e+00
0.000e+00
7.792e-03
7.792e-03
2.597e-03
0.000e+00
0.000e+00
0.000e+00
2.597e-03
0.000e+00
1.039e-02
2.338e-02
