1.818e-02
5.195e-03
2.597e-03
3.896e-03
1.299e-03
2.597e-03
5.195e-03
1.299e-03
1.299e-03
1.299e-03
1.299e-03
1.299e-03
0.000e+00
0.000e+00
0.000e+00
0.000e+00
1.299e-03
1.299e-03
1.299e-03
0.000e+00
1.299e-03
0.000e+00
0.000e+00
0.000e+00
1.299e-03
0.000e+00
2.597e-03
1.299e-03
0.000e+00
1.299e-03
0.000e+00
0.000e+00
2.597e-03
3.896e-03
1.299e-03
0.000e+00
2.597e-03
0.000e+00
0.000e+00
0.000e+00
0.000e+00
0.000e+00
0.000e+00
1.299e-03
0.000e+00
1.299e-03
0.000e+00
2.597e-03
0.000e+00
1.299e-03
1.299e-03
1.299e-03
1.299e-03
0.000e+00
1.299e-03
1.299e-03
0.000e+00
0.000e+00
0.000e+00
1.299e-03
0.000e+00
0.000e+00
0.000e+00
0.000e+00
0.000e+00
0.000e+00
0.000e+00
0.000e+00
0.000e+00
0.000e+00
0.000e+00
1.299e-03
0.000e+00
2.597e-03
0.000e+00
0.000e+00
0.000e+00
1.299e-03
1.299e-03
0.000e+00
0.000e+00
1.299e-03
0.000e+00
0.000e+00
0.000e+00
0.000e+00
0.000e+00
0.000e+00
0.000e+00
0.000e+00
0.000e+00
0.000e+00
0.000e+00
0.000e+00
0.000e+00
0.000e+00
0.000e+00
1.299e-03
0.000e+00
1.299e-03
0.000e+00
0.000e+00
0.000e+00
0.000e+00
0.000e+00
0.000e+00
0.000e+00
0.000e+00
0.000e+00
0.000e+00
3.896e-03
2.597e-03
3.896e-03
2.597e-03
0.000e+00
0.000e+00
0.000e+00
0.000e+00
0.000e+00
0.000e+00
0.000e+00
0.000e+00
1.299e-03
1.299e-03
2.597e-03
2.597e-03
2.597e-03
2.597e-03
3.896e-03
2.597e-03
0.000e+00
1.299e-03
1.299e-03
3.896e-03
1.299e-03
2.597e-03
0.000e+00
1.299e-03
0.000e+00
2.597e-03
0.000e+00
0.000e+00
0.000e+00
1.299e-03
0.000e+00
2.597e-03
0.000e+00
0.000e+00
0.000e+00
1.299e-03
0.000e+00
0.000e+00
0.000e+00
0.000e+00
1.299e-03
1.299e-03
0.000e+00
0.000e+00
1.299e-03
0.000e+00
1.299e-03
1.299e-03
1.299e-03
3.896e-03
1.299e-03
3.896e-03
0.000e+00
1.299e-03
2.597e-03
5.195e-03
1.299e-03
2.597e-03
5.195e-03
1.299e-03
3.896e-03
2.597e-03
2.597e-03
9.091e-03
6.494e-03
1.039e-02
8.182e-02
6.494e-03
5.195e-03
3.896e-03
7.792e-03
3.896e-03
3.896e-03
7.792e-03
5.195e-03
0.000e+00
1.299e-03
2.597e-03
0.000e+00
2.597e-03
1.299e-03
1.299e-03
0.000e+00
1.299e-03
3.896e-03
0.000e+00
1.299e-03
1.299e-03
0.000e+00
0.000e+00
1.299e-03
3.896e-03
1.299e-03
0.000e+00
0.000e+00
0.000e+00
0.000e+00
0.000e+00
0.000e+00
1.299e-03
1.299e-03
1.299e-03
2.597e-03
0.000e+00
0.000e+00
2.597e-03
2.597e-03
0.000e+00
0.000e+00
1.299e-03
1.299e-03
1.299e-03
1.299e-03
1.299e-03
2.597e-03
0.000e+00
0.000e+00
0.000e+00
1.299e-03
0.000e+00
0.000e+00
0.000e+00
0.000e+00
0.000e+00
0.000e+00
0.000e+00
0.000e+00
0.000e+00
1.299e-03
0.000e+00
0.000e+00
0.000e+00
0.000e+00
0.000e+00
0.000e+00
0.000e+00
0.000e+00
0.000e+00
2.597e-03
0.000e+00
0.000e+00
0.000e+00
1.299e-03
2.597e-03
1.299e-03
0.000e+00
0.000e+00
0.000e+00
0.000e+00
0.000e+00
1.299e-03
0.000e+00
0.000e+00
0.000e+00
0.000e+00
0.000e+00
0.000e+00
0.000e+00
0.000e+00
0.000e+00
1.299e-03
0.000e+00
0.000e+00
0.000e+00
0.000e+00
0.000e+00
0.000e+00
0.000e+00
1.299e-03
1.299e-03
0.000e+00
0.000e+00
0.000e+00
2.597e-03
1.299e-03
2.597e-03
0.000e+00
1.299e-03
1.299e-03
2.597e-03
1.299e-03
0.000e+00
1.299e-03
0.000e+00
0.000e+00
0.000e+00
0.000e+00
1.299e-03
0.000e+00
1.299e-03
0.000e+00
2.597e-03
1.299e-03
2.597e-03
2.597e-03
6.494e-03
2.597e-03
2.597e-03
3.896e-03
0.000e+00
2.597e-03
0.000e+00
1.299e-03
2.597e-03
1.299e-03
0.000e+00
0.000e+00
0.000e+00
0.000e+00
0.000e+00
2.597e-03
0.000e+00
1.299e-03
1.299e-03
0.000e+00
0.000e+00
1.299e-03
1.299e-03
2.597e-03
2.597e-03
2.597e-03
0.000e+00
0.000e+00
0.000e+00
0.000e+00
1.299e-03
1.299e-03
0.000e+00
1.299e-03
0.000e+00
6.494e-03
0.000e+00
0.000e+00
0.000e+00
0.000e+00
0.000e+00
0.000e+00
1.299e-03
1.299e-03
1.299e-03
2.597e-03
1.299e-03
0.000e+00
5.195e-03
3.896e-03
6.494e-03
