4.270e-02
1.677e-02
8.234e-03
4.575e-03
3.355e-03
3.965e-03
4.575e-03
1.525e-03
3.355e-03
3.660e-03
1.830e-03
9.149e-04
2.440e-03
6.099e-04
2.440e-03
1.830e-03
9.149e-04
2.745e-03
3.355e-03
1.220e-03
3.050e-03
3.965e-03
3.660e-03
1.830e-03
2.745e-03
3.050e-03
1.525e-03
3.355e-03
1.830e-03
3.660e-03
2.745e-03
3.355e-03
2.135e-03
1.525e-03
3.660e-03
5.185e-03
4.575e-03
4.270e-03
3.660e-03
5.489e-03
4.575e-03
3.660e-03
3.965e-03
7.319e-03
8.234e-03
6.709e-03
5.185e-03
4.575e-03
4.270e-03
3.660e-03
5.185e-03
5.794e-03
3.355e-03
2.135e-03
4.270e-03
2.440e-03
2.440e-03
1.830e-03
3.660e-03
1.220e-03
6.099e-04
1.525e-03
1.830e-03
9.149e-04
6.099e-04
1.525e-03
3.050e-04
6.099e-04
9.149e-04
3.050e-04
3.050e-04
3.050e-04
3.050e-04
0.000e+00
3.050e-04
6.099e-04
3.050e-04
3.050e-04
3.050e-04
9.149e-04
9.149e-04
3.050e-04
6.099e-04
3.050e-04
6.099e-04
6.099e-04
3.050e-04
6.099e-04
9.149e-04
1.830e-03
6.099e-04
3.050e-04
9.149e-04
0.000e+00
0.000e+00
3.050e-04
3.050e-04
3.050e-04
6.099e-04
6.099e-04
3.050e-04
0.000e+00
0.000e+00
3.050e-04
0.000e+00
3.050e-04
3.050e-04
0.000e+00
0.000e+00
9.149e-04
3.050e-04
6.099e-04
0.000e+00
0.000e+00
3.050e-04
1.220e-03
1.830e-03
9.149e-04
1.525e-03
1.830e-03
6.099e-04
2.135e-03
2.135e-03
3.355e-03
2.745e-03
2.440e-03
4.270e-03
1.525e-03
4.575e-03
4.880e-03
4.270e-03
5.794e-03
5.185e-03
4.880e-03
6.404e-03
4.270e-03
5.794e-03
3.660e-03
4.270e-03
6.404e-03
2.135e-03
3.050e-03
4.880e-03
1.220e-03
4.575e-03
4.270e-03
4.880e-03
3.050e-03
4.270e-03
2.135e-03
3.355e-03
4.270e-03
2.745e-03
4.270e-03
2.440e-03
4.575e-03
3.965e-03
5.185e-03
3.355e-03
2.135e-03
1.525e-03
2.745e-03
1.830e-03
2.135e-03
3.050e-04
1.525e-03
1.220e-03
1.220e-03
1.220e-03
1.220e-03
1.220e-03
1.220e-03
1.525e-03
1.830e-03
3.050e-03
2.440e-03
1.830e-03
4.575e-03
7.319e-03
1.433e-02
4.026e-02
1.830e-02
6.709e-03
4.880e-03
3.355e-03
4.880e-03
3.050e-03
2.135e-03
2.745e-03
3.660e-03
2.440e-03
1.220e-03
1.525e-03
9.149e-04
1.830e-03
2.440e-03
1.220e-03
2.745e-03
3.050e-03
9.149e-04
4.575e-03
3.355e-03
3.355e-03
3.965e-03
2.440e-03
9.149e-04
2.440e-03
3.660e-03
1.830e-03
2.440e-03
4.270e-03
1.220e-03
2.745e-03
3.660e-03
2.745e-03
4.575e-03
3.660e-03
4.575e-03
3.965e-03
3.965e-03
5.794e-03
2.745e-03
4.270e-03
7.014e-03
4.270e-03
5.794e-03
5.489e-03
4.270e-03
4.880e-03
7.014e-03
3.050e-03
5.185e-03
2.440e-03
3.660e-03
5.185e-03
1.830e-03
3.050e-03
2.135e-03
2.440e-03
2.135e-03
2.135e-03
3.050e-03
0.000e+00
1.220e-03
0.000e+00
6.099e-04
1.220e-03
3.050e-04
3.050e-04
9.149e-04
0.000e+00
9.149e-04
6.099e-04
0.000e+00
3.050e-04
1.525e-03
0.000e+00
0.000e+00
3.050e-04
3.050e-04
6.099e-04
1.220e-03
3.050e-04
3.050e-04
6.099e-04
3.050e-04
3.050e-04
3.050e-04
3.050e-04
1.830e-03
6.099e-04
1.220e-03
3.050e-04
9.149e-04
0.000e+00
3.050e-04
3.050e-04
6.099e-04
3.050e-04
3.050e-04
0.000e+00
0.000e+00
3.050e-04
6.099e-04
0.000e+00
3.050e-04
0.000e+00
0.000e+00
0.000e+00
6.099e-04
6.099e-04
0.000e+00
9.149e-04
3.050e-04
6.099e-04
9.149e-04
6.099e-04
1.220e-03
1.830e-03
1.220e-03
2.745e-03
1.220e-03
6.099e-04
1.525e-03
3.050e-03
2.745e-03
4.270e-03
3.660e-03
4.575e-03
3.355e-03
3.965e-03
4.575e-03
4.270e-03
5.185e-03
4.575e-03
5.794e-03
7.929e-03
5.794e-03
5.185e-03
4.575e-03
2.745e-03
4.575e-03
5.185e-03
4.880e-03
4.575e-03
4.575e-03
5.489e-03
1.830e-03
3.050e-03
1.830e-03
5.489e-03
3.965e-03
2.440e-03
3.050e-03
6.099e-03
3.050e-03
5.489e-03
2.440e-03
2.135e-03
1.830e-03
1.220e-03
2.745e-03
2.135e-03
1.830e-03
6.099e-04
1.830e-03
2.135e-03
6.099e-04
1.525e-03
1.220e-03
9.149e-04
1.220e-03
2.135e-03
1.830e-03
2.745e-03
1.830e-03
2.135e-03
4.575e-03
7.624e-03
1.494e-02
