1.830e-03
3.355e-03
2.592e-03
2.897e-03
3.660e-03
3.965e-03
1.677e-03
1.220e-03
2.135e-03
1.677e-03
2.135e-03
1.677e-03
1.067e-03
1.982e-03
1.220e-03
1.067e-03
1.372e-03
3.355e-03
9.149e-04
1.372e-03
1.372e-03
2.135e-03
2.287e-03
1.372e-03
1.830e-03
1.677e-03
1.372e-03
2.135e-03
7.624e-04
2.287e-03
1.677e-03
1.677e-03
1.067e-03
1.372e-03
1.067e-03
1.830e-03
1.067e-03
2.440e-03
1.830e-03
2.592e-03
1.220e-03
1.372e-03
1.830e-03
1.372e-03
2.440e-03
2.287e-03
1.525e-03
1.677e-03
2.440e-03
2.440e-03
1.525e-03
1.830e-03
1.372e-03
1.220e-03
1.372e-03
1.372e-03
1.525e-03
1.677e-03
1.982e-03
1.982e-03
9.149e-04
1.372e-03
1.830e-03
1.067e-03
4.575e-04
1.067e-03
7.624e-04
7.624e-04
9.149e-04
7.624e-04
4.575e-04
6.099e-04
3.050e-04
1.067e-03
3.050e-04
1.525e-04
1.525e-04
0.000e+00
3.050e-04
4.575e-04
7.624e-04
1.525e-04
3.050e-04
1.525e-04
0.000e+00
3.050e-04
0.000e+00
7.624e-04
4.575e-04
4.575e-04
4.575e-04
6.099e-04
1.525e-04
6.099e-04
7.624e-04
4.575e-04
1.525e-04
6.099e-04
3.050e-04
1.525e-04
4.575e-04
4.575e-04
7.624e-04
4.575e-04
3.050e-04
9.149e-04
4.575e-04
3.050e-04
3.050e-04
4.575e-04
4.575e-04
6.099e-04
6.099e-04
3.050e-04
7.624e-04
1.525e-03
4.575e-04
1.982e-03
1.372e-03
1.220e-03
4.575e-04
1.372e-03
1.525e-03
1.220e-03
2.287e-03
1.525e-03
1.677e-03
1.372e-03
1.982e-03
1.220e-03
1.372e-03
2.440e-03
1.220e-03
2.287e-03
1.677e-03
1.372e-03
1.372e-03
1.982e-03
1.982e-03
1.525e-03
1.525e-03
1.982e-03
1.982e-03
2.287e-03
1.982e-03
2.287e-03
1.677e-03
1.220e-03
1.372e-03
1.830e-03
1.372e-03
1.525e-03
1.677e-03
1.982e-03
1.220e-03
1.677e-03
6.099e-04
1.830e-03
1.677e-03
1.677e-03
1.525e-03
7.624e-04
1.067e-03
1.372e-03
1.220e-03
2.287e-03
3.202e-03
1.830e-03
1.067e-03
1.830e-03
1.525e-03
2.287e-03
2.135e-03
2.287e-03
1.982e-03
3.355e-03
2.897e-03
1.372e-03
2.592e-03
1.982e-03
3.202e-03
2.897e-03
2.440e-03
3.202e-03
3.050e-03
2.897e-03
1.525e-03
2.287e-03
2.592e-03
6.099e-04
1.677e-03
6.099e-04
1.830e-03
2.592e-03
1.677e-03
1.830e-03
1.525e-03
2.440e-03
1.525e-03
1.220e-03
1.525e-03
2.745e-03
1.830e-03
2.135e-03
1.220e-03
1.525e-03
1.525e-03
1.525e-03
7.624e-04
1.220e-03
9.149e-04
2.897e-03
1.372e-03
1.372e-03
1.067e-03
1.067e-03
1.677e-03
1.982e-03
2.135e-03
1.220e-03
2.135e-03
1.372e-03
2.592e-03
1.525e-03
1.677e-03
1.982e-03
1.982e-03
1.830e-03
2.135e-03
1.982e-03
2.135e-03
1.677e-03
1.372e-03
1.067e-03
1.677e-03
6.099e-04
1.830e-03
1.372e-03
1.830e-03
9.149e-04
7.624e-04
2.135e-03
2.135e-03
1.372e-03
7.624e-04
3.050e-04
7.624e-04
1.220e-03
1.525e-03
1.525e-04
4.575e-04
1.067e-03
6.099e-04
1.525e-04
4.575e-04
0.000e+00
1.525e-04
3.050e-04
7.624e-04
0.000e+00
0.000e+00
3.050e-04
3.050e-04
6.099e-04
3.050e-04
1.525e-04
4.575e-04
4.575e-04
4.575e-04
4.575e-04
3.050e-04
1.525e-04
3.050e-04
7.624e-04
6.099e-04
3.050e-04
6.099e-04
6.099e-04
1.525e-04
1.525e-04
1.525e-04
7.624e-04
4.575e-04
9.149e-04
3.050e-04
6.099e-04
6.099e-04
6.099e-04
1.525e-04
4.575e-04
6.099e-04
7.624e-04
3.050e-04
7.624e-04
3.050e-04
7.624e-04
9.149e-04
1.372e-03
1.372e-03
7.624e-04
1.220e-03
2.135e-03
1.830e-03
1.677e-03
1.677e-03
1.372e-03
1.220e-03
1.220e-03
1.525e-03
1.372e-03
1.830e-03
1.982e-03
2.592e-03
1.525e-03
1.372e-03
1.525e-03
2.592e-03
2.287e-03
1.677e-03
9.149e-04
3.202e-03
1.220e-03
2.440e-03
2.287e-03
1.982e-03
1.982e-03
1.677e-03
1.067e-03
1.830e-03
1.677e-03
1.525e-03
1.220e-03
9.149e-04
1.372e-03
1.677e-03
2.287e-03
1.525e-03
1.525e-03
1.677e-03
7.624e-04
1.982e-03
1.220e-03
1.525e-03
7.624e-04
1.830e-03
1.220e-03
2.135e-03
2.440e-03
1.677e-03
1.372e-03
2.897e-03
1.982e-03
1.830e-03
1.677e-03
2.440e-03
3.660e-03
3.660e-03
2.287e-03
1.982e-03
2.592e-03
