8.857e-05
2.657e-04
1.771e-04
0.000e+00
8.857e-05
0.000e+00
1.771e-04
8.857e-05
8.857e-05
1.771e-04
8.857e-05
1.771e-04
0.000e+00
0.000e+00
0.000e+00
0.000e+00
0.000e+00
0.000e+00
0.000e+00
0.000e+00
8.857e-05
8.857e-05
0.000e+00
8.857e-05
2.657e-04
0.000e+00
8.857e-05
1.771e-04
8.857e-05
1.771e-04
2.657e-04
8.857e-05
4.429e-04
3.543e-04
4.429e-04
3.543e-04
2.657e-04
3.543e-04
6.200e-04
6.200e-04
8.857e-04
1.063e-03
8.857e-04
1.063e-03
1.151e-03
1.683e-03
1.417e-03
2.037e-03
1.683e-03
1.683e-03
1.151e-03
1.860e-03
3.277e-03
1.771e-03
2.126e-03
1.683e-03
2.214e-03
2.214e-03
2.746e-03
2.746e-03
2.126e-03
2.834e-03
2.569e-03
1.949e-03
3.100e-03
2.834e-03
2.834e-03
2.923e-03
2.569e-03
3.720e-03
3.189e-03
2.214e-03
3.189e-03
1.683e-03
2.391e-03
2.037e-03
2.480e-03
2.569e-03
2.746e-03
2.303e-03
3.012e-03
2.923e-03
2.214e-03
2.569e-03
2.303e-03
3.100e-03
2.391e-03
2.126e-03
3.189e-03
3.012e-03
3.543e-03
2.923e-03
2.569e-03
2.480e-03
2.569e-03
2.480e-03
2.480e-03
2.834e-03
2.923e-03
3.189e-03
2.746e-03
3.277e-03
3.543e-03
2.214e-03
3.100e-03
2.391e-03
2.569e-03
2.126e-03
2.480e-03
2.657e-03
3.366e-03
2.657e-03
2.214e-03
3.366e-03
3.366e-03
2.126e-03
2.480e-03
2.037e-03
1.949e-03
2.746e-03
2.037e-03
2.480e-03
1.329e-03
1.860e-03
1.949e-03
2.214e-03
1.594e-03
2.126e-03
2.037e-03
2.126e-03
1.771e-03
1.594e-03
1.417e-03
2.391e-03
1.860e-03
1.771e-03
1.240e-03
1.506e-03
1.240e-03
1.417e-03
7.972e-04
9.743e-04
9.743e-04
1.240e-03
4.429e-04
7.972e-04
5.314e-04
2.657e-04
1.771e-04
2.657e-04
3.543e-04
3.543e-04
2.657e-04
4.429e-04
2.657e-04
8.857e-05
8.857e-05
8.857e-05
1.771e-04
0.000e+00
1.771e-04
0.000e+00
0.000e+00
8.857e-05
8.857e-05
0.000e+00
2.657e-04
0.000e+00
1.771e-04
8.857e-05
8.857e-05
0.000e+00
0.000e+00
2.657e-04
1.771e-04
3.543e-04
0.000e+00
1.771e-04
8.857e-05
0.000e+00
4.429e-04
1.771e-04
0.000e+00
1.771e-04
2.657e-04
0.000e+00
3.543e-04
8.857e-05
4.429e-04
8.857e-05
0.000e+00
8.857e-05
8.857e-05
8.857e-05
0.000e+00
8.857e-05
8.857e-05
0.000e+00
8.857e-05
0.000e+00
1.771e-04
8.857e-05
8.857e-05
1.771e-04
1.771e-04
1.771e-04
4.429e-04
3.543e-04
1.771e-04
2.657e-04
3.543e-04
2.657e-04
2.657e-04
3.543e-04
5.314e-04
6.200e-04
1.063e-03
5.314e-04
8.857e-04
1.683e-03
1.594e-03
1.417e-03
1.417e-03
1.240e-03
8.857e-04
1.949e-03
1.683e-03
1.771e-03
1.949e-03
2.037e-03
1.329e-03
2.037e-03
1.417e-03
1.240e-03
2.834e-03
3.100e-03
1.949e-03
2.480e-03
2.657e-03
1.594e-03
2.214e-03
2.391e-03
2.391e-03
2.834e-03
2.126e-03
3.100e-03
3.543e-03
3.366e-03
2.391e-03
3.100e-03
3.012e-03
3.189e-03
1.594e-03
2.480e-03
2.569e-03
2.214e-03
2.126e-03
2.746e-03
3.189e-03
2.480e-03
3.632e-03
1.771e-03
1.771e-03
2.391e-03
2.569e-03
2.746e-03
3.012e-03
1.683e-03
2.923e-03
3.100e-03
3.012e-03
3.100e-03
2.834e-03
3.012e-03
2.657e-03
3.100e-03
2.569e-03
3.277e-03
2.569e-03
3.012e-03
2.746e-03
2.214e-03
2.923e-03
3.277e-03
2.923e-03
3.366e-03
2.303e-03
2.746e-03
2.303e-03
2.480e-03
2.480e-03
2.834e-03
2.657e-03
2.480e-03
3.189e-03
2.657e-03
2.037e-03
2.391e-03
2.923e-03
1.949e-03
2.391e-03
1.860e-03
2.126e-03
2.569e-03
1.949e-03
2.037e-03
1.683e-03
2.391e-03
1.860e-03
1.506e-03
2.303e-03
1.860e-03
2.391e-03
1.506e-03
1.771e-03
1.683e-03
9.743e-04
1.063e-03
1.240e-03
8.857e-04
1.063e-03
4.429e-04
7.972e-04
4.429e-04
4.429e-04
1.771e-04
4.429e-04
2.657e-04
4.429e-04
1.771e-04
0.000e+00
8.857e-05
1.771e-04
1.771e-04
0.000e+00
0.000e+00
8.857e-05
0.000e+00
0.000e+00
8.857e-05
0.000e+00
8.857e-05
1.771e-04
0.000e+00
0.000e+00
0.000e+00
8.857e-05
1.771e-04
1.771e-04
8.857e-05
0.000e+00
0.000e+00
0.000e+00
0.000e+00
1.771e-04
1.771e-04
1.771e-04
0.000e+00
8.857e-05
0.000e+00
