8.857e-04
5.314e-04
1.771e-04
0.000e+00
0.000e+00
0.000e+00
0.000e+00
3.543e-04
1.771e-04
0.000e+00
0.000e+00
0.000e+00
0.000e+00
0.000e+00
0.000e+00
1.771e-04
1.771e-04
0.000e+00
0.000e+00
1.771e-04
3.543e-04
1.771e-04
1.771e-04
0.000e+00
1.771e-04
1.771e-04
0.000e+00
1.771e-04
8.857e-04
5.314e-04
1.771e-04
8.857e-04
1.240e-03
3.543e-04
5.314e-04
8.857e-04
1.771e-04
8.857e-04
1.949e-03
7.086e-04
1.417e-03
2.657e-03
2.657e-03
3.720e-03
2.480e-03
2.480e-03
3.366e-03
4.960e-03
4.960e-03
5.137e-03
5.669e-03
4.783e-03
8.857e-03
3.189e-03
6.732e-03
5.846e-03
5.314e-03
1.027e-02
6.909e-03
6.554e-03
1.116e-02
7.086e-03
4.606e-03
4.429e-03
5.314e-03
5.314e-03
5.137e-03
4.606e-03
4.252e-03
4.606e-03
8.857e-03
4.783e-03
3.366e-03
3.012e-03
2.657e-03
3.189e-03
3.543e-03
2.303e-03
3.897e-03
2.126e-03
2.834e-03
3.543e-03
3.012e-03
3.189e-03
4.074e-03
3.720e-03
4.783e-03
4.783e-03
5.137e-03
5.492e-03
1.187e-02
6.200e-03
4.429e-03
3.012e-03
2.303e-03
2.834e-03
1.594e-03
1.417e-03
4.606e-03
3.366e-03
2.657e-03
4.252e-03
3.189e-03
3.366e-03
3.897e-03
3.189e-03
4.960e-03
2.834e-03
4.783e-03
4.960e-03
6.200e-03
4.606e-03
4.429e-03
3.897e-03
4.783e-03
6.732e-03
6.554e-03
5.492e-03
5.669e-03
5.669e-03
5.492e-03
6.377e-03
4.783e-03
5.846e-03
5.137e-03
6.023e-03
6.909e-03
6.732e-03
5.669e-03
4.252e-03
3.720e-03
4.783e-03
5.492e-03
5.492e-03
5.137e-03
3.189e-03
4.783e-03
2.126e-03
1.771e-03
2.126e-03
3.012e-03
1.240e-03
2.303e-03
2.303e-03
1.240e-03
2.303e-03
1.240e-03
7.086e-04
1.063e-03
7.086e-04
3.543e-04
7.086e-04
1.771e-04
7.086e-04
1.771e-04
1.771e-04
3.543e-04
0.000e+00
3.543e-04
3.543e-04
5.314e-04
5.314e-04
1.771e-04
1.771e-04
0.000e+00
3.543e-04
3.543e-04
1.771e-04
0.000e+00
1.771e-04
0.000e+00
3.543e-04
0.000e+00
1.771e-04
0.000e+00
0.000e+00
0.000e+00
0.000e+00
0.000e+00
5.314e-04
1.594e-03
7.086e-04
5.314e-04
0.000e+00
1.771e-04
0.000e+00
0.000e+00
3.543e-04
1.771e-04
0.000e+00
0.000e+00
0.000e+00
0.000e+00
1.771e-04
0.000e+00
1.771e-04
0.000e+00
3.543e-04
3.543e-04
3.543e-04
3.543e-04
1.771e-04
0.000e+00
0.000e+00
5.314e-04
1.771e-04
3.543e-04
8.857e-04
1.240e-03
7.086e-04
8.857e-04
1.594e-03
8.857e-04
5.314e-04
1.240e-03
8.857e-04
7.086e-04
8.857e-04
2.126e-03
1.771e-03
3.543e-03
3.189e-03
1.771e-03
2.834e-03
4.074e-03
3.189e-03
3.897e-03
6.200e-03
4.960e-03
5.492e-03
6.023e-03
5.846e-03
5.846e-03
5.314e-03
6.554e-03
5.846e-03
5.137e-03
1.010e-02
8.149e-03
6.732e-03
7.086e-03
6.732e-03
6.732e-03
4.429e-03
3.897e-03
4.606e-03
5.314e-03
3.189e-03
5.137e-03
6.732e-03
7.972e-03
4.074e-03
4.252e-03
3.897e-03
3.012e-03
3.012e-03
3.720e-03
3.720e-03
2.303e-03
2.657e-03
3.189e-03
3.189e-03
3.012e-03
2.480e-03
4.074e-03
3.012e-03
4.606e-03
6.377e-03
3.897e-03
6.377e-03
1.063e-02
4.783e-03
3.543e-03
5.137e-03
2.657e-03
2.480e-03
2.126e-03
2.657e-03
3.720e-03
3.720e-03
1.949e-03
4.606e-03
3.366e-03
2.834e-03
3.189e-03
4.783e-03
2.834e-03
3.897e-03
3.543e-03
4.074e-03
5.137e-03
5.846e-03
5.314e-03
3.897e-03
6.732e-03
5.314e-03
5.137e-03
6.732e-03
5.137e-03
5.669e-03
5.669e-03
5.846e-03
6.909e-03
7.263e-03
4.960e-03
7.440e-03
5.137e-03
6.023e-03
5.314e-03
3.366e-03
8.326e-03
5.314e-03
4.429e-03
2.657e-03
3.897e-03
3.897e-03
2.303e-03
2.303e-03
1.771e-03
2.126e-03
2.303e-03
1.949e-03
1.949e-03
5.314e-04
2.303e-03
8.857e-04
5.314e-04
7.086e-04
3.543e-04
8.857e-04
1.771e-04
7.086e-04
1.771e-04
7.086e-04
3.543e-04
3.543e-04
0.000e+00
0.000e+00
0.000e+00
7.086e-04
0.000e+00
0.000e+00
0.000e+00
0.000e+00
1.771e-04
1.771e-04
0.000e+00
1.771e-04
0.000e+00
0.000e+00
0.000e+00
0.000e+00
0.000e+00
1.771e-04
0.000e+00
0.000e+00
0.000e+00
0.000e+00
0.000e+00
5.314e-04
