3.052e-03
1.882e-03
6.103e-04
7.629e-04
8.138e-04
3.052e-04
4.577e-04
5.595e-04
6.612e-04
6.612e-04
4.577e-04
3.052e-04
1.526e-04
3.052e-04
4.069e-04
5.595e-04
2.543e-04
5.595e-04
5.595e-04
3.560e-04
7.120e-04
6.612e-04
6.103e-04
9.663e-04
1.170e-03
9.155e-04
1.119e-03
1.119e-03
1.221e-03
1.577e-03
1.322e-03
1.424e-03
1.628e-03
1.322e-03
1.628e-03
1.628e-03
1.119e-03
1.577e-03
2.034e-03
1.780e-03
1.678e-03
1.780e-03
1.628e-03
1.882e-03
1.628e-03
1.678e-03
1.373e-03
1.729e-03
1.831e-03
1.424e-03
1.526e-03
1.831e-03
2.441e-03
1.882e-03
1.882e-03
1.628e-03
1.780e-03
1.984e-03
2.085e-03
2.085e-03
1.577e-03
1.882e-03
1.984e-03
1.424e-03
2.085e-03
1.831e-03
1.831e-03
1.933e-03
1.780e-03
2.187e-03
2.085e-03
1.475e-03
1.984e-03
1.170e-03
1.526e-03
1.221e-03
1.424e-03
1.526e-03
1.678e-03
1.628e-03
1.831e-03
1.729e-03
1.373e-03
1.577e-03
1.424e-03
1.831e-03
1.526e-03
1.322e-03
1.831e-03
1.780e-03
2.289e-03
1.831e-03
1.628e-03
1.526e-03
1.475e-03
1.526e-03
1.424e-03
1.628e-03
1.882e-03
1.831e-03
1.678e-03
1.984e-03
2.085e-03
1.322e-03
1.984e-03
1.475e-03
1.526e-03
1.271e-03
1.577e-03
1.628e-03
2.136e-03
1.577e-03
1.628e-03
2.034e-03
1.933e-03
1.475e-03
1.780e-03
1.577e-03
1.729e-03
1.831e-03
1.322e-03
1.933e-03
1.119e-03
1.577e-03
1.678e-03
2.136e-03
1.729e-03
2.289e-03
1.933e-03
1.933e-03
1.526e-03
1.526e-03
1.577e-03
2.136e-03
1.831e-03
1.678e-03
1.526e-03
1.984e-03
1.271e-03
1.373e-03
1.628e-03
1.221e-03
1.475e-03
1.729e-03
1.271e-03
2.238e-03
1.577e-03
1.628e-03
1.271e-03
1.170e-03
1.780e-03
1.068e-03
9.155e-04
9.155e-04
1.017e-03
9.663e-04
7.629e-04
8.138e-04
7.120e-04
3.052e-04
6.612e-04
4.069e-04
5.086e-04
4.069e-04
4.069e-04
1.526e-04
3.560e-04
2.543e-04
3.560e-04
7.120e-04
8.646e-04
4.069e-04
3.560e-04
3.560e-04
7.629e-04
1.119e-03
6.612e-04
1.271e-03
1.170e-03
9.663e-04
7.120e-03
1.322e-03
9.663e-04
1.017e-03
8.138e-04
6.612e-04
9.663e-04
9.155e-04
6.612e-04
7.629e-04
5.086e-04
7.120e-04
5.086e-04
4.577e-04
5.086e-04
3.052e-04
6.103e-04
7.120e-04
6.612e-04
6.103e-04
5.086e-04
7.120e-04
6.612e-04
8.646e-04
1.068e-03
1.271e-03
1.373e-03
1.068e-03
1.322e-03
1.322e-03
1.831e-03
1.221e-03
1.424e-03
1.628e-03
1.577e-03
1.373e-03
1.526e-03
1.933e-03
2.085e-03
2.034e-03
2.289e-03
1.780e-03
1.628e-03
1.577e-03
1.068e-03
2.136e-03
1.729e-03
1.577e-03
1.882e-03
1.526e-03
1.424e-03
1.475e-03
1.475e-03
1.424e-03
2.340e-03
2.390e-03
1.577e-03
1.933e-03
2.390e-03
1.424e-03
1.780e-03
1.780e-03
1.780e-03
1.933e-03
1.729e-03
2.085e-03
2.187e-03
2.238e-03
1.678e-03
2.034e-03
1.933e-03
1.831e-03
1.170e-03
1.577e-03
1.577e-03
1.271e-03
1.271e-03
1.729e-03
1.933e-03
1.526e-03
2.187e-03
1.068e-03
1.221e-03
1.373e-03
1.678e-03
1.678e-03
1.780e-03
1.017e-03
1.780e-03
1.933e-03
1.882e-03
1.933e-03
1.678e-03
1.780e-03
1.678e-03
1.780e-03
1.475e-03
1.882e-03
1.678e-03
1.729e-03
1.577e-03
1.322e-03
1.831e-03
1.984e-03
1.729e-03
1.984e-03
1.424e-03
1.628e-03
1.373e-03
1.526e-03
1.780e-03
1.780e-03
1.882e-03
1.780e-03
1.933e-03
1.678e-03
1.373e-03
1.577e-03
1.882e-03
1.475e-03
1.678e-03
1.526e-03
1.577e-03
2.085e-03
1.882e-03
1.882e-03
1.628e-03
2.085e-03
1.526e-03
1.933e-03
2.085e-03
1.577e-03
2.085e-03
1.831e-03
1.729e-03
2.034e-03
1.373e-03
1.577e-03
1.475e-03
1.068e-03
1.577e-03
1.068e-03
1.526e-03
1.373e-03
1.577e-03
1.729e-03
1.678e-03
1.017e-03
1.831e-03
1.577e-03
1.526e-03
9.663e-04
8.138e-04
9.155e-04
9.155e-04
6.103e-04
4.577e-04
1.170e-03
5.086e-04
5.086e-04
2.543e-04
5.086e-04
4.069e-04
3.560e-04
2.034e-04
1.526e-04
3.052e-04
2.034e-04
4.069e-04
4.577e-04
6.103e-04
2.543e-04
3.052e-04
5.595e-04
3.560e-04
4.069e-04
8.138e-04
7.120e-04
1.322e-03
1.628e-03
