2.136e-03
7.120e-04
3.052e-04
0.000e+00
0.000e+00
0.000e+00
0.000e+00
2.034e-04
1.017e-04
2.034e-04
0.000e+00
1.017e-04
1.017e-04
1.017e-04
1.017e-04
2.034e-04
3.052e-04
4.069e-04
2.034e-04
5.086e-04
4.069e-04
6.103e-04
7.120e-04
7.120e-04
1.017e-03
1.526e-03
1.424e-03
1.322e-03
1.628e-03
1.017e-03
3.052e-04
9.155e-04
1.119e-03
4.069e-04
7.120e-04
1.729e-03
1.526e-03
1.933e-03
4.883e-03
7.629e-03
1.027e-02
2.106e-02
1.566e-02
4.374e-03
3.458e-03
1.831e-03
4.272e-03
4.069e-03
3.967e-03
5.188e-03
5.188e-03
6.001e-03
7.731e-03
3.052e-03
5.696e-03
4.984e-03
4.272e-03
6.408e-03
4.781e-03
4.272e-03
6.815e-03
4.476e-03
3.153e-03
3.255e-03
3.357e-03
3.764e-03
3.255e-03
2.848e-03
2.848e-03
2.848e-03
5.493e-03
3.052e-03
2.136e-03
1.933e-03
1.831e-03
2.136e-03
2.136e-03
1.424e-03
2.340e-03
1.221e-03
1.933e-03
2.034e-03
1.831e-03
1.831e-03
2.340e-03
2.238e-03
3.255e-03
3.052e-03
3.153e-03
3.153e-03
6.917e-03
3.967e-03
2.645e-03
1.933e-03
1.526e-03
1.628e-03
1.221e-03
8.138e-04
2.645e-03
1.933e-03
1.526e-03
2.645e-03
1.933e-03
2.034e-03
2.238e-03
1.831e-03
2.950e-03
1.729e-03
2.746e-03
2.848e-03
3.662e-03
2.746e-03
2.746e-03
2.543e-03
3.153e-03
4.069e-03
3.967e-03
3.560e-03
3.560e-03
3.865e-03
3.764e-03
4.781e-03
3.662e-03
4.577e-03
4.272e-03
5.188e-03
5.595e-03
5.696e-03
4.679e-03
5.595e-03
3.357e-03
4.170e-03
4.781e-03
3.560e-03
3.865e-03
3.052e-03
3.662e-03
3.560e-03
1.678e-02
1.597e-02
1.129e-02
6.713e-03
4.272e-03
2.950e-03
2.034e-03
1.526e-03
8.138e-04
9.155e-04
8.138e-04
8.138e-04
5.086e-04
1.322e-03
1.221e-03
1.831e-03
2.340e-03
1.221e-03
1.526e-03
8.138e-04
1.017e-03
7.120e-04
7.120e-04
7.120e-04
6.103e-04
2.034e-04
1.017e-04
4.069e-04
2.034e-04
1.017e-04
0.000e+00
2.034e-04
4.069e-04
5.086e-04
2.034e-04
6.103e-04
4.069e-04
6.103e-04
6.103e-04
1.017e-03
1.526e-03
2.136e-03
9.256e-03
2.136e-03
2.034e-03
5.086e-04
8.138e-04
0.000e+00
1.017e-04
6.103e-04
2.034e-04
2.034e-04
1.017e-04
1.017e-04
1.017e-04
3.052e-04
2.034e-04
3.052e-04
4.069e-04
4.069e-04
3.052e-04
5.086e-04
7.120e-04
7.120e-04
7.120e-04
8.138e-04
1.424e-03
1.424e-03
1.729e-03
1.322e-03
1.221e-03
1.119e-03
7.120e-04
1.526e-03
5.086e-04
4.069e-04
9.155e-04
1.729e-03
1.729e-03
1.933e-03
5.391e-03
7.527e-03
1.180e-02
2.116e-02
1.485e-02
3.560e-03
3.764e-03
2.340e-03
3.255e-03
5.595e-03
3.764e-03
4.577e-03
5.289e-03
4.679e-03
5.900e-03
5.493e-03
4.679e-03
4.272e-03
4.476e-03
6.510e-03
6.001e-03
4.781e-03
5.086e-03
4.272e-03
4.476e-03
3.052e-03
2.848e-03
2.746e-03
3.357e-03
2.238e-03
3.255e-03
4.374e-03
5.086e-03
2.441e-03
2.441e-03
2.645e-03
1.831e-03
1.729e-03
2.238e-03
2.340e-03
1.424e-03
1.628e-03
1.831e-03
2.034e-03
1.831e-03
1.424e-03
2.848e-03
1.831e-03
2.848e-03
3.662e-03
2.441e-03
3.764e-03
6.205e-03
3.560e-03
2.034e-03
3.153e-03
1.526e-03
1.526e-03
1.424e-03
1.526e-03
2.543e-03
2.136e-03
1.322e-03
2.645e-03
2.034e-03
1.628e-03
1.933e-03
2.950e-03
1.831e-03
2.543e-03
2.136e-03
2.441e-03
3.052e-03
3.458e-03
3.153e-03
2.441e-03
4.170e-03
3.052e-03
3.255e-03
3.967e-03
3.458e-03
3.662e-03
3.865e-03
3.560e-03
4.984e-03
5.696e-03
3.662e-03
6.205e-03
4.170e-03
5.086e-03
5.595e-03
3.560e-03
8.341e-03
4.781e-03
3.458e-03
3.255e-03
2.848e-03
4.069e-03
2.340e-03
3.865e-03
1.699e-02
1.678e-02
1.099e-02
6.815e-03
4.069e-03
2.136e-03
2.543e-03
8.138e-04
5.086e-04
8.138e-04
3.052e-04
1.017e-03
7.120e-04
1.017e-03
1.831e-03
1.526e-03
1.933e-03
1.729e-03
1.017e-03
9.155e-04
5.086e-04
7.120e-04
5.086e-04
5.086e-04
4.069e-04
2.034e-04
1.017e-04
3.052e-04
2.034e-04
1.017e-04
0.000e+00
0.000e+00
2.034e-04
3.052e-04
0.000e+00
1.017e-04
4.069e-04
2.034e-04
0.000e+00
2.034e-04
1.017e-04
4.069e-04
