3.168e-03
2.321e-03
1.142e-03
1.363e-03
1.510e-03
1.252e-03
8.841e-04
7.736e-04
1.031e-03
9.209e-04
8.841e-04
6.631e-04
3.684e-04
6.999e-04
5.894e-04
6.631e-04
5.526e-04
1.252e-03
6.631e-04
5.894e-04
8.841e-04
9.946e-04
9.946e-04
1.031e-03
1.326e-03
1.068e-03
1.216e-03
1.363e-03
1.068e-03
1.731e-03
1.363e-03
1.437e-03
1.510e-03
1.400e-03
1.474e-03
1.621e-03
1.142e-03
1.768e-03
1.916e-03
1.916e-03
1.547e-03
1.621e-03
1.621e-03
1.731e-03
1.768e-03
1.805e-03
1.363e-03
1.731e-03
1.916e-03
1.658e-03
1.510e-03
1.916e-03
2.137e-03
1.658e-03
1.731e-03
1.547e-03
1.658e-03
1.842e-03
1.989e-03
2.026e-03
1.363e-03
1.695e-03
1.879e-03
1.326e-03
1.621e-03
1.584e-03
1.584e-03
1.658e-03
1.547e-03
1.879e-03
1.658e-03
1.252e-03
1.584e-03
1.216e-03
1.216e-03
9.578e-04
1.068e-03
1.142e-03
1.326e-03
1.289e-03
1.510e-03
1.326e-03
1.068e-03
1.179e-03
1.031e-03
1.400e-03
1.105e-03
1.142e-03
1.437e-03
1.400e-03
1.768e-03
1.474e-03
1.216e-03
1.252e-03
1.252e-03
1.216e-03
1.068e-03
1.363e-03
1.437e-03
1.400e-03
1.363e-03
1.547e-03
1.695e-03
1.068e-03
1.510e-03
1.326e-03
1.326e-03
1.031e-03
1.216e-03
1.289e-03
1.768e-03
1.363e-03
1.437e-03
1.658e-03
1.584e-03
1.474e-03
1.437e-03
1.621e-03
1.584e-03
1.621e-03
1.105e-03
1.731e-03
1.289e-03
1.474e-03
1.879e-03
1.989e-03
1.731e-03
2.063e-03
1.989e-03
1.768e-03
1.474e-03
1.731e-03
1.510e-03
2.210e-03
1.768e-03
1.621e-03
1.437e-03
1.952e-03
1.400e-03
1.437e-03
1.547e-03
1.363e-03
1.547e-03
1.842e-03
1.400e-03
2.247e-03
1.547e-03
1.474e-03
1.252e-03
1.326e-03
1.621e-03
1.142e-03
1.068e-03
1.142e-03
1.068e-03
1.142e-03
6.999e-04
1.031e-03
9.578e-04
6.262e-04
8.841e-04
5.157e-04
6.631e-04
7.368e-04
6.262e-04
7.736e-04
1.031e-03
6.631e-04
5.894e-04
1.105e-03
1.031e-03
9.209e-04
9.209e-04
8.473e-04
1.142e-03
1.768e-03
1.252e-03
1.510e-03
1.695e-03
1.474e-03
8.252e-03
1.842e-03
1.437e-03
1.621e-03
1.547e-03
1.289e-03
1.179e-03
1.437e-03
1.252e-03
6.999e-04
8.473e-04
7.368e-04
8.104e-04
1.031e-03
8.104e-04
6.999e-04
8.104e-04
1.142e-03
9.578e-04
7.368e-04
7.736e-04
1.216e-03
9.209e-04
1.142e-03
1.105e-03
1.400e-03
1.400e-03
1.142e-03
1.142e-03
1.252e-03
1.547e-03
1.584e-03
1.363e-03
1.547e-03
1.437e-03
1.289e-03
1.584e-03
1.879e-03
2.063e-03
1.879e-03
2.247e-03
1.621e-03
1.805e-03
1.547e-03
1.216e-03
2.063e-03
1.768e-03
1.621e-03
1.989e-03
1.584e-03
1.584e-03
1.474e-03
1.474e-03
1.289e-03
2.100e-03
1.879e-03
1.584e-03
1.731e-03
2.173e-03
1.252e-03
1.474e-03
1.805e-03
1.842e-03
1.731e-03
1.474e-03
1.621e-03
1.842e-03
1.952e-03
1.658e-03
1.547e-03
1.510e-03
1.621e-03
1.179e-03
1.216e-03
1.326e-03
9.209e-04
9.946e-04
1.400e-03
1.621e-03
1.105e-03
1.584e-03
8.473e-04
9.578e-04
1.142e-03
1.326e-03
1.252e-03
1.400e-03
8.473e-04
1.400e-03
1.510e-03
1.437e-03
1.437e-03
1.289e-03
1.474e-03
1.400e-03
1.363e-03
1.216e-03
1.510e-03
1.252e-03
1.289e-03
1.179e-03
1.142e-03
1.474e-03
1.768e-03
1.326e-03
1.621e-03
1.252e-03
1.437e-03
1.068e-03
1.289e-03
1.437e-03
1.510e-03
1.474e-03
1.584e-03
1.510e-03
1.437e-03
1.252e-03
1.510e-03
1.695e-03
1.252e-03
1.510e-03
1.658e-03
1.658e-03
1.952e-03
1.805e-03
1.805e-03
1.510e-03
1.916e-03
1.547e-03
1.952e-03
2.026e-03
1.695e-03
2.247e-03
1.695e-03
1.658e-03
1.842e-03
1.658e-03
1.768e-03
1.510e-03
9.946e-04
1.916e-03
1.068e-03
1.695e-03
1.547e-03
1.695e-03
1.731e-03
1.658e-03
1.031e-03
1.768e-03
1.547e-03
1.510e-03
1.031e-03
8.841e-04
1.068e-03
1.142e-03
9.946e-04
6.999e-04
1.216e-03
7.736e-04
5.894e-04
6.999e-04
6.631e-04
6.999e-04
4.421e-04
7.736e-04
4.052e-04
7.368e-04
7.368e-04
6.999e-04
6.631e-04
1.142e-03
6.999e-04
6.999e-04
8.473e-04
9.578e-04
1.216e-03
1.474e-03
1.216e-03
1.621e-03
1.989e-03
