1.363e-02
4.863e-03
2.284e-03
1.105e-03
8.104e-04
1.031e-03
1.105e-03
5.157e-04
8.841e-04
1.179e-03
5.157e-04
2.947e-04
6.631e-04
3.684e-04
8.841e-04
6.631e-04
4.421e-04
1.105e-03
1.031e-03
6.631e-04
1.031e-03
1.400e-03
1.400e-03
9.578e-04
1.400e-03
1.842e-03
1.400e-03
1.768e-03
1.768e-03
1.621e-03
1.031e-03
1.547e-03
1.474e-03
8.841e-04
1.474e-03
2.579e-03
2.358e-03
2.431e-03
4.421e-03
6.926e-03
8.767e-03
1.613e-02
1.238e-02
5.157e-03
4.642e-03
3.094e-03
4.347e-03
4.126e-03
3.978e-03
4.642e-03
5.084e-03
5.747e-03
6.483e-03
2.726e-03
5.231e-03
4.200e-03
3.831e-03
5.231e-03
4.568e-03
3.389e-03
5.157e-03
3.610e-03
2.726e-03
2.579e-03
2.579e-03
3.389e-03
2.431e-03
2.210e-03
2.284e-03
2.137e-03
4.052e-03
2.284e-03
1.621e-03
1.400e-03
1.400e-03
1.695e-03
1.621e-03
1.105e-03
1.768e-03
1.105e-03
1.621e-03
1.547e-03
1.474e-03
1.400e-03
1.842e-03
1.768e-03
2.431e-03
2.358e-03
2.505e-03
2.726e-03
5.157e-03
2.947e-03
2.137e-03
1.474e-03
1.105e-03
1.400e-03
9.578e-04
6.631e-04
2.063e-03
1.547e-03
1.179e-03
1.916e-03
1.400e-03
1.695e-03
1.621e-03
1.400e-03
2.431e-03
1.326e-03
1.989e-03
2.284e-03
2.873e-03
2.137e-03
1.989e-03
1.842e-03
2.579e-03
3.315e-03
3.463e-03
2.800e-03
2.947e-03
3.242e-03
2.873e-03
3.978e-03
3.168e-03
4.347e-03
3.757e-03
4.421e-03
5.157e-03
4.715e-03
4.568e-03
5.378e-03
3.463e-03
4.568e-03
4.789e-03
3.978e-03
4.494e-03
3.536e-03
4.421e-03
3.978e-03
1.334e-02
1.326e-02
8.767e-03
5.820e-03
4.494e-03
2.579e-03
2.579e-03
2.137e-03
1.768e-03
1.400e-03
1.621e-03
1.105e-03
1.179e-03
2.063e-03
1.695e-03
2.358e-03
2.284e-03
1.989e-03
2.137e-03
1.989e-03
1.621e-03
1.031e-03
8.841e-04
1.252e-03
8.841e-04
6.631e-04
1.474e-04
8.104e-04
4.421e-04
3.684e-04
2.947e-04
5.894e-04
7.368e-04
9.578e-04
5.894e-04
1.031e-03
1.105e-03
1.105e-03
8.841e-04
2.137e-03
3.094e-03
6.483e-03
2.336e-02
6.852e-03
3.242e-03
1.695e-03
1.400e-03
1.326e-03
8.104e-04
9.578e-04
8.104e-04
1.031e-03
6.631e-04
4.421e-04
5.157e-04
4.421e-04
7.368e-04
8.104e-04
5.894e-04
9.578e-04
1.179e-03
5.894e-04
1.621e-03
1.400e-03
1.326e-03
1.547e-03
1.621e-03
1.252e-03
1.842e-03
1.916e-03
1.326e-03
1.400e-03
1.621e-03
1.400e-03
1.179e-03
1.400e-03
1.326e-03
2.579e-03
2.210e-03
2.579e-03
5.010e-03
6.410e-03
1.009e-02
1.606e-02
1.201e-02
4.421e-03
3.905e-03
3.094e-03
3.684e-03
5.231e-03
3.978e-03
5.010e-03
4.568e-03
4.642e-03
4.936e-03
4.863e-03
4.715e-03
3.831e-03
3.978e-03
5.378e-03
5.010e-03
3.978e-03
4.273e-03
3.831e-03
3.242e-03
2.579e-03
2.063e-03
2.358e-03
2.800e-03
1.695e-03
2.431e-03
3.389e-03
3.684e-03
1.989e-03
1.916e-03
1.916e-03
1.400e-03
1.621e-03
1.621e-03
1.768e-03
1.105e-03
1.252e-03
1.547e-03
1.768e-03
1.400e-03
1.105e-03
2.210e-03
1.400e-03
2.137e-03
2.726e-03
1.842e-03
3.168e-03
4.642e-03
2.873e-03
1.547e-03
2.505e-03
1.105e-03
1.326e-03
1.105e-03
1.252e-03
1.916e-03
1.621e-03
9.578e-04
1.989e-03
1.547e-03
1.326e-03
1.400e-03
2.284e-03
1.474e-03
1.916e-03
1.695e-03
1.989e-03
2.358e-03
2.505e-03
2.505e-03
1.842e-03
3.168e-03
2.726e-03
2.505e-03
3.242e-03
2.947e-03
3.021e-03
3.463e-03
2.873e-03
3.757e-03
4.568e-03
3.536e-03
5.157e-03
4.273e-03
4.789e-03
5.231e-03
3.389e-03
7.073e-03
4.642e-03
3.978e-03
3.757e-03
3.389e-03
4.568e-03
3.757e-03
4.568e-03
1.378e-02
1.348e-02
8.841e-03
6.483e-03
4.200e-03
2.800e-03
2.947e-03
1.695e-03
1.695e-03
1.031e-03
9.578e-04
1.252e-03
1.842e-03
1.695e-03
2.137e-03
1.842e-03
2.873e-03
2.063e-03
2.210e-03
1.326e-03
9.578e-04
9.578e-04
7.368e-04
1.105e-03
8.104e-04
5.894e-04
2.210e-04
8.104e-04
6.631e-04
2.210e-04
3.684e-04
2.947e-04
5.894e-04
7.368e-04
5.894e-04
5.157e-04
9.578e-04
5.894e-04
5.894e-04
1.252e-03
2.210e-03
4.568e-03
