3.067e-03
0.000e+00
0.000e+00
3.067e-03
0.000e+00
0.000e+00
0.000e+00
0.000e+00
0.000e+00
0.000e+00
3.067e-03
0.000e+00
0.000e+00
0.000e+00
0.000e+00
0.000e+00
0.000e+00
0.000e+00
0.000e+00
0.000e+00
0.000e+00
0.000e+00
0.000e+00
3.067e-03
0.000e+00
0.000e+00
0.000e+00
3.067e-03
0.000e+00
0.000e+00
3.067e-03
0.000e+00
0.000e+00
0.000e+00
0.000e+00
0.000e+00
0.000e+00
0.000e+00
6.135e-03
0.000e+00
3.067e-03
0.000e+00
3.067e-03
3.067e-03
6.135e-03
0.000e+00
3.067e-03
0.000e+00
9.202e-03
6.135e-03
3.067e-03
9.202e-03
3.067e-03
1.534e-02
6.135e-03
1.534e-02
9.202e-03
1.840e-02
1.840e-02
1.840e-02
1.227e-02
6.135e-03
1.840e-02
6.135e-03
1.227e-02
9.202e-03
0.000e+00
3.067e-03
9.202e-03
0.000e+00
0.000e+00
0.000e+00
0.000e+00
6.135e-03
3.067e-03
6.135e-03
0.000e+00
0.000e+00
0.000e+00
3.067e-03
9.202e-03
9.202e-03
0.000e+00
0.000e+00
3.067e-03
3.067e-03
0.000e+00
0.000e+00
3.067e-03
0.000e+00
0.000e+00
0.000e+00
0.000e+00
0.000e+00
3.067e-03
0.000e+00
0.000e+00
0.000e+00
0.000e+00
0.000e+00
0.000e+00
0.000e+00
0.000e+00
0.000e+00
3.067e-03
0.000e+00
0.000e+00
3.067e-03
3.067e-03
0.000e+00
3.067e-03
0.000e+00
3.067e-03
0.000e+00
0.000e+00
0.000e+00
0.000e+00
0.000e+00
3.067e-03
3.067e-03
0.000e+00
0.000e+00
6.135e-03
0.000e+00
0.000e+00
0.000e+00
0.000e+00
0.000e+00
0.000e+00
0.000e+00
0.000e+00
0.000e+00
0.000e+00
0.000e+00
0.000e+00
0.000e+00
0.000e+00
0.000e+00
0.000e+00
0.000e+00
0.000e+00
0.000e+00
0.000e+00
0.000e+00
0.000e+00
0.000e+00
0.000e+00
0.000e+00
0.000e+00
0.000e+00
3.067e-03
0.000e+00
3.067e-03
0.000e+00
6.135e-03
0.000e+00
0.000e+00
0.000e+00
0.000e+00
3.067e-03
3.067e-03
3.067e-03
0.000e+00
3.067e-03
3.067e-03
0.000e+00
3.067e-03
3.067e-03
6.135e-03
3.067e-03
6.135e-03
1.840e-02
6.135e-03
9.202e-03
3.067e-03
3.067e-03
9.202e-03
1.534e-02
1.227e-02
9.202e-03
1.227e-02
1.534e-02
1.534e-02
1.534e-02
6.135e-03
9.202e-03
9.202e-03
3.067e-03
3.067e-03
6.135e-03
6.135e-03
6.135e-03
3.067e-03
3.067e-03
3.067e-03
0.000e+00
3.067e-03
3.067e-03
0.000e+00
0.000e+00
0.000e+00
3.067e-03
6.135e-03
9.202e-03
3.067e-03
0.000e+00
0.000e+00
3.067e-03
0.000e+00
0.000e+00
3.067e-03
0.000e+00
0.000e+00
3.067e-03
3.067e-03
3.067e-03
3.067e-03
0.000e+00
3.067e-03
3.067e-03
3.067e-03
0.000e+00
0.000e+00
3.067e-03
3.067e-03
0.000e+00
0.000e+00
0.000e+00
3.067e-03
0.000e+00
0.000e+00
0.000e+00
3.067e-03
6.135e-03
0.000e+00
0.000e+00
0.000e+00
0.000e+00
0.000e+00
0.000e+00
6.135e-03
0.000e+00
0.000e+00
3.067e-03
0.000e+00
0.000e+00
0.000e+00
0.000e+00
0.000e+00
0.000e+00
0.000e+00
0.000e+00
0.000e+00
0.000e+00
0.000e+00
0.000e+00
0.000e+00
0.000e+00
0.000e+00
0.000e+00
3.067e-03
0.000e+00
0.000e+00
0.000e+00
0.000e+00
0.000e+00
0.000e+00
0.000e+00
3.067e-03
0.000e+00
0.000e+00
3.067e-03
0.000e+00
3.067e-03
0.000e+00
3.067e-03
3.067e-03
3.067e-03
3.067e-03
0.000e+00
0.000e+00
0.000e+00
3.067e-03
3.067e-03
3.067e-03
6.135e-03
3.067e-03
3.067e-03
0.000e+00
3.067e-03
0.000e+00
1.227e-02
6.135e-03
1.534e-02
9.202e-03
1.227e-02
1.227e-02
3.067e-03
9.202e-03
3.067e-03
6.135e-03
1.227e-02
1.227e-02
3.067e-03
9.202e-03
1.227e-02
1.227e-02
3.067e-03
2.454e-02
6.135e-03
1.227e-02
6.135e-03
6.135e-03
1.227e-02
6.135e-03
3.067e-03
6.135e-03
3.067e-03
6.135e-03
6.135e-03
3.067e-03
0.000e+00
3.067e-03
3.067e-03
0.000e+00
3.067e-03
0.000e+00
0.000e+00
0.000e+00
0.000e+00
6.135e-03
0.000e+00
0.000e+00
0.000e+00
0.000e+00
0.000e+00
0.000e+00
0.000e+00
0.000e+00
0.000e+00
0.000e+00
0.000e+00
0.000e+00
3.067e-03
0.000e+00
0.000e+00
0.000e+00
3.067e-03
0.000e+00
0.000e+00
3.067e-03
0.000e+00
0.000e+00
0.000e+00
0.000e+00
0.000e+00
0.000e+00
3.067e-03
3.067e-03
3.067e-03
