0.000e+00
0.000e+00
1.534e-03
0.000e+00
0.000e+00
0.000e+00
1.534e-03
0.000e+00
0.000e+00
0.000e+00
0.000e+00
0.000e+00
0.000e+00
0.000e+00
0.000e+00
0.000e+00
0.000e+00
0.000e+00
0.000e+00
0.000e+00
0.000e+00
0.000e+00
1.534e-03
0.000e+00
0.000e+00
0.000e+00
0.000e+00
0.000e+00
1.534e-03
0.000e+00
0.000e+00
0.000e+00
1.534e-03
0.000e+00
0.000e+00
1.534e-03
0.000e+00
1.534e-03
0.000e+00
4.601e-03
0.000e+00
0.000e+00
0.000e+00
3.067e-03
1.534e-03
1.534e-03
1.534e-03
3.067e-03
1.534e-03
1.534e-03
6.135e-03
0.000e+00
6.135e-03
4.601e-03
6.135e-03
4.601e-03
1.534e-03
4.601e-03
3.067e-03
3.067e-03
1.074e-02
4.601e-03
4.601e-03
3.067e-03
3.067e-03
7.669e-03
9.202e-03
1.534e-03
6.135e-03
1.534e-03
0.000e+00
6.135e-03
1.534e-03
3.067e-03
0.000e+00
0.000e+00
1.534e-03
1.534e-03
1.534e-03
4.601e-03
3.067e-03
0.000e+00
3.067e-03
1.534e-03
0.000e+00
0.000e+00
0.000e+00
0.000e+00
1.534e-03
0.000e+00
0.000e+00
1.534e-03
0.000e+00
0.000e+00
0.000e+00
1.534e-03
0.000e+00
0.000e+00
0.000e+00
0.000e+00
0.000e+00
0.000e+00
1.534e-03
1.534e-03
1.534e-03
0.000e+00
0.000e+00
0.000e+00
0.000e+00
0.000e+00
0.000e+00
0.000e+00
0.000e+00
0.000e+00
0.000e+00
0.000e+00
0.000e+00
0.000e+00
0.000e+00
1.534e-03
0.000e+00
0.000e+00
0.000e+00
0.000e+00
0.000e+00
0.000e+00
1.534e-03
0.000e+00
0.000e+00
0.000e+00
0.000e+00
0.000e+00
0.000e+00
0.000e+00
0.000e+00
0.000e+00
0.000e+00
0.000e+00
0.000e+00
1.534e-03
0.000e+00
0.000e+00
0.000e+00
0.000e+00
0.000e+00
0.000e+00
0.000e+00
3.067e-03
0.000e+00
0.000e+00
0.000e+00
3.067e-03
0.000e+00
1.534e-03
1.534e-03
0.000e+00
0.000e+00
1.534e-03
1.534e-03
3.067e-03
0.000e+00
3.067e-03
1.534e-03
0.000e+00
1.534e-03
3.067e-03
3.067e-03
1.534e-03
1.534e-03
1.534e-03
1.534e-03
3.067e-03
6.135e-03
6.135e-03
1.534e-03
3.067e-03
1.074e-02
1.534e-03
0.000e+00
3.067e-03
3.067e-03
3.067e-03
3.067e-03
4.601e-03
6.135e-03
4.601e-03
3.067e-03
6.135e-03
1.074e-02
3.067e-03
1.534e-03
3.067e-03
3.067e-03
0.000e+00
3.067e-03
4.601e-03
3.067e-03
0.000e+00
0.000e+00
0.000e+00
1.534e-03
1.534e-03
0.000e+00
1.534e-03
1.534e-03
3.067e-03
1.534e-03
0.000e+00
1.534e-03
0.000e+00
0.000e+00
3.067e-03
1.534e-03
3.067e-03
1.534e-03
0.000e+00
1.534e-03
0.000e+00
0.000e+00
1.534e-03
0.000e+00
0.000e+00
1.534e-03
3.067e-03
0.000e+00
0.000e+00
0.000e+00
0.000e+00
0.000e+00
1.534e-03
0.000e+00
0.000e+00
1.534e-03
0.000e+00
0.000e+00
0.000e+00
1.534e-03
0.000e+00
0.000e+00
0.000e+00
0.000e+00
0.000e+00
0.000e+00
0.000e+00
0.000e+00
0.000e+00
0.000e+00
0.000e+00
0.000e+00
0.000e+00
0.000e+00
0.000e+00
1.534e-03
0.000e+00
1.534e-03
0.000e+00
0.000e+00
0.000e+00
0.000e+00
0.000e+00
0.000e+00
0.000e+00
0.000e+00
0.000e+00
0.000e+00
3.067e-03
0.000e+00
0.000e+00
1.534e-03
0.000e+00
0.000e+00
0.000e+00
3.067e-03
0.000e+00
3.067e-03
0.000e+00
3.067e-03
1.534e-03
0.000e+00
0.000e+00
1.534e-03
1.534e-03
4.601e-03
0.000e+00
1.534e-03
1.534e-03
4.601e-03
3.067e-03
6.135e-03
3.067e-03
1.534e-03
4.601e-03
6.135e-03
1.534e-03
1.534e-03
3.067e-03
4.601e-03
6.135e-03
6.135e-03
3.067e-03
6.135e-03
9.202e-03
6.135e-03
6.135e-03
1.227e-02
3.067e-03
3.067e-03
3.067e-03
0.000e+00
1.534e-03
1.534e-03
3.067e-03
0.000e+00
4.601e-03
1.534e-03
1.534e-03
0.000e+00
3.067e-03
0.000e+00
0.000e+00
0.000e+00
0.000e+00
0.000e+00
0.000e+00
1.534e-03
1.534e-03
0.000e+00
1.534e-03
0.000e+00
0.000e+00
1.534e-03
0.000e+00
1.534e-03
0.000e+00
1.534e-03
1.534e-03
0.000e+00
1.534e-03
3.067e-03
1.534e-03
1.534e-03
0.000e+00
0.000e+00
0.000e+00
0.000e+00
0.000e+00
0.000e+00
0.000e+00
0.000e+00
0.000e+00
0.000e+00
0.000e+00
0.000e+00
0.000e+00
0.000e+00
0.000e+00
0.000e+00
0.000e+00
0.000e+00
0.000e+00
