1.162e+03
9.770e+02
8.660e+02
7.370e+02
6.050e+02
5.990e+02
5.400e+02
5.200e+02
5.060e+02
4.810e+02
4.990e+02
4.540e+02
4.650e+02
4.900e+02
4.450e+02
4.570e+02
5.160e+02
4.760e+02
4.550e+02
4.770e+02
4.690e+02
4.590e+02
4.980e+02
4.540e+02
4.710e+02
4.410e+02
5.060e+02
4.940e+02
5.380e+02
5.070e+02
5.580e+02
5.390e+02
5.870e+02
6.290e+02
6.160e+02
6.160e+02
5.940e+02
5.970e+02
5.990e+02
5.360e+02
5.500e+02
5.300e+02
5.180e+02
5.080e+02
5.780e+02
5.770e+02
6.690e+02
6.780e+02
7.380e+02
8.370e+02
9.640e+02
1.101e+03
1.260e+03
1.473e+03
1.895e+03
2.335e+03
2.446e+03
2.148e+03
1.810e+03
1.851e+03
1.881e+03
1.153e+03
7.280e+02
5.480e+02
5.170e+02
4.870e+02
4.310e+02
3.850e+02
4.260e+02
4.520e+02
4.700e+02
4.260e+02
3.700e+02
3.570e+02
2.940e+02
3.090e+02
2.520e+02
2.180e+02
2.230e+02
2.090e+02
2.120e+02
2.170e+02
2.130e+02
1.900e+02
1.800e+02
1.850e+02
1.970e+02
1.950e+02
1.910e+02
1.890e+02
1.700e+02
1.250e+02
1.350e+02
1.430e+02
1.400e+02
1.290e+02
1.240e+02
1.360e+02
1.270e+02
1.230e+02
1.350e+02
1.330e+02
1.030e+02
1.330e+02
1.140e+02
1.210e+02
1.160e+02
1.080e+02
1.160e+02
1.070e+02
1.350e+02
1.160e+02
1.270e+02
1.190e+02
1.410e+02
1.840e+02
1.550e+02
1.760e+02
1.790e+02
1.780e+02
1.840e+02
1.790e+02
1.770e+02
1.850e+02
1.440e+02
1.780e+02
1.440e+02
1.400e+02
1.570e+02
1.580e+02
1.530e+02
1.350e+02
1.330e+02
1.360e+02
1.430e+02
1.090e+02
1.200e+02
1.100e+02
1.140e+02
1.280e+02
1.110e+02
1.350e+02
1.540e+02
1.490e+02
1.480e+02
1.600e+02
1.410e+02
1.420e+02
1.700e+02
1.870e+02
1.670e+02
1.760e+02
1.750e+02
1.850e+02
1.730e+02
1.830e+02
2.000e+02
2.050e+02
2.080e+02
2.140e+02
2.510e+02
2.280e+02
2.660e+02
2.790e+02
2.890e+02
3.320e+02
3.430e+02
4.050e+02
3.560e+02
4.050e+02
4.790e+02
4.170e+02
4.300e+02
4.700e+02
4.670e+02
5.420e+02
6.180e+02
6.370e+02
7.000e+02
7.310e+02
7.810e+02
6.720e+02
7.050e+02
6.620e+02
5.880e+02
5.640e+02
4.940e+02
4.830e+02
4.360e+02
4.070e+02
3.920e+02
3.830e+02
3.370e+02
2.910e+02
2.990e+02
3.270e+02
2.810e+02
2.970e+02
2.870e+02
2.820e+02
2.660e+02
2.460e+02
2.510e+02
2.330e+02
2.230e+02
2.330e+02
1.870e+02
2.010e+02
1.960e+02
1.760e+02
1.760e+02
1.750e+02
1.700e+02
1.570e+02
1.410e+02
1.510e+02
1.050e+02
1.240e+02
1.570e+02
1.340e+02
1.190e+02
1.100e+02
1.230e+02
1.360e+02
1.470e+02
1.360e+02
1.470e+02
1.290e+02
1.560e+02
1.410e+02
1.480e+02
1.500e+02
1.450e+02
1.360e+02
1.550e+02
1.820e+02
1.600e+02
1.690e+02
1.990e+02
1.740e+02
1.580e+02
1.760e+02
1.960e+02
1.470e+02
1.660e+02
1.490e+02
1.320e+02
1.420e+02
1.490e+02
1.370e+02
1.210e+02
1.170e+02
1.160e+02
1.150e+02
1.070e+02
1.100e+02
1.250e+02
1.100e+02
1.280e+02
1.250e+02
1.270e+02
1.130e+02
1.250e+02
1.220e+02
1.160e+02
1.240e+02
1.400e+02
1.550e+02
1.390e+02
1.680e+02
1.770e+02
1.660e+02
1.930e+02
1.830e+02
2.010e+02
2.000e+02
2.130e+02
2.040e+02
2.100e+02
1.870e+02
2.050e+02
2.220e+02
2.160e+02
2.550e+02
2.320e+02
2.740e+02
3.160e+02
3.140e+02
4.290e+02
3.880e+02
4.340e+02
4.360e+02
4.390e+02
4.270e+02
4.380e+02
4.680e+02
5.500e+02
6.130e+02
7.680e+02
1.152e+03
1.828e+03
1.805e+03
1.750e+03
2.092e+03
2.391e+03
2.278e+03
1.938e+03
1.619e+03
1.306e+03
1.075e+03
9.040e+02
8.080e+02
6.920e+02
6.530e+02
6.110e+02
5.720e+02
5.620e+02
5.070e+02
5.700e+02
5.440e+02
5.540e+02
6.150e+02
6.250e+02
6.290e+02
6.290e+02
6.650e+02
6.700e+02
6.530e+02
5.960e+02
5.350e+02
5.390e+02
5.190e+02
5.090e+02
5.340e+02
4.970e+02
4.490e+02
4.890e+02
4.800e+02
4.730e+02
4.710e+02
4.700e+02
4.270e+02
4.460e+02
4.400e+02
4.600e+02
4.890e+02
4.450e+02
4.630e+02
4.220e+02
4.440e+02
4.680e+02
4.880e+02
4.830e+02
5.430e+02
5.180e+02
6.000e+02
6.410e+02
7.530e+02
8.530e+02
1.028e+03
