1.907e+03
1.133e+03
8.880e+02
7.390e+02
6.850e+02
6.060e+02
5.430e+02
5.190e+02
5.510e+02
5.680e+02
5.450e+02
5.160e+02
5.540e+02
5.720e+02
5.150e+02
5.710e+02
5.770e+02
5.700e+02
5.790e+02
5.390e+02
5.510e+02
5.130e+02
5.890e+02
5.610e+02
6.050e+02
5.620e+02
6.360e+02
6.220e+02
6.140e+02
6.140e+02
6.500e+02
6.440e+02
6.480e+02
7.010e+02
7.620e+02
7.130e+02
6.260e+02
6.140e+02
6.110e+02
6.040e+02
5.240e+02
5.120e+02
5.600e+02
4.700e+02
5.190e+02
4.690e+02
5.260e+02
5.850e+02
6.130e+02
6.490e+02
7.700e+02
7.550e+02
8.300e+02
8.870e+02
1.086e+03
1.294e+03
1.467e+03
2.031e+03
2.265e+03
1.828e+03
2.442e+03
1.145e+03
8.280e+02
6.160e+02
5.850e+02
5.660e+02
5.580e+02
5.640e+02
4.350e+02
4.340e+02
4.580e+02
4.320e+02
3.850e+02
2.880e+02
3.100e+02
2.630e+02
2.500e+02
2.250e+02
2.020e+02
1.830e+02
1.860e+02
1.840e+02
1.900e+02
1.610e+02
1.880e+02
1.310e+02
2.160e+02
1.990e+02
1.610e+02
1.970e+02
1.850e+02
1.740e+02
1.730e+02
1.550e+02
1.500e+02
1.380e+02
1.620e+02
1.390e+02
1.390e+02
1.460e+02
1.770e+02
1.470e+02
1.600e+02
1.490e+02
1.250e+02
1.400e+02
1.600e+02
1.690e+02
1.620e+02
1.640e+02
1.650e+02
1.830e+02
1.690e+02
1.540e+02
1.760e+02
2.050e+02
1.530e+02
1.660e+02
2.230e+02
1.960e+02
2.010e+02
1.940e+02
1.670e+02
1.980e+02
1.600e+02
1.650e+02
1.640e+02
1.640e+02
1.730e+02
1.660e+02
1.870e+02
1.660e+02
1.740e+02
1.700e+02
1.490e+02
1.590e+02
1.420e+02
1.420e+02
1.170e+02
1.450e+02
1.580e+02
1.670e+02
1.820e+02
1.770e+02
1.830e+02
1.790e+02
1.720e+02
1.640e+02
1.720e+02
1.870e+02
1.910e+02
1.740e+02
1.880e+02
2.190e+02
1.900e+02
1.870e+02
2.200e+02
2.190e+02
1.970e+02
2.190e+02
1.940e+02
2.240e+02
2.160e+02
2.460e+02
2.690e+02
2.820e+02
3.320e+02
3.620e+02
3.710e+02
3.820e+02
3.760e+02
3.310e+02
4.020e+02
4.360e+02
4.130e+02
4.630e+02
5.080e+02
6.230e+02
6.670e+02
6.460e+02
7.430e+02
6.600e+02
6.820e+02
5.950e+02
5.680e+02
5.500e+02
4.520e+02
4.110e+02
3.610e+02
3.860e+02
3.490e+02
3.010e+02
2.780e+02
2.880e+02
2.900e+02
2.700e+02
2.810e+02
2.940e+02
2.710e+02
2.480e+02
2.180e+02
2.010e+02
2.490e+02
2.260e+02
2.320e+02
2.470e+02
2.200e+02
1.970e+02
1.620e+02
1.760e+02
1.960e+02
1.740e+02
1.640e+02
1.790e+02
1.790e+02
1.690e+02
1.760e+02
1.650e+02
1.630e+02
1.420e+02
1.430e+02
1.390e+02
1.400e+02
1.640e+02
1.750e+02
1.370e+02
1.830e+02
1.640e+02
1.650e+02
1.530e+02
1.740e+02
1.460e+02
1.820e+02
1.750e+02
1.580e+02
1.700e+02
1.750e+02
1.890e+02
1.850e+02
1.930e+02
2.120e+02
1.910e+02
2.220e+02
2.050e+02
2.060e+02
1.570e+02
1.810e+02
1.730e+02
2.030e+02
1.600e+02
1.590e+02
1.710e+02
1.760e+02
1.570e+02
1.310e+02
1.610e+02
1.360e+02
1.340e+02
1.280e+02
1.560e+02
1.670e+02
1.480e+02
1.750e+02
1.720e+02
1.520e+02
1.660e+02
1.470e+02
1.740e+02
1.720e+02
1.700e+02
1.930e+02
1.840e+02
1.710e+02
1.850e+02
1.840e+02
1.870e+02
1.790e+02
1.700e+02
1.830e+02
1.730e+02
1.650e+02
1.970e+02
1.940e+02
2.310e+02
2.400e+02
2.860e+02
2.990e+02
3.300e+02
3.530e+02
3.800e+02
3.970e+02
4.210e+02
5.090e+02
4.920e+02
5.510e+02
5.900e+02
7.000e+02
6.760e+02
7.950e+02
1.151e+03
2.404e+03
1.764e+03
2.206e+03
1.858e+03
1.540e+03
1.389e+03
1.114e+03
9.970e+02
8.440e+02
7.600e+02
6.860e+02
5.620e+02
5.600e+02
4.810e+02
4.920e+02
4.820e+02
5.010e+02
5.020e+02
4.970e+02
5.610e+02
6.320e+02
6.210e+02
6.630e+02
7.240e+02
7.250e+02
7.690e+02
7.460e+02
7.500e+02
6.690e+02
6.650e+02
6.500e+02
6.400e+02
5.790e+02
5.620e+02
5.550e+02
5.890e+02
5.570e+02
5.160e+02
5.460e+02
5.350e+02
5.280e+02
5.100e+02
5.560e+02
5.350e+02
5.510e+02
5.360e+02
5.280e+02
5.040e+02
5.000e+02
4.950e+02
4.910e+02
5.160e+02
5.370e+02
5.530e+02
5.260e+02
5.770e+02
6.660e+02
6.990e+02
8.660e+02
1.094e+03
