0.000e+00
0.000e+00
0.000e+00
0.000e+00
0.000e+00
1.825e-03
1.825e-03
0.000e+00
0.000e+00
1.825e-03
1.825e-03
1.825e-03
0.000e+00
0.000e+00
0.000e+00
0.000e+00
0.000e+00
1.825e-03
0.000e+00
1.825e-03
1.825e-03
0.000e+00
1.825e-03
0.000e+00
0.000e+00
1.825e-03
0.000e+00
0.000e+00
0.000e+00
0.000e+00
0.000e+00
3.650e-03
1.825e-03
3.650e-03
5.474e-03
0.000e+00
1.825e-03
1.825e-03
0.000e+00
0.000e+00
0.000e+00
1.825e-03
5.474e-03
1.825e-03
1.825e-03
5.474e-03
0.000e+00
1.825e-03
9.124e-03
0.000e+00
7.299e-03
5.474e-03
1.825e-03
1.277e-02
3.650e-03
1.825e-03
5.474e-03
1.825e-03
5.474e-03
5.474e-03
1.825e-03
5.474e-03
1.825e-03
0.000e+00
5.474e-03
3.650e-03
3.650e-03
7.299e-03
3.650e-03
0.000e+00
0.000e+00
3.650e-03
1.825e-03
1.825e-03
1.825e-03
0.000e+00
0.000e+00
1.825e-03
0.000e+00
1.825e-03
0.000e+00
0.000e+00
0.000e+00
1.825e-03
0.000e+00
0.000e+00
0.000e+00
0.000e+00
0.000e+00
0.000e+00
0.000e+00
0.000e+00
0.000e+00
1.825e-03
0.000e+00
0.000e+00
0.000e+00
0.000e+00
0.000e+00
0.000e+00
0.000e+00
1.825e-03
0.000e+00
0.000e+00
1.825e-03
0.000e+00
0.000e+00
0.000e+00
0.000e+00
0.000e+00
0.000e+00
1.825e-03
0.000e+00
0.000e+00
0.000e+00
0.000e+00
0.000e+00
0.000e+00
0.000e+00
0.000e+00
0.000e+00
1.825e-03
0.000e+00
0.000e+00
0.000e+00
0.000e+00
1.825e-03
0.000e+00
0.000e+00
0.000e+00
0.000e+00
0.000e+00
0.000e+00
1.825e-03
0.000e+00
0.000e+00
0.000e+00
0.000e+00
0.000e+00
0.000e+00
0.000e+00
0.000e+00
0.000e+00
0.000e+00
0.000e+00
0.000e+00
1.825e-03
1.825e-03
0.000e+00
0.000e+00
0.000e+00
0.000e+00
3.650e-03
0.000e+00
1.825e-03
1.825e-03
0.000e+00
1.825e-03
1.825e-03
0.000e+00
0.000e+00
0.000e+00
0.000e+00
0.000e+00
0.000e+00
3.650e-03
3.650e-03
1.825e-03
1.825e-03
0.000e+00
9.124e-03
9.124e-03
5.474e-03
1.825e-03
3.650e-03
1.825e-03
3.650e-03
1.825e-03
3.650e-03
5.474e-03
3.650e-03
3.650e-03
7.299e-03
1.825e-03
0.000e+00
7.299e-03
3.650e-03
1.825e-03
3.650e-03
5.474e-03
1.825e-03
3.650e-03
3.650e-03
1.825e-03
3.650e-03
1.825e-03
5.474e-03
0.000e+00
0.000e+00
0.000e+00
3.650e-03
3.650e-03
1.825e-03
0.000e+00
0.000e+00
1.825e-03
0.000e+00
0.000e+00
1.825e-03
0.000e+00
3.650e-03
1.825e-03
0.000e+00
0.000e+00
0.000e+00
0.000e+00
1.825e-03
0.000e+00
1.825e-03
0.000e+00
0.000e+00
0.000e+00
1.825e-03
0.000e+00
0.000e+00
0.000e+00
0.000e+00
0.000e+00
0.000e+00
0.000e+00
0.000e+00
0.000e+00
0.000e+00
0.000e+00
0.000e+00
0.000e+00
1.825e-03
0.000e+00
1.825e-03
0.000e+00
0.000e+00
0.000e+00
1.825e-03
0.000e+00
0.000e+00
0.000e+00
0.000e+00
0.000e+00
0.000e+00
0.000e+00
0.000e+00
0.000e+00
0.000e+00
0.000e+00
0.000e+00
0.000e+00
0.000e+00
0.000e+00
1.825e-03
0.000e+00
0.000e+00
0.000e+00
0.000e+00
0.000e+00
0.000e+00
0.000e+00
0.000e+00
0.000e+00
0.000e+00
1.825e-03
0.000e+00
1.825e-03
0.000e+00
0.000e+00
0.000e+00
0.000e+00
1.825e-03
1.825e-03
0.000e+00
0.000e+00
0.000e+00
0.000e+00
0.000e+00
0.000e+00
0.000e+00
1.825e-03
3.650e-03
1.825e-03
0.000e+00
1.825e-03
0.000e+00
0.000e+00
3.650e-03
0.000e+00
1.825e-03
1.825e-03
0.000e+00
0.000e+00
3.650e-03
5.474e-03
7.299e-03
3.650e-03
1.825e-03
5.474e-03
9.124e-03
7.299e-03
3.650e-03
1.825e-03
1.825e-03
5.474e-03
7.299e-03
0.000e+00
7.299e-03
3.650e-03
3.650e-03
7.299e-03
5.474e-03
0.000e+00
0.000e+00
1.825e-03
3.650e-03
1.825e-03
1.825e-03
1.825e-03
0.000e+00
3.650e-03
3.650e-03
0.000e+00
0.000e+00
1.825e-03
3.650e-03
0.000e+00
0.000e+00
1.825e-03
5.474e-03
1.825e-03
0.000e+00
0.000e+00
0.000e+00
0.000e+00
0.000e+00
1.825e-03
1.825e-03
0.000e+00
0.000e+00
1.825e-03
0.000e+00
0.000e+00
0.000e+00
0.000e+00
0.000e+00
3.650e-03
0.000e+00
0.000e+00
0.000e+00
1.825e-03
0.000e+00
1.825e-03
1.825e-03
0.000e+00
