0.000e+00
0.000e+00
3.650e-03
0.000e+00
3.650e-03
0.000e+00
3.650e-03
0.000e+00
0.000e+00
3.650e-03
0.000e+00
0.000e+00
3.650e-03
0.000e+00
0.000e+00
0.000e+00
0.000e+00
0.000e+00
0.000e+00
7.299e-03
0.000e+00
3.650e-03
7.299e-03
0.000e+00
3.650e-03
3.650e-03
0.000e+00
0.000e+00
3.650e-03
3.650e-03
0.000e+00
0.000e+00
7.299e-03
0.000e+00
0.000e+00
7.299e-03
3.650e-03
7.299e-03
0.000e+00
3.650e-03
3.650e-03
3.650e-03
1.460e-02
7.299e-03
1.095e-02
3.650e-03
3.650e-03
3.650e-03
1.460e-02
3.650e-03
0.000e+00
0.000e+00
1.460e-02
1.825e-02
7.299e-03
1.825e-02
7.299e-03
7.299e-03
1.095e-02
0.000e+00
0.000e+00
3.650e-03
7.299e-03
3.650e-03
1.095e-02
7.299e-03
7.299e-03
3.650e-03
7.299e-03
3.650e-03
3.650e-03
7.299e-03
0.000e+00
0.000e+00
3.650e-03
7.299e-03
0.000e+00
3.650e-03
0.000e+00
0.000e+00
3.650e-03
3.650e-03
0.000e+00
0.000e+00
0.000e+00
3.650e-03
3.650e-03
0.000e+00
0.000e+00
0.000e+00
0.000e+00
3.650e-03
0.000e+00
3.650e-03
0.000e+00
3.650e-03
0.000e+00
0.000e+00
0.000e+00
0.000e+00
0.000e+00
0.000e+00
0.000e+00
7.299e-03
0.000e+00
3.650e-03
0.000e+00
0.000e+00
0.000e+00
3.650e-03
0.000e+00
0.000e+00
0.000e+00
0.000e+00
0.000e+00
0.000e+00
0.000e+00
0.000e+00
0.000e+00
0.000e+00
0.000e+00
0.000e+00
0.000e+00
0.000e+00
3.650e-03
0.000e+00
0.000e+00
0.000e+00
0.000e+00
0.000e+00
0.000e+00
0.000e+00
0.000e+00
0.000e+00
0.000e+00
0.000e+00
3.650e-03
0.000e+00
0.000e+00
0.000e+00
0.000e+00
0.000e+00
0.000e+00
0.000e+00
0.000e+00
0.000e+00
3.650e-03
3.650e-03
0.000e+00
0.000e+00
3.650e-03
3.650e-03
0.000e+00
0.000e+00
0.000e+00
3.650e-03
3.650e-03
3.650e-03
0.000e+00
7.299e-03
0.000e+00
0.000e+00
3.650e-03
1.095e-02
0.000e+00
7.299e-03
7.299e-03
3.650e-03
0.000e+00
3.650e-03
7.299e-03
0.000e+00
3.650e-03
7.299e-03
1.095e-02
3.650e-03
3.650e-03
1.095e-02
3.650e-03
7.299e-03
2.190e-02
1.095e-02
1.460e-02
3.650e-03
3.650e-03
3.650e-03
0.000e+00
1.095e-02
3.650e-03
0.000e+00
0.000e+00
7.299e-03
3.650e-03
3.650e-03
3.650e-03
1.095e-02
3.650e-03
0.000e+00
7.299e-03
0.000e+00
1.095e-02
3.650e-03
7.299e-03
0.000e+00
7.299e-03
3.650e-03
0.000e+00
3.650e-03
3.650e-03
3.650e-03
0.000e+00
0.000e+00
0.000e+00
0.000e+00
0.000e+00
0.000e+00
0.000e+00
0.000e+00
0.000e+00
0.000e+00
0.000e+00
3.650e-03
0.000e+00
3.650e-03
0.000e+00
7.299e-03
0.000e+00
3.650e-03
0.000e+00
0.000e+00
0.000e+00
0.000e+00
0.000e+00
3.650e-03
3.650e-03
0.000e+00
0.000e+00
0.000e+00
0.000e+00
3.650e-03
0.000e+00
0.000e+00
0.000e+00
0.000e+00
0.000e+00
0.000e+00
0.000e+00
0.000e+00
0.000e+00
0.000e+00
0.000e+00
0.000e+00
0.000e+00
0.000e+00
3.650e-03
0.000e+00
0.000e+00
0.000e+00
0.000e+00
0.000e+00
0.000e+00
0.000e+00
0.000e+00
0.000e+00
0.000e+00
0.000e+00
0.000e+00
0.000e+00
0.000e+00
3.650e-03
0.000e+00
0.000e+00
0.000e+00
3.650e-03
0.000e+00
7.299e-03
3.650e-03
0.000e+00
0.000e+00
0.000e+00
0.000e+00
0.000e+00
3.650e-03
0.000e+00
0.000e+00
0.000e+00
0.000e+00
0.000e+00
7.299e-03
3.650e-03
3.650e-03
7.299e-03
0.000e+00
0.000e+00
3.650e-03
7.299e-03
1.095e-02
7.299e-03
3.650e-03
1.095e-02
0.000e+00
1.095e-02
1.095e-02
3.650e-03
1.460e-02
7.299e-03
1.095e-02
0.000e+00
3.650e-03
1.095e-02
7.299e-03
3.650e-03
2.190e-02
3.650e-03
1.095e-02
0.000e+00
3.650e-03
3.650e-03
3.650e-03
0.000e+00
3.650e-03
7.299e-03
1.095e-02
0.000e+00
0.000e+00
3.650e-03
7.299e-03
0.000e+00
3.650e-03
0.000e+00
0.000e+00
0.000e+00
3.650e-03
1.460e-02
3.650e-03
3.650e-03
0.000e+00
3.650e-03
3.650e-03
0.000e+00
3.650e-03
3.650e-03
0.000e+00
0.000e+00
3.650e-03
3.650e-03
0.000e+00
0.000e+00
0.000e+00
0.000e+00
0.000e+00
0.000e+00
7.299e-03
3.650e-03
0.000e+00
0.000e+00
3.650e-03
0.000e+00
0.000e+00
3.650e-03
