1.032e-03
0.000e+00
1.032e-03
3.441e-04
0.000e+00
3.441e-04
6.882e-04
3.441e-04
0.000e+00
0.000e+00
0.000e+00
0.000e+00
3.441e-04
3.441e-04
6.882e-04
0.000e+00
3.441e-04
3.441e-04
3.441e-04
3.441e-04
0.000e+00
0.000e+00
0.000e+00
0.000e+00
6.882e-04
0.000e+00
0.000e+00
0.000e+00
0.000e+00
3.441e-04
0.000e+00
6.882e-04
3.441e-04
0.000e+00
3.441e-04
1.032e-03
6.882e-04
6.882e-04
6.882e-04
6.882e-04
3.441e-04
1.376e-03
1.032e-03
6.882e-04
3.441e-04
1.032e-03
6.882e-04
6.882e-04
3.441e-04
2.753e-03
1.721e-03
1.721e-03
2.409e-03
2.753e-03
4.129e-03
4.129e-03
3.785e-03
4.474e-03
8.947e-03
6.882e-03
8.259e-03
9.635e-03
9.291e-03
5.850e-03
9.291e-03
4.129e-03
4.818e-03
4.129e-03
2.753e-03
1.376e-03
1.721e-03
2.065e-03
3.097e-03
2.065e-03
1.032e-03
6.882e-04
1.376e-03
2.065e-03
1.376e-03
2.409e-03
2.065e-03
1.032e-03
1.721e-03
1.032e-03
6.882e-04
1.032e-03
1.376e-03
2.065e-03
2.065e-03
3.441e-04
1.032e-03
1.721e-03
3.441e-04
1.376e-03
6.882e-04
1.032e-03
3.441e-04
0.000e+00
6.882e-04
3.441e-04
1.376e-03
0.000e+00
0.000e+00
1.032e-03
0.000e+00
3.441e-04
3.441e-04
0.000e+00
3.441e-04
3.441e-04
3.441e-04
3.441e-04
0.000e+00
0.000e+00
6.882e-04
0.000e+00
0.000e+00
1.032e-03
6.882e-04
1.721e-03
1.721e-03
0.000e+00
1.721e-03
0.000e+00
3.441e-04
0.000e+00
1.032e-03
3.441e-04
0.000e+00
3.441e-04
3.441e-04
3.441e-04
1.032e-03
0.000e+00
3.441e-04
0.000e+00
6.882e-04
0.000e+00
3.441e-04
1.032e-03
0.000e+00
6.882e-04
3.441e-04
1.032e-03
0.000e+00
0.000e+00
3.441e-04
0.000e+00
0.000e+00
3.441e-04
6.882e-04
6.882e-04
3.441e-04
2.065e-03
3.441e-04
6.882e-04
3.441e-04
3.441e-04
1.032e-03
6.882e-04
6.882e-04
1.032e-03
1.376e-03
0.000e+00
1.721e-03
1.376e-03
6.882e-04
2.065e-03
3.441e-03
1.376e-03
1.376e-03
2.753e-03
2.753e-03
3.785e-03
3.097e-03
4.129e-03
6.194e-03
4.474e-03
8.603e-03
1.067e-02
1.170e-02
7.571e-03
7.915e-03
6.538e-03
5.850e-03
4.474e-03
3.441e-03
2.065e-03
2.753e-03
3.441e-04
3.785e-03
1.032e-03
6.882e-04
1.376e-03
1.032e-03
6.882e-04
1.721e-03
1.721e-03
3.441e-04
3.441e-04
1.721e-03
1.721e-03
6.882e-04
3.441e-04
3.441e-04
0.000e+00
6.882e-04
3.441e-04
0.000e+00
0.000e+00
1.032e-03
0.000e+00
0.000e+00
3.441e-04
3.441e-04
0.000e+00
1.721e-03
6.882e-04
6.882e-04
3.441e-04
1.376e-03
3.441e-04
0.000e+00
3.441e-04
3.441e-04
0.000e+00
0.000e+00
6.882e-04
0.000e+00
1.032e-03
0.000e+00
6.882e-04
0.000e+00
3.441e-04
0.000e+00
0.000e+00
3.441e-04
3.441e-04
1.721e-03
3.441e-04
6.882e-04
3.441e-04
0.000e+00
3.441e-04
3.441e-04
3.441e-04
1.376e-03
3.441e-04
3.441e-04
0.000e+00
3.441e-04
1.032e-03
0.000e+00
3.441e-04
3.441e-04
6.882e-04
3.441e-04
0.000e+00
1.032e-03
3.441e-04
0.000e+00
0.000e+00
0.000e+00
1.721e-03
6.882e-04
6.882e-04
0.000e+00
6.882e-04
1.032e-03
1.032e-03
6.882e-04
1.721e-03
2.409e-03
1.032e-03
2.409e-03
1.032e-03
6.882e-04
3.441e-04
1.376e-03
3.441e-04
1.032e-03
1.032e-03
1.721e-03
1.376e-03
1.376e-03
1.376e-03
2.065e-03
2.409e-03
1.376e-03
2.065e-03
2.409e-03
3.441e-03
4.474e-03
3.785e-03
5.162e-03
4.818e-03
7.226e-03
8.259e-03
1.101e-02
8.259e-03
7.915e-03
4.818e-03
9.291e-03
4.818e-03
3.441e-03
3.097e-03
1.032e-03
1.721e-03
3.097e-03
1.376e-03
1.721e-03
6.882e-04
1.721e-03
0.000e+00
1.032e-03
1.721e-03
1.032e-03
1.376e-03
1.032e-03
6.882e-04
3.441e-04
6.882e-04
6.882e-04
6.882e-04
6.882e-04
0.000e+00
3.441e-04
3.441e-04
3.441e-04
3.441e-04
0.000e+00
0.000e+00
6.882e-04
0.000e+00
0.000e+00
0.000e+00
0.000e+00
0.000e+00
0.000e+00
3.441e-04
3.441e-04
3.441e-04
0.000e+00
0.000e+00
6.882e-04
3.441e-04
6.882e-04
0.000e+00
3.441e-04
0.000e+00
3.441e-04
0.000e+00
3.441e-04
3.441e-04
0.000e+00
0.000e+00
3.441e-04
0.000e+00
1.032e-03
1.032e-03
