6.882e-04
2.753e-03
1.376e-03
6.882e-04
2.065e-03
1.376e-03
0.000e+00
1.376e-03
2.753e-03
0.000e+00
6.882e-04
6.882e-04
0.000e+00
1.376e-03
0.000e+00
0.000e+00
6.882e-04
0.000e+00
6.882e-04
0.000e+00
0.000e+00
6.882e-04
6.882e-04
6.882e-04
0.000e+00
1.376e-03
0.000e+00
6.882e-04
0.000e+00
0.000e+00
0.000e+00
0.000e+00
0.000e+00
6.882e-04
6.882e-04
2.065e-03
2.065e-03
6.882e-04
6.882e-04
2.753e-03
4.818e-03
6.882e-04
2.065e-03
6.882e-04
0.000e+00
0.000e+00
1.376e-03
3.441e-03
6.882e-04
2.753e-03
1.376e-03
5.506e-03
4.818e-03
4.129e-03
2.753e-03
3.441e-03
9.635e-03
4.129e-03
5.506e-03
1.789e-02
5.368e-02
3.097e-02
1.376e-02
4.129e-03
3.441e-03
1.376e-03
7.571e-03
4.818e-03
3.441e-03
4.129e-03
8.947e-03
3.441e-03
4.818e-03
3.441e-03
7.571e-03
5.506e-03
2.065e-03
2.753e-03
2.753e-03
3.441e-03
2.753e-03
0.000e+00
1.376e-03
1.376e-03
6.882e-04
2.753e-03
4.818e-03
0.000e+00
0.000e+00
4.818e-03
2.065e-03
3.441e-03
1.376e-03
2.065e-03
6.882e-04
2.065e-03
2.065e-03
2.065e-03
1.376e-03
6.882e-04
6.882e-04
6.882e-04
1.376e-03
1.376e-03
0.000e+00
6.882e-04
6.882e-04
1.376e-03
0.000e+00
6.882e-04
2.065e-03
6.882e-04
6.882e-04
0.000e+00
2.753e-03
1.376e-03
0.000e+00
6.882e-04
1.376e-03
2.753e-03
6.882e-04
2.753e-03
1.376e-03
2.753e-03
6.882e-04
1.376e-03
4.818e-03
2.753e-03
6.882e-04
6.882e-04
6.882e-04
1.376e-03
6.882e-04
6.882e-04
0.000e+00
0.000e+00
1.376e-03
6.882e-04
0.000e+00
6.882e-04
0.000e+00
3.441e-03
2.753e-03
1.376e-03
6.882e-04
0.000e+00
0.000e+00
1.376e-03
1.376e-03
0.000e+00
0.000e+00
0.000e+00
0.000e+00
2.753e-03
2.065e-03
3.441e-03
1.376e-03
0.000e+00
6.882e-04
1.376e-03
3.441e-03
2.065e-03
6.882e-04
1.376e-03
4.129e-03
6.882e-04
3.441e-03
3.441e-03
4.129e-03
1.376e-03
4.818e-03
7.571e-03
2.753e-03
4.129e-03
4.818e-03
4.129e-03
1.032e-02
4.129e-03
1.239e-02
2.134e-02
5.506e-02
2.753e-02
5.506e-03
2.065e-03
8.947e-03
2.753e-03
2.065e-03
4.129e-03
2.065e-03
5.506e-03
4.818e-03
4.818e-03
4.129e-03
2.065e-03
6.194e-03
3.441e-03
2.753e-03
4.129e-03
6.882e-04
1.376e-03
0.000e+00
6.882e-04
6.882e-04
6.882e-04
0.000e+00
2.065e-03
1.376e-03
6.882e-04
0.000e+00
0.000e+00
6.882e-04
0.000e+00
0.000e+00
6.882e-04
1.376e-03
6.882e-04
0.000e+00
6.882e-04
4.818e-03
2.065e-03
1.376e-03
2.065e-03
6.882e-04
6.882e-04
6.882e-04
0.000e+00
6.882e-04
6.882e-04
0.000e+00
0.000e+00
6.882e-04
6.882e-04
6.882e-04
1.376e-03
1.376e-03
0.000e+00
1.376e-03
6.882e-04
3.441e-03
0.000e+00
1.376e-03
4.129e-03
6.882e-04
1.376e-03
3.441e-03
1.376e-03
2.065e-03
1.376e-03
6.882e-04
1.376e-03
6.882e-04
6.882e-04
6.882e-04
0.000e+00
6.882e-04
0.000e+00
2.065e-03
0.000e+00
6.882e-04
1.376e-03
6.882e-04
6.882e-04
2.065e-03
6.882e-04
6.882e-04
2.065e-03
0.000e+00
1.376e-03
1.376e-03
1.376e-03
2.065e-03
4.818e-03
2.065e-03
4.818e-03
4.129e-03
3.441e-03
3.441e-03
6.882e-04
0.000e+00
2.753e-03
1.376e-03
1.376e-03
1.376e-03
0.000e+00
2.753e-03
6.194e-03
1.376e-03
6.194e-03
4.818e-03
4.818e-03
8.259e-03
4.818e-03
6.882e-03
6.882e-03
8.259e-03
3.441e-03
2.065e-03
8.259e-03
1.376e-02
3.028e-02
5.024e-02
1.583e-02
6.882e-03
4.129e-03
6.882e-03
2.065e-03
2.065e-03
4.818e-03
6.882e-04
3.441e-03
3.441e-03
3.441e-03
2.753e-03
1.376e-03
1.376e-03
0.000e+00
3.441e-03
2.065e-03
6.882e-04
0.000e+00
4.129e-03
6.882e-04
2.065e-03
6.882e-04
0.000e+00
1.376e-03
0.000e+00
0.000e+00
0.000e+00
0.000e+00
0.000e+00
6.882e-04
0.000e+00
0.000e+00
1.376e-03
6.882e-04
1.376e-03
6.882e-04
0.000e+00
6.882e-04
6.882e-04
0.000e+00
6.882e-04
0.000e+00
0.000e+00
1.376e-03
1.376e-03
1.376e-03
6.882e-04
0.000e+00
1.376e-03
0.000e+00
1.376e-03
6.882e-04
6.882e-04
0.000e+00
6.882e-04
6.882e-04
2.065e-03
6.882e-04
