8.059e-04
0.000e+00
6.447e-04
1.612e-04
3.224e-04
3.224e-04
6.447e-04
3.224e-04
0.000e+00
6.447e-04
1.612e-04
1.612e-04
4.836e-04
3.224e-04
3.224e-04
0.000e+00
1.612e-04
3.224e-04
1.612e-04
3.224e-04
1.612e-04
3.224e-04
4.836e-04
1.612e-04
6.447e-04
3.224e-04
4.836e-04
4.836e-04
9.671e-04
4.836e-04
6.447e-04
1.773e-03
6.447e-04
9.671e-04
1.128e-03
1.612e-03
9.671e-04
1.612e-03
4.836e-04
1.612e-03
6.447e-04
9.671e-04
1.128e-03
1.773e-03
1.128e-03
1.773e-03
1.612e-03
9.671e-04
1.289e-03
1.612e-03
2.579e-03
1.773e-03
2.901e-03
3.707e-03
4.674e-03
3.868e-03
3.707e-03
3.546e-03
7.415e-03
5.480e-03
7.253e-03
7.415e-03
6.286e-03
5.158e-03
7.576e-03
4.836e-03
4.997e-03
4.191e-03
3.063e-03
9.671e-04
1.289e-03
2.257e-03
2.095e-03
1.773e-03
8.059e-04
8.059e-04
9.671e-04
1.612e-03
1.773e-03
2.095e-03
2.095e-03
6.447e-04
1.289e-03
8.059e-04
4.836e-04
6.447e-04
1.128e-03
1.289e-03
1.289e-03
4.836e-04
6.447e-04
1.451e-03
1.612e-04
8.059e-04
6.447e-04
8.059e-04
4.836e-04
6.447e-04
6.447e-04
3.224e-04
6.447e-04
4.836e-04
3.224e-04
8.059e-04
6.447e-04
3.224e-04
3.224e-04
0.000e+00
1.612e-04
4.836e-04
1.612e-04
3.224e-04
0.000e+00
1.612e-04
3.224e-04
1.612e-04
3.224e-04
4.836e-04
8.059e-04
9.671e-04
9.671e-04
1.612e-04
1.128e-03
0.000e+00
3.224e-04
1.612e-04
8.059e-04
3.224e-04
1.612e-04
4.836e-04
3.224e-04
1.612e-04
4.836e-04
4.836e-04
1.612e-04
1.612e-04
3.224e-04
1.612e-04
1.612e-04
8.059e-04
1.612e-04
6.447e-04
4.836e-04
6.447e-04
3.224e-04
6.447e-04
6.447e-04
1.289e-03
3.224e-04
4.836e-04
9.671e-04
1.451e-03
6.447e-04
1.773e-03
8.059e-04
8.059e-04
8.059e-04
9.671e-04
9.671e-04
9.671e-04
9.671e-04
1.451e-03
9.671e-04
4.836e-04
1.934e-03
1.612e-03
1.289e-03
1.773e-03
2.579e-03
1.128e-03
2.095e-03
3.063e-03
3.063e-03
3.224e-03
2.901e-03
3.385e-03
6.286e-03
3.707e-03
5.158e-03
7.253e-03
8.382e-03
6.931e-03
6.770e-03
5.803e-03
5.319e-03
4.352e-03
2.901e-03
2.579e-03
3.868e-03
1.612e-03
2.740e-03
1.128e-03
9.671e-04
1.289e-03
1.612e-03
1.773e-03
1.934e-03
1.128e-03
8.059e-04
8.059e-04
2.579e-03
1.451e-03
8.059e-04
6.447e-04
1.128e-03
8.059e-04
9.671e-04
1.612e-04
6.447e-04
4.836e-04
1.128e-03
8.059e-04
4.836e-04
9.671e-04
1.289e-03
3.224e-04
1.289e-03
3.224e-04
8.059e-04
6.447e-04
8.059e-04
6.447e-04
6.447e-04
9.671e-04
3.224e-04
0.000e+00
0.000e+00
4.836e-04
3.224e-04
8.059e-04
0.000e+00
4.836e-04
1.612e-04
3.224e-04
1.612e-04
1.612e-04
6.447e-04
3.224e-04
1.289e-03
3.224e-04
6.447e-04
3.224e-04
1.612e-04
3.224e-04
1.612e-04
3.224e-04
6.447e-04
3.224e-04
1.612e-04
0.000e+00
3.224e-04
4.836e-04
3.224e-04
3.224e-04
3.224e-04
3.224e-04
1.612e-04
0.000e+00
8.059e-04
3.224e-04
3.224e-04
1.612e-04
1.612e-04
9.671e-04
8.059e-04
9.671e-04
3.224e-04
3.224e-04
9.671e-04
8.059e-04
8.059e-04
1.128e-03
1.773e-03
8.059e-04
1.773e-03
9.671e-04
1.451e-03
6.447e-04
8.059e-04
6.447e-04
9.671e-04
9.671e-04
1.612e-03
9.671e-04
1.612e-03
2.095e-03
2.579e-03
2.418e-03
1.451e-03
1.934e-03
1.773e-03
2.257e-03
3.385e-03
2.418e-03
3.707e-03
4.030e-03
5.642e-03
6.286e-03
7.415e-03
5.803e-03
7.415e-03
6.125e-03
8.382e-03
4.674e-03
5.319e-03
4.674e-03
2.257e-03
2.418e-03
2.579e-03
1.612e-03
2.257e-03
1.289e-03
2.095e-03
1.451e-03
1.289e-03
1.934e-03
1.773e-03
1.612e-03
9.671e-04
1.289e-03
9.671e-04
1.128e-03
9.671e-04
8.059e-04
4.836e-04
1.289e-03
9.671e-04
9.671e-04
6.447e-04
9.671e-04
6.447e-04
4.836e-04
6.447e-04
4.836e-04
1.289e-03
8.059e-04
3.224e-04
3.224e-04
3.224e-04
9.671e-04
3.224e-04
3.224e-04
8.059e-04
0.000e+00
4.836e-04
3.224e-04
8.059e-04
1.612e-04
3.224e-04
0.000e+00
3.224e-04
3.224e-04
1.612e-04
1.612e-04
3.224e-04
1.612e-04
3.224e-04
3.224e-04
6.447e-04
6.447e-04
