2.901e-03
1.612e-03
1.289e-03
6.447e-04
1.612e-03
1.289e-03
3.224e-04
6.447e-04
1.289e-03
3.224e-04
9.671e-04
9.671e-04
6.447e-04
6.447e-04
0.000e+00
9.671e-04
3.224e-04
3.224e-04
6.447e-04
9.671e-04
0.000e+00
9.671e-04
1.612e-03
9.671e-04
1.289e-03
9.671e-04
0.000e+00
1.934e-03
1.612e-03
1.289e-03
9.671e-04
1.289e-03
9.671e-04
9.671e-04
1.612e-03
3.546e-03
1.612e-03
2.257e-03
2.579e-03
2.579e-03
4.513e-03
9.671e-04
5.158e-03
3.546e-03
1.612e-03
9.671e-04
1.289e-03
2.579e-03
3.546e-03
4.513e-03
1.612e-03
4.513e-03
5.803e-03
6.125e-03
3.224e-03
5.480e-03
7.092e-03
5.480e-03
8.059e-03
1.676e-02
4.159e-02
2.257e-02
1.032e-02
4.836e-03
4.836e-03
2.579e-03
5.158e-03
4.191e-03
4.513e-03
3.224e-03
5.803e-03
3.224e-03
3.868e-03
3.224e-03
5.480e-03
5.158e-03
9.671e-04
2.257e-03
2.257e-03
2.901e-03
2.579e-03
3.868e-03
1.934e-03
9.671e-04
1.612e-03
2.257e-03
2.579e-03
6.447e-04
9.671e-04
2.257e-03
9.671e-04
3.868e-03
2.257e-03
1.934e-03
1.612e-03
1.934e-03
1.612e-03
1.612e-03
9.671e-04
3.224e-04
6.447e-04
6.447e-04
1.289e-03
1.289e-03
3.224e-04
6.447e-04
6.447e-04
9.671e-04
3.224e-04
9.671e-04
1.289e-03
6.447e-04
6.447e-04
6.447e-04
1.612e-03
6.447e-04
6.447e-04
6.447e-04
9.671e-04
2.257e-03
1.612e-03
2.579e-03
1.289e-03
1.289e-03
6.447e-04
1.289e-03
2.257e-03
1.612e-03
3.224e-04
6.447e-04
9.671e-04
9.671e-04
9.671e-04
6.447e-04
0.000e+00
0.000e+00
1.612e-03
3.224e-04
0.000e+00
6.447e-04
6.447e-04
2.257e-03
1.612e-03
9.671e-04
1.934e-03
0.000e+00
1.612e-03
1.612e-03
1.289e-03
1.289e-03
1.934e-03
1.289e-03
3.224e-04
2.579e-03
2.579e-03
1.934e-03
1.289e-03
1.612e-03
9.671e-04
3.546e-03
3.224e-03
1.612e-03
2.579e-03
4.191e-03
2.901e-03
9.671e-04
3.224e-03
2.579e-03
3.546e-03
2.257e-03
4.191e-03
5.803e-03
3.546e-03
4.513e-03
4.191e-03
2.901e-03
6.770e-03
5.803e-03
9.349e-03
1.418e-02
4.932e-02
1.902e-02
7.415e-03
4.191e-03
6.447e-03
5.480e-03
3.546e-03
4.836e-03
3.546e-03
3.868e-03
2.901e-03
3.868e-03
2.901e-03
2.901e-03
4.836e-03
4.836e-03
2.901e-03
3.224e-03
1.612e-03
1.934e-03
2.257e-03
1.934e-03
3.224e-03
1.934e-03
2.257e-03
1.934e-03
9.671e-04
2.579e-03
3.224e-04
1.934e-03
9.671e-04
1.934e-03
2.579e-03
9.671e-04
1.934e-03
1.612e-03
3.224e-04
1.289e-03
2.901e-03
1.612e-03
2.579e-03
1.289e-03
3.224e-04
1.289e-03
1.289e-03
6.447e-04
3.224e-04
6.447e-04
3.224e-04
3.224e-04
9.671e-04
3.224e-04
6.447e-04
1.934e-03
9.671e-04
6.447e-04
6.447e-04
3.224e-04
1.934e-03
1.289e-03
3.868e-03
1.934e-03
6.447e-04
9.671e-04
2.257e-03
6.447e-04
9.671e-04
6.447e-04
3.224e-04
1.289e-03
6.447e-04
3.224e-04
3.224e-04
0.000e+00
1.289e-03
0.000e+00
1.289e-03
0.000e+00
6.447e-04
6.447e-04
9.671e-04
9.671e-04
1.612e-03
3.224e-04
1.289e-03
1.612e-03
9.671e-04
1.289e-03
1.612e-03
9.671e-04
1.289e-03
3.546e-03
1.289e-03
3.546e-03
2.901e-03
3.224e-03
2.579e-03
1.612e-03
1.612e-03
2.579e-03
9.671e-04
2.901e-03
2.579e-03
9.671e-04
1.934e-03
4.513e-03
9.671e-04
3.868e-03
2.901e-03
3.868e-03
4.513e-03
4.513e-03
6.125e-03
5.803e-03
6.125e-03
4.836e-03
3.868e-03
5.480e-03
1.096e-02
2.224e-02
3.772e-02
1.612e-02
7.737e-03
4.836e-03
5.803e-03
4.836e-03
5.480e-03
4.191e-03
5.158e-03
5.158e-03
4.836e-03
3.868e-03
4.836e-03
2.579e-03
3.546e-03
9.671e-04
3.546e-03
2.901e-03
2.579e-03
1.612e-03
3.868e-03
2.901e-03
3.868e-03
1.289e-03
6.447e-04
2.901e-03
1.612e-03
9.671e-04
9.671e-04
6.447e-04
2.257e-03
1.934e-03
1.934e-03
1.612e-03
1.934e-03
1.289e-03
9.671e-04
9.671e-04
1.934e-03
6.447e-04
6.447e-04
3.224e-04
1.289e-03
6.447e-04
6.447e-04
9.671e-04
6.447e-04
1.289e-03
3.224e-04
3.224e-04
9.671e-04
3.224e-04
1.289e-03
6.447e-04
3.224e-04
0.000e+00
1.289e-03
6.447e-04
1.612e-03
1.289e-03
