0.000e+00
2.141e-03
0.000e+00
0.000e+00
0.000e+00
0.000e+00
0.000e+00
0.000e+00
0.000e+00
0.000e+00
0.000e+00
0.000e+00
0.000e+00
0.000e+00
0.000e+00
0.000e+00
0.000e+00
0.000e+00
0.000e+00
0.000e+00
0.000e+00
0.000e+00
0.000e+00
0.000e+00
0.000e+00
0.000e+00
0.000e+00
0.000e+00
0.000e+00
0.000e+00
0.000e+00
0.000e+00
0.000e+00
0.000e+00
0.000e+00
0.000e+00
0.000e+00
0.000e+00
2.141e-03
0.000e+00
0.000e+00
0.000e+00
0.000e+00
0.000e+00
0.000e+00
0.000e+00
0.000e+00
0.000e+00
0.000e+00
0.000e+00
2.141e-03
2.141e-03
2.141e-03
2.141e-03
0.000e+00
2.141e-03
4.283e-03
8.565e-03
8.565e-03
6.424e-03
2.141e-03
8.565e-03
1.071e-02
8.565e-03
2.141e-03
8.565e-03
8.565e-03
6.424e-03
8.565e-03
8.565e-03
6.424e-03
6.424e-03
2.141e-03
4.283e-03
2.141e-03
6.424e-03
4.283e-03
4.283e-03
4.283e-03
2.141e-03
2.141e-03
4.283e-03
2.141e-03
6.424e-03
2.141e-03
8.565e-03
4.283e-03
2.141e-03
6.424e-03
4.283e-03
1.071e-02
8.565e-03
8.565e-03
6.424e-03
2.141e-03
1.071e-02
2.141e-03
4.283e-03
6.424e-03
2.141e-03
6.424e-03
4.283e-03
0.000e+00
2.141e-03
8.565e-03
8.565e-03
1.071e-02
6.424e-03
4.283e-03
2.141e-03
4.283e-03
4.283e-03
2.141e-03
2.141e-03
4.283e-03
8.565e-03
6.424e-03
4.283e-03
0.000e+00
4.283e-03
6.424e-03
4.283e-03
2.141e-03
6.424e-03
4.283e-03
2.141e-03
8.565e-03
0.000e+00
0.000e+00
2.141e-03
0.000e+00
0.000e+00
0.000e+00
2.141e-03
0.000e+00
4.283e-03
8.565e-03
4.283e-03
2.141e-03
4.283e-03
0.000e+00
0.000e+00
2.141e-03
0.000e+00
2.141e-03
0.000e+00
0.000e+00
4.283e-03
0.000e+00
0.000e+00
0.000e+00
2.141e-03
0.000e+00
4.283e-03
2.141e-03
0.000e+00
0.000e+00
0.000e+00
0.000e+00
4.283e-03
0.000e+00
0.000e+00
2.141e-03
0.000e+00
0.000e+00
2.141e-03
0.000e+00
4.283e-03
2.141e-03
0.000e+00
2.141e-03
6.424e-03
6.424e-03
0.000e+00
4.283e-03
0.000e+00
4.283e-03
0.000e+00
0.000e+00
6.424e-03
8.565e-03
1.285e-02
4.283e-03
2.141e-03
0.000e+00
4.283e-03
2.141e-03
0.000e+00
4.283e-03
4.283e-03
4.283e-03
0.000e+00
0.000e+00
2.141e-03
0.000e+00
0.000e+00
0.000e+00
0.000e+00
0.000e+00
0.000e+00
0.000e+00
2.141e-03
2.141e-03
2.141e-03
2.141e-03
4.283e-03
0.000e+00
4.283e-03
0.000e+00
4.283e-03
4.283e-03
0.000e+00
0.000e+00
2.141e-03
2.141e-03
4.283e-03
2.141e-03
2.141e-03
0.000e+00
2.141e-03
0.000e+00
0.000e+00
6.424e-03
0.000e+00
6.424e-03
4.283e-03
0.000e+00
0.000e+00
4.283e-03
2.141e-03
0.000e+00
0.000e+00
0.000e+00
2.141e-03
0.000e+00
4.283e-03
2.141e-03
8.565e-03
4.283e-03
8.565e-03
4.283e-03
4.283e-03
4.283e-03
1.071e-02
2.141e-03
6.424e-03
4.283e-03
6.424e-03
4.283e-03
2.141e-03
8.565e-03
6.424e-03
4.283e-03
1.071e-02
4.283e-03
0.000e+00
2.141e-03
2.141e-03
2.141e-03
8.565e-03
0.000e+00
4.283e-03
6.424e-03
8.565e-03
4.283e-03
4.283e-03
2.141e-03
6.424e-03
0.000e+00
2.141e-03
6.424e-03
8.565e-03
1.285e-02
6.424e-03
4.283e-03
2.141e-03
4.283e-03
8.565e-03
4.283e-03
2.141e-03
4.283e-03
4.283e-03
1.071e-02
2.141e-03
4.283e-03
1.071e-02
8.565e-03
0.000e+00
8.565e-03
2.141e-03
4.283e-03
4.283e-03
2.141e-03
0.000e+00
8.565e-03
8.565e-03
6.424e-03
1.071e-02
4.283e-03
4.283e-03
8.565e-03
4.283e-03
8.565e-03
1.071e-02
6.424e-03
2.141e-03
2.141e-03
4.283e-03
0.000e+00
0.000e+00
2.141e-03
0.000e+00
0.000e+00
0.000e+00
0.000e+00
2.141e-03
6.424e-03
2.141e-03
2.141e-03
0.000e+00
0.000e+00
0.000e+00
0.000e+00
2.141e-03
0.000e+00
0.000e+00
0.000e+00
0.000e+00
0.000e+00
0.000e+00
0.000e+00
0.000e+00
2.141e-03
0.000e+00
0.000e+00
0.000e+00
0.000e+00
0.000e+00
0.000e+00
0.000e+00
0.000e+00
0.000e+00
0.000e+00
2.141e-03
0.000e+00
0.000e+00
0.000e+00
0.000e+00
0.000e+00
0.000e+00
0.000e+00
0.000e+00
0.000e+00
0.000e+00
0.000e+00
0.000e+00
0.000e+00
0.000e+00
0.000e+00
0.000e+00
