0.000e+00
0.000e+00
0.000e+00
0.000e+00
0.000e+00
0.000e+00
0.000e+00
0.000e+00
0.000e+00
0.000e+00
0.000e+00
0.000e+00
0.000e+00
0.000e+00
0.000e+00
0.000e+00
0.000e+00
0.000e+00
0.000e+00
0.000e+00
0.000e+00
0.000e+00
0.000e+00
0.000e+00
0.000e+00
0.000e+00
0.000e+00
0.000e+00
0.000e+00
0.000e+00
0.000e+00
0.000e+00
0.000e+00
0.000e+00
0.000e+00
0.000e+00
0.000e+00
0.000e+00
0.000e+00
0.000e+00
0.000e+00
0.000e+00
0.000e+00
0.000e+00
0.000e+00
0.000e+00
0.000e+00
0.000e+00
0.000e+00
0.000e+00
0.000e+00
0.000e+00
0.000e+00
0.000e+00
0.000e+00
0.000e+00
1.838e-03
1.838e-03
0.000e+00
1.838e-03
1.838e-03
1.838e-03
3.676e-03
0.000e+00
1.838e-03
1.838e-03
3.676e-03
3.676e-03
1.838e-03
3.676e-03
3.676e-03
1.838e-03
5.515e-03
3.676e-03
3.676e-03
1.287e-02
1.103e-02
9.191e-03
1.287e-02
1.838e-03
5.515e-03
5.515e-03
5.515e-03
9.191e-03
5.515e-03
0.000e+00
7.353e-03
3.676e-03
1.287e-02
9.191e-03
1.838e-03
3.676e-03
3.676e-03
7.353e-03
9.191e-03
1.838e-03
1.838e-03
0.000e+00
1.838e-03
0.000e+00
0.000e+00
0.000e+00
5.515e-03
3.676e-03
7.353e-03
0.000e+00
3.676e-03
0.000e+00
3.676e-03
9.191e-03
0.000e+00
0.000e+00
1.838e-03
0.000e+00
0.000e+00
0.000e+00
0.000e+00
0.000e+00
0.000e+00
0.000e+00
1.838e-03
0.000e+00
0.000e+00
1.838e-03
0.000e+00
0.000e+00
0.000e+00
0.000e+00
0.000e+00
0.000e+00
0.000e+00
0.000e+00
0.000e+00
0.000e+00
0.000e+00
0.000e+00
0.000e+00
0.000e+00
0.000e+00
0.000e+00
0.000e+00
0.000e+00
0.000e+00
1.838e-03
0.000e+00
0.000e+00
0.000e+00
0.000e+00
0.000e+00
0.000e+00
1.838e-03
0.000e+00
0.000e+00
0.000e+00
0.000e+00
0.000e+00
0.000e+00
0.000e+00
0.000e+00
1.838e-03
0.000e+00
0.000e+00
0.000e+00
3.676e-03
0.000e+00
0.000e+00
3.676e-03
0.000e+00
0.000e+00
0.000e+00
1.838e-03
0.000e+00
0.000e+00
0.000e+00
0.000e+00
0.000e+00
0.000e+00
0.000e+00
1.838e-03
0.000e+00
0.000e+00
1.838e-03
0.000e+00
0.000e+00
0.000e+00
3.676e-03
1.838e-03
0.000e+00
0.000e+00
0.000e+00
0.000e+00
0.000e+00
0.000e+00
0.000e+00
0.000e+00
0.000e+00
3.676e-03
0.000e+00
1.838e-03
0.000e+00
1.838e-03
0.000e+00
0.000e+00
0.000e+00
0.000e+00
0.000e+00
0.000e+00
1.838e-03
0.000e+00
0.000e+00
0.000e+00
0.000e+00
0.000e+00
1.838e-03
1.838e-03
0.000e+00
0.000e+00
0.000e+00
0.000e+00
0.000e+00
0.000e+00
0.000e+00
0.000e+00
1.838e-03
0.000e+00
0.000e+00
0.000e+00
0.000e+00
0.000e+00
0.000e+00
0.000e+00
0.000e+00
0.000e+00
1.838e-03
0.000e+00
0.000e+00
0.000e+00
0.000e+00
0.000e+00
0.000e+00
1.838e-03
1.838e-03
1.838e-03
0.000e+00
0.000e+00
0.000e+00
1.838e-03
0.000e+00
1.838e-03
0.000e+00
3.676e-03
0.000e+00
0.000e+00
3.676e-03
1.838e-03
1.838e-03
3.676e-03
5.515e-03
0.000e+00
5.515e-03
9.191e-03
0.000e+00
1.838e-03
0.000e+00
1.838e-03
3.676e-03
7.353e-03
5.515e-03
3.676e-03
9.191e-03
1.838e-03
5.515e-03
5.515e-03
3.676e-03
1.838e-03
9.191e-03
5.515e-03
1.103e-02
1.103e-02
1.838e-03
3.676e-03
1.287e-02
1.287e-02
9.191e-03
1.838e-03
1.838e-03
7.353e-03
1.838e-03
7.353e-03
5.515e-03
0.000e+00
5.515e-03
7.353e-03
1.838e-03
1.838e-03
1.838e-03
0.000e+00
3.676e-03
0.000e+00
0.000e+00
1.838e-03
0.000e+00
1.838e-03
0.000e+00
1.838e-03
3.676e-03
0.000e+00
0.000e+00
0.000e+00
0.000e+00
0.000e+00
0.000e+00
0.000e+00
0.000e+00
0.000e+00
0.000e+00
0.000e+00
0.000e+00
0.000e+00
0.000e+00
0.000e+00
0.000e+00
0.000e+00
0.000e+00
0.000e+00
0.000e+00
0.000e+00
0.000e+00
0.000e+00
0.000e+00
0.000e+00
0.000e+00
0.000e+00
0.000e+00
0.000e+00
0.000e+00
0.000e+00
0.000e+00
0.000e+00
0.000e+00
0.000e+00
0.000e+00
0.000e+00
0.000e+00
0.000e+00
0.000e+00
0.000e+00
0.000e+00
0.000e+00
0.000e+00
0.000e+00
0.000e+00
0.000e+00
0.000e+00
0.000e+00
0.000e+00
0.000e+00
0.000e+00
0.000e+00
0.000e+00
