1.563e-03
0.000e+00
0.000e+00
1.563e-03
5.208e-04
0.000e+00
1.042e-03
1.042e-03
0.000e+00
5.208e-04
0.000e+00
0.000e+00
0.000e+00
0.000e+00
5.208e-04
0.000e+00
0.000e+00
0.000e+00
5.208e-04
5.208e-04
0.000e+00
5.208e-04
0.000e+00
0.000e+00
5.208e-04
5.208e-04
1.042e-03
5.208e-04
0.000e+00
5.208e-04
0.000e+00
1.563e-03
0.000e+00
5.208e-04
0.000e+00
0.000e+00
0.000e+00
0.000e+00
0.000e+00
1.042e-03
0.000e+00
0.000e+00
0.000e+00
0.000e+00
0.000e+00
5.208e-04
1.042e-03
0.000e+00
0.000e+00
5.208e-04
0.000e+00
0.000e+00
0.000e+00
5.208e-04
1.563e-03
1.042e-03
1.563e-03
0.000e+00
3.125e-03
1.042e-03
0.000e+00
5.208e-04
5.208e-04
0.000e+00
3.125e-03
2.083e-03
1.563e-03
2.604e-03
2.604e-03
2.083e-03
2.083e-03
4.687e-03
4.687e-03
5.729e-03
4.687e-03
2.604e-03
3.646e-03
4.687e-03
3.646e-03
2.604e-03
6.771e-03
5.208e-03
2.604e-03
6.250e-03
7.812e-03
2.083e-03
5.729e-03
5.729e-03
6.771e-03
4.687e-03
5.208e-03
7.292e-03
5.208e-03
6.250e-03
7.292e-03
4.687e-03
3.125e-03
6.250e-03
6.771e-03
4.167e-03
5.208e-03
3.125e-03
2.083e-03
1.563e-03
4.167e-03
3.646e-03
3.125e-03
1.563e-03
3.646e-03
1.042e-03
3.125e-03
1.042e-03
1.563e-03
3.125e-03
1.042e-03
3.125e-03
1.563e-03
1.042e-03
1.042e-03
5.208e-04
5.208e-04
0.000e+00
1.042e-03
5.208e-04
0.000e+00
0.000e+00
0.000e+00
1.563e-03
1.563e-03
1.042e-03
0.000e+00
5.208e-04
1.042e-03
5.208e-04
5.208e-04
0.000e+00
0.000e+00
1.042e-03
1.563e-03
1.042e-03
1.042e-03
5.208e-04
0.000e+00
0.000e+00
5.208e-04
0.000e+00
0.000e+00
0.000e+00
0.000e+00
0.000e+00
0.000e+00
5.208e-04
0.000e+00
0.000e+00
0.000e+00
0.000e+00
0.000e+00
0.000e+00
0.000e+00
0.000e+00
0.000e+00
5.208e-04
5.208e-04
5.208e-04
0.000e+00
1.042e-03
0.000e+00
0.000e+00
0.000e+00
0.000e+00
5.208e-04
0.000e+00
0.000e+00
5.208e-04
1.042e-03
5.208e-04
5.208e-04
0.000e+00
5.208e-04
5.208e-04
1.042e-03
1.042e-03
5.208e-04
0.000e+00
0.000e+00
0.000e+00
5.208e-04
5.208e-04
0.000e+00
5.208e-04
1.042e-03
0.000e+00
0.000e+00
5.208e-04
0.000e+00
0.000e+00
0.000e+00
0.000e+00
0.000e+00
5.208e-04
5.208e-04
0.000e+00
0.000e+00
0.000e+00
5.208e-04
0.000e+00
1.042e-03
0.000e+00
0.000e+00
5.208e-04
0.000e+00
0.000e+00
0.000e+00
0.000e+00
0.000e+00
0.000e+00
0.000e+00
0.000e+00
5.208e-04
5.208e-04
0.000e+00
5.208e-04
1.042e-03
1.563e-03
5.208e-04
1.042e-03
0.000e+00
5.208e-04
0.000e+00
0.000e+00
0.000e+00
1.042e-03
0.000e+00
5.208e-04
5.208e-04
1.042e-03
2.083e-03
1.042e-03
2.083e-03
0.000e+00
2.604e-03
1.563e-03
1.042e-03
1.042e-03
1.042e-03
3.646e-03
5.208e-04
1.042e-03
2.083e-03
5.208e-04
4.167e-03
3.125e-03
2.083e-03
2.083e-03
1.563e-03
2.604e-03
2.604e-03
5.729e-03
4.687e-03
3.125e-03
3.125e-03
4.167e-03
6.250e-03
3.125e-03
2.083e-03
3.646e-03
6.250e-03
7.292e-03
7.292e-03
2.604e-03
4.687e-03
4.687e-03
7.812e-03
4.687e-03
1.302e-02
5.208e-03
5.208e-03
5.729e-03
3.125e-03
4.687e-03
3.125e-03
5.208e-03
3.646e-03
3.646e-03
3.646e-03
1.563e-03
1.563e-03
2.604e-03
1.563e-03
2.604e-03
1.563e-03
2.083e-03
3.125e-03
2.083e-03
1.563e-03
2.083e-03
1.042e-03
1.563e-03
2.083e-03
1.042e-03
2.083e-03
0.000e+00
1.563e-03
1.042e-03
0.000e+00
5.208e-04
0.000e+00
1.042e-03
5.208e-04
5.208e-04
5.208e-04
1.042e-03
0.000e+00
0.000e+00
5.208e-04
0.000e+00
5.208e-04
5.208e-04
0.000e+00
5.208e-04
0.000e+00
5.208e-04
5.208e-04
0.000e+00
0.000e+00
5.208e-04
0.000e+00
0.000e+00
0.000e+00
5.208e-04
1.042e-03
5.208e-04
0.000e+00
0.000e+00
5.208e-04
0.000e+00
5.208e-04
5.208e-04
0.000e+00
0.000e+00
0.000e+00
0.000e+00
0.000e+00
0.000e+00
0.000e+00
0.000e+00
1.042e-03
0.000e+00
5.208e-04
0.000e+00
5.208e-04
1.042e-03
0.000e+00
0.000e+00
0.000e+00
0.000e+00
5.208e-04
0.000e+00
0.000e+00
0.000e+00
