2.083e-03
3.125e-03
0.000e+00
0.000e+00
0.000e+00
0.000e+00
0.000e+00
0.000e+00
0.000e+00
1.042e-03
0.000e+00
1.042e-03
0.000e+00
0.000e+00
0.000e+00
1.042e-03
1.042e-03
2.083e-03
1.042e-03
0.000e+00
0.000e+00
0.000e+00
0.000e+00
0.000e+00
0.000e+00
1.042e-03
0.000e+00
0.000e+00
0.000e+00
0.000e+00
0.000e+00
0.000e+00
0.000e+00
1.042e-03
1.042e-03
0.000e+00
0.000e+00
0.000e+00
0.000e+00
0.000e+00
0.000e+00
1.042e-03
0.000e+00
0.000e+00
0.000e+00
0.000e+00
1.042e-03
0.000e+00
1.042e-03
0.000e+00
0.000e+00
0.000e+00
1.042e-03
1.042e-03
1.042e-03
0.000e+00
0.000e+00
0.000e+00
0.000e+00
0.000e+00
1.042e-03
0.000e+00
1.042e-03
0.000e+00
2.083e-03
0.000e+00
0.000e+00
0.000e+00
3.125e-03
3.125e-03
1.042e-03
5.208e-03
3.125e-03
9.375e-03
1.562e-02
7.292e-03
7.292e-03
6.250e-03
7.292e-03
8.333e-03
5.208e-03
9.375e-03
4.167e-03
6.250e-03
7.292e-03
1.042e-02
7.292e-03
1.771e-02
3.125e-02
3.750e-02
2.604e-02
1.979e-02
1.979e-02
1.146e-02
8.333e-03
8.333e-03
1.562e-02
1.458e-02
1.354e-02
1.875e-02
9.375e-03
9.375e-03
1.250e-02
5.208e-03
5.208e-03
8.333e-03
4.167e-03
3.125e-03
1.042e-03
4.167e-03
3.125e-03
0.000e+00
0.000e+00
2.083e-03
1.042e-03
0.000e+00
1.042e-03
1.042e-03
0.000e+00
2.083e-03
1.042e-03
0.000e+00
0.000e+00
1.042e-03
1.042e-03
0.000e+00
1.042e-03
0.000e+00
0.000e+00
0.000e+00
0.000e+00
0.000e+00
0.000e+00
1.042e-03
0.000e+00
0.000e+00
0.000e+00
0.000e+00
0.000e+00
0.000e+00
0.000e+00
1.042e-03
0.000e+00
0.000e+00
0.000e+00
0.000e+00
0.000e+00
0.000e+00
0.000e+00
0.000e+00
0.000e+00
0.000e+00
0.000e+00
0.000e+00
0.000e+00
0.000e+00
0.000e+00
0.000e+00
1.042e-03
0.000e+00
0.000e+00
1.042e-03
0.000e+00
1.042e-03
0.000e+00
0.000e+00
1.042e-03
0.000e+00
0.000e+00
0.000e+00
0.000e+00
0.000e+00
0.000e+00
1.042e-03
0.000e+00
0.000e+00
1.042e-03
1.042e-03
2.083e-03
0.000e+00
3.125e-03
1.042e-03
1.042e-03
1.042e-03
0.000e+00
1.042e-03
2.083e-03
0.000e+00
0.000e+00
0.000e+00
1.042e-03
0.000e+00
1.042e-03
2.083e-03
0.000e+00
1.042e-03
1.042e-03
0.000e+00
0.000e+00
0.000e+00
0.000e+00
0.000e+00
0.000e+00
0.000e+00
0.000e+00
0.000e+00
0.000e+00
0.000e+00
0.000e+00
0.000e+00
0.000e+00
0.000e+00
0.000e+00
0.000e+00
0.000e+00
0.000e+00
0.000e+00
0.000e+00
0.000e+00
0.000e+00
0.000e+00
0.000e+00
0.000e+00
0.000e+00
0.000e+00
1.042e-03
0.000e+00
0.000e+00
0.000e+00
0.000e+00
0.000e+00
0.000e+00
0.000e+00
1.042e-03
0.000e+00
0.000e+00
1.042e-03
1.042e-03
1.042e-03
1.042e-03
1.042e-03
0.000e+00
1.042e-03
0.000e+00
3.125e-03
0.000e+00
1.042e-03
1.042e-03
0.000e+00
0.000e+00
3.125e-03
3.125e-03
7.292e-03
2.083e-03
6.250e-03
1.667e-02
9.375e-03
1.458e-02
1.354e-02
7.292e-03
8.333e-03
7.292e-03
4.167e-03
1.146e-02
9.375e-03
7.292e-03
1.042e-02
5.208e-03
1.458e-02
1.771e-02
1.667e-02
4.479e-02
3.125e-02
1.875e-02
1.458e-02
2.187e-02
1.562e-02
1.354e-02
1.458e-02
1.042e-02
1.250e-02
9.375e-03
7.292e-03
1.146e-02
7.292e-03
1.458e-02
6.250e-03
4.167e-03
4.167e-03
1.042e-03
3.125e-03
1.042e-03
1.042e-03
0.000e+00
2.083e-03
1.042e-03
0.000e+00
1.042e-03
1.042e-03
0.000e+00
0.000e+00
0.000e+00
1.042e-03
2.083e-03
1.042e-03
0.000e+00
0.000e+00
0.000e+00
2.083e-03
0.000e+00
0.000e+00
1.042e-03
0.000e+00
1.042e-03
0.000e+00
0.000e+00
0.000e+00
0.000e+00
0.000e+00
0.000e+00
1.042e-03
0.000e+00
0.000e+00
0.000e+00
0.000e+00
0.000e+00
0.000e+00
0.000e+00
0.000e+00
0.000e+00
0.000e+00
0.000e+00
1.042e-03
0.000e+00
0.000e+00
0.000e+00
0.000e+00
0.000e+00
1.042e-03
0.000e+00
0.000e+00
0.000e+00
0.000e+00
0.000e+00
0.000e+00
1.042e-03
0.000e+00
0.000e+00
0.000e+00
0.000e+00
0.000e+00
0.000e+00
0.000e+00
1.042e-03
1.042e-03
1.042e-03
0.000e+00
0.000e+00
1.042e-03
0.000e+00
