0.000e+00
0.000e+00
0.000e+00
0.000e+00
0.000e+00
0.000e+00
0.000e+00
0.000e+00
0.000e+00
0.000e+00
0.000e+00
0.000e+00
0.000e+00
0.000e+00
0.000e+00
0.000e+00
0.000e+00
0.000e+00
0.000e+00
0.000e+00
0.000e+00
0.000e+00
0.000e+00
0.000e+00
0.000e+00
0.000e+00
0.000e+00
0.000e+00
0.000e+00
0.000e+00
0.000e+00
0.000e+00
0.000e+00
0.000e+00
0.000e+00
0.000e+00
0.000e+00
0.000e+00
0.000e+00
0.000e+00
0.000e+00
0.000e+00
0.000e+00
0.000e+00
0.000e+00
0.000e+00
0.000e+00
0.000e+00
0.000e+00
0.000e+00
5.165e-04
0.000e+00
0.000e+00
0.000e+00
0.000e+00
0.000e+00
0.000e+00
0.000e+00
0.000e+00
0.000e+00
0.000e+00
5.165e-04
5.165e-04
5.165e-04
0.000e+00
5.165e-04
0.000e+00
1.033e-03
2.066e-03
1.033e-03
5.165e-04
2.583e-03
1.033e-03
2.583e-03
2.583e-03
2.583e-03
3.616e-03
2.583e-03
9.814e-03
4.649e-03
4.649e-03
7.231e-03
8.781e-03
9.298e-03
6.198e-03
7.748e-03
7.231e-03
8.781e-03
1.085e-02
1.136e-02
1.085e-02
8.781e-03
1.188e-02
5.682e-03
4.132e-03
3.099e-03
4.649e-03
4.132e-03
4.649e-03
6.715e-03
3.616e-03
5.165e-03
3.616e-03
4.132e-03
3.616e-03
2.066e-03
1.033e-03
1.033e-03
0.000e+00
3.616e-03
5.165e-04
2.583e-03
5.165e-04
5.165e-04
1.033e-03
5.165e-04
5.165e-04
0.000e+00
0.000e+00
0.000e+00
1.033e-03
5.165e-04
0.000e+00
1.550e-03
5.165e-04
5.165e-04
0.000e+00
0.000e+00
0.000e+00
5.165e-04
0.000e+00
5.165e-04
5.165e-04
0.000e+00
5.165e-04
0.000e+00
0.000e+00
0.000e+00
0.000e+00
0.000e+00
0.000e+00
0.000e+00
0.000e+00
0.000e+00
0.000e+00
0.000e+00
5.165e-04
0.000e+00
1.033e-03
0.000e+00
0.000e+00
5.165e-04
5.165e-04
0.000e+00
0.000e+00
0.000e+00
0.000e+00
0.000e+00
5.165e-04
0.000e+00
5.165e-04
5.165e-04
0.000e+00
5.165e-04
0.000e+00
5.165e-04
1.550e-03
0.000e+00
5.165e-04
1.033e-03
0.000e+00
1.033e-03
5.165e-04
5.165e-04
1.550e-03
5.165e-04
1.550e-03
2.583e-03
2.583e-03
3.616e-03
4.132e-03
3.099e-03
2.066e-03
4.132e-03
1.550e-03
1.550e-03
2.066e-03
1.033e-03
5.165e-04
5.165e-04
5.165e-04
5.165e-04
0.000e+00
5.165e-04
1.033e-03
0.000e+00
0.000e+00
0.000e+00
0.000e+00
0.000e+00
0.000e+00
0.000e+00
5.165e-04
0.000e+00
0.000e+00
5.165e-04
5.165e-04
0.000e+00
0.000e+00
0.000e+00
2.066e-03
0.000e+00
5.165e-04
0.000e+00
5.165e-04
0.000e+00
0.000e+00
0.000e+00
5.165e-04
5.165e-04
0.000e+00
0.000e+00
0.000e+00
0.000e+00
5.165e-04
0.000e+00
5.165e-04
0.000e+00
0.000e+00
0.000e+00
0.000e+00
5.165e-04
5.165e-04
0.000e+00
0.000e+00
0.000e+00
5.165e-04
5.165e-04
5.165e-04
1.033e-03
5.165e-04
5.165e-04
5.165e-04
0.000e+00
5.165e-04
1.033e-03
0.000e+00
1.033e-03
1.033e-03
2.583e-03
5.165e-04
1.033e-03
1.550e-03
2.066e-03
2.066e-03
1.550e-03
3.099e-03
2.583e-03
4.132e-03
4.132e-03
6.198e-03
5.165e-03
5.682e-03
9.814e-03
2.583e-03
4.649e-03
8.264e-03
7.231e-03
8.264e-03
8.264e-03
1.188e-02
9.814e-03
1.033e-02
5.682e-03
7.231e-03
6.198e-03
9.298e-03
3.616e-03
8.264e-03
5.165e-03
7.748e-03
3.616e-03
5.165e-03
3.099e-03
3.099e-03
1.550e-03
2.583e-03
2.066e-03
2.583e-03
2.066e-03
1.033e-03
1.033e-03
1.033e-03
1.550e-03
1.033e-03
5.165e-04
5.165e-04
5.165e-04
0.000e+00
5.165e-04
5.165e-04
5.165e-04
5.165e-04
5.165e-04
0.000e+00
0.000e+00
0.000e+00
0.000e+00
0.000e+00
0.000e+00
0.000e+00
0.000e+00
0.000e+00
0.000e+00
0.000e+00
0.000e+00
0.000e+00
0.000e+00
0.000e+00
0.000e+00
0.000e+00
0.000e+00
0.000e+00
0.000e+00
0.000e+00
0.000e+00
0.000e+00
0.000e+00
0.000e+00
0.000e+00
0.000e+00
0.000e+00
0.000e+00
0.000e+00
0.000e+00
0.000e+00
0.000e+00
0.000e+00
0.000e+00
0.000e+00
0.000e+00
0.000e+00
0.000e+00
0.000e+00
0.000e+00
0.000e+00
0.000e+00
0.000e+00
0.000e+00
0.000e+00
0.000e+00
0.000e+00
0.000e+00
0.000e+00
0.000e+00
0.000e+00
0.000e+00
0.000e+00
0.000e+00
0.000e+00
