0.000e+00
0.000e+00
0.000e+00
0.000e+00
1.033e-03
0.000e+00
0.000e+00
0.000e+00
0.000e+00
0.000e+00
0.000e+00
0.000e+00
0.000e+00
0.000e+00
0.000e+00
0.000e+00
0.000e+00
0.000e+00
0.000e+00
0.000e+00
0.000e+00
0.000e+00
0.000e+00
0.000e+00
0.000e+00
0.000e+00
0.000e+00
0.000e+00
0.000e+00
0.000e+00
0.000e+00
1.033e-03
0.000e+00
0.000e+00
0.000e+00
0.000e+00
0.000e+00
0.000e+00
0.000e+00
1.033e-03
0.000e+00
0.000e+00
0.000e+00
0.000e+00
0.000e+00
0.000e+00
0.000e+00
1.033e-03
0.000e+00
0.000e+00
0.000e+00
1.033e-03
0.000e+00
0.000e+00
1.033e-03
2.066e-03
0.000e+00
1.033e-03
1.033e-03
0.000e+00
1.033e-03
0.000e+00
2.066e-03
4.132e-03
3.099e-03
0.000e+00
1.033e-03
1.033e-03
0.000e+00
2.066e-03
0.000e+00
4.132e-03
7.231e-03
5.165e-03
1.343e-02
9.298e-03
1.653e-02
8.264e-03
1.240e-02
1.550e-02
1.240e-02
1.136e-02
2.066e-02
6.198e-03
1.136e-02
1.756e-02
1.136e-02
1.860e-02
1.653e-02
2.789e-02
1.860e-02
2.273e-02
1.446e-02
1.033e-02
1.136e-02
1.136e-02
7.231e-03
9.298e-03
6.198e-03
6.198e-03
9.298e-03
3.099e-03
3.099e-03
4.132e-03
8.264e-03
5.165e-03
5.165e-03
1.033e-03
3.099e-03
3.099e-03
5.165e-03
3.099e-03
0.000e+00
0.000e+00
3.099e-03
2.066e-03
2.066e-03
2.066e-03
1.033e-03
1.033e-03
0.000e+00
0.000e+00
1.033e-03
2.066e-03
0.000e+00
0.000e+00
1.033e-03
1.033e-03
3.099e-03
0.000e+00
0.000e+00
0.000e+00
0.000e+00
0.000e+00
0.000e+00
0.000e+00
0.000e+00
0.000e+00
0.000e+00
0.000e+00
1.033e-03
0.000e+00
0.000e+00
0.000e+00
0.000e+00
0.000e+00
0.000e+00
0.000e+00
0.000e+00
0.000e+00
1.033e-03
0.000e+00
0.000e+00
1.033e-03
0.000e+00
0.000e+00
0.000e+00
1.033e-03
0.000e+00
1.033e-03
0.000e+00
1.033e-03
0.000e+00
0.000e+00
0.000e+00
1.033e-03
1.033e-03
1.033e-03
1.033e-03
1.033e-03
1.033e-03
0.000e+00
3.099e-03
0.000e+00
1.033e-03
1.033e-03
3.099e-03
3.099e-03
1.033e-03
6.198e-03
1.653e-02
6.198e-03
3.099e-03
4.132e-03
2.066e-03
2.066e-03
1.033e-03
4.132e-03
1.033e-03
1.033e-03
1.033e-03
0.000e+00
0.000e+00
0.000e+00
1.033e-03
1.033e-03
1.033e-03
1.033e-03
2.066e-03
0.000e+00
0.000e+00
3.099e-03
0.000e+00
1.033e-03
0.000e+00
0.000e+00
0.000e+00
1.033e-03
0.000e+00
0.000e+00
2.066e-03
0.000e+00
0.000e+00
0.000e+00
0.000e+00
0.000e+00
0.000e+00
0.000e+00
0.000e+00
0.000e+00
0.000e+00
2.066e-03
1.033e-03
0.000e+00
0.000e+00
0.000e+00
1.033e-03
0.000e+00
0.000e+00
0.000e+00
0.000e+00
0.000e+00
1.033e-03
0.000e+00
0.000e+00
1.033e-03
1.033e-03
0.000e+00
1.033e-03
0.000e+00
1.033e-03
0.000e+00
0.000e+00
0.000e+00
3.099e-03
3.099e-03
0.000e+00
0.000e+00
2.066e-03
1.033e-03
2.066e-03
3.099e-03
4.132e-03
4.132e-03
7.231e-03
6.198e-03
6.198e-03
1.136e-02
1.136e-02
8.264e-03
7.231e-03
9.298e-03
6.198e-03
5.165e-03
9.298e-03
9.298e-03
1.136e-02
1.033e-02
5.165e-03
2.066e-02
1.963e-02
2.273e-02
2.583e-02
1.136e-02
1.446e-02
1.136e-02
1.446e-02
1.550e-02
1.343e-02
1.446e-02
1.033e-02
1.446e-02
1.446e-02
6.198e-03
1.033e-02
9.298e-03
6.198e-03
7.231e-03
1.033e-03
3.099e-03
2.066e-03
4.132e-03
4.132e-03
2.066e-03
2.066e-03
2.066e-03
0.000e+00
1.033e-03
1.033e-03
1.033e-03
2.066e-03
3.099e-03
0.000e+00
0.000e+00
1.033e-03
0.000e+00
0.000e+00
0.000e+00
0.000e+00
0.000e+00
0.000e+00
0.000e+00
0.000e+00
0.000e+00
0.000e+00
0.000e+00
0.000e+00
0.000e+00
0.000e+00
0.000e+00
0.000e+00
0.000e+00
0.000e+00
0.000e+00
0.000e+00
0.000e+00
1.033e-03
0.000e+00
0.000e+00
0.000e+00
0.000e+00
0.000e+00
0.000e+00
0.000e+00
0.000e+00
0.000e+00
0.000e+00
0.000e+00
0.000e+00
0.000e+00
0.000e+00
0.000e+00
1.033e-03
0.000e+00
0.000e+00
0.000e+00
0.000e+00
0.000e+00
0.000e+00
0.000e+00
0.000e+00
0.000e+00
0.000e+00
0.000e+00
0.000e+00
0.000e+00
1.033e-03
0.000e+00
0.000e+00
0.000e+00
