5.040e-04
0.000e+00
0.000e+00
0.000e+00
0.000e+00
0.000e+00
0.000e+00
0.000e+00
0.000e+00
5.040e-04
0.000e+00
0.000e+00
0.000e+00
0.000e+00
5.040e-04
0.000e+00
0.000e+00
0.000e+00
0.000e+00
0.000e+00
0.000e+00
0.000e+00
0.000e+00
5.040e-04
0.000e+00
0.000e+00
0.000e+00
5.040e-04
0.000e+00
5.040e-04
5.040e-04
0.000e+00
5.040e-04
0.000e+00
0.000e+00
5.040e-04
2.520e-03
2.520e-03
2.016e-03
3.024e-03
2.520e-03
0.000e+00
1.512e-03
2.520e-03
3.528e-03
2.016e-03
1.008e-03
2.016e-03
1.512e-03
2.520e-03
0.000e+00
1.008e-03
0.000e+00
2.016e-03
5.040e-04
2.016e-03
5.040e-04
2.016e-03
1.008e-03
3.024e-03
2.016e-03
1.008e-03
2.016e-03
2.520e-03
1.512e-03
1.512e-03
2.520e-03
4.032e-03
1.512e-03
5.544e-03
4.032e-03
5.544e-03
2.520e-03
3.024e-03
3.024e-03
3.024e-03
3.528e-03
4.536e-03
5.544e-03
2.016e-03
1.512e-03
1.008e-03
1.512e-03
3.528e-03
2.016e-03
3.528e-03
2.520e-03
1.512e-03
3.024e-03
1.008e-03
3.528e-03
2.520e-03
2.016e-03
2.520e-03
1.512e-03
1.512e-03
2.016e-03
3.024e-03
2.016e-03
5.040e-04
2.520e-03
4.536e-03
1.008e-03
1.512e-03
2.016e-03
3.528e-03
1.512e-03
1.008e-03
1.512e-03
2.520e-03
3.024e-03
1.512e-03
2.520e-03
1.008e-03
1.008e-03
1.008e-03
5.040e-04
1.512e-03
1.512e-03
5.040e-04
1.512e-03
5.040e-04
5.040e-04
5.040e-04
1.008e-03
1.008e-03
1.008e-03
0.000e+00
1.008e-03
5.040e-04
0.000e+00
0.000e+00
5.040e-04
0.000e+00
5.040e-04
0.000e+00
1.008e-03
0.000e+00
5.040e-04
0.000e+00
1.008e-03
5.040e-04
5.040e-04
5.040e-04
1.008e-03
1.008e-03
0.000e+00
1.008e-03
5.040e-04
5.040e-04
0.000e+00
1.008e-03
0.000e+00
5.040e-04
5.040e-04
1.008e-03
1.008e-03
0.000e+00
1.008e-03
0.000e+00
5.040e-04
0.000e+00
2.016e-03
2.016e-03
1.008e-03
1.512e-03
2.520e-03
2.016e-03
2.016e-03
1.512e-03
2.520e-03
2.520e-03
3.024e-03
2.520e-03
2.016e-03
4.032e-03
1.512e-03
2.016e-03
4.032e-03
4.536e-03
3.528e-03
3.528e-03
4.536e-03
2.520e-03
3.024e-03
3.024e-03
2.016e-03
1.512e-03
2.520e-03
1.008e-03
2.016e-03
5.040e-04
5.040e-04
2.016e-03
0.000e+00
1.512e-03
1.008e-03
0.000e+00
1.512e-03
2.016e-03
1.008e-03
0.000e+00
5.040e-04
1.008e-03
1.512e-03
0.000e+00
2.016e-03
2.016e-03
1.008e-03
1.512e-03
0.000e+00
5.040e-04
0.000e+00
5.040e-04
0.000e+00
0.000e+00
5.040e-04
5.040e-04
5.040e-04
0.000e+00
0.000e+00
1.008e-03
5.040e-04
0.000e+00
0.000e+00
1.512e-03
5.040e-04
5.040e-04
1.008e-03
0.000e+00
5.040e-04
0.000e+00
0.000e+00
5.040e-04
2.016e-03
1.008e-03
2.016e-03
0.000e+00
0.000e+00
1.008e-03
5.040e-04
5.040e-04
0.000e+00
2.016e-03
1.512e-03
2.016e-03
2.016e-03
1.512e-03
4.032e-03
1.008e-03
2.016e-03
2.520e-03
1.512e-03
1.512e-03
2.520e-03
4.032e-03
2.016e-03
2.016e-03
1.008e-03
1.512e-03
2.016e-03
1.008e-03
4.032e-03
3.528e-03
3.528e-03
0.000e+00
2.016e-03
2.016e-03
3.024e-03
2.016e-03
1.512e-03
3.528e-03
3.024e-03
3.024e-03
1.008e-03
3.528e-03
1.512e-03
1.512e-03
2.016e-03
2.016e-03
2.520e-03
2.016e-03
2.520e-03
2.520e-03
1.512e-03
2.520e-03
5.544e-03
5.544e-03
3.528e-03
5.544e-03
4.032e-03
3.528e-03
3.528e-03
5.040e-03
1.512e-03
2.520e-03
1.008e-03
2.520e-03
2.520e-03
2.016e-03
2.016e-03
1.512e-03
5.040e-04
5.040e-04
1.008e-03
5.040e-04
2.016e-03
1.008e-03
1.512e-03
1.008e-03
1.008e-03
1.512e-03
5.040e-04
5.040e-04
1.512e-03
2.016e-03
2.520e-03
5.040e-04
2.016e-03
1.512e-03
1.512e-03
2.016e-03
3.528e-03
2.016e-03
3.024e-03
0.000e+00
5.040e-04
5.040e-04
5.040e-04
5.040e-04
0.000e+00
5.040e-04
0.000e+00
5.040e-04
0.000e+00
0.000e+00
0.000e+00
5.040e-04
0.000e+00
0.000e+00
0.000e+00
0.000e+00
0.000e+00
0.000e+00
0.000e+00
0.000e+00
0.000e+00
0.000e+00
0.000e+00
0.000e+00
0.000e+00
5.040e-04
0.000e+00
0.000e+00
0.000e+00
5.040e-04
0.000e+00
0.000e+00
0.000e+00
5.040e-04
