0.000e+00
0.000e+00
3.024e-03
0.000e+00
0.000e+00
0.000e+00
0.000e+00
0.000e+00
0.000e+00
0.000e+00
0.000e+00
0.000e+00
0.000e+00
0.000e+00
0.000e+00
0.000e+00
0.000e+00
0.000e+00
0.000e+00
0.000e+00
0.000e+00
0.000e+00
0.000e+00
0.000e+00
0.000e+00
0.000e+00
0.000e+00
0.000e+00
0.000e+00
0.000e+00
0.000e+00
1.008e-03
0.000e+00
0.000e+00
0.000e+00
2.016e-03
1.008e-03
3.024e-03
1.008e-03
4.032e-03
4.032e-03
1.310e-02
1.210e-02
1.109e-02
1.512e-02
7.056e-03
0.000e+00
5.040e-03
2.016e-03
3.024e-03
6.048e-03
4.032e-03
5.040e-03
2.016e-03
2.016e-03
1.008e-03
1.008e-02
2.016e-03
6.048e-03
2.016e-03
3.024e-03
4.032e-03
5.040e-03
4.032e-03
7.056e-03
8.065e-03
1.008e-02
9.073e-03
7.056e-03
7.056e-03
2.016e-03
8.065e-03
3.024e-03
5.040e-03
7.056e-03
4.032e-03
1.210e-02
8.065e-03
7.056e-03
6.048e-03
2.016e-03
1.008e-03
2.016e-03
2.016e-03
2.016e-03
3.024e-03
3.024e-03
4.032e-03
6.048e-03
3.024e-03
2.016e-03
4.032e-03
4.032e-03
3.024e-03
2.016e-03
3.024e-03
3.024e-03
6.048e-03
3.024e-03
3.024e-03
3.024e-03
1.008e-03
0.000e+00
2.016e-03
2.016e-03
4.032e-03
1.008e-03
4.032e-03
3.024e-03
2.016e-03
1.008e-03
3.024e-03
6.048e-03
3.024e-03
3.024e-03
3.024e-03
3.024e-03
1.008e-03
2.016e-03
3.024e-03
1.008e-03
3.024e-03
4.032e-03
0.000e+00
3.024e-03
1.008e-03
2.016e-03
0.000e+00
4.032e-03
1.008e-03
5.040e-03
1.008e-03
3.024e-03
5.040e-03
0.000e+00
1.008e-03
1.008e-03
1.008e-03
4.032e-03
0.000e+00
3.024e-03
4.032e-03
1.008e-03
1.008e-03
5.040e-03
7.056e-03
1.008e-03
4.032e-03
3.024e-03
1.008e-03
1.008e-03
1.008e-03
1.008e-03
1.008e-03
1.008e-03
2.016e-03
4.032e-03
5.040e-03
1.008e-03
0.000e+00
3.024e-03
2.016e-03
2.016e-03
3.024e-03
1.008e-03
1.008e-03
1.008e-03
1.008e-03
5.040e-03
2.016e-03
2.016e-03
3.024e-03
0.000e+00
1.008e-03
2.016e-03
1.008e-03
3.024e-03
2.016e-03
6.048e-03
7.056e-03
2.016e-02
4.032e-03
3.024e-03
2.016e-03
0.000e+00
1.008e-03
0.000e+00
1.008e-03
4.032e-03
0.000e+00
2.016e-03
1.008e-03
0.000e+00
4.032e-03
1.008e-03
4.032e-03
3.024e-03
2.016e-03
3.024e-03
1.008e-03
1.008e-03
1.008e-03
1.008e-03
1.008e-03
4.032e-03
2.016e-03
2.016e-03
1.008e-03
1.008e-03
1.008e-03
2.016e-03
2.016e-03
3.024e-03
2.016e-03
1.008e-03
0.000e+00
3.024e-03
4.032e-03
1.008e-03
4.032e-03
1.008e-03
4.032e-03
2.016e-03
0.000e+00
0.000e+00
0.000e+00
3.024e-03
2.016e-03
0.000e+00
1.008e-03
3.024e-03
0.000e+00
3.024e-03
0.000e+00
3.024e-03
2.016e-03
2.016e-03
2.016e-03
0.000e+00
2.016e-03
5.040e-03
3.024e-03
3.024e-03
3.024e-03
4.032e-03
3.024e-03
6.048e-03
0.000e+00
5.040e-03
5.040e-03
4.032e-03
7.056e-03
3.024e-03
5.040e-03
4.032e-03
2.016e-03
1.008e-03
3.024e-03
4.032e-03
2.016e-03
6.048e-03
1.008e-03
3.024e-03
3.024e-03
6.048e-03
2.016e-03
1.008e-03
4.032e-03
4.032e-03
3.024e-03
4.032e-03
9.073e-03
3.024e-03
4.032e-03
4.032e-03
3.024e-03
1.008e-03
4.032e-03
0.000e+00
3.024e-03
3.024e-03
0.000e+00
3.024e-03
5.040e-03
3.024e-03
5.040e-03
6.048e-03
5.040e-03
6.048e-03
8.065e-03
4.032e-03
3.024e-03
6.048e-03
8.065e-03
7.056e-03
7.056e-03
3.024e-03
7.056e-03
3.024e-03
6.048e-03
5.040e-03
5.040e-03
8.065e-03
1.008e-03
4.032e-03
3.024e-03
5.040e-03
3.024e-03
5.040e-03
3.024e-03
5.040e-03
5.040e-03
8.065e-03
6.048e-03
4.032e-03
8.065e-03
1.008e-02
1.109e-02
6.048e-03
1.008e-02
0.000e+00
4.032e-03
1.008e-03
1.008e-03
3.024e-03
3.024e-03
1.008e-03
1.008e-03
0.000e+00
0.000e+00
0.000e+00
0.000e+00
0.000e+00
0.000e+00
0.000e+00
0.000e+00
0.000e+00
0.000e+00
1.008e-03
0.000e+00
0.000e+00
0.000e+00
0.000e+00
0.000e+00
0.000e+00
2.016e-03
0.000e+00
0.000e+00
0.000e+00
0.000e+00
0.000e+00
0.000e+00
0.000e+00
0.000e+00
0.000e+00
0.000e+00
0.000e+00
0.000e+00
0.000e+00
0.000e+00
