6.150e+02
4.940e+02
3.580e+02
2.600e+02
1.860e+02
1.560e+02
1.140e+02
1.140e+02
9.800e+01
6.700e+01
8.400e+01
9.500e+01
6.400e+01
7.900e+01
7.300e+01
7.400e+01
6.500e+01
5.900e+01
6.100e+01
5.400e+01
2.700e+01
4.600e+01
3.500e+01
2.700e+01
2.000e+01
1.500e+01
9.000e+00
8.000e+00
9.000e+00
1.200e+01
1.800e+01
1.600e+01
1.900e+01
2.800e+01
3.200e+01
2.000e+01
2.000e+01
8.000e+00
1.100e+01
1.500e+01
1.800e+01
1.600e+01
8.000e+00
1.400e+01
1.600e+01
2.600e+01
2.100e+01
2.600e+01
2.300e+01
2.300e+01
2.500e+01
3.300e+01
3.900e+01
3.500e+01
4.100e+01
5.000e+01
4.900e+01
4.600e+01
5.600e+01
5.300e+01
5.100e+01
5.100e+01
6.200e+01
6.200e+01
6.200e+01
5.800e+01
3.500e+01
4.000e+01
4.300e+01
5.500e+01
3.500e+01
3.800e+01
4.500e+01
3.200e+01
3.300e+01
2.500e+01
1.900e+01
2.200e+01
1.700e+01
1.100e+01
1.400e+01
1.700e+01
9.000e+00
1.000e+01
1.000e+01
8.000e+00
1.600e+01
8.000e+00
1.800e+01
1.600e+01
1.000e+01
8.000e+00
1.000e+01
8.000e+00
4.000e+00
1.100e+01
7.000e+00
1.100e+01
1.600e+01
1.600e+01
1.100e+01
1.500e+01
2.500e+01
1.700e+01
2.300e+01
1.700e+01
3.100e+01
4.000e+01
3.300e+01
3.600e+01
3.400e+01
3.800e+01
3.700e+01
4.400e+01
4.700e+01
5.900e+01
4.100e+01
4.700e+01
6.800e+01
5.600e+01
5.400e+01
6.600e+01
5.300e+01
4.600e+01
5.500e+01
5.200e+01
2.600e+01
4.200e+01
2.900e+01
3.900e+01
4.500e+01
2.400e+01
2.200e+01
3.700e+01
2.500e+01
2.000e+01
1.800e+01
1.600e+01
1.400e+01
1.700e+01
1.600e+01
1.000e+01
1.300e+01
1.800e+01
2.300e+01
2.100e+01
1.800e+01
2.000e+01
2.300e+01
2.100e+01
1.700e+01
2.000e+01
1.500e+01
1.600e+01
2.000e+01
1.500e+01
1.700e+01
2.600e+01
2.000e+01
2.400e+01
3.800e+01
3.800e+01
4.000e+01
3.600e+01
5.100e+01
5.800e+01
8.100e+01
5.200e+01
7.400e+01
7.300e+01
8.300e+01
8.200e+01
1.030e+02
1.260e+02
1.350e+02
1.540e+02
2.030e+02
2.630e+02
3.780e+02
4.380e+02
4.910e+02
4.400e+02
3.560e+02
2.750e+02
2.190e+02
1.730e+02
1.470e+02
1.200e+02
1.140e+02
1.030e+02
9.400e+01
6.800e+01
6.900e+01
5.800e+01
6.200e+01
6.500e+01
4.300e+01
4.800e+01
3.100e+01
4.100e+01
3.700e+01
3.000e+01
2.600e+01
2.600e+01
1.900e+01
2.200e+01
1.700e+01
1.900e+01
1.500e+01
1.200e+01
2.100e+01
2.300e+01
2.500e+01
2.100e+01
8.000e+00
2.100e+01
1.200e+01
2.600e+01
2.000e+01
1.500e+01
1.100e+01
1.500e+01
1.700e+01
2.500e+01
2.100e+01
1.400e+01
1.700e+01
2.900e+01
1.400e+01
4.100e+01
3.000e+01
3.700e+01
2.800e+01
5.000e+01
6.200e+01
4.700e+01
4.400e+01
3.800e+01
5.400e+01
5.000e+01
6.400e+01
5.100e+01
6.600e+01
4.700e+01
5.000e+01
4.500e+01
5.000e+01
3.900e+01
3.700e+01
4.000e+01
3.400e+01
3.700e+01
4.500e+01
3.500e+01
2.800e+01
2.200e+01
2.300e+01
2.200e+01
1.500e+01
1.700e+01
1.900e+01
1.600e+01
2.000e+01
6.000e+00
1.200e+01
1.200e+01
1.000e+01
1.000e+01
9.000e+00
5.000e+00
8.000e+00
1.300e+01
7.000e+00
1.000e+01
1.800e+01
8.000e+00
1.000e+01
1.500e+01
9.000e+00
1.500e+01
1.200e+01
1.400e+01
1.400e+01
1.600e+01
1.800e+01
2.400e+01
2.400e+01
4.000e+01
3.200e+01
3.900e+01
4.800e+01
4.600e+01
4.900e+01
4.500e+01
3.800e+01
6.000e+01
6.300e+01
5.400e+01
5.700e+01
5.400e+01
6.300e+01
5.800e+01
5.100e+01
6.000e+01
4.400e+01
4.500e+01
4.600e+01
3.400e+01
3.600e+01
3.200e+01
2.500e+01
2.500e+01
2.500e+01
2.400e+01
1.800e+01
1.600e+01
1.400e+01
2.400e+01
1.200e+01
1.000e+01
1.300e+01
1.500e+01
1.100e+01
1.000e+01
1.900e+01
3.100e+01
2.400e+01
2.800e+01
2.500e+01
2.000e+01
1.700e+01
1.000e+01
8.000e+00
8.000e+00
1.600e+01
1.900e+01
1.300e+01
2.700e+01
3.000e+01
3.400e+01
4.500e+01
6.200e+01
5.800e+01
4.800e+01
4.800e+01
8.700e+01
7.200e+01
7.500e+01
7.200e+01
6.900e+01
6.500e+01
6.200e+01
1.020e+02
1.100e+02
1.100e+02
1.440e+02
1.710e+02
2.320e+02
3.620e+02
4.380e+02
