1.739e-04
0.000e+00
0.000e+00
0.000e+00
0.000e+00
0.000e+00
0.000e+00
0.000e+00
0.000e+00
1.739e-04
0.000e+00
0.000e+00
0.000e+00
0.000e+00
1.739e-04
0.000e+00
0.000e+00
0.000e+00
0.000e+00
0.000e+00
0.000e+00
0.000e+00
0.000e+00
1.739e-04
0.000e+00
0.000e+00
0.000e+00
1.739e-04
0.000e+00
1.739e-04
1.739e-04
0.000e+00
1.739e-04
0.000e+00
0.000e+00
1.739e-04
8.693e-04
8.693e-04
6.954e-04
1.043e-03
8.693e-04
0.000e+00
5.216e-04
8.693e-04
1.217e-03
6.954e-04
3.477e-04
6.954e-04
5.216e-04
8.693e-04
1.739e-04
3.477e-04
0.000e+00
6.954e-04
1.739e-04
6.954e-04
5.216e-04
8.693e-04
5.216e-04
1.739e-03
8.693e-04
1.391e-03
1.217e-03
1.565e-03
1.391e-03
1.217e-03
1.565e-03
2.782e-03
1.565e-03
2.955e-03
2.608e-03
3.999e-03
2.086e-03
2.955e-03
2.782e-03
3.825e-03
4.346e-03
4.172e-03
6.954e-03
3.999e-03
3.651e-03
4.694e-03
5.563e-03
7.302e-03
4.346e-03
5.042e-03
5.042e-03
5.216e-03
7.823e-03
5.563e-03
6.085e-03
5.911e-03
5.911e-03
3.825e-03
4.520e-03
2.434e-03
3.651e-03
4.694e-03
3.129e-03
2.955e-03
2.955e-03
4.172e-03
2.434e-03
2.434e-03
3.129e-03
2.086e-03
1.565e-03
1.043e-03
1.217e-03
2.955e-03
1.565e-03
2.086e-03
1.739e-03
8.693e-04
1.217e-03
5.216e-04
6.954e-04
1.043e-03
6.954e-04
3.477e-04
1.043e-03
5.216e-04
5.216e-04
1.217e-03
1.043e-03
8.693e-04
3.477e-04
1.739e-04
5.216e-04
3.477e-04
0.000e+00
1.739e-04
3.477e-04
0.000e+00
5.216e-04
1.739e-04
6.954e-04
0.000e+00
1.739e-04
0.000e+00
5.216e-04
3.477e-04
1.739e-04
3.477e-04
3.477e-04
3.477e-04
3.477e-04
3.477e-04
5.216e-04
3.477e-04
1.739e-04
5.216e-04
3.477e-04
3.477e-04
1.739e-04
3.477e-04
3.477e-04
1.739e-04
1.043e-03
1.739e-04
3.477e-04
3.477e-04
8.693e-04
1.391e-03
3.477e-04
8.693e-04
1.912e-03
8.693e-04
1.043e-03
1.739e-03
2.086e-03
1.217e-03
1.739e-03
1.217e-03
1.565e-03
1.565e-03
1.565e-03
2.086e-03
2.608e-03
3.651e-03
2.955e-03
3.129e-03
2.608e-03
2.782e-03
2.086e-03
2.260e-03
1.912e-03
1.043e-03
1.217e-03
8.693e-04
1.739e-03
5.216e-04
3.477e-04
1.043e-03
5.216e-04
8.693e-04
8.693e-04
3.477e-04
8.693e-04
8.693e-04
5.216e-04
1.739e-04
6.954e-04
3.477e-04
5.216e-04
3.477e-04
1.391e-03
1.043e-03
3.477e-04
8.693e-04
6.954e-04
1.739e-04
1.739e-04
8.693e-04
3.477e-04
1.739e-04
1.739e-04
1.739e-04
3.477e-04
5.216e-04
0.000e+00
3.477e-04
1.739e-04
1.739e-04
3.477e-04
5.216e-04
3.477e-04
1.739e-04
5.216e-04
3.477e-04
1.739e-04
1.739e-04
1.739e-04
6.954e-04
8.693e-04
3.477e-04
1.043e-03
5.216e-04
6.954e-04
1.043e-03
6.954e-04
8.693e-04
1.043e-03
8.693e-04
1.043e-03
1.217e-03
1.565e-03
1.391e-03
2.086e-03
1.912e-03
1.739e-03
1.565e-03
1.043e-03
1.565e-03
2.434e-03
2.260e-03
2.434e-03
3.303e-03
2.086e-03
3.651e-03
4.868e-03
2.782e-03
4.520e-03
5.042e-03
2.955e-03
2.086e-03
6.085e-03
4.694e-03
4.868e-03
5.911e-03
5.389e-03
6.780e-03
5.389e-03
3.999e-03
4.172e-03
5.911e-03
5.216e-03
4.172e-03
5.737e-03
3.477e-03
5.389e-03
4.172e-03
4.694e-03
3.825e-03
2.260e-03
2.086e-03
3.999e-03
3.651e-03
2.955e-03
3.651e-03
2.608e-03
2.782e-03
3.129e-03
3.303e-03
1.391e-03
1.217e-03
6.954e-04
1.565e-03
1.391e-03
1.391e-03
1.217e-03
1.217e-03
1.043e-03
6.954e-04
6.954e-04
5.216e-04
6.954e-04
3.477e-04
5.216e-04
3.477e-04
3.477e-04
6.954e-04
1.739e-04
3.477e-04
5.216e-04
8.693e-04
8.693e-04
1.739e-04
6.954e-04
6.954e-04
5.216e-04
6.954e-04
1.217e-03
6.954e-04
1.043e-03
0.000e+00
1.739e-04
1.739e-04
1.739e-04
1.739e-04
0.000e+00
1.739e-04
0.000e+00
1.739e-04
0.000e+00
0.000e+00
0.000e+00
1.739e-04
0.000e+00
0.000e+00
0.000e+00
0.000e+00
1.739e-04
0.000e+00
0.000e+00
0.000e+00
0.000e+00
0.000e+00
0.000e+00
0.000e+00
0.000e+00
1.739e-04
0.000e+00
0.000e+00
0.000e+00
1.739e-04
0.000e+00
0.000e+00
0.000e+00
1.739e-04
