0.000e+00
3.477e-04
1.043e-03
0.000e+00
3.477e-04
0.000e+00
0.000e+00
0.000e+00
0.000e+00
0.000e+00
0.000e+00
0.000e+00
0.000e+00
0.000e+00
0.000e+00
0.000e+00
0.000e+00
0.000e+00
0.000e+00
0.000e+00
0.000e+00
0.000e+00
0.000e+00
0.000e+00
0.000e+00
0.000e+00
0.000e+00
0.000e+00
0.000e+00
0.000e+00
0.000e+00
6.954e-04
0.000e+00
0.000e+00
0.000e+00
6.954e-04
3.477e-04
1.043e-03
6.954e-04
1.739e-03
1.391e-03
4.520e-03
4.172e-03
3.825e-03
5.216e-03
2.434e-03
0.000e+00
2.434e-03
6.954e-04
1.391e-03
2.434e-03
2.434e-03
2.434e-03
2.434e-03
1.043e-03
1.739e-03
4.172e-03
3.129e-03
4.172e-03
2.086e-03
2.086e-03
3.477e-03
4.868e-03
4.868e-03
5.563e-03
5.911e-03
5.911e-03
5.911e-03
4.172e-03
6.954e-03
3.477e-03
6.259e-03
6.259e-03
5.563e-03
8.693e-03
6.259e-03
1.217e-02
9.040e-03
8.693e-03
9.040e-03
6.954e-03
6.259e-03
9.736e-03
4.520e-03
6.259e-03
9.736e-03
6.259e-03
1.078e-02
1.078e-02
1.252e-02
1.078e-02
1.147e-02
8.345e-03
5.911e-03
6.954e-03
8.345e-03
5.563e-03
6.606e-03
5.216e-03
4.520e-03
6.606e-03
3.129e-03
2.086e-03
3.129e-03
5.911e-03
5.563e-03
3.825e-03
3.477e-03
3.129e-03
2.434e-03
3.477e-03
3.129e-03
3.129e-03
2.086e-03
2.782e-03
3.825e-03
2.782e-03
1.739e-03
1.391e-03
2.782e-03
1.739e-03
2.086e-03
2.434e-03
2.782e-03
1.739e-03
6.954e-04
2.434e-03
3.477e-04
2.782e-03
6.954e-04
1.739e-03
3.477e-04
1.043e-03
2.086e-03
0.000e+00
1.391e-03
1.739e-03
1.043e-03
2.086e-03
6.954e-04
1.391e-03
1.391e-03
6.954e-04
3.477e-04
2.086e-03
2.434e-03
3.477e-04
2.086e-03
1.043e-03
3.477e-04
6.954e-04
6.954e-04
3.477e-04
1.391e-03
6.954e-04
6.954e-04
1.391e-03
2.086e-03
3.477e-04
1.043e-03
1.391e-03
1.043e-03
1.391e-03
1.043e-03
3.477e-04
1.391e-03
6.954e-04
1.391e-03
2.782e-03
1.043e-03
1.391e-03
2.086e-03
2.086e-03
6.954e-04
1.739e-03
6.954e-04
3.477e-03
1.739e-03
2.782e-03
5.911e-03
1.565e-02
5.911e-03
3.129e-03
2.782e-03
6.954e-04
1.739e-03
6.954e-04
1.739e-03
2.434e-03
1.391e-03
2.086e-03
3.477e-04
0.000e+00
1.739e-03
6.954e-04
1.739e-03
1.391e-03
1.043e-03
2.086e-03
3.477e-04
3.477e-04
1.739e-03
6.954e-04
1.391e-03
1.739e-03
1.739e-03
6.954e-04
1.391e-03
3.477e-04
1.043e-03
2.086e-03
6.954e-04
1.043e-03
1.043e-03
6.954e-04
6.954e-04
1.391e-03
2.086e-03
3.477e-04
1.739e-03
6.954e-04
2.086e-03
2.086e-03
0.000e+00
1.043e-03
6.954e-04
1.391e-03
6.954e-04
6.954e-04
6.954e-04
1.043e-03
0.000e+00
1.391e-03
6.954e-04
1.043e-03
1.739e-03
2.086e-03
2.782e-03
1.739e-03
2.434e-03
2.782e-03
2.086e-03
2.086e-03
2.782e-03
2.782e-03
3.477e-03
3.825e-03
1.739e-03
3.825e-03
3.477e-03
3.825e-03
4.520e-03
3.129e-03
6.259e-03
5.911e-03
3.477e-03
3.477e-03
5.563e-03
6.606e-03
5.911e-03
5.911e-03
4.868e-03
5.911e-03
5.911e-03
6.954e-03
4.868e-03
4.868e-03
7.302e-03
4.520e-03
1.008e-02
1.043e-02
1.495e-02
1.287e-02
8.693e-03
8.345e-03
6.954e-03
6.259e-03
9.736e-03
6.954e-03
7.650e-03
6.606e-03
5.911e-03
9.040e-03
7.302e-03
6.606e-03
9.040e-03
6.606e-03
5.563e-03
4.868e-03
7.650e-03
2.782e-03
4.520e-03
4.868e-03
5.911e-03
5.563e-03
5.216e-03
2.434e-03
4.520e-03
3.129e-03
3.825e-03
3.825e-03
4.172e-03
4.172e-03
3.477e-03
3.129e-03
2.434e-03
2.086e-03
2.782e-03
2.086e-03
1.043e-03
2.434e-03
1.739e-03
2.782e-03
2.434e-03
1.391e-03
3.129e-03
4.520e-03
4.172e-03
2.434e-03
3.477e-03
0.000e+00
1.391e-03
3.477e-04
6.954e-04
1.043e-03
1.043e-03
6.954e-04
3.477e-04
0.000e+00
0.000e+00
0.000e+00
0.000e+00
3.477e-04
0.000e+00
0.000e+00
0.000e+00
0.000e+00
0.000e+00
3.477e-04
0.000e+00
0.000e+00
0.000e+00
3.477e-04
3.477e-04
0.000e+00
6.954e-04
0.000e+00
0.000e+00
0.000e+00
0.000e+00
0.000e+00
0.000e+00
0.000e+00
0.000e+00
0.000e+00
0.000e+00
3.477e-04
3.477e-04
0.000e+00
0.000e+00
