1.129e-03
0.000e+00
1.129e-03
0.000e+00
0.000e+00
0.000e+00
0.000e+00
0.000e+00
0.000e+00
0.000e+00
0.000e+00
1.129e-03
0.000e+00
0.000e+00
1.129e-03
0.000e+00
0.000e+00
0.000e+00
0.000e+00
0.000e+00
0.000e+00
1.129e-03
1.129e-03
0.000e+00
1.129e-03
1.129e-03
0.000e+00
0.000e+00
0.000e+00
0.000e+00
0.000e+00
0.000e+00
1.129e-03
0.000e+00
0.000e+00
0.000e+00
0.000e+00
0.000e+00
1.129e-03
0.000e+00
1.129e-03
1.129e-03
3.386e-03
3.386e-03
1.129e-03
2.257e-03
1.129e-03
3.386e-03
3.386e-03
1.129e-03
1.129e-03
2.257e-03
3.386e-03
2.257e-03
3.386e-03
0.000e+00
7.901e-03
2.257e-03
3.386e-03
6.772e-03
3.386e-03
5.643e-03
5.643e-03
5.643e-03
3.386e-03
2.257e-03
5.643e-03
1.129e-03
4.515e-03
4.515e-03
5.643e-03
2.257e-03
4.515e-03
1.129e-03
4.515e-03
4.515e-03
1.016e-02
3.386e-03
1.129e-03
2.257e-03
1.129e-03
3.386e-03
4.515e-03
5.643e-03
1.016e-02
1.129e-03
3.386e-03
5.643e-03
4.515e-03
5.643e-03
1.016e-02
3.386e-03
7.901e-03
5.643e-03
9.029e-03
1.129e-03
7.901e-03
1.242e-02
4.515e-03
2.257e-03
1.129e-03
1.129e-03
3.386e-03
3.386e-03
4.515e-03
0.000e+00
1.129e-03
3.386e-03
0.000e+00
0.000e+00
1.129e-03
1.129e-03
1.129e-03
1.129e-03
2.257e-03
1.129e-03
3.386e-03
3.386e-03
3.386e-03
1.129e-03
3.386e-03
2.257e-03
1.129e-03
6.772e-03
3.386e-03
4.515e-03
4.515e-03
1.129e-03
3.386e-03
4.515e-03
4.515e-03
5.643e-03
2.257e-03
4.515e-03
2.257e-03
6.772e-03
4.515e-03
0.000e+00
6.772e-03
2.257e-03
4.515e-03
2.257e-03
1.129e-03
2.257e-03
6.772e-03
2.257e-03
2.257e-03
1.129e-03
2.257e-03
2.257e-03
1.129e-03
4.515e-03
2.257e-03
2.257e-03
1.129e-03
2.257e-03
1.129e-03
2.257e-03
2.257e-03
7.901e-03
2.257e-03
2.257e-03
3.386e-03
3.386e-03
4.515e-03
1.129e-03
3.386e-03
5.643e-03
3.386e-03
3.386e-03
1.129e-03
6.772e-03
2.257e-03
6.772e-03
5.643e-03
5.643e-03
1.129e-03
0.000e+00
2.257e-03
0.000e+00
2.257e-03
2.257e-03
3.386e-03
3.386e-03
1.129e-03
2.257e-03
3.386e-03
5.643e-03
3.386e-03
2.257e-03
4.515e-03
3.386e-03
7.901e-03
2.257e-03
3.386e-03
2.257e-03
4.515e-03
3.386e-03
3.386e-03
0.000e+00
3.386e-03
1.129e-03
2.257e-03
5.643e-03
1.129e-03
2.257e-03
3.386e-03
4.515e-03
4.515e-03
1.129e-03
2.257e-03
2.257e-03
2.257e-03
3.386e-03
1.129e-03
2.257e-03
3.386e-03
0.000e+00
3.386e-03
1.129e-03
3.386e-03
1.129e-03
4.515e-03
3.386e-03
1.129e-03
1.016e-02
1.129e-03
2.257e-03
2.257e-03
0.000e+00
3.386e-03
1.129e-03
2.257e-03
5.643e-03
4.515e-03
2.257e-03
3.386e-03
5.643e-03
5.643e-03
3.386e-03
0.000e+00
4.515e-03
2.257e-03
0.000e+00
1.129e-03
1.129e-03
0.000e+00
3.386e-03
0.000e+00
2.257e-03
3.386e-03
0.000e+00
2.257e-03
1.129e-03
2.257e-03
1.129e-03
3.386e-03
3.386e-03
2.257e-03
3.386e-03
2.257e-03
1.129e-03
3.386e-03
1.129e-03
2.257e-03
4.515e-03
3.386e-03
9.029e-03
2.257e-03
1.016e-02
1.016e-02
5.643e-03
3.386e-03
4.515e-03
0.000e+00
4.515e-03
1.016e-02
1.354e-02
7.901e-03
3.386e-03
5.643e-03
3.386e-03
5.643e-03
2.257e-03
3.386e-03
1.016e-02
4.515e-03
4.515e-03
6.772e-03
2.257e-03
6.772e-03
3.386e-03
2.257e-03
3.386e-03
4.515e-03
1.129e-03
7.901e-03
6.772e-03
9.029e-03
5.643e-03
3.386e-03
7.901e-03
3.386e-03
4.515e-03
1.129e-03
3.386e-03
1.129e-03
5.643e-03
3.386e-03
3.386e-03
5.643e-03
4.515e-03
5.643e-03
5.643e-03
0.000e+00
1.129e-03
2.257e-03
2.257e-03
3.386e-03
3.386e-03
1.129e-03
0.000e+00
2.257e-03
2.257e-03
1.129e-03
1.129e-03
1.129e-03
0.000e+00
0.000e+00
3.386e-03
1.129e-03
0.000e+00
0.000e+00
0.000e+00
0.000e+00
0.000e+00
0.000e+00
0.000e+00
1.129e-03
0.000e+00
0.000e+00
0.000e+00
0.000e+00
0.000e+00
1.129e-03
0.000e+00
1.129e-03
0.000e+00
0.000e+00
0.000e+00
0.000e+00
1.129e-03
0.000e+00
0.000e+00
1.129e-03
1.129e-03
0.000e+00
0.000e+00
0.000e+00
1.129e-03
