0.000e+00
0.000e+00
0.000e+00
0.000e+00
0.000e+00
0.000e+00
0.000e+00
0.000e+00
0.000e+00
0.000e+00
0.000e+00
0.000e+00
0.000e+00
0.000e+00
0.000e+00
0.000e+00
1.836e-04
1.836e-04
0.000e+00
0.000e+00
0.000e+00
1.836e-04
0.000e+00
0.000e+00
0.000e+00
0.000e+00
0.000e+00
0.000e+00
0.000e+00
0.000e+00
0.000e+00
0.000e+00
0.000e+00
0.000e+00
5.507e-04
0.000e+00
0.000e+00
1.836e-04
3.671e-04
0.000e+00
5.507e-04
1.836e-04
0.000e+00
1.836e-04
0.000e+00
1.836e-04
0.000e+00
1.836e-04
0.000e+00
1.836e-04
3.671e-04
1.836e-04
1.836e-04
3.671e-04
1.836e-04
1.836e-04
9.178e-04
3.671e-04
5.507e-04
1.836e-04
1.101e-03
0.000e+00
1.468e-03
3.671e-04
1.285e-03
1.101e-03
1.468e-03
1.285e-03
1.285e-03
9.178e-04
1.285e-03
5.507e-04
2.203e-03
1.101e-03
1.468e-03
2.570e-03
1.468e-03
2.937e-03
1.836e-03
2.753e-03
1.836e-03
2.386e-03
3.304e-03
2.019e-03
2.019e-03
2.937e-03
1.652e-03
2.019e-03
2.753e-03
1.468e-03
2.570e-03
2.386e-03
2.019e-03
1.285e-03
2.019e-03
1.468e-03
2.570e-03
2.203e-03
1.468e-03
2.019e-03
2.937e-03
2.019e-03
1.468e-03
3.488e-03
3.120e-03
2.937e-03
3.671e-03
4.222e-03
3.304e-03
2.937e-03
3.304e-03
2.570e-03
4.405e-03
3.671e-03
3.120e-03
5.140e-03
5.140e-03
2.570e-03
4.589e-03
6.057e-03
3.120e-03
2.937e-03
4.038e-03
2.386e-03
2.937e-03
4.038e-03
3.671e-03
2.386e-03
3.120e-03
3.488e-03
2.937e-03
3.120e-03
3.855e-03
2.570e-03
9.178e-04
2.753e-03
3.304e-03
1.468e-03
1.285e-03
2.386e-03
1.836e-03
2.203e-03
7.342e-04
2.203e-03
1.285e-03
1.285e-03
1.468e-03
1.468e-03
1.285e-03
3.304e-03
1.285e-03
2.386e-03
1.468e-03
9.178e-04
1.652e-03
9.178e-04
1.468e-03
1.101e-03
1.101e-03
1.468e-03
1.285e-03
1.652e-03
5.507e-04
1.836e-04
1.101e-03
1.836e-04
3.671e-04
5.507e-04
1.836e-04
3.671e-04
1.836e-04
1.836e-04
5.507e-04
0.000e+00
1.836e-04
3.671e-04
0.000e+00
7.342e-04
1.836e-04
1.836e-04
1.836e-04
3.671e-04
0.000e+00
0.000e+00
0.000e+00
7.342e-04
0.000e+00
0.000e+00
1.836e-04
7.342e-04
3.671e-04
3.671e-04
7.342e-04
1.836e-04
5.507e-04
9.178e-04
1.285e-03
7.342e-04
9.178e-04
1.468e-03
2.203e-03
1.652e-03
1.836e-03
1.101e-03
1.285e-03
1.101e-03
2.019e-03
9.178e-04
1.285e-03
1.101e-03
2.386e-03
1.101e-03
9.178e-04
2.019e-03
1.285e-03
2.386e-03
1.285e-03
1.468e-03
1.652e-03
2.203e-03
1.836e-03
2.019e-03
1.468e-03
1.468e-03
2.203e-03
1.468e-03
1.652e-03
2.570e-03
2.753e-03
4.222e-03
2.019e-03
3.120e-03
3.855e-03
2.570e-03
1.652e-03
4.038e-03
4.038e-03
3.304e-03
2.203e-03
4.405e-03
4.405e-03
4.956e-03
3.671e-03
4.589e-03
3.488e-03
4.772e-03
3.120e-03
4.038e-03
3.855e-03
2.570e-03
4.589e-03
4.405e-03
3.120e-03
3.855e-03
3.304e-03
4.589e-03
3.671e-03
2.753e-03
2.386e-03
3.304e-03
3.488e-03
2.570e-03
2.937e-03
1.836e-03
2.386e-03
3.671e-03
1.836e-03
2.386e-03
1.652e-03
2.570e-03
2.203e-03
2.386e-03
2.203e-03
3.120e-03
2.753e-03
1.285e-03
2.937e-03
2.753e-03
3.488e-03
2.753e-03
2.019e-03
3.120e-03
1.836e-03
1.468e-03
2.386e-03
2.019e-03
1.285e-03
1.468e-03
7.342e-04
1.101e-03
1.285e-03
1.285e-03
1.285e-03
2.203e-03
7.342e-04
5.507e-04
1.836e-04
1.652e-03
5.507e-04
3.671e-04
1.101e-03
3.671e-04
9.178e-04
5.507e-04
1.836e-04
3.671e-04
7.342e-04
3.671e-04
0.000e+00
1.836e-04
1.836e-04
1.836e-04
3.671e-04
3.671e-04
0.000e+00
1.836e-04
3.671e-04
0.000e+00
0.000e+00
1.836e-04
0.000e+00
1.836e-04
1.836e-04
0.000e+00
0.000e+00
0.000e+00
0.000e+00
0.000e+00
0.000e+00
0.000e+00
1.836e-04
0.000e+00
0.000e+00
0.000e+00
0.000e+00
0.000e+00
0.000e+00
0.000e+00
0.000e+00
0.000e+00
0.000e+00
0.000e+00
0.000e+00
0.000e+00
0.000e+00
0.000e+00
0.000e+00
0.000e+00
0.000e+00
1.836e-04
0.000e+00
0.000e+00
0.000e+00
0.000e+00
0.000e+00
0.000e+00
0.000e+00
0.000e+00
0.000e+00
0.000e+00
