0.000e+00
0.000e+00
0.000e+00
0.000e+00
0.000e+00
0.000e+00
0.000e+00
3.671e-04
0.000e+00
0.000e+00
0.000e+00
0.000e+00
0.000e+00
0.000e+00
0.000e+00
0.000e+00
0.000e+00
0.000e+00
0.000e+00
0.000e+00
0.000e+00
0.000e+00
0.000e+00
0.000e+00
3.671e-04
0.000e+00
0.000e+00
0.000e+00
3.671e-04
0.000e+00
7.342e-04
0.000e+00
1.101e-03
3.671e-04
7.342e-04
0.000e+00
0.000e+00
3.671e-04
0.000e+00
0.000e+00
3.671e-04
3.671e-04
3.671e-04
0.000e+00
3.671e-04
3.671e-04
1.468e-03
3.671e-04
0.000e+00
3.671e-04
0.000e+00
1.101e-03
7.342e-04
2.203e-03
3.671e-04
7.342e-04
7.342e-04
1.836e-03
3.671e-04
2.937e-03
3.671e-04
2.570e-03
4.038e-03
7.342e-04
4.038e-03
2.937e-03
1.468e-03
1.836e-03
2.203e-03
1.836e-03
2.937e-03
4.038e-03
3.304e-03
3.304e-03
4.405e-03
4.772e-03
2.570e-03
1.468e-03
4.038e-03
3.671e-03
5.140e-03
4.405e-03
4.772e-03
2.937e-03
6.975e-03
3.304e-03
4.038e-03
5.140e-03
4.405e-03
4.405e-03
5.874e-03
3.671e-03
3.671e-03
1.836e-03
2.570e-03
2.203e-03
2.937e-03
4.405e-03
2.203e-03
4.405e-03
5.874e-03
2.203e-03
4.405e-03
4.772e-03
5.874e-03
5.874e-03
3.304e-03
6.608e-03
6.241e-03
4.772e-03
5.874e-03
1.101e-02
4.772e-03
9.178e-03
1.248e-02
9.545e-03
1.101e-02
1.101e-02
1.175e-02
1.028e-02
1.285e-02
9.545e-03
9.545e-03
8.443e-03
8.811e-03
8.443e-03
8.076e-03
5.874e-03
8.443e-03
4.405e-03
1.028e-02
4.038e-03
4.405e-03
2.937e-03
2.570e-03
3.304e-03
1.836e-03
2.937e-03
2.203e-03
2.570e-03
1.468e-03
1.836e-03
3.671e-03
2.937e-03
3.304e-03
2.570e-03
2.570e-03
2.937e-03
3.671e-03
2.203e-03
1.468e-03
2.203e-03
3.671e-03
1.101e-03
1.101e-03
3.304e-03
1.101e-03
3.304e-03
1.836e-03
1.101e-03
2.203e-03
1.468e-03
1.101e-03
1.101e-03
1.101e-03
1.468e-03
7.342e-04
7.342e-04
1.101e-03
2.203e-03
7.342e-04
0.000e+00
7.342e-04
3.671e-04
1.468e-03
7.342e-04
3.671e-04
7.342e-04
0.000e+00
3.671e-04
0.000e+00
7.342e-04
7.342e-04
0.000e+00
7.342e-04
3.671e-04
7.342e-04
1.468e-03
7.342e-04
1.101e-03
1.468e-03
7.342e-04
1.468e-03
2.203e-03
1.468e-03
3.671e-04
1.101e-03
2.203e-03
1.101e-03
1.836e-03
3.671e-04
2.203e-03
2.203e-03
1.836e-03
3.671e-03
2.570e-03
3.671e-03
1.836e-03
2.570e-03
1.101e-03
3.671e-03
2.570e-03
3.304e-03
3.304e-03
4.772e-03
4.038e-03
7.342e-04
1.468e-03
3.304e-03
3.671e-03
2.570e-03
3.671e-03
2.570e-03
2.570e-03
3.671e-03
2.570e-03
3.671e-03
3.304e-03
5.140e-03
1.836e-03
4.405e-03
4.038e-03
6.241e-03
5.140e-03
6.241e-03
8.811e-03
7.709e-03
8.443e-03
1.211e-02
9.545e-03
7.709e-03
1.138e-02
1.211e-02
1.138e-02
9.912e-03
1.211e-02
5.507e-03
9.545e-03
1.028e-02
1.175e-02
6.608e-03
6.608e-03
7.709e-03
9.545e-03
9.545e-03
4.405e-03
5.874e-03
3.671e-03
2.203e-03
5.140e-03
3.671e-03
4.405e-03
5.507e-03
2.937e-03
3.671e-03
4.038e-03
4.405e-03
3.304e-03
5.507e-03
6.241e-03
3.304e-03
5.140e-03
2.203e-03
4.405e-03
3.671e-03
4.772e-03
1.836e-03
4.038e-03
5.874e-03
4.405e-03
5.140e-03
5.507e-03
4.405e-03
5.140e-03
7.342e-03
2.570e-03
4.038e-03
4.772e-03
3.304e-03
1.101e-03
2.203e-03
1.836e-03
1.836e-03
1.836e-03
3.304e-03
1.468e-03
2.570e-03
1.836e-03
4.772e-03
1.836e-03
1.836e-03
2.570e-03
1.468e-03
7.342e-04
3.671e-04
1.468e-03
1.101e-03
1.101e-03
1.101e-03
3.671e-04
0.000e+00
0.000e+00
3.671e-04
0.000e+00
0.000e+00
7.342e-04
7.342e-04
0.000e+00
0.000e+00
7.342e-04
1.101e-03
3.671e-04
3.671e-04
0.000e+00
3.671e-04
3.671e-04
7.342e-04
0.000e+00
0.000e+00
0.000e+00
0.000e+00
0.000e+00
0.000e+00
3.671e-04
0.000e+00
0.000e+00
0.000e+00
0.000e+00
0.000e+00
0.000e+00
3.671e-04
3.671e-04
0.000e+00
0.000e+00
0.000e+00
0.000e+00
0.000e+00
0.000e+00
0.000e+00
0.000e+00
0.000e+00
0.000e+00
0.000e+00
0.000e+00
0.000e+00
3.671e-04
0.000e+00
0.000e+00
0.000e+00
0.000e+00
