0.000e+00
0.000e+00
0.000e+00
0.000e+00
0.000e+00
0.000e+00
0.000e+00
0.000e+00
0.000e+00
0.000e+00
0.000e+00
0.000e+00
0.000e+00
0.000e+00
0.000e+00
0.000e+00
0.000e+00
0.000e+00
0.000e+00
0.000e+00
0.000e+00
2.825e-03
0.000e+00
0.000e+00
0.000e+00
0.000e+00
0.000e+00
0.000e+00
0.000e+00
0.000e+00
0.000e+00
0.000e+00
0.000e+00
0.000e+00
0.000e+00
0.000e+00
0.000e+00
0.000e+00
0.000e+00
0.000e+00
2.825e-03
0.000e+00
0.000e+00
0.000e+00
0.000e+00
0.000e+00
5.650e-03
2.825e-03
0.000e+00
8.475e-03
5.650e-03
2.825e-03
2.825e-03
8.475e-03
8.475e-03
5.650e-03
0.000e+00
2.825e-03
0.000e+00
5.650e-03
1.412e-02
1.130e-02
8.475e-03
2.825e-03
8.475e-03
5.650e-03
0.000e+00
2.825e-03
0.000e+00
5.650e-03
5.650e-03
2.825e-03
1.130e-02
8.475e-03
5.650e-03
2.825e-03
2.825e-03
0.000e+00
5.650e-03
0.000e+00
0.000e+00
5.650e-03
5.650e-03
0.000e+00
5.650e-03
8.475e-03
2.825e-03
5.650e-03
2.825e-03
2.825e-03
0.000e+00
5.650e-03
2.825e-03
5.650e-03
5.650e-03
2.825e-03
2.825e-03
0.000e+00
0.000e+00
5.650e-03
0.000e+00
0.000e+00
8.475e-03
0.000e+00
0.000e+00
8.475e-03
8.475e-03
0.000e+00
2.825e-03
5.650e-03
0.000e+00
8.475e-03
8.475e-03
2.825e-03
5.650e-03
2.825e-03
5.650e-03
2.825e-03
8.475e-03
1.412e-02
5.650e-03
1.412e-02
1.412e-02
2.825e-03
1.695e-02
0.000e+00
5.650e-03
0.000e+00
0.000e+00
0.000e+00
8.475e-03
5.650e-03
2.825e-03
2.825e-03
0.000e+00
5.650e-03
5.650e-03
5.650e-03
0.000e+00
2.825e-03
0.000e+00
1.130e-02
0.000e+00
5.650e-03
0.000e+00
0.000e+00
0.000e+00
8.475e-03
2.825e-03
2.825e-03
2.825e-03
2.825e-03
2.825e-03
2.825e-03
0.000e+00
0.000e+00
2.825e-03
0.000e+00
5.650e-03
0.000e+00
2.825e-03
0.000e+00
2.825e-03
2.825e-03
5.650e-03
2.825e-03
2.825e-03
0.000e+00
2.825e-03
0.000e+00
2.825e-03
0.000e+00
0.000e+00
0.000e+00
0.000e+00
0.000e+00
0.000e+00
0.000e+00
0.000e+00
0.000e+00
0.000e+00
2.825e-03
0.000e+00
5.650e-03
2.825e-03
0.000e+00
0.000e+00
0.000e+00
0.000e+00
0.000e+00
2.825e-03
2.825e-03
2.825e-03
8.475e-03
2.825e-03
8.475e-03
2.825e-03
2.825e-03
2.825e-03
0.000e+00
2.825e-03
5.650e-03
0.000e+00
1.130e-02
8.475e-03
0.000e+00
0.000e+00
0.000e+00
0.000e+00
0.000e+00
2.825e-03
2.825e-03
2.825e-03
5.650e-03
2.825e-03
0.000e+00
0.000e+00
2.825e-03
5.650e-03
0.000e+00
2.825e-03
5.650e-03
2.825e-03
2.825e-03
5.650e-03
1.130e-02
0.000e+00
2.825e-03
8.475e-03
0.000e+00
5.650e-03
2.825e-03
8.475e-03
5.650e-03
5.650e-03
1.412e-02
0.000e+00
8.475e-03
0.000e+00
8.475e-03
2.825e-03
8.475e-03
5.650e-03
2.825e-03
8.475e-03
8.475e-03
5.650e-03
8.475e-03
0.000e+00
5.650e-03
2.825e-03
0.000e+00
5.650e-03
0.000e+00
0.000e+00
0.000e+00
2.825e-03
5.650e-03
5.650e-03
0.000e+00
5.650e-03
5.650e-03
2.825e-03
5.650e-03
2.825e-03
5.650e-03
0.000e+00
2.825e-03
8.475e-03
8.475e-03
5.650e-03
0.000e+00
0.000e+00
2.825e-03
5.650e-03
0.000e+00
0.000e+00
0.000e+00
0.000e+00
0.000e+00
0.000e+00
2.825e-03
2.825e-03
0.000e+00
0.000e+00
8.475e-03
0.000e+00
2.825e-03
5.650e-03
0.000e+00
1.130e-02
0.000e+00
2.825e-03
2.825e-03
2.825e-03
2.825e-03
2.825e-03
2.825e-03
5.650e-03
1.130e-02
1.130e-02
5.650e-03
2.825e-03
8.475e-03
5.650e-03
2.825e-03
2.825e-03
0.000e+00
2.825e-03
8.475e-03
0.000e+00
2.825e-03
0.000e+00
2.825e-03
2.825e-03
0.000e+00
2.825e-03
0.000e+00
0.000e+00
2.825e-03
0.000e+00
2.825e-03
0.000e+00
2.825e-03
0.000e+00
0.000e+00
0.000e+00
2.825e-03
0.000e+00
2.825e-03
0.000e+00
0.000e+00
0.000e+00
0.000e+00
0.000e+00
2.825e-03
0.000e+00
0.000e+00
0.000e+00
0.000e+00
0.000e+00
0.000e+00
0.000e+00
0.000e+00
0.000e+00
0.000e+00
0.000e+00
0.000e+00
0.000e+00
0.000e+00
0.000e+00
0.000e+00
0.000e+00
0.000e+00
0.000e+00
0.000e+00
0.000e+00
0.000e+00
0.000e+00
0.000e+00
