0.000e+00
0.000e+00
0.000e+00
0.000e+00
0.000e+00
0.000e+00
0.000e+00
0.000e+00
0.000e+00
0.000e+00
0.000e+00
0.000e+00
0.000e+00
0.000e+00
0.000e+00
0.000e+00
0.000e+00
0.000e+00
0.000e+00
0.000e+00
0.000e+00
0.000e+00
0.000e+00
1.412e-03
0.000e+00
0.000e+00
0.000e+00
0.000e+00
0.000e+00
0.000e+00
0.000e+00
0.000e+00
0.000e+00
0.000e+00
0.000e+00
0.000e+00
0.000e+00
0.000e+00
0.000e+00
0.000e+00
0.000e+00
0.000e+00
0.000e+00
0.000e+00
1.412e-03
1.412e-03
0.000e+00
0.000e+00
0.000e+00
5.650e-03
0.000e+00
1.412e-03
2.825e-03
4.237e-03
1.412e-03
1.412e-03
2.825e-03
1.412e-03
2.825e-03
4.237e-03
1.412e-03
7.062e-03
4.237e-03
4.237e-03
1.412e-03
2.825e-03
0.000e+00
4.237e-03
2.825e-03
1.412e-03
0.000e+00
2.825e-03
2.825e-03
1.412e-03
1.412e-03
1.412e-03
1.412e-03
0.000e+00
1.412e-03
2.825e-03
0.000e+00
1.412e-03
0.000e+00
1.412e-03
1.412e-03
0.000e+00
7.062e-03
7.062e-03
2.825e-03
1.412e-03
0.000e+00
0.000e+00
0.000e+00
0.000e+00
1.412e-03
1.412e-03
4.237e-03
1.412e-03
0.000e+00
1.412e-03
2.825e-03
4.237e-03
1.412e-03
1.412e-03
2.825e-03
1.412e-03
0.000e+00
0.000e+00
0.000e+00
4.237e-03
0.000e+00
2.825e-03
1.412e-03
2.825e-03
1.412e-03
5.650e-03
7.062e-03
4.237e-03
5.650e-03
7.062e-03
2.825e-03
2.825e-03
5.650e-03
2.825e-03
1.412e-03
1.412e-03
4.237e-03
2.825e-03
1.412e-03
2.825e-03
2.825e-03
1.412e-03
1.412e-03
2.825e-03
2.825e-03
2.825e-03
1.412e-03
2.825e-03
0.000e+00
0.000e+00
1.412e-03
7.062e-03
0.000e+00
4.237e-03
2.825e-03
0.000e+00
0.000e+00
0.000e+00
2.825e-03
0.000e+00
0.000e+00
0.000e+00
2.825e-03
1.412e-03
0.000e+00
1.412e-03
1.412e-03
1.412e-03
0.000e+00
2.825e-03
1.412e-03
1.412e-03
0.000e+00
1.412e-03
1.412e-03
1.412e-03
0.000e+00
1.412e-03
0.000e+00
0.000e+00
1.412e-03
1.412e-03
0.000e+00
0.000e+00
0.000e+00
0.000e+00
0.000e+00
0.000e+00
1.412e-03
0.000e+00
0.000e+00
0.000e+00
0.000e+00
1.412e-03
0.000e+00
1.412e-03
0.000e+00
0.000e+00
0.000e+00
0.000e+00
4.237e-03
1.412e-03
1.412e-03
0.000e+00
0.000e+00
0.000e+00
0.000e+00
0.000e+00
1.412e-03
1.412e-03
1.412e-03
2.825e-03
2.825e-03
0.000e+00
1.412e-03
2.825e-03
2.825e-03
1.412e-03
1.412e-03
1.412e-03
1.412e-03
4.237e-03
2.825e-03
2.825e-03
2.825e-03
0.000e+00
0.000e+00
0.000e+00
1.412e-03
2.825e-03
1.412e-03
1.412e-03
1.412e-03
2.825e-03
0.000e+00
5.650e-03
2.825e-03
2.825e-03
0.000e+00
5.650e-03
2.825e-03
0.000e+00
1.412e-03
1.412e-03
2.825e-03
4.237e-03
0.000e+00
2.825e-03
1.412e-03
1.412e-03
8.475e-03
7.062e-03
7.062e-03
2.825e-03
2.825e-03
2.825e-03
0.000e+00
0.000e+00
4.237e-03
0.000e+00
1.412e-03
1.412e-03
0.000e+00
4.237e-03
4.237e-03
1.412e-03
4.237e-03
0.000e+00
0.000e+00
0.000e+00
0.000e+00
0.000e+00
2.825e-03
5.650e-03
5.650e-03
4.237e-03
2.825e-03
1.412e-03
0.000e+00
0.000e+00
0.000e+00
1.412e-03
1.412e-03
2.825e-03
0.000e+00
0.000e+00
0.000e+00
0.000e+00
1.412e-03
2.825e-03
1.412e-03
0.000e+00
1.412e-03
1.412e-03
0.000e+00
0.000e+00
2.825e-03
1.412e-03
1.412e-03
0.000e+00
2.825e-03
1.412e-03
2.825e-03
0.000e+00
1.412e-03
4.237e-03
1.412e-03
1.412e-03
5.650e-03
5.650e-03
1.412e-03
8.475e-03
2.825e-03
0.000e+00
1.412e-03
0.000e+00
2.825e-03
2.825e-03
0.000e+00
2.825e-03
1.412e-03
0.000e+00
1.412e-03
1.412e-03
1.412e-03
0.000e+00
0.000e+00
0.000e+00
0.000e+00
0.000e+00
0.000e+00
0.000e+00
0.000e+00
2.825e-03
0.000e+00
0.000e+00
0.000e+00
0.000e+00
0.000e+00
0.000e+00
0.000e+00
0.000e+00
0.000e+00
0.000e+00
0.000e+00
0.000e+00
0.000e+00
0.000e+00
0.000e+00
0.000e+00
0.000e+00
0.000e+00
0.000e+00
0.000e+00
0.000e+00
0.000e+00
0.000e+00
0.000e+00
0.000e+00
0.000e+00
0.000e+00
0.000e+00
0.000e+00
0.000e+00
0.000e+00
0.000e+00
0.000e+00
0.000e+00
0.000e+00
0.000e+00
