0.000e+00
0.000e+00
0.000e+00
0.000e+00
0.000e+00
0.000e+00
0.000e+00
0.000e+00
0.000e+00
1.070e-03
0.000e+00
0.000e+00
0.000e+00
0.000e+00
0.000e+00
0.000e+00
1.070e-03
0.000e+00
0.000e+00
0.000e+00
0.000e+00
0.000e+00
0.000e+00
1.070e-03
0.000e+00
1.070e-03
0.000e+00
0.000e+00
0.000e+00
3.209e-03
2.139e-03
4.278e-03
2.139e-03
3.209e-03
2.139e-03
0.000e+00
3.209e-03
0.000e+00
1.070e-03
3.209e-03
1.070e-03
3.209e-03
1.070e-03
3.209e-03
2.139e-03
5.348e-03
3.209e-03
4.278e-03
4.278e-03
2.139e-03
2.139e-03
3.209e-03
3.209e-03
5.348e-03
2.139e-03
5.348e-03
1.070e-03
1.070e-03
3.209e-03
6.417e-03
1.070e-03
3.209e-03
8.556e-03
5.348e-03
3.209e-03
6.417e-03
4.278e-03
1.390e-02
5.348e-03
1.283e-02
4.278e-03
5.348e-03
4.278e-03
5.348e-03
4.278e-03
0.000e+00
2.139e-03
2.139e-03
0.000e+00
3.209e-03
1.070e-03
4.278e-03
1.070e-03
2.139e-03
1.070e-03
0.000e+00
4.278e-03
1.070e-03
2.139e-03
0.000e+00
2.139e-03
2.139e-03
2.139e-03
1.070e-03
0.000e+00
0.000e+00
1.070e-03
3.209e-03
1.070e-03
0.000e+00
2.139e-03
2.139e-03
2.139e-03
2.139e-03
4.278e-03
0.000e+00
1.070e-03
1.070e-03
2.139e-03
2.139e-03
2.139e-03
1.070e-03
2.139e-03
1.070e-03
3.209e-03
4.278e-03
2.139e-03
6.417e-03
3.209e-03
3.209e-03
2.139e-03
4.278e-03
3.209e-03
3.209e-03
3.209e-03
2.139e-03
1.070e-03
0.000e+00
1.070e-03
0.000e+00
5.348e-03
5.348e-03
7.487e-03
1.070e-03
3.209e-03
3.209e-03
0.000e+00
6.417e-03
1.070e-03
3.209e-03
5.348e-03
7.487e-03
4.278e-03
4.278e-03
4.278e-03
3.209e-03
5.348e-03
4.278e-03
3.209e-03
8.556e-03
3.209e-03
4.278e-03
4.278e-03
1.604e-02
6.417e-03
4.278e-03
1.070e-02
4.278e-03
1.283e-02
1.176e-02
5.348e-03
5.348e-03
7.487e-03
3.209e-03
4.278e-03
3.209e-03
4.278e-03
6.417e-03
4.278e-03
1.070e-03
3.209e-03
3.209e-03
5.348e-03
4.278e-03
2.139e-03
2.139e-03
3.209e-03
3.209e-03
0.000e+00
0.000e+00
1.070e-03
1.070e-03
0.000e+00
4.278e-03
3.209e-03
1.070e-03
3.209e-03
1.070e-03
3.209e-03
7.487e-03
2.139e-03
3.209e-03
0.000e+00
3.209e-03
6.417e-03
5.348e-03
6.417e-03
5.348e-03
1.070e-03
5.348e-03
7.487e-03
8.556e-03
6.417e-03
6.417e-03
4.278e-03
5.348e-03
3.209e-03
9.626e-03
7.487e-03
6.417e-03
7.487e-03
3.209e-03
3.209e-03
3.209e-03
4.278e-03
2.139e-03
3.209e-03
4.278e-03
4.278e-03
2.139e-03
2.139e-03
3.209e-03
6.417e-03
5.348e-03
3.209e-03
3.209e-03
6.417e-03
5.348e-03
4.278e-03
1.070e-03
7.487e-03
5.348e-03
1.070e-03
4.278e-03
1.070e-03
5.348e-03
3.209e-03
3.209e-03
2.139e-03
5.348e-03
2.139e-03
4.278e-03
4.278e-03
2.139e-03
1.070e-03
4.278e-03
1.070e-03
1.070e-03
2.139e-03
3.209e-03
2.139e-03
0.000e+00
0.000e+00
1.070e-03
2.139e-03
1.070e-03
1.070e-03
3.209e-03
3.209e-03
1.070e-03
2.139e-03
0.000e+00
1.070e-03
1.070e-03
1.070e-03
1.070e-03
3.209e-03
1.070e-03
0.000e+00
0.000e+00
1.070e-03
3.209e-03
0.000e+00
1.070e-03
1.070e-03
0.000e+00
1.070e-03
3.209e-03
4.278e-03
1.070e-03
0.000e+00
0.000e+00
0.000e+00
2.139e-03
1.070e-03
1.070e-03
4.278e-03
2.139e-03
6.417e-03
8.556e-03
2.139e-03
4.278e-03
1.070e-03
3.209e-03
5.348e-03
5.348e-03
5.348e-03
5.348e-03
7.487e-03
3.209e-03
5.348e-03
3.209e-03
3.209e-03
1.070e-03
0.000e+00
0.000e+00
4.278e-03
5.348e-03
3.209e-03
1.070e-03
2.139e-03
5.348e-03
5.348e-03
4.278e-03
3.209e-03
1.070e-03
1.070e-03
3.209e-03
1.070e-03
1.070e-03
2.139e-03
1.070e-03
1.070e-03
6.417e-03
4.278e-03
0.000e+00
2.139e-03
0.000e+00
2.139e-03
1.070e-03
8.556e-03
1.070e-03
0.000e+00
0.000e+00
3.209e-03
3.209e-03
3.209e-03
0.000e+00
0.000e+00
0.000e+00
1.070e-03
0.000e+00
0.000e+00
0.000e+00
0.000e+00
0.000e+00
0.000e+00
0.000e+00
0.000e+00
1.070e-03
0.000e+00
0.000e+00
0.000e+00
0.000e+00
0.000e+00
0.000e+00
0.000e+00
0.000e+00
0.000e+00
0.000e+00
