0.000e+00
0.000e+00
0.000e+00
0.000e+00
0.000e+00
0.000e+00
0.000e+00
0.000e+00
0.000e+00
0.000e+00
0.000e+00
0.000e+00
0.000e+00
0.000e+00
5.348e-04
0.000e+00
0.000e+00
5.348e-04
0.000e+00
0.000e+00
0.000e+00
0.000e+00
0.000e+00
0.000e+00
5.348e-04
0.000e+00
5.348e-04
5.348e-04
0.000e+00
0.000e+00
5.348e-04
0.000e+00
0.000e+00
2.139e-03
2.139e-03
5.348e-04
2.139e-03
5.348e-04
5.348e-04
1.070e-03
5.348e-04
1.070e-03
2.139e-03
2.139e-03
2.674e-03
1.070e-03
5.348e-04
1.070e-03
1.070e-03
3.743e-03
1.070e-03
1.604e-03
1.070e-03
5.348e-04
5.348e-04
0.000e+00
3.209e-03
1.604e-03
2.674e-03
2.139e-03
2.139e-03
1.070e-03
2.674e-03
1.604e-03
1.604e-03
3.209e-03
1.604e-03
1.604e-03
2.139e-03
2.674e-03
3.209e-03
2.139e-03
5.348e-04
3.209e-03
3.209e-03
2.674e-03
3.209e-03
2.674e-03
3.209e-03
2.139e-03
2.139e-03
1.070e-03
1.070e-03
0.000e+00
5.348e-04
5.348e-04
5.348e-04
1.604e-03
1.070e-03
5.348e-04
2.139e-03
1.604e-03
1.070e-03
5.348e-04
0.000e+00
5.348e-04
1.070e-03
5.348e-04
1.070e-03
2.139e-03
2.139e-03
5.348e-04
0.000e+00
1.070e-03
5.348e-04
5.348e-04
2.674e-03
2.139e-03
1.070e-03
1.604e-03
1.070e-03
0.000e+00
5.348e-04
5.348e-04
2.674e-03
5.348e-04
1.604e-03
0.000e+00
5.348e-04
1.604e-03
2.139e-03
5.348e-04
3.209e-03
1.070e-03
3.209e-03
1.604e-03
2.139e-03
5.348e-04
1.604e-03
1.604e-03
2.674e-03
5.348e-04
2.674e-03
1.604e-03
3.209e-03
2.139e-03
2.139e-03
1.070e-03
2.139e-03
5.348e-03
1.604e-03
1.604e-03
1.604e-03
1.070e-03
2.139e-03
2.139e-03
5.882e-03
3.209e-03
1.604e-03
2.139e-03
3.743e-03
3.743e-03
3.209e-03
2.674e-03
3.209e-03
1.604e-03
1.604e-03
3.743e-03
4.813e-03
3.743e-03
3.209e-03
2.674e-03
1.070e-03
5.348e-04
3.209e-03
1.070e-03
4.278e-03
3.209e-03
5.348e-04
1.070e-03
2.674e-03
1.604e-03
5.348e-04
0.000e+00
4.813e-03
5.348e-04
1.070e-03
5.348e-04
1.604e-03
2.139e-03
1.070e-03
0.000e+00
0.000e+00
0.000e+00
2.674e-03
1.604e-03
1.604e-03
0.000e+00
2.674e-03
5.348e-04
5.348e-04
1.070e-03
1.070e-03
1.604e-03
3.209e-03
2.674e-03
5.348e-03
2.674e-03
2.139e-03
3.209e-03
1.604e-03
3.209e-03
3.743e-03
3.743e-03
1.604e-03
3.209e-03
2.674e-03
3.209e-03
1.604e-03
2.674e-03
4.278e-03
4.278e-03
2.139e-03
2.139e-03
2.674e-03
0.000e+00
1.070e-03
1.604e-03
5.348e-04
2.139e-03
3.209e-03
1.604e-03
1.070e-03
3.743e-03
0.000e+00
1.604e-03
1.070e-03
2.674e-03
3.209e-03
2.139e-03
1.604e-03
2.674e-03
1.604e-03
1.070e-03
1.070e-03
2.139e-03
1.604e-03
2.139e-03
3.743e-03
1.070e-03
2.674e-03
0.000e+00
1.604e-03
0.000e+00
1.070e-03
1.604e-03
1.604e-03
5.348e-04
0.000e+00
5.348e-04
1.604e-03
1.604e-03
0.000e+00
1.604e-03
5.348e-04
1.070e-03
5.348e-04
5.348e-04
1.070e-03
1.604e-03
0.000e+00
5.348e-04
5.348e-04
1.604e-03
5.348e-04
5.348e-04
0.000e+00
5.348e-04
0.000e+00
1.604e-03
5.348e-04
0.000e+00
1.070e-03
0.000e+00
0.000e+00
2.674e-03
1.604e-03
1.604e-03
5.348e-04
5.348e-04
2.674e-03
5.348e-04
5.348e-04
1.070e-03
2.139e-03
3.743e-03
1.070e-03
2.139e-03
2.139e-03
1.070e-03
1.070e-03
1.604e-03
2.674e-03
1.070e-03
2.674e-03
1.604e-03
1.604e-03
2.139e-03
1.070e-03
1.604e-03
3.743e-03
2.139e-03
1.070e-03
1.604e-03
1.604e-03
2.139e-03
5.348e-04
5.348e-04
5.348e-04
5.348e-04
1.070e-03
3.743e-03
1.070e-03
1.604e-03
1.070e-03
1.070e-03
1.070e-03
1.070e-03
0.000e+00
5.348e-04
2.139e-03
1.604e-03
2.674e-03
0.000e+00
5.348e-04
1.604e-03
0.000e+00
5.348e-04
1.070e-03
1.070e-03
2.139e-03
5.348e-04
1.070e-03
2.139e-03
1.070e-03
0.000e+00
1.070e-03
0.000e+00
0.000e+00
0.000e+00
0.000e+00
5.348e-04
0.000e+00
0.000e+00
0.000e+00
0.000e+00
0.000e+00
5.348e-04
0.000e+00
0.000e+00
0.000e+00
0.000e+00
0.000e+00
0.000e+00
5.348e-04
0.000e+00
0.000e+00
0.000e+00
0.000e+00
0.000e+00
