2.365e-02
1.403e-02
1.764e-02
1.323e-02
9.619e-03
1.683e-02
1.162e-02
1.202e-02
8.417e-03
6.413e-03
1.002e-02
1.483e-02
8.417e-03
9.218e-03
7.214e-03
6.012e-03
5.611e-03
7.214e-03
4.810e-03
6.814e-03
7.214e-03
6.012e-03
4.409e-03
5.611e-03
7.214e-03
8.818e-03
6.012e-03
8.016e-03
6.012e-03
7.214e-03
4.008e-03
6.012e-03
6.012e-03
5.611e-03
6.012e-03
4.008e-03
6.814e-03
9.218e-03
6.814e-03
5.210e-03
3.206e-03
6.413e-03
5.210e-03
6.814e-03
5.611e-03
2.004e-03
4.810e-03
4.409e-03
3.206e-03
5.210e-03
1.603e-03
2.004e-03
3.607e-03
3.607e-03
3.206e-03
2.004e-03
3.206e-03
2.004e-03
1.202e-03
1.603e-03
0.000e+00
8.016e-04
8.016e-04
1.202e-03
8.016e-04
0.000e+00
1.603e-03
2.405e-03
1.202e-03
4.008e-04
0.000e+00
1.603e-03
8.016e-04
8.016e-04
4.008e-04
4.008e-04
0.000e+00
0.000e+00
0.000e+00
4.008e-04
0.000e+00
8.016e-04
4.008e-04
0.000e+00
0.000e+00
0.000e+00
1.202e-03
0.000e+00
0.000e+00
0.000e+00
8.016e-04
0.000e+00
0.000e+00
0.000e+00
0.000e+00
4.008e-04
0.000e+00
0.000e+00
4.008e-04
4.008e-04
0.000e+00
0.000e+00
0.000e+00
4.008e-04
4.008e-04
4.008e-04
4.008e-04
0.000e+00
0.000e+00
0.000e+00
0.000e+00
0.000e+00
0.000e+00
4.008e-04
0.000e+00
0.000e+00
0.000e+00
4.008e-04
0.000e+00
0.000e+00
0.000e+00
0.000e+00
0.000e+00
0.000e+00
0.000e+00
4.008e-04
0.000e+00
0.000e+00
0.000e+00
0.000e+00
4.008e-04
0.000e+00
4.008e-04
0.000e+00
0.000e+00
0.000e+00
8.016e-04
4.008e-04
1.202e-03
0.000e+00
4.008e-04
8.016e-04
0.000e+00
4.008e-04
4.008e-04
0.000e+00
0.000e+00
8.016e-04
8.016e-04
2.806e-03
2.405e-03
8.016e-04
8.016e-04
1.603e-03
0.000e+00
2.004e-03
4.008e-04
8.016e-04
8.016e-04
2.004e-03
1.603e-03
2.004e-03
2.004e-03
2.004e-03
1.202e-03
2.405e-03
2.004e-03
3.607e-03
3.206e-03
4.008e-03
1.603e-03
2.405e-03
2.806e-03
4.008e-03
3.206e-03
1.603e-03
4.810e-03
1.202e-03
3.607e-03
6.012e-03
1.202e-02
6.012e-03
4.008e-03
3.607e-03
3.206e-03
4.409e-03
2.806e-03
3.206e-03
4.008e-03
2.806e-03
1.603e-03
3.206e-03
3.607e-03
3.607e-03
2.405e-03
1.202e-03
2.405e-03
2.004e-03
1.603e-03
1.202e-03
1.603e-03
1.202e-03
8.016e-04
3.607e-03
2.405e-03
1.202e-03
2.004e-03
4.008e-04
1.603e-03
8.016e-04
1.603e-03
3.206e-03
8.016e-04
8.016e-04
8.016e-04
1.603e-03
2.405e-03
0.000e+00
0.000e+00
4.008e-04
0.000e+00
0.000e+00
0.000e+00
0.000e+00
0.000e+00
0.000e+00
4.008e-04
0.000e+00
4.008e-04
4.008e-04
0.000e+00
0.000e+00
0.000e+00
4.008e-04
4.008e-04
0.000e+00
4.008e-04
0.000e+00
0.000e+00
0.000e+00
0.000e+00
4.008e-04
4.008e-04
0.000e+00
4.008e-04
0.000e+00
0.000e+00
0.000e+00
0.000e+00
0.000e+00
0.000e+00
0.000e+00
0.000e+00
0.000e+00
0.000e+00
0.000e+00
0.000e+00
0.000e+00
0.000e+00
4.008e-04
0.000e+00
0.000e+00
4.008e-04
0.000e+00
0.000e+00
0.000e+00
0.000e+00
8.016e-04
0.000e+00
0.000e+00
0.000e+00
0.000e+00
0.000e+00
1.202e-03
4.008e-04
0.000e+00
8.016e-04
0.000e+00
4.008e-04
8.016e-04
0.000e+00
4.008e-04
0.000e+00
0.000e+00
0.000e+00
4.008e-04
4.008e-04
0.000e+00
8.016e-04
1.603e-03
0.000e+00
8.016e-04
4.008e-04
8.016e-04
1.202e-03
0.000e+00
8.016e-04
1.603e-03
8.016e-04
8.016e-04
8.016e-04
8.016e-04
1.603e-03
8.016e-04
1.202e-03
2.004e-03
1.202e-03
1.603e-03
2.405e-03
6.413e-03
2.806e-03
3.206e-03
6.012e-03
5.210e-03
8.016e-03
4.409e-03
3.206e-03
6.413e-03
4.810e-03
4.008e-03
4.008e-03
5.210e-03
4.409e-03
1.042e-02
6.012e-03
6.012e-03
6.413e-03
6.413e-03
6.814e-03
8.016e-03
7.615e-03
4.008e-03
7.214e-03
4.409e-03
6.413e-03
4.409e-03
4.409e-03
5.210e-03
2.405e-03
6.814e-03
7.214e-03
5.210e-03
9.619e-03
8.417e-03
6.012e-03
5.210e-03
9.218e-03
6.413e-03
8.417e-03
9.619e-03
8.016e-03
6.413e-03
7.615e-03
1.363e-02
1.162e-02
1.363e-02
1.483e-02
1.242e-02
1.523e-02
1.363e-02
