9.077e-04
1.286e-03
9.834e-04
1.740e-03
9.834e-04
1.513e-03
7.564e-04
9.077e-04
9.834e-04
9.834e-04
1.135e-03
1.286e-03
1.210e-03
6.808e-04
7.564e-04
9.834e-04
7.564e-04
6.051e-04
7.564e-04
1.059e-03
1.210e-03
1.135e-03
1.210e-03
9.834e-04
1.135e-03
6.051e-04
3.782e-04
9.077e-04
9.077e-04
7.564e-04
1.135e-03
1.135e-03
1.210e-03
1.135e-03
6.808e-04
1.135e-03
8.321e-04
9.834e-04
9.077e-04
1.513e-03
6.051e-04
9.077e-04
1.362e-03
1.740e-03
1.286e-03
1.740e-03
1.362e-03
2.194e-03
1.589e-03
1.286e-03
2.042e-03
1.362e-03
2.269e-03
2.345e-03
1.740e-03
1.815e-03
1.589e-03
1.664e-03
2.345e-03
1.135e-03
1.513e-03
2.042e-03
1.815e-03
1.967e-03
1.059e-03
2.118e-03
2.950e-03
1.589e-03
1.437e-03
1.891e-03
2.118e-03
1.967e-03
2.648e-03
1.664e-03
1.967e-03
1.967e-03
2.648e-03
1.513e-03
1.891e-03
1.740e-03
1.210e-03
1.210e-03
1.740e-03
1.059e-03
1.286e-03
1.815e-03
2.042e-03
1.664e-03
1.437e-03
1.362e-03
8.321e-04
1.286e-03
1.362e-03
1.437e-03
6.808e-04
1.740e-03
1.135e-03
2.118e-03
1.362e-03
4.539e-04
1.740e-03
1.210e-03
1.589e-03
1.891e-03
1.891e-03
1.437e-03
2.194e-03
1.437e-03
1.437e-03
2.572e-03
1.513e-03
1.286e-03
2.269e-03
1.589e-03
1.286e-03
1.740e-03
1.740e-03
1.967e-03
2.194e-03
1.891e-03
2.042e-03
2.042e-03
1.437e-03
1.664e-03
1.059e-03
9.834e-04
1.362e-03
2.042e-03
1.210e-03
1.664e-03
1.286e-03
2.118e-03
1.210e-03
1.589e-03
1.210e-03
1.210e-03
1.210e-03
8.321e-04
1.210e-03
9.834e-04
1.437e-03
1.059e-03
5.295e-04
9.834e-04
9.077e-04
1.059e-03
1.437e-03
1.286e-03
5.295e-04
9.077e-04
1.286e-03
1.437e-03
1.513e-03
8.321e-04
6.051e-04
1.286e-03
8.321e-04
7.564e-04
6.808e-04
1.135e-03
9.077e-04
6.051e-04
1.286e-03
1.362e-03
6.051e-04
1.589e-03
1.286e-03
1.437e-03
1.362e-03
1.815e-03
1.135e-03
1.815e-03
2.118e-03
1.740e-03
1.210e-03
1.286e-03
1.740e-03
1.589e-03
1.740e-03
1.513e-03
1.437e-03
1.362e-03
1.135e-03
1.437e-03
8.321e-04
1.362e-03
1.437e-03
1.135e-03
1.437e-03
9.077e-04
9.077e-04
1.589e-03
8.321e-04
1.513e-03
1.740e-03
1.210e-03
1.059e-03
6.051e-04
1.362e-03
6.808e-04
1.437e-03
1.059e-03
7.564e-04
1.362e-03
1.059e-03
8.321e-04
8.321e-04
9.834e-04
9.834e-04
7.564e-04
9.834e-04
9.834e-04
1.059e-03
1.135e-03
7.564e-04
1.059e-03
9.834e-04
9.834e-04
1.059e-03
1.059e-03
1.286e-03
1.362e-03
1.286e-03
1.286e-03
1.437e-03
1.362e-03
1.059e-03
1.740e-03
1.059e-03
1.513e-03
1.740e-03
1.210e-03
1.740e-03
1.664e-03
1.815e-03
1.210e-03
1.740e-03
9.834e-04
1.664e-03
9.834e-04
2.118e-03
1.664e-03
1.664e-03
2.194e-03
1.513e-03
1.286e-03
1.891e-03
1.210e-03
1.437e-03
1.286e-03
1.891e-03
1.891e-03
2.345e-03
9.834e-04
1.362e-03
1.362e-03
1.664e-03
2.118e-03
1.664e-03
1.740e-03
1.815e-03
1.437e-03
9.834e-04
1.210e-03
1.513e-03
2.269e-03
1.059e-03
8.321e-04
1.362e-03
1.664e-03
1.362e-03
1.664e-03
1.589e-03
1.437e-03
1.437e-03
1.135e-03
9.834e-04
9.834e-04
1.891e-03
1.740e-03
1.286e-03
1.664e-03
1.513e-03
1.740e-03
2.269e-03
1.286e-03
2.118e-03
1.891e-03
2.874e-03
1.664e-03
1.967e-03
2.572e-03
1.664e-03
1.740e-03
2.496e-03
1.891e-03
2.194e-03
2.042e-03
2.421e-03
2.269e-03
2.421e-03
2.042e-03
1.815e-03
1.437e-03
1.664e-03
1.891e-03
1.967e-03
1.210e-03
2.194e-03
1.135e-03
2.345e-03
1.362e-03
1.740e-03
1.513e-03
1.135e-03
1.740e-03
9.834e-04
1.135e-03
9.834e-04
9.834e-04
8.321e-04
1.437e-03
9.834e-04
1.286e-03
1.589e-03
1.664e-03
6.051e-04
1.437e-03
1.210e-03
6.808e-04
9.077e-04
8.321e-04
8.321e-04
1.362e-03
1.135e-03
5.295e-04
9.077e-04
9.834e-04
6.808e-04
1.210e-03
7.564e-04
1.059e-03
8.321e-04
1.286e-03
6.051e-04
1.210e-03
6.051e-04
1.664e-03
1.664e-03
8.321e-04
1.513e-03
1.362e-03
1.362e-03
1.286e-03
1.059e-03
1.286e-03
1.437e-03
1.210e-03
1.286e-03
1.286e-03
