3.328e-03
1.967e-03
1.967e-03
3.177e-03
1.664e-03
1.513e-03
1.815e-03
3.026e-03
1.362e-03
7.564e-04
1.210e-03
1.664e-03
1.513e-03
2.118e-03
2.118e-03
7.564e-04
1.967e-03
1.210e-03
1.815e-03
1.815e-03
1.362e-03
2.269e-03
3.782e-03
2.723e-03
1.513e-03
2.269e-03
2.723e-03
2.118e-03
1.815e-03
1.210e-03
2.421e-03
1.513e-03
2.269e-03
2.269e-03
1.815e-03
9.077e-04
2.118e-03
2.421e-03
1.513e-03
3.933e-03
3.782e-03
2.874e-03
2.572e-03
3.631e-03
3.026e-03
3.631e-03
3.782e-03
4.236e-03
6.051e-03
4.690e-03
4.841e-03
4.236e-03
4.387e-03
4.387e-03
2.572e-03
3.933e-03
2.723e-03
3.480e-03
2.874e-03
2.572e-03
4.236e-03
2.874e-03
4.085e-03
1.967e-03
3.782e-03
2.572e-03
1.362e-03
3.631e-03
3.177e-03
3.782e-03
2.269e-03
3.328e-03
1.967e-03
5.144e-03
2.421e-03
3.026e-03
4.992e-03
2.874e-03
2.421e-03
2.874e-03
3.177e-03
3.328e-03
3.026e-03
4.085e-03
3.328e-03
3.782e-03
3.631e-03
2.874e-03
2.723e-03
3.480e-03
3.933e-03
2.118e-03
3.631e-03
2.269e-03
4.690e-03
4.085e-03
2.723e-03
3.328e-03
3.480e-03
3.328e-03
3.631e-03
4.539e-03
2.118e-03
3.026e-03
3.177e-03
1.362e-03
2.269e-03
3.177e-03
3.026e-03
1.664e-03
2.421e-03
2.118e-03
2.723e-03
1.664e-03
1.059e-03
3.026e-03
3.328e-03
2.723e-03
3.177e-03
2.118e-03
3.328e-03
2.269e-03
3.026e-03
1.664e-03
3.177e-03
3.026e-03
2.723e-03
2.269e-03
2.874e-03
2.572e-03
3.782e-03
3.328e-03
3.177e-03
3.782e-03
6.203e-03
4.236e-03
4.236e-03
4.841e-03
4.387e-03
4.085e-03
3.933e-03
3.782e-03
3.177e-03
2.269e-03
2.572e-03
3.177e-03
1.664e-03
1.967e-03
2.874e-03
2.269e-03
1.513e-03
1.967e-03
1.815e-03
1.967e-03
1.967e-03
2.572e-03
7.564e-04
2.118e-03
1.967e-03
2.118e-03
2.572e-03
2.874e-03
4.539e-03
3.328e-03
3.480e-03
2.269e-03
2.118e-03
1.210e-03
1.362e-03
2.118e-03
2.118e-03
1.815e-03
3.328e-03
2.269e-03
1.815e-03
1.059e-03
2.421e-03
3.328e-03
2.421e-03
2.572e-03
2.118e-03
3.177e-03
1.815e-03
3.026e-03
2.874e-03
1.664e-03
2.118e-03
1.664e-03
1.967e-03
1.815e-03
2.572e-03
3.177e-03
1.513e-03
1.513e-03
1.967e-03
2.269e-03
3.177e-03
2.874e-03
2.723e-03
2.723e-03
1.664e-03
1.815e-03
1.362e-03
2.421e-03
1.967e-03
2.269e-03
2.118e-03
2.421e-03
1.059e-03
1.210e-03
2.572e-03
1.967e-03
1.513e-03
2.269e-03
2.572e-03
2.572e-03
2.874e-03
2.572e-03
3.631e-03
3.480e-03
2.269e-03
3.631e-03
3.480e-03
4.992e-03
2.874e-03
4.085e-03
4.992e-03
2.269e-03
1.967e-03
2.874e-03
4.539e-03
3.328e-03
2.723e-03
3.026e-03
3.026e-03
3.328e-03
3.631e-03
1.513e-03
2.421e-03
3.328e-03
3.328e-03
2.269e-03
3.026e-03
2.874e-03
1.967e-03
3.328e-03
2.269e-03
1.967e-03
2.723e-03
3.177e-03
2.572e-03
2.118e-03
1.210e-03
2.269e-03
2.118e-03
2.118e-03
2.269e-03
2.572e-03
3.026e-03
2.269e-03
4.690e-03
2.723e-03
3.480e-03
4.085e-03
3.631e-03
3.782e-03
3.328e-03
2.874e-03
2.421e-03
2.723e-03
4.236e-03
3.177e-03
2.421e-03
3.177e-03
3.177e-03
3.631e-03
3.933e-03
4.085e-03
3.933e-03
2.118e-03
3.480e-03
2.572e-03
3.782e-03
2.269e-03
4.539e-03
5.144e-03
3.026e-03
4.236e-03
3.026e-03
2.723e-03
2.269e-03
3.782e-03
2.874e-03
2.118e-03
3.177e-03
2.269e-03
2.723e-03
3.177e-03
3.177e-03
2.723e-03
3.177e-03
3.782e-03
3.177e-03
2.572e-03
2.572e-03
3.631e-03
4.387e-03
2.421e-03
3.933e-03
4.539e-03
5.295e-03
5.749e-03
6.959e-03
6.051e-03
4.992e-03
3.631e-03
3.782e-03
3.328e-03
3.328e-03
2.269e-03
3.631e-03
2.874e-03
2.723e-03
3.026e-03
2.269e-03
2.572e-03
2.269e-03
2.118e-03
1.967e-03
1.059e-03
2.421e-03
1.815e-03
1.967e-03
1.362e-03
1.362e-03
1.967e-03
3.480e-03
2.269e-03
3.782e-03
3.631e-03
2.723e-03
1.967e-03
1.513e-03
1.513e-03
2.269e-03
1.815e-03
9.077e-04
1.059e-03
1.362e-03
1.362e-03
2.118e-03
9.077e-04
2.269e-03
2.118e-03
1.815e-03
1.362e-03
2.118e-03
3.026e-03
1.967e-03
1.513e-03
