1.145e-03
1.145e-03
1.145e-03
6.868e-04
6.868e-04
1.145e-03
6.868e-04
9.158e-04
9.158e-04
9.158e-04
1.374e-03
1.145e-03
9.158e-04
1.145e-03
1.145e-03
4.579e-04
1.603e-03
2.289e-04
2.289e-04
1.145e-03
1.374e-03
2.060e-03
6.868e-04
6.868e-04
4.579e-04
9.158e-04
6.868e-04
6.868e-04
2.060e-03
9.158e-04
6.868e-04
2.289e-03
6.868e-04
9.158e-04
9.158e-04
2.289e-03
1.374e-03
1.374e-03
1.374e-03
1.603e-03
2.518e-03
1.374e-03
9.158e-04
6.868e-04
1.145e-03
1.374e-03
1.603e-03
6.868e-04
1.374e-03
1.145e-03
4.350e-03
9.158e-04
1.374e-03
2.289e-03
2.518e-03
2.747e-03
2.289e-03
9.158e-04
1.603e-03
2.747e-03
1.603e-03
1.832e-03
2.060e-03
2.976e-03
2.289e-03
2.060e-03
1.374e-03
1.603e-03
1.374e-03
2.060e-03
1.832e-03
1.832e-03
1.145e-03
1.832e-03
1.603e-03
1.832e-03
6.868e-04
9.158e-04
2.289e-03
1.145e-03
1.603e-03
1.832e-03
1.374e-03
1.603e-03
1.374e-03
1.374e-03
1.145e-03
6.868e-04
9.158e-04
6.868e-04
1.374e-03
1.374e-03
1.603e-03
1.374e-03
1.145e-03
9.158e-04
9.158e-04
1.145e-03
1.603e-03
1.374e-03
1.832e-03
1.374e-03
6.868e-04
4.579e-04
9.158e-04
1.603e-03
6.868e-04
9.158e-04
2.747e-03
1.374e-03
2.060e-03
1.603e-03
2.518e-03
3.434e-03
1.832e-03
1.145e-03
4.579e-04
9.158e-04
4.579e-04
1.374e-03
2.518e-03
2.518e-03
2.289e-03
1.832e-03
3.205e-03
4.579e-04
3.663e-03
1.374e-03
9.158e-04
1.374e-03
1.145e-03
1.603e-03
1.374e-03
2.976e-03
1.145e-03
1.603e-03
2.060e-03
1.832e-03
1.374e-03
2.060e-03
2.289e-03
1.832e-03
1.832e-03
9.158e-04
1.603e-03
1.603e-03
4.579e-04
1.603e-03
6.868e-04
1.374e-03
1.374e-03
1.374e-03
2.060e-03
6.868e-04
1.374e-03
9.158e-04
4.579e-04
1.145e-03
2.289e-04
9.158e-04
9.158e-04
1.145e-03
9.158e-04
6.868e-04
4.579e-04
9.158e-04
1.603e-03
2.060e-03
6.868e-04
1.374e-03
6.868e-04
9.158e-04
9.158e-04
1.603e-03
1.145e-03
1.603e-03
2.518e-03
6.868e-04
1.145e-03
9.158e-04
1.374e-03
1.145e-03
1.145e-03
1.603e-03
2.289e-04
4.579e-04
9.158e-04
1.374e-03
1.374e-03
1.832e-03
1.603e-03
1.374e-03
4.579e-04
9.158e-04
9.158e-04
9.158e-04
6.868e-04
2.289e-03
4.579e-04
9.158e-04
9.158e-04
1.145e-03
6.868e-04
9.158e-04
1.374e-03
1.603e-03
1.374e-03
4.579e-04
1.603e-03
6.868e-04
1.832e-03
6.868e-04
2.060e-03
1.603e-03
6.868e-04
9.158e-04
2.060e-03
6.868e-04
2.060e-03
1.603e-03
9.158e-04
9.158e-04
6.868e-04
1.832e-03
1.374e-03
9.158e-04
1.145e-03
1.374e-03
1.603e-03
1.145e-03
1.603e-03
2.060e-03
1.603e-03
2.060e-03
2.289e-03
4.579e-04
2.289e-03
1.145e-03
2.289e-03
2.518e-03
1.832e-03
1.832e-03
1.374e-03
2.060e-03
2.289e-03
2.060e-03
1.374e-03
1.145e-03
1.145e-03
2.060e-03
9.158e-04
1.145e-03
1.603e-03
9.158e-04
1.603e-03
1.832e-03
2.518e-03
6.868e-04
4.579e-04
1.374e-03
6.868e-04
9.158e-04
1.145e-03
1.374e-03
2.060e-03
1.374e-03
1.374e-03
1.374e-03
9.158e-04
1.374e-03
1.374e-03
9.158e-04
9.158e-04
9.158e-04
1.603e-03
1.832e-03
1.145e-03
6.868e-04
1.603e-03
9.158e-04
6.868e-04
2.289e-03
6.868e-04
9.158e-04
1.603e-03
1.603e-03
1.832e-03
1.145e-03
1.145e-03
2.289e-03
1.832e-03
2.060e-03
2.518e-03
2.060e-03
2.747e-03
1.145e-03
1.832e-03
2.289e-03
2.289e-03
1.374e-03
1.374e-03
3.663e-03
3.205e-03
1.374e-03
1.603e-03
2.747e-03
2.747e-03
2.060e-03
1.603e-03
2.060e-03
2.747e-03
2.060e-03
1.603e-03
1.832e-03
1.374e-03
2.060e-03
1.832e-03
1.145e-03
3.892e-03
1.603e-03
1.145e-03
1.374e-03
4.579e-04
2.060e-03
1.145e-03
1.145e-03
4.579e-04
1.603e-03
6.868e-04
1.603e-03
6.868e-04
1.832e-03
1.145e-03
9.158e-04
1.374e-03
0.000e+00
1.374e-03
9.158e-04
2.289e-04
9.158e-04
6.868e-04
6.868e-04
1.374e-03
9.158e-04
4.579e-04
9.158e-04
1.145e-03
4.579e-04
2.289e-04
1.374e-03
1.374e-03
1.603e-03
4.579e-04
4.579e-04
2.060e-03
6.868e-04
1.832e-03
1.374e-03
9.158e-04
6.868e-04
