9.158e-04
1.832e-03
2.289e-03
9.158e-04
1.832e-03
3.663e-03
2.289e-03
1.374e-03
1.832e-03
2.289e-03
9.158e-04
1.374e-03
1.374e-03
1.832e-03
2.747e-03
2.747e-03
3.205e-03
3.205e-03
9.158e-04
2.747e-03
1.832e-03
2.289e-03
1.832e-03
2.747e-03
9.158e-04
4.579e-04
2.289e-03
5.495e-03
3.663e-03
1.374e-03
2.289e-03
9.158e-04
4.579e-04
2.289e-03
1.374e-03
3.205e-03
3.205e-03
1.374e-03
2.747e-03
1.374e-03
4.121e-03
3.663e-03
3.205e-03
3.205e-03
3.205e-03
2.747e-03
2.747e-03
3.205e-03
5.495e-03
7.784e-03
2.289e-03
4.121e-03
5.037e-03
3.663e-03
3.663e-03
5.037e-03
5.037e-03
2.747e-03
3.205e-03
3.663e-03
4.121e-03
4.121e-03
6.868e-03
4.121e-03
1.374e-03
4.121e-03
1.832e-03
4.579e-03
2.747e-03
5.495e-03
3.205e-03
4.579e-03
3.663e-03
2.747e-03
3.663e-03
5.495e-03
1.832e-03
3.663e-03
9.158e-04
1.832e-03
1.374e-03
1.832e-03
9.158e-04
9.158e-04
3.205e-03
1.374e-03
1.832e-03
2.289e-03
2.747e-03
1.832e-03
4.121e-03
1.832e-03
3.663e-03
2.289e-03
2.747e-03
0.000e+00
1.374e-03
1.832e-03
3.663e-03
2.747e-03
1.832e-03
4.579e-03
1.374e-03
2.747e-03
3.663e-03
9.158e-04
4.121e-03
4.579e-04
4.121e-03
2.747e-03
1.832e-03
3.205e-03
1.374e-03
2.747e-03
3.663e-03
2.747e-03
1.374e-03
3.663e-03
5.952e-03
4.579e-03
4.579e-03
4.579e-03
3.663e-03
2.289e-03
5.495e-03
3.663e-03
4.579e-03
3.205e-03
2.289e-03
2.289e-03
7.784e-03
3.663e-03
3.205e-03
6.410e-03
2.747e-03
2.747e-03
4.121e-03
5.495e-03
2.747e-03
4.579e-03
1.832e-03
3.663e-03
2.747e-03
2.747e-03
2.747e-03
2.289e-03
3.663e-03
1.832e-03
4.121e-03
9.158e-04
3.205e-03
1.832e-03
2.289e-03
3.663e-03
1.832e-03
4.121e-03
1.374e-03
1.374e-03
9.158e-04
2.747e-03
5.952e-03
4.579e-04
3.205e-03
1.374e-03
4.579e-04
9.158e-04
1.832e-03
1.832e-03
3.663e-03
2.289e-03
9.158e-04
9.158e-04
1.832e-03
9.158e-04
2.747e-03
2.289e-03
2.289e-03
1.832e-03
1.832e-03
2.289e-03
1.374e-03
9.158e-04
2.289e-03
1.374e-03
3.663e-03
3.663e-03
9.158e-04
2.289e-03
1.374e-03
1.832e-03
3.205e-03
1.374e-03
9.158e-04
4.579e-03
2.289e-03
2.747e-03
2.747e-03
2.289e-03
2.289e-03
1.832e-03
1.832e-03
1.832e-03
9.158e-04
4.579e-03
2.747e-03
3.663e-03
1.832e-03
2.289e-03
9.158e-04
1.374e-03
9.158e-04
1.374e-03
2.747e-03
3.205e-03
3.663e-03
1.832e-03
3.205e-03
2.289e-03
3.205e-03
2.289e-03
1.832e-03
3.205e-03
3.205e-03
3.663e-03
4.579e-03
1.374e-03
2.289e-03
3.205e-03
5.495e-03
4.579e-03
2.289e-03
1.832e-03
5.952e-03
4.121e-03
3.663e-03
1.832e-03
5.495e-03
1.374e-03
5.495e-03
2.289e-03
1.832e-03
4.121e-03
4.121e-03
5.495e-03
2.289e-03
4.121e-03
1.832e-03
2.747e-03
5.495e-03
3.663e-03
2.747e-03
2.289e-03
2.747e-03
2.747e-03
3.205e-03
4.579e-03
4.121e-03
2.747e-03
3.205e-03
2.289e-03
9.158e-04
1.832e-03
9.158e-04
3.205e-03
1.374e-03
1.374e-03
1.832e-03
1.832e-03
1.374e-03
2.747e-03
1.374e-03
1.832e-03
2.289e-03
3.205e-03
1.832e-03
4.579e-03
3.205e-03
1.832e-03
4.579e-04
2.289e-03
9.158e-04
2.747e-03
4.121e-03
4.121e-03
2.747e-03
3.205e-03
4.579e-04
5.952e-03
2.289e-03
3.205e-03
1.374e-03
2.747e-03
2.747e-03
1.832e-03
3.205e-03
3.663e-03
2.289e-03
5.495e-03
6.410e-03
3.663e-03
3.205e-03
6.410e-03
5.037e-03
5.495e-03
4.121e-03
4.121e-03
4.121e-03
2.289e-03
4.579e-03
5.037e-03
5.952e-03
7.326e-03
5.037e-03
9.158e-04
6.410e-03
5.037e-03
5.037e-03
1.832e-03
5.037e-03
3.205e-03
2.747e-03
1.832e-03
4.121e-03
9.158e-04
3.205e-03
3.663e-03
1.832e-03
2.289e-03
3.205e-03
2.289e-03
3.663e-03
4.579e-04
2.747e-03
2.747e-03
2.289e-03
1.374e-03
2.747e-03
2.289e-03
2.747e-03
4.579e-04
2.747e-03
1.374e-03
1.374e-03
3.663e-03
1.832e-03
9.158e-04
9.158e-04
1.374e-03
4.579e-04
2.289e-03
2.289e-03
1.374e-03
0.000e+00
4.579e-04
2.289e-03
1.832e-03
2.747e-03
1.374e-03
1.832e-03
1.374e-03
