2.556e-03
2.226e-03
2.432e-03
2.102e-03
1.896e-03
1.979e-03
1.319e-03
1.031e-03
1.690e-03
1.154e-03
9.893e-04
1.360e-03
9.893e-04
1.237e-03
1.154e-03
5.771e-04
9.068e-04
1.031e-03
1.113e-03
1.031e-03
8.244e-04
7.832e-04
7.832e-04
7.007e-04
8.656e-04
6.183e-04
3.710e-04
5.359e-04
7.007e-04
7.420e-04
4.946e-04
7.832e-04
1.031e-03
7.832e-04
5.771e-04
6.595e-04
8.244e-04
7.007e-04
9.068e-04
7.007e-04
7.007e-04
1.031e-03
1.154e-03
6.595e-04
1.195e-03
8.244e-04
9.893e-04
1.113e-03
1.113e-03
1.484e-03
1.979e-03
1.525e-03
1.649e-03
1.649e-03
2.143e-03
2.597e-03
2.638e-03
2.885e-03
3.174e-03
2.762e-03
3.298e-03
3.050e-03
2.638e-03
2.885e-03
3.298e-03
2.267e-03
2.143e-03
1.896e-03
1.896e-03
1.360e-03
1.690e-03
1.649e-03
1.855e-03
1.608e-03
1.113e-03
1.237e-03
9.893e-04
1.525e-03
1.360e-03
1.195e-03
1.566e-03
1.031e-03
9.893e-04
1.855e-03
9.481e-04
8.656e-04
1.401e-03
1.401e-03
1.814e-03
1.113e-03
1.484e-03
1.195e-03
9.068e-04
1.443e-03
8.244e-04
1.278e-03
1.031e-03
8.656e-04
1.360e-03
1.237e-03
1.237e-03
1.154e-03
1.031e-03
1.113e-03
1.195e-03
1.731e-03
1.195e-03
1.195e-03
1.319e-03
1.855e-03
1.814e-03
1.979e-03
1.443e-03
2.350e-03
1.855e-03
1.731e-03
2.803e-03
2.679e-03
2.556e-03
3.009e-03
2.803e-03
2.143e-03
2.556e-03
2.020e-03
2.432e-03
1.608e-03
1.690e-03
1.772e-03
1.072e-03
1.525e-03
1.113e-03
1.401e-03
1.237e-03
6.595e-04
9.893e-04
9.893e-04
1.031e-03
7.007e-04
1.113e-03
1.195e-03
1.072e-03
8.244e-04
9.481e-04
1.031e-03
4.946e-04
7.007e-04
5.771e-04
6.183e-04
6.183e-04
8.656e-04
9.068e-04
7.007e-04
7.420e-04
9.481e-04
5.771e-04
4.122e-04
5.771e-04
6.183e-04
6.595e-04
8.656e-04
6.595e-04
6.183e-04
1.113e-03
6.183e-04
8.656e-04
1.443e-03
6.595e-04
9.893e-04
1.608e-03
1.278e-03
1.401e-03
1.154e-03
1.608e-03
1.772e-03
1.484e-03
2.102e-03
2.597e-03
2.556e-03
2.597e-03
2.803e-03
3.133e-03
2.514e-03
3.009e-03
2.102e-03
1.937e-03
1.896e-03
1.772e-03
1.443e-03
1.608e-03
1.031e-03
1.154e-03
1.072e-03
1.031e-03
9.893e-04
9.068e-04
1.237e-03
9.481e-04
9.068e-04
1.113e-03
9.893e-04
9.068e-04
7.420e-04
6.595e-04
4.122e-04
5.771e-04
7.420e-04
4.946e-04
9.068e-04
7.007e-04
7.420e-04
8.656e-04
7.420e-04
4.534e-04
7.007e-04
7.007e-04
4.946e-04
7.420e-04
8.244e-04
9.068e-04
1.195e-03
1.113e-03
1.031e-03
7.007e-04
1.113e-03
9.068e-04
9.068e-04
1.319e-03
1.154e-03
9.893e-04
1.566e-03
1.772e-03
1.360e-03
1.731e-03
2.020e-03
2.061e-03
1.979e-03
2.597e-03
2.102e-03
2.432e-03
2.679e-03
2.679e-03
2.762e-03
2.762e-03
2.556e-03
2.308e-03
2.391e-03
2.267e-03
1.525e-03
1.401e-03
1.566e-03
1.319e-03
1.772e-03
1.195e-03
1.484e-03
1.772e-03
1.443e-03
1.319e-03
9.068e-04
1.401e-03
1.237e-03
9.893e-04
1.195e-03
1.113e-03
9.068e-04
1.072e-03
1.401e-03
1.237e-03
1.237e-03
1.237e-03
1.814e-03
1.401e-03
1.566e-03
1.443e-03
8.244e-04
1.401e-03
1.401e-03
6.595e-04
1.237e-03
1.031e-03
8.656e-04
1.443e-03
1.401e-03
1.113e-03
1.031e-03
1.195e-03
1.443e-03
1.154e-03
1.484e-03
1.566e-03
1.979e-03
1.731e-03
2.391e-03
1.814e-03
1.525e-03
2.020e-03
2.143e-03
2.968e-03
3.298e-03
3.380e-03
3.256e-03
3.133e-03
2.308e-03
3.421e-03
2.391e-03
2.102e-03
1.772e-03
1.814e-03
1.772e-03
2.061e-03
1.401e-03
1.113e-03
1.113e-03
9.481e-04
8.244e-04
1.113e-03
9.068e-04
9.893e-04
1.154e-03
8.656e-04
1.031e-03
1.072e-03
9.068e-04
5.771e-04
7.832e-04
4.946e-04
4.534e-04
9.068e-04
7.007e-04
8.244e-04
8.656e-04
6.595e-04
7.007e-04
9.068e-04
6.183e-04
4.534e-04
2.885e-04
7.007e-04
7.420e-04
6.183e-04
9.893e-04
9.068e-04
8.244e-04
7.420e-04
1.031e-03
1.031e-03
9.481e-04
1.031e-03
1.154e-03
1.237e-03
1.278e-03
1.319e-03
1.237e-03
1.443e-03
1.772e-03
1.443e-03
2.020e-03
2.185e-03
2.267e-03
2.514e-03
1.896e-03
