2.910e-02
1.088e-02
5.853e-03
4.040e-03
2.968e-03
2.473e-03
1.566e-03
1.649e-03
1.731e-03
1.072e-03
1.484e-03
1.649e-03
1.731e-03
1.484e-03
1.319e-03
2.061e-03
2.143e-03
9.068e-04
1.154e-03
1.896e-03
1.649e-03
1.072e-03
1.154e-03
9.893e-04
5.771e-04
9.068e-04
8.244e-04
8.244e-04
7.420e-04
9.068e-04
1.154e-03
1.896e-03
8.244e-04
7.420e-04
1.566e-03
7.420e-04
1.401e-03
9.893e-04
5.771e-04
1.979e-03
2.061e-03
9.893e-04
1.154e-03
1.566e-03
1.319e-03
1.319e-03
6.595e-04
1.731e-03
1.154e-03
1.814e-03
1.401e-03
2.143e-03
2.061e-03
2.638e-03
3.050e-03
2.968e-03
3.710e-03
2.721e-03
4.369e-03
1.080e-02
3.495e-02
1.146e-02
7.255e-03
3.627e-03
3.215e-03
3.298e-03
2.803e-03
2.061e-03
1.896e-03
2.638e-03
2.968e-03
2.638e-03
2.968e-03
2.638e-03
3.957e-03
3.545e-03
2.061e-03
2.143e-03
2.638e-03
2.721e-03
2.061e-03
1.319e-03
2.391e-03
1.649e-03
1.319e-03
2.391e-03
2.473e-03
1.979e-03
3.380e-03
3.627e-03
2.556e-03
1.896e-03
1.649e-03
1.896e-03
1.401e-03
2.473e-03
9.893e-04
1.814e-03
2.391e-03
2.226e-03
2.473e-03
1.566e-03
1.649e-03
2.638e-03
1.649e-03
1.566e-03
1.979e-03
1.649e-03
3.050e-03
3.298e-03
2.473e-03
2.061e-03
4.122e-03
2.721e-03
3.133e-03
2.721e-03
2.308e-03
4.369e-03
5.194e-03
1.080e-02
2.869e-02
1.121e-02
6.183e-03
3.875e-03
3.380e-03
3.380e-03
3.462e-03
2.473e-03
1.649e-03
1.649e-03
1.896e-03
1.319e-03
9.068e-04
1.566e-03
1.237e-03
9.893e-04
9.893e-04
1.566e-03
7.420e-04
1.072e-03
8.244e-04
9.068e-04
9.068e-04
8.244e-04
1.072e-03
9.068e-04
7.420e-04
6.595e-04
9.893e-04
9.068e-04
9.893e-04
1.566e-03
1.401e-03
1.979e-03
1.319e-03
9.893e-04
8.244e-04
9.068e-04
9.893e-04
1.072e-03
1.649e-03
1.484e-03
7.420e-04
1.484e-03
1.896e-03
8.244e-04
1.814e-03
1.566e-03
1.566e-03
1.237e-03
1.566e-03
2.638e-03
1.154e-03
1.484e-03
2.556e-03
2.308e-03
3.050e-03
2.803e-03
4.699e-03
8.986e-03
3.578e-02
9.810e-03
4.782e-03
3.627e-03
3.215e-03
1.814e-03
1.319e-03
2.061e-03
1.319e-03
1.979e-03
1.566e-03
1.649e-03
1.814e-03
1.731e-03
2.968e-03
1.566e-03
1.649e-03
1.731e-03
1.484e-03
9.068e-04
1.237e-03
6.595e-04
9.068e-04
7.420e-04
6.595e-04
6.595e-04
9.893e-04
1.649e-03
1.319e-03
1.072e-03
1.401e-03
3.298e-04
1.072e-03
7.420e-04
1.814e-03
7.420e-04
6.595e-04
1.649e-03
1.814e-03
1.484e-03
1.319e-03
1.401e-03
1.237e-03
1.154e-03
1.154e-03
1.154e-03
1.072e-03
1.814e-03
1.401e-03
1.731e-03
1.896e-03
1.731e-03
2.473e-03
2.803e-03
2.143e-03
3.462e-03
2.473e-03
3.792e-03
4.617e-03
1.055e-02
2.902e-02
1.162e-02
8.162e-03
4.782e-03
3.710e-03
2.638e-03
2.308e-03
2.226e-03
2.556e-03
1.896e-03
1.484e-03
3.380e-03
2.308e-03
2.226e-03
2.061e-03
2.391e-03
2.638e-03
2.391e-03
2.968e-03
2.721e-03
2.473e-03
2.061e-03
1.649e-03
2.556e-03
1.401e-03
2.556e-03
9.893e-04
1.814e-03
1.979e-03
2.308e-03
2.721e-03
2.885e-03
3.710e-03
2.968e-03
1.649e-03
2.226e-03
1.814e-03
1.319e-03
1.154e-03
2.143e-03
2.721e-03
2.143e-03
1.731e-03
1.814e-03
1.979e-03
3.133e-03
1.731e-03
2.143e-03
2.226e-03
2.638e-03
3.627e-03
3.380e-03
3.133e-03
2.638e-03
3.792e-03
2.308e-03
3.545e-03
3.380e-03
5.276e-03
1.179e-02
3.413e-02
9.481e-03
5.853e-03
3.875e-03
3.710e-03
2.968e-03
2.885e-03
2.226e-03
1.979e-03
1.401e-03
1.401e-03
1.731e-03
1.896e-03
1.566e-03
1.566e-03
7.420e-04
9.068e-04
9.893e-04
6.595e-04
4.122e-04
1.154e-03
8.244e-04
1.566e-03
9.893e-04
1.237e-03
7.420e-04
4.946e-04
1.154e-03
1.072e-03
1.319e-03
1.814e-03
1.731e-03
1.072e-03
4.946e-04
9.068e-04
1.237e-03
8.244e-04
1.072e-03
1.649e-03
1.319e-03
1.154e-03
1.319e-03
1.237e-03
7.420e-04
1.979e-03
1.401e-03
9.893e-04
1.237e-03
1.319e-03
1.649e-03
1.731e-03
1.319e-03
1.896e-03
2.391e-03
2.803e-03
2.226e-03
2.473e-03
3.627e-03
3.957e-03
9.151e-03
