1.921e-03
1.695e-03
2.147e-03
2.034e-03
2.034e-03
2.260e-03
2.486e-03
2.599e-03
2.034e-03
2.712e-03
2.260e-03
2.825e-03
1.921e-03
2.373e-03
2.373e-03
2.260e-03
1.469e-03
1.582e-03
2.034e-03
2.034e-03
2.599e-03
1.808e-03
2.147e-03
2.260e-03
2.599e-03
1.695e-03
1.469e-03
2.486e-03
1.695e-03
2.034e-03
2.147e-03
2.486e-03
1.356e-03
1.695e-03
1.582e-03
1.582e-03
1.469e-03
1.469e-03
1.017e-03
1.130e-03
1.243e-03
1.243e-03
1.356e-03
1.921e-03
1.469e-03
1.243e-03
1.582e-03
1.017e-03
1.921e-03
1.356e-03
2.034e-03
1.243e-03
4.521e-04
1.808e-03
1.582e-03
1.469e-03
1.243e-03
1.017e-03
1.469e-03
1.130e-03
1.017e-03
9.042e-04
1.017e-03
6.781e-04
6.781e-04
1.130e-03
5.651e-04
6.781e-04
6.781e-04
7.911e-04
4.521e-04
6.781e-04
9.042e-04
3.391e-04
5.651e-04
2.260e-04
5.651e-04
1.130e-04
3.391e-04
3.391e-04
6.781e-04
5.651e-04
6.781e-04
1.130e-04
3.391e-04
3.391e-04
7.911e-04
1.130e-04
1.130e-04
6.781e-04
7.911e-04
1.017e-03
5.651e-04
4.521e-04
5.651e-04
4.521e-04
2.260e-04
5.651e-04
2.260e-04
2.260e-04
1.130e-04
6.781e-04
4.521e-04
7.911e-04
6.781e-04
5.651e-04
3.391e-04
3.391e-04
3.391e-04
2.260e-04
4.521e-04
6.781e-04
2.260e-04
7.911e-04
1.017e-03
7.911e-04
7.911e-04
3.391e-04
5.651e-04
4.521e-04
1.582e-03
7.911e-04
7.911e-04
1.582e-03
1.243e-03
1.130e-03
1.808e-03
4.521e-04
5.651e-04
1.017e-03
1.582e-03
1.469e-03
1.356e-03
1.582e-03
5.651e-04
1.582e-03
1.469e-03
1.243e-03
1.695e-03
1.356e-03
1.582e-03
7.911e-04
1.808e-03
1.582e-03
1.356e-03
1.808e-03
1.808e-03
1.921e-03
1.243e-03
1.695e-03
1.808e-03
1.582e-03
1.921e-03
1.582e-03
2.260e-03
2.939e-03
2.260e-03
1.695e-03
1.469e-03
1.356e-03
1.808e-03
2.147e-03
2.373e-03
3.052e-03
1.469e-03
2.034e-03
2.034e-03
2.599e-03
3.730e-03
1.808e-03
2.825e-03
4.182e-03
2.939e-03
1.921e-03
2.712e-03
2.712e-03
2.147e-03
2.712e-03
2.486e-03
2.939e-03
1.921e-03
1.582e-03
2.712e-03
1.921e-03
3.165e-03
2.147e-03
2.599e-03
2.260e-03
4.295e-03
2.147e-03
2.260e-03
2.599e-03
3.391e-03
2.939e-03
2.712e-03
2.147e-03
2.373e-03
1.921e-03
1.921e-03
2.486e-03
2.599e-03
1.808e-03
1.921e-03
2.147e-03
2.939e-03
1.356e-03
1.808e-03
1.582e-03
1.469e-03
1.582e-03
1.582e-03
1.695e-03
2.260e-03
1.017e-03
1.582e-03
1.017e-03
1.469e-03
7.911e-04
2.034e-03
5.651e-04
1.243e-03
1.356e-03
1.695e-03
1.130e-03
1.695e-03
3.391e-04
1.356e-03
1.130e-03
1.921e-03
1.017e-03
1.243e-03
6.781e-04
1.356e-03
1.130e-03
1.356e-03
1.469e-03
7.911e-04
6.781e-04
7.911e-04
9.042e-04
1.130e-03
9.042e-04
9.042e-04
9.042e-04
3.391e-04
7.911e-04
6.781e-04
6.781e-04
7.911e-04
6.781e-04
6.781e-04
0.000e+00
7.911e-04
5.651e-04
2.260e-04
4.521e-04
5.651e-04
7.911e-04
6.781e-04
1.130e-04
4.521e-04
3.391e-04
1.130e-04
5.651e-04
3.391e-04
4.521e-04
7.911e-04
3.391e-04
3.391e-04
2.260e-04
2.260e-04
3.391e-04
3.391e-04
3.391e-04
6.781e-04
9.042e-04
5.651e-04
4.521e-04
7.911e-04
3.391e-04
5.651e-04
3.391e-04
1.130e-04
4.521e-04
7.911e-04
6.781e-04
3.391e-04
7.911e-04
5.651e-04
5.651e-04
9.042e-04
3.391e-04
2.260e-04
3.391e-04
1.130e-03
2.260e-04
7.911e-04
9.042e-04
9.042e-04
1.356e-03
1.017e-03
1.356e-03
1.017e-03
1.243e-03
1.243e-03
1.695e-03
1.356e-03
1.356e-03
1.130e-03
9.042e-04
1.695e-03
1.243e-03
1.582e-03
2.034e-03
2.034e-03
2.147e-03
1.695e-03
4.521e-04
1.017e-03
1.356e-03
2.599e-03
2.034e-03
1.582e-03
2.147e-03
1.469e-03
1.243e-03
2.260e-03
1.243e-03
1.582e-03
1.921e-03
2.260e-03
2.260e-03
2.599e-03
1.243e-03
2.034e-03
9.042e-04
1.582e-03
1.469e-03
2.486e-03
1.808e-03
2.260e-03
2.034e-03
2.260e-03
1.695e-03
2.712e-03
1.808e-03
2.147e-03
2.486e-03
2.599e-03
2.373e-03
2.825e-03
2.034e-03
2.825e-03
2.034e-03
2.373e-03
2.034e-03
1.921e-03
2.825e-03
1.695e-03
2.486e-03
