6.329e-03
7.911e-03
7.685e-03
3.617e-03
4.295e-03
4.521e-03
4.521e-03
3.617e-03
5.651e-03
5.199e-03
3.617e-03
4.295e-03
4.069e-03
3.617e-03
4.069e-03
5.425e-03
4.973e-03
5.199e-03
5.425e-03
4.295e-03
2.939e-03
2.712e-03
4.747e-03
4.747e-03
3.391e-03
3.617e-03
3.843e-03
3.843e-03
5.425e-03
4.069e-03
3.165e-03
3.391e-03
4.295e-03
3.391e-03
5.877e-03
2.486e-03
2.939e-03
3.617e-03
2.034e-03
2.260e-03
2.712e-03
2.260e-03
3.391e-03
3.165e-03
1.808e-03
1.582e-03
2.260e-03
1.808e-03
1.582e-03
6.781e-04
1.356e-03
2.260e-03
2.260e-03
3.391e-03
2.034e-03
2.712e-03
2.260e-03
1.582e-03
2.712e-03
2.260e-03
1.356e-03
1.582e-03
2.034e-03
1.808e-03
1.582e-03
1.582e-03
1.130e-03
1.356e-03
1.582e-03
1.130e-03
1.130e-03
1.582e-03
1.808e-03
2.034e-03
1.356e-03
1.808e-03
6.781e-04
6.781e-04
2.260e-04
2.260e-03
1.130e-03
4.521e-04
6.781e-04
4.521e-04
1.808e-03
1.582e-03
1.582e-03
4.521e-04
1.130e-03
1.130e-03
9.042e-04
1.130e-03
6.781e-04
2.260e-03
4.521e-04
1.356e-03
4.521e-04
6.781e-04
9.042e-04
4.521e-04
2.260e-04
2.260e-04
6.781e-04
1.582e-03
2.939e-03
1.582e-03
1.356e-03
4.521e-04
9.042e-04
2.034e-03
9.042e-04
1.582e-03
6.781e-04
1.582e-03
1.130e-03
2.034e-03
1.582e-03
1.808e-03
1.130e-03
1.582e-03
1.582e-03
6.781e-04
2.260e-03
2.260e-03
2.034e-03
2.260e-03
2.034e-03
2.034e-03
2.486e-03
2.712e-03
2.034e-03
2.034e-03
2.486e-03
2.712e-03
2.034e-03
2.260e-04
1.808e-03
1.808e-03
2.486e-03
1.356e-03
3.165e-03
2.939e-03
3.617e-03
3.165e-03
3.617e-03
3.391e-03
3.391e-03
3.843e-03
3.391e-03
2.034e-03
4.973e-03
3.843e-03
3.391e-03
2.712e-03
4.973e-03
3.391e-03
4.747e-03
4.069e-03
3.391e-03
3.617e-03
4.069e-03
5.199e-03
5.199e-03
5.425e-03
2.486e-03
3.391e-03
6.103e-03
4.521e-03
3.617e-03
4.973e-03
4.295e-03
6.329e-03
5.651e-03
5.651e-03
6.555e-03
5.199e-03
4.973e-03
5.199e-03
5.425e-03
5.651e-03
8.590e-03
5.651e-03
7.459e-03
4.521e-03
4.295e-03
5.425e-03
3.843e-03
6.103e-03
6.103e-03
3.843e-03
7.007e-03
3.843e-03
5.425e-03
4.521e-03
5.651e-03
5.199e-03
4.747e-03
4.069e-03
4.747e-03
4.747e-03
6.103e-03
3.617e-03
3.165e-03
3.617e-03
5.199e-03
4.069e-03
4.521e-03
4.521e-03
1.808e-03
2.939e-03
4.747e-03
5.425e-03
2.034e-03
3.617e-03
1.808e-03
2.260e-03
3.165e-03
1.808e-03
3.617e-03
1.130e-03
2.034e-03
2.486e-03
2.260e-03
2.712e-03
1.356e-03
2.712e-03
9.042e-04
9.042e-04
1.582e-03
1.808e-03
1.808e-03
2.034e-03
9.042e-04
2.034e-03
2.712e-03
6.781e-04
3.165e-03
1.582e-03
1.808e-03
3.165e-03
2.034e-03
4.521e-04
1.130e-03
1.582e-03
1.356e-03
9.042e-04
1.808e-03
9.042e-04
1.356e-03
1.582e-03
1.356e-03
9.042e-04
1.582e-03
1.582e-03
2.260e-04
1.356e-03
2.712e-03
1.582e-03
2.260e-04
1.130e-03
9.042e-04
9.042e-04
2.260e-04
1.356e-03
1.130e-03
9.042e-04
6.781e-04
4.521e-04
4.521e-04
1.130e-03
1.808e-03
9.042e-04
1.808e-03
1.130e-03
9.042e-04
1.130e-03
6.781e-04
1.130e-03
2.260e-04
1.582e-03
1.130e-03
1.130e-03
1.130e-03
6.781e-04
6.781e-04
6.781e-04
4.521e-04
1.808e-03
3.391e-03
1.582e-03
1.582e-03
1.130e-03
9.042e-04
1.130e-03
6.781e-04
2.486e-03
1.582e-03
1.582e-03
2.034e-03
2.486e-03
1.130e-03
1.582e-03
3.617e-03
2.260e-03
3.165e-03
2.260e-03
1.582e-03
2.260e-03
2.486e-03
2.486e-03
2.712e-03
2.034e-03
4.521e-03
1.356e-03
2.034e-03
1.582e-03
2.034e-03
2.034e-03
3.617e-03
2.034e-03
3.617e-03
3.617e-03
3.391e-03
3.165e-03
2.939e-03
3.391e-03
3.843e-03
4.973e-03
3.617e-03
4.521e-03
3.165e-03
4.747e-03
4.295e-03
4.069e-03
4.069e-03
2.712e-03
4.295e-03
2.939e-03
3.617e-03
4.069e-03
4.973e-03
4.521e-03
3.617e-03
4.521e-03
3.617e-03
3.391e-03
3.391e-03
4.521e-03
3.843e-03
5.199e-03
6.555e-03
5.877e-03
4.295e-03
5.425e-03
5.877e-03
4.069e-03
2.939e-03
4.973e-03
4.295e-03
4.747e-03
