3.950e+02
2.020e+02
1.250e+02
8.500e+01
7.000e+01
8.500e+01
8.000e+01
8.900e+01
5.300e+01
6.700e+01
7.300e+01
6.800e+01
6.800e+01
6.100e+01
7.900e+01
7.200e+01
7.400e+01
7.300e+01
7.100e+01
6.300e+01
4.900e+01
8.200e+01
7.500e+01
6.900e+01
5.100e+01
7.000e+01
6.200e+01
6.600e+01
8.200e+01
7.500e+01
8.800e+01
8.700e+01
8.600e+01
7.700e+01
9.400e+01
7.600e+01
7.900e+01
6.600e+01
7.100e+01
6.200e+01
9.100e+01
7.600e+01
6.600e+01
8.000e+01
7.200e+01
7.200e+01
7.800e+01
7.200e+01
8.600e+01
8.700e+01
8.300e+01
1.020e+02
6.500e+01
9.700e+01
9.100e+01
1.050e+02
9.800e+01
1.000e+02
1.350e+02
2.450e+02
4.710e+02
1.990e+02
1.180e+02
9.700e+01
8.000e+01
7.500e+01
8.700e+01
9.500e+01
7.500e+01
7.400e+01
7.800e+01
9.300e+01
7.500e+01
7.600e+01
6.700e+01
8.500e+01
8.100e+01
6.500e+01
9.400e+01
7.000e+01
7.200e+01
7.000e+01
7.500e+01
6.800e+01
7.500e+01
6.400e+01
9.400e+01
9.000e+01
1.090e+02
9.200e+01
7.600e+01
1.020e+02
5.900e+01
8.800e+01
8.000e+01
7.000e+01
6.000e+01
7.300e+01
8.600e+01
7.400e+01
7.500e+01
6.700e+01
6.300e+01
7.800e+01
6.800e+01
6.000e+01
6.200e+01
7.400e+01
7.200e+01
8.300e+01
6.400e+01
8.200e+01
8.700e+01
7.700e+01
8.000e+01
8.000e+01
8.300e+01
8.400e+01
1.310e+02
2.370e+02
3.360e+02
2.210e+02
1.350e+02
9.000e+01
9.100e+01
1.030e+02
8.600e+01
7.300e+01
7.100e+01
7.500e+01
7.400e+01
7.000e+01
7.200e+01
8.600e+01
6.800e+01
7.100e+01
6.900e+01
7.600e+01
9.300e+01
6.200e+01
7.200e+01
7.200e+01
6.600e+01
5.900e+01
8.200e+01
7.100e+01
7.500e+01
6.400e+01
6.600e+01
8.500e+01
7.400e+01
8.700e+01
7.400e+01
8.500e+01
8.300e+01
8.000e+01
7.700e+01
7.300e+01
6.600e+01
8.900e+01
7.100e+01
7.300e+01
8.000e+01
8.400e+01
6.200e+01
7.500e+01
8.900e+01
6.300e+01
6.100e+01
8.300e+01
7.500e+01
7.000e+01
9.000e+01
8.300e+01
7.700e+01
7.400e+01
1.100e+02
1.120e+02
1.450e+02
2.040e+02
4.920e+02
2.090e+02
1.160e+02
8.500e+01
7.900e+01
9.000e+01
8.300e+01
7.700e+01
7.500e+01
7.200e+01
1.010e+02
7.800e+01
6.800e+01
8.900e+01
7.000e+01
7.500e+01
6.800e+01
8.300e+01
8.400e+01
6.700e+01
8.200e+01
6.400e+01
5.500e+01
8.400e+01
6.900e+01
6.700e+01
7.200e+01
1.000e+02
1.000e+02
6.800e+01
8.700e+01
7.800e+01
6.600e+01
6.900e+01
6.800e+01
7.300e+01
7.100e+01
6.000e+01
7.900e+01
8.800e+01
8.200e+01
7.500e+01
6.400e+01
7.100e+01
7.500e+01
6.500e+01
6.100e+01
7.000e+01
7.000e+01
7.800e+01
7.400e+01
8.100e+01
7.100e+01
8.500e+01
8.700e+01
8.500e+01
9.500e+01
1.070e+02
1.310e+02
2.410e+02
3.570e+02
2.110e+02
1.180e+02
9.000e+01
8.600e+01
8.600e+01
7.800e+01
6.800e+01
8.400e+01
6.800e+01
5.500e+01
8.300e+01
7.600e+01
5.900e+01
6.700e+01
6.400e+01
7.300e+01
7.700e+01
8.000e+01
5.900e+01
6.500e+01
6.000e+01
6.400e+01
7.600e+01
7.400e+01
7.800e+01
6.500e+01
7.100e+01
8.100e+01
7.400e+01
1.030e+02
8.900e+01
9.400e+01
9.000e+01
8.100e+01
8.000e+01
8.600e+01
8.000e+01
8.000e+01
7.700e+01
6.600e+01
8.700e+01
7.900e+01
8.100e+01
7.800e+01
5.800e+01
7.300e+01
7.500e+01
7.700e+01
8.100e+01
8.800e+01
8.800e+01
9.700e+01
8.100e+01
7.200e+01
9.000e+01
9.800e+01
1.060e+02
1.310e+02
2.260e+02
4.530e+02
2.100e+02
1.270e+02
1.050e+02
9.300e+01
9.500e+01
7.300e+01
9.500e+01
8.900e+01
9.000e+01
7.700e+01
8.900e+01
8.400e+01
8.400e+01
7.000e+01
9.000e+01
9.300e+01
7.700e+01
6.700e+01
6.500e+01
9.300e+01
5.900e+01
7.500e+01
7.300e+01
7.600e+01
6.800e+01
7.100e+01
7.900e+01
8.200e+01
9.600e+01
6.900e+01
8.600e+01
7.700e+01
7.000e+01
7.900e+01
7.600e+01
6.800e+01
6.400e+01
7.800e+01
7.500e+01
7.400e+01
6.200e+01
7.200e+01
5.800e+01
7.800e+01
4.900e+01
5.600e+01
7.400e+01
6.600e+01
7.600e+01
5.700e+01
8.200e+01
8.200e+01
5.900e+01
8.600e+01
8.700e+01
1.020e+02
1.110e+02
1.070e+02
2.290e+02
