1.936e-03
1.839e-03
2.018e-03
1.790e-03
1.578e-03
1.790e-03
1.399e-03
1.367e-03
1.432e-03
1.465e-03
1.237e-03
1.644e-03
1.220e-03
1.204e-03
1.253e-03
1.025e-03
1.123e-03
9.926e-04
9.764e-04
1.172e-03
1.204e-03
1.237e-03
1.074e-03
1.107e-03
1.269e-03
9.764e-04
7.323e-04
1.025e-03
1.139e-03
1.058e-03
1.074e-03
1.465e-03
1.204e-03
1.220e-03
1.009e-03
1.286e-03
1.009e-03
1.074e-03
1.025e-03
1.025e-03
8.787e-04
1.139e-03
1.286e-03
1.107e-03
1.318e-03
1.172e-03
1.318e-03
1.286e-03
1.399e-03
1.367e-03
2.067e-03
1.302e-03
1.530e-03
1.774e-03
1.953e-03
2.132e-03
2.050e-03
1.985e-03
2.441e-03
2.050e-03
2.164e-03
2.246e-03
1.985e-03
2.262e-03
2.034e-03
1.936e-03
1.904e-03
1.546e-03
1.578e-03
1.416e-03
1.497e-03
1.546e-03
1.757e-03
1.416e-03
1.172e-03
1.204e-03
1.237e-03
1.253e-03
1.383e-03
1.269e-03
1.334e-03
1.009e-03
1.204e-03
1.253e-03
9.764e-04
1.009e-03
1.416e-03
1.188e-03
1.351e-03
1.041e-03
1.237e-03
1.220e-03
1.090e-03
1.318e-03
8.787e-04
1.286e-03
9.438e-04
1.172e-03
1.123e-03
7.811e-04
1.155e-03
1.139e-03
1.058e-03
1.204e-03
1.172e-03
1.448e-03
1.188e-03
1.025e-03
1.237e-03
1.692e-03
1.448e-03
1.399e-03
1.416e-03
1.774e-03
1.465e-03
1.513e-03
1.888e-03
1.936e-03
1.920e-03
2.050e-03
2.197e-03
1.920e-03
2.034e-03
1.757e-03
1.920e-03
1.220e-03
1.725e-03
1.497e-03
1.107e-03
1.416e-03
1.302e-03
1.546e-03
1.253e-03
1.172e-03
9.926e-04
1.204e-03
1.334e-03
1.025e-03
1.172e-03
1.286e-03
1.416e-03
1.090e-03
1.172e-03
1.253e-03
9.764e-04
1.220e-03
9.601e-04
1.334e-03
7.811e-04
1.139e-03
1.302e-03
1.302e-03
1.204e-03
1.074e-03
1.025e-03
1.253e-03
1.058e-03
9.601e-04
9.113e-04
1.009e-03
1.009e-03
9.601e-04
1.399e-03
1.204e-03
9.601e-04
1.465e-03
1.123e-03
1.383e-03
1.692e-03
1.351e-03
1.481e-03
1.806e-03
1.888e-03
1.644e-03
1.562e-03
1.969e-03
2.148e-03
2.181e-03
2.067e-03
2.262e-03
2.311e-03
1.936e-03
2.392e-03
1.904e-03
1.806e-03
1.709e-03
1.692e-03
1.546e-03
1.969e-03
1.334e-03
1.237e-03
1.416e-03
1.351e-03
1.546e-03
1.432e-03
1.286e-03
1.204e-03
1.123e-03
1.269e-03
1.123e-03
1.269e-03
1.058e-03
9.276e-04
1.139e-03
1.286e-03
1.009e-03
9.276e-04
1.090e-03
1.139e-03
9.926e-04
1.318e-03
1.041e-03
1.107e-03
1.139e-03
1.090e-03
9.276e-04
1.123e-03
9.601e-04
1.204e-03
1.074e-03
1.155e-03
1.237e-03
9.764e-04
1.302e-03
1.253e-03
1.025e-03
1.204e-03
1.220e-03
1.269e-03
1.383e-03
1.530e-03
1.269e-03
1.644e-03
1.595e-03
1.741e-03
1.465e-03
1.985e-03
1.546e-03
1.953e-03
2.018e-03
2.018e-03
1.969e-03
1.904e-03
2.148e-03
1.627e-03
1.757e-03
1.774e-03
1.351e-03
1.220e-03
1.399e-03
1.318e-03
1.334e-03
1.383e-03
1.139e-03
1.318e-03
1.237e-03
1.383e-03
1.204e-03
1.220e-03
1.139e-03
1.090e-03
1.172e-03
9.926e-04
9.926e-04
1.220e-03
1.383e-03
1.090e-03
9.601e-04
1.058e-03
1.432e-03
1.220e-03
1.253e-03
1.286e-03
9.113e-04
1.416e-03
1.334e-03
9.276e-04
1.041e-03
1.237e-03
9.764e-04
1.074e-03
1.220e-03
9.926e-04
1.172e-03
1.432e-03
1.220e-03
1.172e-03
1.367e-03
1.578e-03
1.578e-03
1.562e-03
1.871e-03
1.497e-03
1.318e-03
1.969e-03
1.660e-03
2.213e-03
2.360e-03
2.441e-03
2.294e-03
2.294e-03
2.229e-03
2.555e-03
1.790e-03
1.725e-03
1.936e-03
1.774e-03
1.465e-03
1.806e-03
1.318e-03
1.595e-03
1.269e-03
1.351e-03
1.269e-03
1.383e-03
1.481e-03
1.334e-03
1.025e-03
1.302e-03
1.204e-03
1.302e-03
1.269e-03
9.438e-04
1.318e-03
1.041e-03
1.123e-03
1.074e-03
1.204e-03
1.123e-03
1.139e-03
1.204e-03
1.172e-03
1.204e-03
9.601e-04
1.155e-03
6.346e-04
1.107e-03
9.926e-04
9.601e-04
1.204e-03
1.107e-03
1.107e-03
1.074e-03
1.253e-03
1.172e-03
1.074e-03
1.155e-03
1.383e-03
1.481e-03
1.286e-03
1.627e-03
1.351e-03
1.465e-03
1.578e-03
1.416e-03
1.578e-03
1.904e-03
1.985e-03
1.920e-03
1.774e-03
