9.601e-04
1.344e-03
1.344e-03
1.344e-03
1.344e-03
1.920e-03
1.152e-03
1.920e-03
1.344e-03
7.680e-04
2.880e-03
7.680e-04
1.920e-04
7.680e-04
5.760e-04
1.536e-03
7.680e-04
1.344e-03
7.680e-04
5.760e-04
3.840e-04
5.760e-04
1.536e-03
1.344e-03
7.680e-04
9.601e-04
2.688e-03
5.760e-04
3.840e-04
9.601e-04
1.152e-03
1.152e-03
1.920e-04
3.840e-04
5.760e-04
7.680e-04
7.680e-04
9.601e-04
9.601e-04
1.728e-03
1.344e-03
7.680e-04
5.760e-04
1.728e-03
5.760e-04
9.601e-04
5.760e-04
2.112e-03
7.680e-04
3.840e-04
5.760e-04
1.152e-03
1.152e-03
9.601e-04
7.680e-04
1.728e-03
9.601e-04
9.601e-04
2.112e-03
1.536e-03
9.601e-04
1.536e-03
1.536e-03
2.112e-03
2.112e-03
2.688e-03
1.152e-03
1.920e-03
1.344e-03
1.536e-03
2.496e-03
2.304e-03
9.601e-04
2.112e-03
1.536e-03
2.880e-03
2.112e-03
2.496e-03
9.601e-04
2.496e-03
1.728e-03
2.112e-03
3.072e-03
2.688e-03
3.648e-03
1.920e-03
1.728e-03
2.112e-03
2.496e-03
2.304e-03
2.496e-03
2.688e-03
1.536e-03
1.344e-03
2.688e-03
1.152e-03
3.072e-03
2.304e-03
2.880e-03
2.304e-03
2.112e-03
2.304e-03
2.112e-03
2.112e-03
2.304e-03
2.304e-03
2.112e-03
1.536e-03
2.880e-03
1.344e-03
1.536e-03
2.688e-03
1.920e-03
1.920e-03
1.920e-03
1.152e-03
1.728e-03
2.304e-03
1.536e-03
1.920e-03
1.536e-03
5.760e-04
1.728e-03
1.728e-03
1.536e-03
1.920e-03
9.601e-04
1.344e-03
9.601e-04
1.152e-03
3.840e-04
3.840e-04
1.344e-03
7.680e-04
5.760e-04
3.840e-04
7.680e-04
1.152e-03
1.152e-03
1.536e-03
9.601e-04
1.152e-03
9.601e-04
5.760e-04
7.680e-04
3.840e-04
3.840e-04
5.760e-04
5.760e-04
1.344e-03
5.760e-04
9.601e-04
1.536e-03
3.840e-04
3.840e-04
7.680e-04
7.680e-04
9.601e-04
1.536e-03
9.601e-04
5.760e-04
9.601e-04
1.152e-03
1.152e-03
1.536e-03
1.152e-03
1.344e-03
1.152e-03
7.680e-04
1.728e-03
2.304e-03
9.601e-04
1.344e-03
1.344e-03
7.680e-04
1.152e-03
2.304e-03
5.760e-04
9.601e-04
1.536e-03
7.680e-04
1.920e-03
7.680e-04
9.601e-04
2.496e-03
1.536e-03
1.728e-03
9.601e-04
1.728e-03
9.601e-04
1.728e-03
7.680e-04
1.344e-03
1.152e-03
9.601e-04
5.760e-04
7.680e-04
1.344e-03
3.840e-04
1.728e-03
9.601e-04
7.680e-04
1.152e-03
1.728e-03
1.152e-03
9.601e-04
1.728e-03
1.152e-03
3.840e-04
1.152e-03
3.840e-04
1.920e-04
3.840e-04
2.112e-03
3.840e-04
7.680e-04
7.680e-04
3.840e-04
1.344e-03
1.920e-03
5.760e-04
9.601e-04
1.344e-03
5.760e-04
1.344e-03
5.760e-04
5.760e-04
7.680e-04
7.680e-04
1.728e-03
5.760e-04
9.601e-04
7.680e-04
7.680e-04
1.728e-03
7.680e-04
9.601e-04
1.920e-03
1.152e-03
9.601e-04
1.152e-03
2.112e-03
2.688e-03
7.680e-04
2.304e-03
1.728e-03
1.344e-03
1.728e-03
1.344e-03
2.688e-03
1.152e-03
1.344e-03
1.728e-03
7.680e-04
2.304e-03
1.920e-03
3.072e-03
2.304e-03
1.344e-03
2.880e-03
1.920e-03
2.304e-03
2.112e-03
2.112e-03
2.304e-03
1.728e-03
3.264e-03
2.112e-03
1.536e-03
2.112e-03
1.536e-03
4.224e-03
1.152e-03
2.112e-03
2.880e-03
2.112e-03
2.304e-03
1.920e-03
3.648e-03
1.536e-03
2.688e-03
2.496e-03
2.112e-03
2.304e-03
2.496e-03
2.688e-03
1.728e-03
2.304e-03
1.344e-03
3.072e-03
2.688e-03
9.601e-04
2.688e-03
2.880e-03
9.601e-04
1.536e-03
1.728e-03
1.536e-03
2.304e-03
1.728e-03
1.920e-03
1.152e-03
1.920e-03
1.344e-03
1.536e-03
1.536e-03
1.152e-03
1.536e-03
3.840e-04
5.760e-04
5.760e-04
5.760e-04
7.680e-04
2.112e-03
7.680e-04
1.344e-03
5.760e-04
7.680e-04
7.680e-04
1.728e-03
3.840e-04
1.344e-03
3.840e-04
0.000e+00
7.680e-04
1.920e-04
1.152e-03
1.152e-03
3.840e-04
5.760e-04
1.728e-03
3.840e-04
9.601e-04
9.601e-04
7.680e-04
1.152e-03
1.920e-04
1.152e-03
5.760e-04
1.344e-03
7.680e-04
1.728e-03
1.344e-03
5.760e-04
9.601e-04
1.152e-03
9.601e-04
1.152e-03
1.920e-03
1.152e-03
9.601e-04
7.680e-04
2.496e-03
1.728e-03
7.680e-04
3.840e-04
1.344e-03
7.680e-04
1.152e-03
7.680e-04
