4.224e-03
4.992e-03
2.688e-03
3.840e-04
0.000e+00
1.152e-03
1.152e-03
1.536e-03
2.304e-03
1.536e-03
1.920e-03
7.680e-04
0.000e+00
3.840e-04
7.680e-04
0.000e+00
7.680e-04
7.680e-04
1.536e-03
1.536e-03
2.304e-03
3.456e-03
1.536e-03
1.536e-03
2.688e-03
1.152e-03
2.304e-03
1.152e-03
1.536e-03
1.920e-03
1.152e-03
2.688e-03
2.304e-03
2.688e-03
1.920e-03
3.072e-03
4.224e-03
3.456e-03
3.840e-03
2.304e-03
4.224e-03
2.304e-03
3.456e-03
3.840e-03
3.456e-03
3.072e-03
3.072e-03
3.456e-03
3.456e-03
1.920e-03
5.376e-03
2.688e-03
3.456e-03
4.608e-03
3.840e-03
3.456e-03
4.608e-03
6.528e-03
4.992e-03
4.992e-03
3.456e-03
4.992e-03
5.376e-03
6.528e-03
3.072e-03
4.608e-03
3.456e-03
2.304e-03
5.760e-03
3.456e-03
2.688e-03
4.608e-03
4.224e-03
1.152e-03
3.840e-03
1.920e-03
1.152e-03
3.072e-03
2.304e-03
2.304e-03
3.072e-03
1.536e-03
2.304e-03
2.304e-03
3.072e-03
3.840e-03
5.376e-03
4.608e-03
7.680e-03
5.760e-03
6.528e-03
4.608e-03
3.840e-03
3.456e-03
3.840e-04
3.840e-03
2.304e-03
4.224e-03
2.688e-03
3.456e-03
3.840e-03
3.072e-03
1.536e-03
1.920e-03
3.840e-03
3.072e-03
4.608e-03
1.920e-03
3.840e-03
7.680e-04
3.840e-03
3.072e-03
4.608e-03
4.224e-03
3.456e-03
4.992e-03
5.760e-03
2.304e-03
3.840e-03
6.144e-03
6.144e-03
4.224e-03
6.528e-03
4.608e-03
5.760e-03
1.920e-03
3.456e-03
3.072e-03
1.536e-03
2.688e-03
1.536e-03
3.840e-03
2.688e-03
6.528e-03
1.152e-03
4.224e-03
3.072e-03
2.304e-03
3.456e-03
1.920e-03
1.536e-03
1.920e-03
3.456e-03
2.304e-03
1.920e-03
2.688e-03
2.688e-03
2.688e-03
1.920e-03
1.152e-03
1.152e-03
1.920e-03
1.536e-03
2.688e-03
7.680e-04
1.152e-03
1.536e-03
1.536e-03
7.680e-04
2.304e-03
1.536e-03
1.152e-03
7.680e-04
3.840e-04
7.680e-04
1.152e-03
1.152e-03
7.680e-04
7.680e-04
7.680e-04
1.536e-03
1.152e-03
1.536e-03
1.152e-03
2.688e-03
3.840e-04
2.304e-03
3.840e-04
1.920e-03
1.920e-03
3.840e-03
4.224e-03
2.688e-03
7.680e-04
7.680e-04
1.536e-03
7.680e-04
1.152e-03
1.920e-03
1.920e-03
2.304e-03
0.000e+00
0.000e+00
7.680e-04
3.840e-04
7.680e-04
7.680e-04
1.536e-03
1.536e-03
2.688e-03
2.304e-03
1.920e-03
2.304e-03
1.920e-03
1.152e-03
1.920e-03
1.920e-03
1.152e-03
7.680e-04
3.072e-03
2.304e-03
2.688e-03
7.680e-04
3.072e-03
3.072e-03
2.688e-03
2.688e-03
4.224e-03
3.072e-03
1.536e-03
2.688e-03
2.304e-03
4.992e-03
3.072e-03
3.840e-03
2.304e-03
4.224e-03
1.920e-03
3.456e-03
2.688e-03
1.536e-03
4.224e-03
3.840e-03
1.920e-03
4.224e-03
5.760e-03
3.456e-03
5.760e-03
3.840e-03
5.376e-03
4.224e-03
3.840e-03
4.224e-03
6.144e-03
5.376e-03
3.840e-03
3.456e-03
4.992e-03
4.224e-03
1.536e-03
4.224e-03
3.456e-03
3.072e-03
4.224e-03
3.840e-03
1.920e-03
1.920e-03
3.072e-03
1.152e-03
2.688e-03
7.680e-04
1.536e-03
2.304e-03
3.840e-03
3.072e-03
3.072e-03
2.688e-03
3.840e-03
4.224e-03
5.376e-03
3.072e-03
9.217e-03
6.528e-03
5.376e-03
3.456e-03
3.072e-03
1.536e-03
3.072e-03
2.688e-03
4.224e-03
3.840e-03
2.304e-03
3.456e-03
3.072e-03
2.688e-03
2.304e-03
3.456e-03
1.152e-03
4.992e-03
3.072e-03
3.456e-03
2.304e-03
2.688e-03
3.072e-03
4.608e-03
6.144e-03
2.688e-03
3.456e-03
6.528e-03
3.072e-03
6.912e-03
4.992e-03
6.912e-03
6.528e-03
5.760e-03
4.608e-03
3.072e-03
3.456e-03
1.536e-03
3.072e-03
1.920e-03
2.688e-03
3.840e-03
4.608e-03
3.840e-03
3.072e-03
2.688e-03
4.608e-03
3.456e-03
2.688e-03
1.536e-03
2.688e-03
1.920e-03
3.456e-03
3.072e-03
3.072e-03
1.152e-03
2.688e-03
7.680e-04
1.536e-03
1.152e-03
3.840e-03
2.304e-03
0.000e+00
7.680e-04
1.152e-03
2.304e-03
3.840e-04
2.304e-03
2.304e-03
0.000e+00
7.680e-04
1.152e-03
7.680e-04
1.152e-03
1.152e-03
0.000e+00
1.536e-03
0.000e+00
1.920e-03
7.680e-04
1.536e-03
1.152e-03
1.536e-03
1.920e-03
7.680e-04
1.536e-03
7.680e-04
1.536e-03
1.536e-03
