0.000e+00
1.196e-03
0.000e+00
1.196e-03
1.196e-03
0.000e+00
0.000e+00
0.000e+00
1.196e-03
0.000e+00
0.000e+00
1.196e-03
0.000e+00
0.000e+00
0.000e+00
0.000e+00
0.000e+00
0.000e+00
0.000e+00
1.196e-03
0.000e+00
1.196e-03
0.000e+00
1.196e-03
0.000e+00
0.000e+00
1.196e-03
1.196e-03
1.196e-03
0.000e+00
1.196e-03
0.000e+00
1.196e-03
0.000e+00
1.196e-03
0.000e+00
1.196e-03
0.000e+00
1.196e-03
2.392e-03
0.000e+00
0.000e+00
0.000e+00
1.196e-03
1.196e-03
1.196e-03
0.000e+00
4.785e-03
0.000e+00
1.196e-03
1.196e-03
3.589e-03
3.589e-03
2.392e-03
2.392e-03
2.392e-03
3.589e-03
5.981e-03
1.196e-03
1.196e-03
4.785e-03
2.392e-03
2.392e-03
1.196e-03
9.569e-03
5.981e-03
4.785e-03
9.569e-03
2.392e-03
7.177e-03
1.435e-02
4.785e-03
8.373e-03
7.177e-03
9.569e-03
8.373e-03
8.373e-03
4.785e-03
3.589e-03
5.981e-03
5.981e-03
7.177e-03
2.392e-03
1.077e-02
5.981e-03
7.177e-03
7.177e-03
7.177e-03
1.077e-02
9.569e-03
1.196e-02
5.981e-03
7.177e-03
0.000e+00
1.077e-02
4.785e-03
5.981e-03
5.981e-03
2.392e-03
9.569e-03
9.569e-03
9.569e-03
5.981e-03
7.177e-03
4.785e-03
1.077e-02
3.589e-03
8.373e-03
1.077e-02
7.177e-03
2.392e-03
7.177e-03
4.785e-03
7.177e-03
2.392e-03
3.589e-03
1.196e-03
3.589e-03
2.392e-03
7.177e-03
1.196e-03
1.196e-03
5.981e-03
8.373e-03
2.392e-03
2.392e-03
0.000e+00
0.000e+00
3.589e-03
0.000e+00
0.000e+00
0.000e+00
1.196e-03
5.981e-03
0.000e+00
0.000e+00
2.392e-03
1.196e-03
3.589e-03
0.000e+00
0.000e+00
1.196e-03
0.000e+00
2.392e-03
1.196e-03
0.000e+00
0.000e+00
0.000e+00
1.196e-03
0.000e+00
0.000e+00
0.000e+00
0.000e+00
2.392e-03
1.196e-03
0.000e+00
0.000e+00
1.196e-03
0.000e+00
0.000e+00
0.000e+00
0.000e+00
1.196e-03
1.196e-03
0.000e+00
1.196e-03
0.000e+00
0.000e+00
1.196e-03
0.000e+00
0.000e+00
0.000e+00
0.000e+00
0.000e+00
0.000e+00
0.000e+00
1.196e-03
0.000e+00
0.000e+00
1.196e-03
0.000e+00
1.196e-03
0.000e+00
1.196e-03
1.196e-03
0.000e+00
0.000e+00
1.196e-03
0.000e+00
0.000e+00
1.196e-03
0.000e+00
0.000e+00
0.000e+00
0.000e+00
0.000e+00
0.000e+00
0.000e+00
1.196e-03
0.000e+00
1.196e-03
0.000e+00
0.000e+00
1.196e-03
0.000e+00
2.392e-03
0.000e+00
0.000e+00
0.000e+00
0.000e+00
2.392e-03
0.000e+00
1.196e-03
1.196e-03
0.000e+00
1.196e-03
0.000e+00
1.196e-03
1.196e-03
0.000e+00
1.196e-03
0.000e+00
0.000e+00
1.196e-03
2.392e-03
0.000e+00
2.392e-03
1.196e-03
0.000e+00
1.196e-03
2.392e-03
4.785e-03
0.000e+00
1.196e-03
0.000e+00
3.589e-03
1.196e-03
4.785e-03
5.981e-03
4.785e-03
0.000e+00
3.589e-03
4.785e-03
3.589e-03
0.000e+00
5.981e-03
4.785e-03
5.981e-03
5.981e-03
1.077e-02
1.196e-03
5.981e-03
8.373e-03
9.569e-03
1.077e-02
5.981e-03
5.981e-03
8.373e-03
9.569e-03
3.589e-03
5.981e-03
7.177e-03
4.785e-03
5.981e-03
3.589e-03
4.785e-03
8.373e-03
9.569e-03
8.373e-03
8.373e-03
7.177e-03
1.077e-02
9.569e-03
4.785e-03
7.177e-03
7.177e-03
4.785e-03
9.569e-03
2.392e-03
5.981e-03
8.373e-03
4.785e-03
8.373e-03
9.569e-03
7.177e-03
9.569e-03
4.785e-03
4.785e-03
7.177e-03
8.373e-03
4.785e-03
8.373e-03
7.177e-03
1.077e-02
7.177e-03
3.589e-03
2.392e-03
1.196e-03
4.785e-03
3.589e-03
1.196e-03
2.392e-03
1.196e-03
7.177e-03
5.981e-03
5.981e-03
1.196e-03
2.392e-03
1.196e-03
1.196e-03
1.196e-03
1.196e-03
1.196e-03
3.589e-03
1.196e-03
1.196e-03
1.196e-03
3.589e-03
0.000e+00
0.000e+00
1.196e-03
2.392e-03
1.196e-03
0.000e+00
1.196e-03
0.000e+00
0.000e+00
1.196e-03
0.000e+00
0.000e+00
0.000e+00
1.196e-03
1.196e-03
1.196e-03
0.000e+00
0.000e+00
1.196e-03
0.000e+00
0.000e+00
0.000e+00
0.000e+00
2.392e-03
0.000e+00
0.000e+00
0.000e+00
0.000e+00
1.196e-03
1.196e-03
0.000e+00
0.000e+00
0.000e+00
0.000e+00
0.000e+00
0.000e+00
0.000e+00
0.000e+00
0.000e+00
1.196e-03
0.000e+00
1.196e-03
