0.000e+00
0.000e+00
5.981e-04
1.196e-03
0.000e+00
0.000e+00
0.000e+00
2.392e-03
0.000e+00
0.000e+00
0.000e+00
5.981e-04
0.000e+00
0.000e+00
0.000e+00
0.000e+00
5.981e-04
0.000e+00
1.196e-03
5.981e-04
1.794e-03
0.000e+00
5.981e-04
0.000e+00
0.000e+00
0.000e+00
0.000e+00
1.196e-03
5.981e-04
5.981e-04
5.981e-04
1.794e-03
5.981e-04
5.981e-04
5.981e-04
5.981e-04
0.000e+00
1.196e-03
0.000e+00
5.981e-04
5.981e-04
0.000e+00
0.000e+00
0.000e+00
5.981e-04
5.981e-04
0.000e+00
1.196e-03
0.000e+00
5.981e-04
0.000e+00
2.392e-03
5.981e-04
1.196e-03
0.000e+00
5.981e-04
5.981e-04
5.981e-04
1.196e-03
2.392e-03
5.981e-04
2.990e-03
2.392e-03
1.196e-03
5.981e-04
2.392e-03
2.392e-03
1.794e-03
3.589e-03
2.392e-03
1.196e-03
1.196e-03
2.990e-03
1.794e-03
3.589e-03
4.785e-03
3.589e-03
4.187e-03
8.373e-03
2.990e-03
2.392e-03
5.383e-03
2.990e-03
4.785e-03
4.187e-03
1.196e-03
5.383e-03
5.383e-03
5.383e-03
4.187e-03
2.392e-03
2.990e-03
1.794e-03
4.187e-03
5.981e-03
2.392e-03
2.990e-03
4.785e-03
4.187e-03
1.794e-03
4.785e-03
7.177e-03
4.785e-03
4.785e-03
4.785e-03
1.196e-03
3.589e-03
2.392e-03
4.187e-03
5.981e-03
2.990e-03
1.794e-03
3.589e-03
1.196e-03
3.589e-03
5.981e-04
5.981e-04
5.981e-04
5.981e-04
2.392e-03
5.981e-04
5.981e-04
5.981e-04
1.196e-03
5.981e-04
5.981e-04
5.981e-04
5.981e-04
0.000e+00
5.981e-04
5.981e-04
0.000e+00
5.981e-04
5.981e-04
5.981e-04
0.000e+00
0.000e+00
0.000e+00
0.000e+00
0.000e+00
5.981e-04
0.000e+00
5.981e-04
5.981e-04
0.000e+00
5.981e-04
5.981e-04
0.000e+00
0.000e+00
0.000e+00
1.196e-03
5.981e-04
5.981e-04
0.000e+00
0.000e+00
1.196e-03
1.196e-03
5.981e-04
0.000e+00
1.794e-03
1.794e-03
0.000e+00
0.000e+00
1.196e-03
0.000e+00
5.981e-04
1.196e-03
0.000e+00
5.981e-04
0.000e+00
1.196e-03
0.000e+00
0.000e+00
5.981e-04
0.000e+00
0.000e+00
0.000e+00
0.000e+00
5.981e-04
5.981e-04
0.000e+00
5.981e-04
5.981e-04
0.000e+00
0.000e+00
1.196e-03
5.981e-04
5.981e-04
5.981e-04
0.000e+00
0.000e+00
5.981e-04
0.000e+00
0.000e+00
0.000e+00
0.000e+00
1.794e-03
5.981e-04
5.981e-04
5.981e-04
1.196e-03
0.000e+00
0.000e+00
5.981e-04
0.000e+00
5.981e-04
0.000e+00
5.981e-04
1.196e-03
1.196e-03
5.981e-04
5.981e-04
0.000e+00
1.196e-03
1.196e-03
5.981e-04
0.000e+00
5.981e-04
0.000e+00
0.000e+00
5.981e-04
5.981e-04
0.000e+00
1.196e-03
0.000e+00
5.981e-04
0.000e+00
5.981e-04
0.000e+00
1.196e-03
2.392e-03
0.000e+00
0.000e+00
1.196e-03
5.981e-04
5.981e-04
1.196e-03
1.794e-03
1.196e-03
5.981e-04
1.196e-03
1.794e-03
1.196e-03
1.196e-03
1.794e-03
3.589e-03
1.196e-03
1.196e-03
1.794e-03
2.392e-03
4.187e-03
2.392e-03
2.990e-03
2.392e-03
3.589e-03
1.794e-03
2.990e-03
7.775e-03
1.794e-03
6.579e-03
4.785e-03
2.990e-03
1.794e-03
5.383e-03
1.196e-03
2.990e-03
4.187e-03
4.785e-03
4.785e-03
5.383e-03
2.392e-03
5.383e-03
2.392e-03
2.990e-03
2.990e-03
4.187e-03
4.187e-03
5.383e-03
5.383e-03
1.794e-03
4.187e-03
8.373e-03
4.785e-03
4.187e-03
3.589e-03
2.990e-03
3.589e-03
1.794e-03
5.981e-03
4.785e-03
1.196e-03
2.990e-03
4.187e-03
1.196e-03
1.196e-03
1.196e-03
1.794e-03
2.392e-03
1.196e-03
5.981e-04
1.196e-03
5.981e-04
5.981e-04
0.000e+00
1.196e-03
1.794e-03
0.000e+00
0.000e+00
5.981e-04
0.000e+00
5.981e-04
0.000e+00
0.000e+00
5.981e-04
0.000e+00
0.000e+00
0.000e+00
0.000e+00
0.000e+00
0.000e+00
1.196e-03
0.000e+00
1.794e-03
5.981e-04
0.000e+00
0.000e+00
0.000e+00
0.000e+00
0.000e+00
5.981e-04
0.000e+00
1.196e-03
5.981e-04
5.981e-04
0.000e+00
5.981e-04
0.000e+00
1.196e-03
1.794e-03
5.981e-04
0.000e+00
1.196e-03
1.196e-03
5.981e-04
0.000e+00
5.981e-04
0.000e+00
1.196e-03
0.000e+00
0.000e+00
1.196e-03
0.000e+00
0.000e+00
0.000e+00
0.000e+00
0.000e+00
5.981e-04
0.000e+00
5.981e-04
5.981e-04
