2.288e-03
2.161e-03
1.652e-03
1.525e-03
8.897e-04
8.897e-04
8.897e-04
7.626e-04
1.271e-03
1.017e-03
5.084e-04
7.626e-04
2.542e-04
1.271e-04
3.813e-04
3.813e-04
1.271e-04
2.542e-04
1.271e-04
1.271e-04
1.271e-04
2.542e-04
2.542e-04
2.542e-04
2.542e-04
1.271e-04
2.542e-04
1.271e-04
2.542e-04
5.084e-04
7.626e-04
6.355e-04
1.271e-04
3.813e-04
0.000e+00
0.000e+00
0.000e+00
0.000e+00
0.000e+00
5.084e-04
2.542e-04
3.813e-04
2.542e-04
2.542e-04
5.084e-04
1.017e-03
8.897e-04
0.000e+00
2.542e-04
3.813e-04
1.271e-04
2.542e-04
2.542e-04
2.542e-04
3.813e-04
1.271e-03
8.897e-04
7.626e-04
1.398e-03
1.144e-03
2.542e-04
8.897e-04
6.355e-04
1.144e-03
1.779e-03
1.271e-03
7.626e-04
1.652e-03
1.906e-03
2.288e-03
2.288e-03
2.923e-03
2.542e-03
3.559e-03
3.940e-03
1.652e-03
3.559e-03
3.305e-03
4.575e-03
4.067e-03
4.575e-03
4.830e-03
4.194e-03
5.846e-03
5.338e-03
4.194e-03
4.957e-03
6.101e-03
7.499e-03
6.228e-03
6.863e-03
6.355e-03
6.355e-03
5.084e-03
5.211e-03
3.813e-03
4.448e-03
4.448e-03
4.575e-03
4.703e-03
4.067e-03
3.432e-03
3.050e-03
2.542e-03
3.686e-03
2.923e-03
1.779e-03
1.398e-03
1.398e-03
1.906e-03
1.271e-03
1.525e-03
1.398e-03
1.779e-03
1.271e-03
1.906e-03
1.144e-03
7.626e-04
8.897e-04
1.271e-03
8.897e-04
3.813e-04
8.897e-04
7.626e-04
2.542e-04
6.355e-04
5.084e-04
3.813e-04
3.813e-04
8.897e-04
3.813e-04
5.084e-04
6.355e-04
3.813e-04
2.542e-04
1.271e-04
2.542e-04
2.542e-04
3.813e-04
2.542e-04
3.813e-04
5.084e-04
1.271e-04
2.542e-04
1.271e-04
1.271e-04
2.542e-04
0.000e+00
2.542e-04
1.271e-04
0.000e+00
3.813e-04
1.271e-04
2.542e-04
1.271e-04
3.813e-04
1.271e-04
1.271e-04
2.542e-04
0.000e+00
2.542e-04
7.626e-04
3.813e-04
3.813e-04
5.084e-04
6.355e-04
6.355e-04
1.271e-04
3.813e-04
5.084e-04
5.084e-04
7.626e-04
3.813e-04
7.626e-04
6.355e-04
1.144e-03
8.897e-04
2.288e-03
8.897e-04
1.398e-03
2.542e-03
2.288e-03
1.271e-03
2.034e-03
1.144e-03
6.355e-04
1.271e-03
1.017e-03
1.017e-03
6.355e-04
1.144e-03
1.271e-04
1.271e-04
5.084e-04
3.813e-04
1.271e-04
2.542e-04
2.542e-04
1.271e-04
3.813e-04
1.271e-04
1.271e-04
1.271e-04
0.000e+00
5.084e-04
2.542e-04
6.355e-04
1.271e-04
2.542e-04
1.271e-04
7.626e-04
3.813e-04
2.542e-04
0.000e+00
1.271e-04
0.000e+00
0.000e+00
1.271e-04
6.355e-04
3.813e-04
1.271e-04
1.271e-04
7.626e-04
3.813e-04
5.084e-04
6.355e-04
1.271e-04
2.542e-04
3.813e-04
2.542e-04
0.000e+00
5.084e-04
3.813e-04
5.084e-04
6.355e-04
7.626e-04
1.271e-03
8.897e-04
7.626e-04
6.355e-04
8.897e-04
8.897e-04
8.897e-04
7.626e-04
1.525e-03
2.288e-03
7.626e-04
1.271e-03
1.779e-03
1.017e-03
2.542e-03
2.034e-03
2.796e-03
2.796e-03
2.288e-03
2.288e-03
3.305e-03
2.923e-03
3.940e-03
4.703e-03
4.957e-03
4.067e-03
4.830e-03
5.211e-03
3.686e-03
4.448e-03
5.846e-03
5.719e-03
5.846e-03
5.974e-03
5.846e-03
7.245e-03
6.736e-03
4.830e-03
7.245e-03
4.703e-03
5.211e-03
3.940e-03
5.465e-03
4.194e-03
3.305e-03
3.940e-03
3.305e-03
3.305e-03
3.559e-03
2.542e-03
2.669e-03
2.796e-03
2.034e-03
2.161e-03
1.652e-03
1.398e-03
2.034e-03
2.161e-03
1.398e-03
7.626e-04
1.144e-03
1.017e-03
1.144e-03
6.355e-04
8.897e-04
6.355e-04
1.017e-03
7.626e-04
3.813e-04
8.897e-04
3.813e-04
5.084e-04
2.542e-04
2.542e-04
5.084e-04
3.813e-04
3.813e-04
1.271e-04
3.813e-04
5.084e-04
2.542e-04
3.813e-04
0.000e+00
5.084e-04
2.542e-04
3.813e-04
2.542e-04
2.542e-04
0.000e+00
1.271e-04
0.000e+00
0.000e+00
1.271e-04
2.542e-04
5.084e-04
2.542e-04
2.542e-04
2.542e-04
1.271e-04
1.271e-04
3.813e-04
2.542e-04
0.000e+00
0.000e+00
6.355e-04
5.084e-04
1.271e-04
8.897e-04
3.813e-04
2.542e-04
6.355e-04
5.084e-04
5.084e-04
1.271e-04
2.542e-04
8.897e-04
7.626e-04
2.542e-04
1.398e-03
7.626e-04
1.271e-03
1.525e-03
8.897e-04
1.652e-03
