8.643e-03
3.813e-03
2.034e-03
1.525e-03
1.017e-03
2.542e-04
1.525e-03
1.017e-03
2.542e-04
1.017e-03
2.542e-04
1.017e-03
0.000e+00
1.017e-03
5.084e-04
1.525e-03
1.271e-03
7.626e-04
7.626e-04
2.542e-04
0.000e+00
5.084e-04
2.542e-04
0.000e+00
5.084e-04
5.084e-04
2.542e-04
2.542e-04
5.084e-04
5.084e-04
5.084e-04
2.542e-04
2.542e-04
2.542e-04
2.542e-04
5.084e-04
0.000e+00
5.084e-04
0.000e+00
1.271e-03
5.084e-04
5.084e-04
5.084e-04
0.000e+00
7.626e-04
2.542e-04
7.626e-04
7.626e-04
2.542e-04
0.000e+00
2.542e-04
5.084e-04
5.084e-04
2.542e-04
1.271e-03
7.626e-04
2.542e-04
2.542e-04
7.626e-04
1.271e-03
1.779e-03
1.017e-03
7.626e-04
1.525e-03
3.050e-03
1.017e-03
5.084e-04
1.271e-03
2.288e-03
2.796e-03
3.050e-03
4.575e-03
4.830e-03
7.880e-03
1.246e-02
1.042e-02
1.118e-02
8.388e-03
9.151e-03
8.388e-03
6.863e-03
9.659e-03
9.151e-03
7.117e-03
7.880e-03
9.914e-03
9.405e-03
1.449e-02
1.932e-02
3.152e-02
1.932e-02
1.678e-02
1.296e-02
1.195e-02
1.042e-02
1.042e-02
1.220e-02
9.914e-03
1.144e-02
1.195e-02
9.659e-03
6.101e-03
7.117e-03
6.609e-03
8.388e-03
6.101e-03
3.813e-03
2.288e-03
1.779e-03
3.305e-03
3.559e-03
2.034e-03
1.017e-03
5.084e-04
1.779e-03
2.034e-03
1.271e-03
1.271e-03
5.084e-04
1.525e-03
1.017e-03
1.271e-03
1.271e-03
1.017e-03
5.084e-04
5.084e-04
7.626e-04
2.542e-04
1.271e-03
5.084e-04
7.626e-04
0.000e+00
5.084e-04
5.084e-04
2.542e-04
0.000e+00
0.000e+00
0.000e+00
0.000e+00
2.542e-04
5.084e-04
2.542e-04
0.000e+00
0.000e+00
0.000e+00
0.000e+00
2.542e-04
0.000e+00
5.084e-04
2.542e-04
2.542e-04
0.000e+00
5.084e-04
5.084e-04
0.000e+00
0.000e+00
0.000e+00
2.542e-04
2.542e-04
1.017e-03
2.542e-04
5.084e-04
2.542e-04
1.017e-03
0.000e+00
2.542e-04
7.626e-04
2.542e-04
2.542e-04
2.542e-04
5.084e-04
5.084e-04
1.017e-03
5.084e-04
7.626e-04
7.626e-04
2.034e-03
1.779e-03
2.034e-03
4.575e-03
9.659e-03
4.067e-03
2.288e-03
1.525e-03
7.626e-04
7.626e-04
1.017e-03
1.271e-03
5.084e-04
2.542e-04
7.626e-04
2.542e-04
7.626e-04
7.626e-04
7.626e-04
1.271e-03
1.271e-03
2.542e-04
7.626e-04
0.000e+00
0.000e+00
7.626e-04
2.542e-04
7.626e-04
2.542e-04
5.084e-04
2.542e-04
5.084e-04
0.000e+00
0.000e+00
7.626e-04
2.542e-04
7.626e-04
0.000e+00
0.000e+00
2.542e-04
0.000e+00
2.542e-04
2.542e-04
7.626e-04
5.084e-04
1.017e-03
5.084e-04
2.542e-04
5.084e-04
7.626e-04
5.084e-04
2.542e-04
2.542e-04
0.000e+00
5.084e-04
5.084e-04
7.626e-04
2.542e-04
7.626e-04
2.542e-04
7.626e-04
2.542e-04
1.017e-03
7.626e-04
1.017e-03
1.017e-03
1.779e-03
0.000e+00
1.525e-03
1.271e-03
7.626e-04
7.626e-04
2.288e-03
1.017e-03
2.796e-03
3.813e-03
4.321e-03
4.830e-03
6.101e-03
1.195e-02
7.626e-03
8.643e-03
1.118e-02
8.134e-03
7.372e-03
8.643e-03
4.830e-03
7.117e-03
8.134e-03
8.643e-03
9.659e-03
8.388e-03
9.659e-03
1.500e-02
1.729e-02
2.618e-02
2.339e-02
1.576e-02
1.347e-02
1.246e-02
1.169e-02
1.169e-02
1.220e-02
1.169e-02
1.093e-02
1.093e-02
1.118e-02
8.134e-03
7.880e-03
9.914e-03
6.101e-03
5.592e-03
3.050e-03
3.050e-03
2.034e-03
2.796e-03
3.559e-03
1.271e-03
3.050e-03
7.626e-04
1.017e-03
1.779e-03
1.525e-03
1.017e-03
1.271e-03
1.779e-03
5.084e-04
1.017e-03
1.525e-03
7.626e-04
0.000e+00
2.542e-04
1.271e-03
5.084e-04
2.542e-04
5.084e-04
5.084e-04
1.017e-03
0.000e+00
0.000e+00
0.000e+00
0.000e+00
0.000e+00
5.084e-04
2.542e-04
0.000e+00
2.542e-04
0.000e+00
2.542e-04
0.000e+00
2.542e-04
2.542e-04
0.000e+00
2.542e-04
2.542e-04
0.000e+00
5.084e-04
5.084e-04
0.000e+00
0.000e+00
0.000e+00
5.084e-04
2.542e-04
5.084e-04
2.542e-04
1.271e-03
5.084e-04
0.000e+00
2.542e-04
7.626e-04
2.542e-04
2.542e-04
0.000e+00
5.084e-04
5.084e-04
1.271e-03
2.542e-04
7.626e-04
1.271e-03
1.017e-03
1.779e-03
1.271e-03
2.034e-03
5.084e-03
