6.115e-03
3.058e-03
2.393e-03
1.329e-03
1.196e-03
1.064e-03
1.196e-03
1.196e-03
1.462e-03
9.306e-04
1.064e-03
5.318e-04
1.595e-03
9.306e-04
5.318e-04
7.977e-04
1.861e-03
1.728e-03
1.462e-03
1.064e-03
2.127e-03
9.306e-04
1.462e-03
1.462e-03
9.306e-04
1.861e-03
1.595e-03
1.595e-03
1.861e-03
1.994e-03
1.861e-03
2.792e-03
1.064e-03
3.457e-03
1.462e-03
3.058e-03
1.994e-03
3.722e-03
2.792e-03
3.722e-03
4.520e-03
5.451e-03
5.318e-03
4.919e-03
7.578e-03
4.520e-03
3.589e-03
4.520e-03
5.185e-03
5.185e-03
3.722e-03
2.526e-03
4.121e-03
3.191e-03
2.925e-03
2.127e-03
4.919e-03
4.254e-03
3.855e-03
3.589e-03
3.457e-03
4.387e-03
3.589e-03
3.457e-03
4.653e-03
5.584e-03
3.988e-03
5.318e-03
2.925e-03
2.925e-03
2.393e-03
4.387e-03
3.855e-03
1.462e-03
4.254e-03
2.260e-03
2.393e-03
2.393e-03
2.393e-03
2.127e-03
2.393e-03
2.925e-03
1.994e-03
2.260e-03
3.191e-03
2.260e-03
2.526e-03
3.589e-03
5.318e-03
3.457e-03
3.058e-03
2.659e-03
3.722e-03
1.595e-03
2.127e-03
1.728e-03
3.457e-03
1.994e-03
2.393e-03
2.260e-03
1.994e-03
2.127e-03
1.595e-03
1.861e-03
2.526e-03
4.387e-03
2.792e-03
2.925e-03
3.988e-03
3.058e-03
1.994e-03
3.058e-03
4.387e-03
3.058e-03
3.457e-03
4.387e-03
3.589e-03
3.058e-03
3.324e-03
3.589e-03
3.855e-03
2.925e-03
3.191e-03
3.855e-03
3.324e-03
3.191e-03
4.121e-03
3.457e-03
3.855e-03
4.387e-03
3.988e-03
3.324e-03
5.318e-03
5.318e-03
3.058e-03
4.254e-03
5.850e-03
5.185e-03
5.318e-03
5.185e-03
3.722e-03
2.925e-03
3.855e-03
2.526e-03
4.121e-03
2.659e-03
1.728e-03
3.457e-03
2.127e-03
2.659e-03
1.861e-03
1.994e-03
2.260e-03
1.196e-03
1.861e-03
2.260e-03
1.595e-03
1.196e-03
1.728e-03
1.329e-03
1.196e-03
1.462e-03
1.595e-03
1.064e-03
9.306e-04
1.329e-03
1.196e-03
1.595e-03
1.595e-03
1.196e-03
6.647e-04
1.462e-03
7.977e-04
9.306e-04
1.462e-03
7.977e-04
9.306e-04
1.595e-03
2.127e-03
2.526e-03
5.982e-03
3.324e-03
2.659e-03
1.064e-03
9.306e-04
1.728e-03
7.977e-04
1.861e-03
1.462e-03
6.647e-04
7.977e-04
9.306e-04
1.196e-03
1.064e-03
7.977e-04
1.595e-03
1.861e-03
1.064e-03
1.728e-03
1.462e-03
1.329e-03
1.728e-03
1.329e-03
7.977e-04
1.861e-03
1.462e-03
2.127e-03
1.329e-03
2.393e-03
1.462e-03
2.127e-03
1.994e-03
2.659e-03
2.260e-03
2.659e-03
1.861e-03
3.324e-03
2.925e-03
3.988e-03
4.919e-03
4.786e-03
6.115e-03
4.786e-03
4.387e-03
3.988e-03
5.052e-03
3.589e-03
3.722e-03
4.387e-03
4.653e-03
3.058e-03
3.191e-03
3.988e-03
2.925e-03
3.058e-03
2.659e-03
2.659e-03
3.191e-03
4.121e-03
3.058e-03
3.324e-03
3.722e-03
3.988e-03
3.988e-03
3.191e-03
2.659e-03
6.381e-03
2.526e-03
4.653e-03
3.855e-03
3.191e-03
2.659e-03
2.659e-03
3.855e-03
3.191e-03
2.792e-03
2.925e-03
2.393e-03
3.191e-03
1.728e-03
1.994e-03
1.861e-03
2.393e-03
2.792e-03
2.260e-03
1.994e-03
2.659e-03
2.393e-03
3.457e-03
3.855e-03
3.191e-03
4.121e-03
4.786e-03
2.393e-03
2.526e-03
2.393e-03
1.994e-03
1.861e-03
2.526e-03
3.058e-03
2.526e-03
2.127e-03
2.127e-03
2.260e-03
2.127e-03
2.393e-03
2.925e-03
3.457e-03
3.191e-03
3.722e-03
2.526e-03
3.191e-03
3.589e-03
3.988e-03
3.589e-03
3.589e-03
3.722e-03
4.786e-03
3.324e-03
3.324e-03
3.988e-03
3.988e-03
3.722e-03
2.925e-03
5.185e-03
2.792e-03
4.254e-03
3.855e-03
5.185e-03
3.324e-03
4.786e-03
4.387e-03
4.919e-03
5.318e-03
4.520e-03
5.717e-03
5.717e-03
5.451e-03
5.451e-03
4.520e-03
3.324e-03
3.191e-03
3.324e-03
3.191e-03
2.925e-03
3.191e-03
2.526e-03
1.861e-03
2.659e-03
3.058e-03
1.861e-03
2.260e-03
1.728e-03
1.595e-03
1.728e-03
1.861e-03
1.462e-03
1.595e-03
1.064e-03
1.595e-03
9.306e-04
1.728e-03
1.329e-03
1.064e-03
7.977e-04
1.595e-03
1.329e-03
1.196e-03
1.329e-03
6.647e-04
1.728e-03
1.064e-03
1.196e-03
5.318e-04
1.064e-03
6.647e-04
1.196e-03
1.462e-03
1.994e-03
2.393e-03
