1.462e-03
1.728e-03
1.396e-03
2.061e-03
1.728e-03
1.529e-03
1.196e-03
9.971e-04
7.312e-04
1.196e-03
9.306e-04
1.662e-03
8.641e-04
1.130e-03
1.329e-03
7.312e-04
1.263e-03
5.318e-04
1.263e-03
1.064e-03
1.196e-03
7.977e-04
1.064e-03
9.306e-04
7.312e-04
1.263e-03
1.263e-03
7.977e-04
7.977e-04
1.329e-03
1.263e-03
1.064e-03
6.647e-04
3.988e-04
1.130e-03
1.263e-03
1.861e-03
1.928e-03
1.329e-03
1.064e-03
1.263e-03
1.396e-03
1.196e-03
1.795e-03
1.861e-03
1.462e-03
1.263e-03
1.662e-03
1.329e-03
1.462e-03
1.329e-03
1.994e-03
1.064e-03
1.994e-03
1.462e-03
1.662e-03
1.529e-03
1.928e-03
2.526e-03
2.194e-03
2.393e-03
1.728e-03
1.795e-03
1.795e-03
1.329e-03
1.396e-03
1.795e-03
1.928e-03
9.971e-04
2.260e-03
1.994e-03
1.662e-03
1.529e-03
1.529e-03
2.194e-03
1.662e-03
1.529e-03
2.194e-03
1.196e-03
1.462e-03
1.928e-03
1.795e-03
1.064e-03
1.462e-03
1.595e-03
1.728e-03
1.064e-03
1.196e-03
1.263e-03
1.130e-03
1.928e-03
8.641e-04
1.263e-03
1.064e-03
1.396e-03
9.971e-04
1.396e-03
1.529e-03
1.064e-03
1.595e-03
1.462e-03
1.329e-03
1.329e-03
1.662e-03
1.861e-03
1.595e-03
1.728e-03
1.728e-03
1.662e-03
1.728e-03
2.526e-03
1.994e-03
1.595e-03
1.329e-03
1.928e-03
1.928e-03
1.196e-03
1.662e-03
1.263e-03
1.595e-03
1.595e-03
1.329e-03
1.130e-03
1.396e-03
1.396e-03
1.529e-03
1.396e-03
1.662e-03
1.928e-03
1.263e-03
1.462e-03
1.529e-03
1.064e-03
1.263e-03
1.329e-03
9.306e-04
1.462e-03
1.994e-03
1.263e-03
1.396e-03
1.595e-03
1.064e-03
1.064e-03
1.263e-03
8.641e-04
1.928e-03
1.064e-03
9.971e-04
1.130e-03
8.641e-04
1.462e-03
1.329e-03
1.396e-03
1.064e-03
1.064e-03
7.312e-04
9.971e-04
8.641e-04
7.312e-04
1.130e-03
9.306e-04
8.641e-04
8.641e-04
1.462e-03
9.971e-04
9.306e-04
1.196e-03
9.306e-04
1.529e-03
9.971e-04
1.396e-03
1.130e-03
1.196e-03
1.396e-03
1.462e-03
1.795e-03
8.641e-04
1.861e-03
1.662e-03
1.662e-03
1.196e-03
1.861e-03
1.928e-03
1.595e-03
1.928e-03
1.662e-03
1.396e-03
8.641e-04
1.595e-03
8.641e-04
1.994e-03
7.312e-04
1.329e-03
1.064e-03
9.306e-04
1.263e-03
1.064e-03
1.064e-03
1.064e-03
9.971e-04
1.196e-03
1.064e-03
7.312e-04
1.064e-03
1.529e-03
3.988e-04
1.263e-03
1.795e-03
9.306e-04
7.977e-04
7.312e-04
1.329e-03
1.064e-03
1.329e-03
1.728e-03
1.462e-03
1.064e-03
9.306e-04
1.064e-03
1.728e-03
1.263e-03
1.595e-03
2.127e-03
1.196e-03
1.263e-03
1.462e-03
9.971e-04
1.196e-03
1.263e-03
2.194e-03
1.529e-03
1.263e-03
1.396e-03
1.595e-03
1.728e-03
1.595e-03
1.861e-03
1.396e-03
1.994e-03
1.861e-03
2.061e-03
1.928e-03
1.662e-03
1.861e-03
1.196e-03
1.595e-03
1.462e-03
1.529e-03
2.393e-03
1.263e-03
1.396e-03
1.529e-03
1.728e-03
1.329e-03
1.396e-03
2.725e-03
1.728e-03
1.130e-03
1.396e-03
1.728e-03
1.795e-03
1.728e-03
1.861e-03
1.263e-03
1.595e-03
7.977e-04
9.306e-04
1.196e-03
1.396e-03
1.064e-03
1.728e-03
1.462e-03
1.263e-03
1.329e-03
1.263e-03
1.329e-03
1.263e-03
1.064e-03
1.263e-03
1.196e-03
1.662e-03
1.462e-03
1.462e-03
1.861e-03
1.529e-03
1.462e-03
2.194e-03
1.928e-03
1.994e-03
1.795e-03
2.127e-03
1.994e-03
2.194e-03
1.928e-03
1.861e-03
1.728e-03
1.329e-03
1.529e-03
1.728e-03
1.064e-03
1.928e-03
1.396e-03
1.396e-03
1.329e-03
1.329e-03
1.994e-03
1.928e-03
1.795e-03
1.529e-03
8.641e-04
1.595e-03
1.263e-03
1.196e-03
1.994e-03
1.196e-03
1.728e-03
1.329e-03
2.194e-03
1.064e-03
1.329e-03
1.396e-03
1.263e-03
1.130e-03
1.263e-03
1.462e-03
7.977e-04
9.306e-04
1.396e-03
8.641e-04
1.064e-03
1.329e-03
1.396e-03
9.971e-04
6.647e-04
7.312e-04
5.318e-04
1.396e-03
1.064e-03
5.982e-04
9.971e-04
6.647e-04
9.306e-04
1.130e-03
1.064e-03
1.064e-03
9.306e-04
7.312e-04
1.329e-03
1.196e-03
1.130e-03
9.971e-04
1.462e-03
1.130e-03
8.641e-04
1.329e-03
1.595e-03
1.329e-03
1.396e-03
1.396e-03
1.529e-03
