1.540e-03
1.603e-03
1.352e-03
1.634e-03
1.289e-03
1.320e-03
1.037e-03
1.132e-03
8.801e-04
9.744e-04
1.037e-03
1.132e-03
5.029e-04
6.915e-04
8.172e-04
7.229e-04
8.172e-04
5.972e-04
8.486e-04
6.915e-04
7.858e-04
5.343e-04
8.486e-04
7.229e-04
5.658e-04
7.858e-04
1.132e-03
6.286e-04
5.658e-04
9.744e-04
1.006e-03
9.744e-04
4.086e-04
4.086e-04
6.600e-04
7.858e-04
1.006e-03
1.132e-03
8.172e-04
9.429e-04
9.115e-04
9.115e-04
7.858e-04
1.194e-03
1.163e-03
1.132e-03
9.115e-04
1.226e-03
8.172e-04
8.801e-04
7.858e-04
1.383e-03
8.801e-04
1.226e-03
9.115e-04
1.414e-03
1.194e-03
1.289e-03
1.980e-03
1.729e-03
1.414e-03
1.572e-03
1.477e-03
1.603e-03
1.477e-03
1.572e-03
1.352e-03
1.917e-03
1.414e-03
2.169e-03
2.074e-03
2.137e-03
1.823e-03
2.137e-03
2.609e-03
2.106e-03
2.452e-03
2.766e-03
2.640e-03
2.640e-03
2.609e-03
3.080e-03
2.703e-03
3.363e-03
3.175e-03
2.577e-03
2.640e-03
3.112e-03
3.520e-03
2.892e-03
3.615e-03
3.080e-03
2.860e-03
2.514e-03
3.080e-03
1.949e-03
2.860e-03
2.986e-03
2.577e-03
2.483e-03
2.483e-03
2.640e-03
2.137e-03
2.200e-03
2.640e-03
2.137e-03
2.012e-03
1.634e-03
1.949e-03
2.012e-03
2.074e-03
2.074e-03
1.697e-03
1.509e-03
1.854e-03
1.666e-03
1.226e-03
1.540e-03
1.132e-03
1.634e-03
1.257e-03
8.801e-04
1.069e-03
1.257e-03
1.163e-03
1.257e-03
1.006e-03
1.226e-03
1.194e-03
1.037e-03
9.429e-04
9.429e-04
9.744e-04
8.486e-04
8.486e-04
5.343e-04
8.801e-04
1.194e-03
8.801e-04
1.006e-03
1.037e-03
8.801e-04
7.229e-04
8.172e-04
5.658e-04
1.037e-03
6.600e-04
5.658e-04
6.915e-04
7.229e-04
8.801e-04
9.115e-04
9.744e-04
6.600e-04
5.972e-04
6.286e-04
7.229e-04
6.286e-04
6.915e-04
7.858e-04
6.915e-04
7.543e-04
7.543e-04
1.037e-03
8.486e-04
8.172e-04
1.006e-03
6.915e-04
1.006e-03
8.801e-04
1.226e-03
8.801e-04
8.801e-04
1.100e-03
1.006e-03
1.383e-03
1.037e-03
1.572e-03
1.226e-03
1.509e-03
1.352e-03
1.823e-03
1.383e-03
1.446e-03
1.634e-03
1.352e-03
1.352e-03
8.801e-04
1.320e-03
7.229e-04
1.509e-03
5.343e-04
8.801e-04
8.172e-04
7.229e-04
8.486e-04
8.172e-04
8.486e-04
6.286e-04
8.801e-04
8.172e-04
6.600e-04
5.658e-04
8.172e-04
1.100e-03
4.400e-04
1.100e-03
1.132e-03
6.600e-04
6.915e-04
6.286e-04
7.858e-04
6.600e-04
1.069e-03
9.744e-04
8.486e-04
6.286e-04
5.658e-04
8.801e-04
1.320e-03
8.172e-04
9.744e-04
1.414e-03
8.172e-04
9.744e-04
9.744e-04
5.972e-04
7.858e-04
8.486e-04
1.446e-03
1.006e-03
9.429e-04
8.801e-04
1.100e-03
1.320e-03
1.100e-03
1.477e-03
1.289e-03
1.414e-03
1.289e-03
1.572e-03
1.634e-03
1.540e-03
1.320e-03
1.540e-03
1.792e-03
1.257e-03
1.477e-03
2.012e-03
1.446e-03
1.760e-03
1.760e-03
2.106e-03
1.760e-03
1.917e-03
2.420e-03
2.577e-03
2.420e-03
2.452e-03
3.112e-03
2.734e-03
2.640e-03
2.860e-03
2.923e-03
2.452e-03
2.074e-03
3.206e-03
3.175e-03
3.080e-03
2.954e-03
2.892e-03
3.866e-03
3.112e-03
2.546e-03
3.143e-03
2.860e-03
2.923e-03
2.546e-03
3.017e-03
2.106e-03
2.577e-03
2.734e-03
2.389e-03
2.577e-03
2.326e-03
2.012e-03
2.326e-03
2.326e-03
2.169e-03
2.357e-03
2.074e-03
1.666e-03
2.420e-03
2.074e-03
1.540e-03
1.446e-03
1.320e-03
1.383e-03
1.666e-03
1.069e-03
1.572e-03
1.100e-03
1.320e-03
1.037e-03
1.163e-03
1.572e-03
1.257e-03
1.226e-03
8.801e-04
6.286e-04
1.069e-03
7.858e-04
7.858e-04
1.352e-03
7.858e-04
1.226e-03
8.172e-04
1.289e-03
6.286e-04
1.037e-03
8.801e-04
9.115e-04
7.543e-04
6.915e-04
8.172e-04
4.400e-04
6.286e-04
8.486e-04
5.029e-04
7.229e-04
1.069e-03
8.801e-04
7.229e-04
5.972e-04
5.029e-04
5.029e-04
8.172e-04
8.172e-04
4.715e-04
7.229e-04
6.915e-04
9.115e-04
8.486e-04
8.486e-04
7.543e-04
7.229e-04
6.600e-04
1.037e-03
1.037e-03
7.543e-04
7.543e-04
1.037e-03
1.132e-03
7.858e-04
1.194e-03
1.006e-03
1.194e-03
1.163e-03
1.100e-03
1.352e-03
