6.286e-03
3.457e-03
2.137e-03
1.194e-03
8.801e-04
7.543e-04
1.132e-03
1.069e-03
1.194e-03
1.006e-03
8.801e-04
6.915e-04
7.543e-04
7.543e-04
5.658e-04
8.172e-04
1.320e-03
1.132e-03
1.132e-03
9.429e-04
1.383e-03
1.194e-03
1.006e-03
1.006e-03
1.006e-03
1.194e-03
1.257e-03
1.069e-03
1.320e-03
1.383e-03
1.257e-03
1.886e-03
1.069e-03
2.137e-03
1.132e-03
2.074e-03
1.823e-03
2.452e-03
2.137e-03
2.577e-03
3.017e-03
3.080e-03
3.269e-03
3.017e-03
4.463e-03
2.766e-03
2.389e-03
3.143e-03
3.080e-03
2.892e-03
2.829e-03
1.949e-03
2.829e-03
2.640e-03
2.640e-03
1.949e-03
3.520e-03
3.520e-03
3.080e-03
2.892e-03
3.143e-03
3.395e-03
2.954e-03
3.332e-03
4.086e-03
4.086e-03
3.080e-03
3.897e-03
3.646e-03
3.457e-03
3.395e-03
4.526e-03
4.526e-03
3.646e-03
6.663e-03
5.029e-03
5.155e-03
4.840e-03
4.715e-03
4.463e-03
4.526e-03
4.840e-03
4.086e-03
4.275e-03
4.715e-03
5.155e-03
5.595e-03
7.418e-03
9.806e-03
1.220e-02
8.926e-03
7.418e-03
6.726e-03
4.777e-03
4.652e-03
4.903e-03
5.783e-03
4.777e-03
5.029e-03
5.218e-03
4.966e-03
3.835e-03
3.583e-03
3.395e-03
4.463e-03
4.840e-03
3.583e-03
3.395e-03
3.835e-03
2.892e-03
3.143e-03
3.080e-03
3.709e-03
2.829e-03
2.766e-03
3.772e-03
3.206e-03
2.514e-03
2.514e-03
3.583e-03
3.206e-03
2.577e-03
3.520e-03
3.395e-03
2.954e-03
2.137e-03
2.766e-03
2.200e-03
2.577e-03
2.766e-03
2.326e-03
2.200e-03
3.143e-03
4.086e-03
1.760e-03
2.829e-03
3.457e-03
2.892e-03
3.332e-03
2.829e-03
2.137e-03
1.823e-03
2.640e-03
1.823e-03
2.389e-03
1.760e-03
1.383e-03
2.074e-03
1.509e-03
1.509e-03
1.132e-03
1.257e-03
1.446e-03
1.257e-03
1.069e-03
1.257e-03
1.069e-03
1.006e-03
1.006e-03
1.257e-03
9.429e-04
1.006e-03
1.069e-03
8.801e-04
5.658e-04
9.429e-04
9.429e-04
9.429e-04
1.006e-03
7.543e-04
7.543e-04
1.069e-03
8.801e-04
8.172e-04
1.383e-03
6.915e-04
1.446e-03
1.257e-03
1.886e-03
2.829e-03
6.349e-03
3.520e-03
2.326e-03
1.132e-03
8.172e-04
1.257e-03
7.543e-04
1.446e-03
1.132e-03
7.543e-04
1.006e-03
5.029e-04
7.543e-04
8.801e-04
6.286e-04
1.257e-03
1.320e-03
8.172e-04
1.320e-03
1.194e-03
1.069e-03
1.320e-03
1.069e-03
9.429e-04
1.132e-03
1.257e-03
1.383e-03
9.429e-04
1.257e-03
1.194e-03
1.760e-03
1.509e-03
1.634e-03
1.634e-03
1.760e-03
1.509e-03
2.137e-03
2.200e-03
2.514e-03
2.892e-03
2.892e-03
3.520e-03
3.206e-03
2.703e-03
2.829e-03
3.017e-03
2.640e-03
2.200e-03
2.703e-03
2.703e-03
2.012e-03
2.577e-03
2.766e-03
2.074e-03
2.452e-03
2.514e-03
2.137e-03
2.829e-03
3.332e-03
2.892e-03
2.514e-03
3.017e-03
3.332e-03
3.395e-03
2.766e-03
2.892e-03
4.212e-03
2.577e-03
4.023e-03
3.395e-03
3.332e-03
3.269e-03
3.709e-03
4.526e-03
4.400e-03
5.280e-03
4.275e-03
5.218e-03
5.532e-03
4.212e-03
3.897e-03
3.960e-03
3.960e-03
4.589e-03
4.212e-03
4.149e-03
5.029e-03
5.155e-03
5.846e-03
7.983e-03
7.983e-03
1.150e-02
1.062e-02
7.103e-03
5.783e-03
5.658e-03
4.652e-03
5.343e-03
5.406e-03
5.720e-03
5.406e-03
4.777e-03
5.029e-03
4.463e-03
3.960e-03
4.777e-03
4.086e-03
3.960e-03
3.772e-03
4.086e-03
2.766e-03
3.332e-03
3.835e-03
3.520e-03
3.772e-03
3.206e-03
2.577e-03
3.772e-03
3.332e-03
2.577e-03
3.520e-03
3.332e-03
3.457e-03
3.332e-03
4.337e-03
2.577e-03
2.640e-03
2.703e-03
3.143e-03
2.326e-03
2.703e-03
2.703e-03
3.206e-03
3.709e-03
2.892e-03
3.395e-03
3.206e-03
3.646e-03
3.143e-03
2.703e-03
2.074e-03
2.200e-03
2.200e-03
2.074e-03
2.012e-03
2.012e-03
1.446e-03
1.446e-03
1.383e-03
1.823e-03
1.132e-03
1.823e-03
1.383e-03
9.429e-04
9.429e-04
1.069e-03
1.257e-03
9.429e-04
9.429e-04
1.383e-03
5.029e-04
1.383e-03
9.429e-04
6.286e-04
6.286e-04
1.132e-03
7.543e-04
9.429e-04
6.915e-04
7.543e-04
1.069e-03
1.069e-03
8.172e-04
7.543e-04
1.320e-03
6.915e-04
1.320e-03
1.194e-03
1.760e-03
2.766e-03
