3.751e-04
8.127e-04
8.752e-04
8.127e-04
1.063e-03
1.188e-03
7.502e-04
9.377e-04
1.000e-03
5.001e-04
6.877e-04
1.188e-03
8.127e-04
7.502e-04
1.125e-03
1.375e-03
9.377e-04
1.000e-03
9.377e-04
1.250e-03
8.752e-04
1.125e-03
1.000e-03
1.563e-03
1.125e-03
1.563e-03
1.500e-03
1.688e-03
1.875e-03
1.438e-03
2.126e-03
1.813e-03
1.438e-03
1.938e-03
2.376e-03
2.063e-03
1.875e-03
2.126e-03
1.688e-03
1.563e-03
1.750e-03
2.188e-03
1.875e-03
2.376e-03
2.313e-03
2.626e-03
2.063e-03
2.251e-03
2.063e-03
2.376e-03
1.875e-03
2.438e-03
2.001e-03
2.313e-03
1.750e-03
2.438e-03
2.188e-03
1.625e-03
1.938e-03
1.688e-03
1.813e-03
2.188e-03
1.500e-03
1.313e-03
1.250e-03
1.813e-03
1.188e-03
1.375e-03
1.375e-03
1.000e-03
8.127e-04
8.127e-04
7.502e-04
1.563e-03
1.250e-03
8.127e-04
1.250e-03
7.502e-04
9.377e-04
6.877e-04
1.000e-03
6.877e-04
6.877e-04
1.063e-03
8.752e-04
5.626e-04
6.877e-04
8.127e-04
5.001e-04
3.126e-04
8.752e-04
1.125e-03
8.127e-04
6.252e-04
5.001e-04
1.125e-03
5.626e-04
6.877e-04
8.127e-04
6.252e-04
9.377e-04
9.377e-04
6.252e-04
9.377e-04
8.752e-04
1.063e-03
1.188e-03
1.188e-03
6.252e-04
8.127e-04
8.127e-04
4.376e-04
1.313e-03
1.063e-03
2.126e-03
1.188e-03
1.063e-03
1.313e-03
1.563e-03
1.625e-03
1.875e-03
1.563e-03
2.376e-03
1.563e-03
2.001e-03
2.126e-03
1.813e-03
1.250e-03
1.750e-03
1.750e-03
1.875e-03
1.438e-03
2.001e-03
2.188e-03
2.251e-03
1.563e-03
2.001e-03
2.126e-03
2.126e-03
2.438e-03
1.875e-03
1.688e-03
2.376e-03
1.563e-03
2.251e-03
1.875e-03
2.688e-03
1.688e-03
1.875e-03
1.750e-03
2.126e-03
2.313e-03
1.938e-03
1.500e-03
1.313e-03
1.438e-03
1.813e-03
1.563e-03
1.750e-03
1.750e-03
1.313e-03
1.500e-03
8.127e-04
1.063e-03
1.500e-03
1.438e-03
1.188e-03
9.377e-04
9.377e-04
6.877e-04
1.125e-03
8.127e-04
8.127e-04
6.877e-04
1.188e-03
1.250e-03
3.751e-04
5.001e-04
7.502e-04
1.375e-03
1.250e-03
5.626e-04
8.752e-04
7.502e-04
1.188e-03
1.000e-03
8.127e-04
5.626e-04
9.377e-04
8.752e-04
9.377e-04
1.250e-03
1.000e-03
1.000e-03
1.375e-03
1.063e-03
1.375e-03
1.313e-03
6.877e-04
1.313e-03
1.375e-03
1.000e-03
1.188e-03
2.001e-03
1.813e-03
1.625e-03
1.500e-03
1.125e-03
2.001e-03
1.375e-03
2.001e-03
2.376e-03
1.625e-03
2.251e-03
2.438e-03
1.688e-03
1.750e-03
1.375e-03
2.251e-03
1.313e-03
1.938e-03
2.126e-03
2.563e-03
2.438e-03
1.563e-03
2.688e-03
1.688e-03
3.001e-03
1.875e-03
2.376e-03
2.001e-03
2.063e-03
1.750e-03
1.813e-03
1.563e-03
2.251e-03
1.500e-03
1.875e-03
1.625e-03
1.625e-03
1.875e-03
1.125e-03
1.375e-03
1.063e-03
1.125e-03
1.438e-03
1.313e-03
1.125e-03
7.502e-04
1.313e-03
1.375e-03
9.377e-04
6.877e-04
8.752e-04
1.250e-03
1.313e-03
6.252e-04
9.377e-04
8.752e-04
8.127e-04
8.752e-04
1.188e-03
5.626e-04
7.502e-04
5.626e-04
7.502e-04
1.063e-03
6.252e-04
5.626e-04
7.502e-04
9.377e-04
4.376e-04
5.626e-04
6.877e-04
8.752e-04
8.127e-04
7.502e-04
9.377e-04
6.252e-04
4.376e-04
8.752e-04
6.877e-04
8.127e-04
9.377e-04
8.752e-04
1.438e-03
1.063e-03
1.063e-03
8.127e-04
1.000e-03
1.438e-03
9.377e-04
1.125e-03
1.063e-03
9.377e-04
1.250e-03
1.625e-03
1.875e-03
1.688e-03
1.750e-03
2.313e-03
1.813e-03
2.188e-03
1.688e-03
2.313e-03
2.063e-03
1.500e-03
2.813e-03
1.688e-03
2.063e-03
1.625e-03
2.063e-03
2.376e-03
1.750e-03
2.063e-03
1.688e-03
2.188e-03
1.875e-03
2.063e-03
2.126e-03
2.376e-03
2.438e-03
2.563e-03
1.375e-03
2.751e-03
1.125e-03
1.813e-03
2.126e-03
2.188e-03
2.063e-03
1.813e-03
1.250e-03
2.063e-03
1.813e-03
2.001e-03
1.688e-03
1.063e-03
1.375e-03
1.250e-03
1.375e-03
9.377e-04
1.563e-03
9.377e-04
1.625e-03
8.127e-04
1.125e-03
1.188e-03
5.626e-04
1.563e-03
8.752e-04
6.252e-04
8.127e-04
8.752e-04
7.502e-04
6.252e-04
6.252e-04
8.127e-04
8.127e-04
8.127e-04
7.502e-04
