1.500e-03
7.502e-04
6.252e-04
1.125e-03
2.001e-03
1.500e-03
1.125e-03
1.625e-03
1.375e-03
2.001e-03
1.500e-03
1.125e-03
1.375e-03
1.250e-03
1.875e-03
2.376e-03
2.376e-03
2.251e-03
2.501e-03
2.751e-03
2.751e-03
2.376e-03
2.376e-03
2.501e-03
2.376e-03
3.126e-03
2.126e-03
2.626e-03
3.126e-03
4.751e-03
4.376e-03
3.876e-03
4.751e-03
5.126e-03
4.126e-03
5.376e-03
4.376e-03
5.251e-03
5.001e-03
4.876e-03
4.751e-03
5.251e-03
5.126e-03
4.251e-03
4.001e-03
5.501e-03
3.251e-03
3.876e-03
4.376e-03
4.626e-03
4.001e-03
3.876e-03
4.626e-03
5.376e-03
3.001e-03
4.376e-03
4.001e-03
2.751e-03
4.501e-03
4.751e-03
3.626e-03
2.876e-03
3.251e-03
3.126e-03
2.126e-03
2.501e-03
2.501e-03
2.626e-03
2.376e-03
1.375e-03
1.500e-03
2.501e-03
1.500e-03
1.750e-03
3.001e-03
1.125e-03
1.250e-03
8.752e-04
1.625e-03
1.125e-03
1.375e-03
1.375e-03
1.000e-03
7.502e-04
1.000e-03
1.000e-03
1.125e-03
7.502e-04
1.250e-03
1.625e-03
1.500e-03
8.752e-04
1.000e-03
1.750e-03
1.125e-03
1.125e-03
1.500e-03
1.250e-03
1.375e-03
1.375e-03
6.252e-04
1.625e-03
1.250e-03
2.126e-03
1.500e-03
8.752e-04
1.500e-03
1.625e-03
1.125e-03
1.625e-03
1.500e-03
3.126e-03
1.750e-03
2.751e-03
1.750e-03
2.251e-03
2.751e-03
2.501e-03
2.251e-03
3.251e-03
2.751e-03
4.001e-03
4.251e-03
2.876e-03
3.501e-03
2.251e-03
4.126e-03
3.376e-03
3.001e-03
1.875e-03
3.001e-03
3.876e-03
3.751e-03
4.376e-03
3.251e-03
3.251e-03
3.126e-03
4.376e-03
5.876e-03
3.626e-03
4.751e-03
5.251e-03
5.751e-03
5.001e-03
5.126e-03
5.501e-03
4.876e-03
4.626e-03
4.501e-03
4.126e-03
3.876e-03
4.751e-03
3.501e-03
5.251e-03
3.626e-03
3.751e-03
3.876e-03
2.751e-03
4.751e-03
3.251e-03
2.876e-03
3.501e-03
3.001e-03
2.751e-03
2.376e-03
2.251e-03
2.251e-03
2.626e-03
1.375e-03
1.750e-03
1.875e-03
2.251e-03
1.750e-03
2.126e-03
1.500e-03
1.250e-03
1.875e-03
1.500e-03
1.750e-03
5.001e-04
1.375e-03
1.375e-03
1.125e-03
2.001e-03
7.502e-04
1.125e-03
1.625e-03
2.251e-03
1.750e-03
2.126e-03
1.625e-03
1.625e-03
6.252e-04
2.626e-03
2.501e-03
2.251e-03
2.501e-03
2.376e-03
2.501e-03
2.501e-03
3.376e-03
2.626e-03
2.501e-03
3.251e-03
2.001e-03
2.376e-03
3.376e-03
4.501e-03
4.001e-03
2.876e-03
4.751e-03
4.501e-03
4.626e-03
5.501e-03
4.751e-03
4.251e-03
4.126e-03
5.376e-03
4.501e-03
5.501e-03
4.251e-03
5.126e-03
4.251e-03
3.751e-03
4.376e-03
3.376e-03
4.001e-03
4.001e-03
3.501e-03
4.001e-03
4.126e-03
3.251e-03
5.126e-03
2.376e-03
3.001e-03
5.126e-03
3.626e-03
3.501e-03
3.501e-03
4.626e-03
2.876e-03
2.251e-03
3.501e-03
2.501e-03
2.501e-03
2.251e-03
1.750e-03
3.251e-03
1.250e-03
2.376e-03
1.750e-03
1.750e-03
1.125e-03
1.625e-03
2.626e-03
1.625e-03
1.000e-03
2.376e-03
1.375e-03
1.000e-03
8.752e-04
1.250e-03
1.000e-03
1.500e-03
1.125e-03
1.000e-03
1.500e-03
3.751e-04
1.125e-03
1.250e-03
1.375e-03
1.250e-03
7.502e-04
1.500e-03
7.502e-04
1.125e-03
1.125e-03
1.750e-03
1.250e-03
8.752e-04
1.750e-03
1.250e-03
1.500e-03
1.500e-03
1.625e-03
1.000e-03
2.376e-03
1.125e-03
1.875e-03
2.251e-03
1.375e-03
1.875e-03
2.376e-03
2.126e-03
2.876e-03
2.501e-03
2.126e-03
2.126e-03
2.626e-03
3.376e-03
4.876e-03
4.626e-03
3.626e-03
3.001e-03
2.626e-03
3.001e-03
4.626e-03
3.501e-03
4.126e-03
2.126e-03
3.251e-03
4.751e-03
4.751e-03
3.751e-03
4.001e-03
4.751e-03
4.876e-03
4.126e-03
3.501e-03
4.876e-03
6.002e-03
6.002e-03
5.501e-03
5.876e-03
5.251e-03
5.126e-03
3.876e-03
4.001e-03
4.376e-03
4.376e-03
5.376e-03
3.751e-03
2.876e-03
3.501e-03
4.251e-03
4.501e-03
4.376e-03
2.876e-03
1.500e-03
4.251e-03
3.751e-03
2.251e-03
2.501e-03
1.375e-03
2.626e-03
2.376e-03
1.625e-03
1.750e-03
1.375e-03
1.750e-03
1.750e-03
1.875e-03
1.250e-03
2.251e-03
1.125e-03
1.000e-03
1.375e-03
2.376e-03
1.500e-03
6.252e-04
