2.298e-04
3.447e-04
4.596e-04
8.042e-04
3.447e-04
5.744e-04
6.893e-04
6.893e-04
1.149e-03
1.149e-04
8.042e-04
3.447e-04
3.447e-04
6.893e-04
1.608e-03
9.191e-04
4.596e-04
1.034e-03
1.034e-03
8.042e-04
1.034e-03
9.191e-04
1.149e-03
9.191e-04
1.034e-03
1.264e-03
8.042e-04
1.034e-03
1.379e-03
1.264e-03
9.191e-04
6.893e-04
1.034e-03
1.379e-03
1.379e-03
1.264e-03
1.379e-03
1.953e-03
9.191e-04
9.191e-04
1.034e-03
5.744e-04
1.723e-03
9.191e-04
1.264e-03
1.494e-03
1.379e-03
1.034e-03
8.042e-04
1.953e-03
1.494e-03
1.149e-03
1.034e-03
1.379e-03
1.494e-03
1.149e-03
1.608e-03
1.149e-03
1.494e-03
1.838e-03
1.034e-03
1.953e-03
1.608e-03
1.838e-03
2.183e-03
1.838e-03
1.494e-03
1.953e-03
2.528e-03
1.838e-03
1.723e-03
2.298e-03
2.413e-03
1.034e-03
1.608e-03
1.838e-03
1.608e-03
2.528e-03
1.723e-03
2.068e-03
1.953e-03
1.494e-03
2.413e-03
1.608e-03
1.953e-03
2.642e-03
1.838e-03
1.723e-03
1.494e-03
2.528e-03
1.608e-03
2.413e-03
1.608e-03
2.298e-03
2.872e-03
2.642e-03
2.068e-03
2.298e-03
1.723e-03
2.298e-03
2.183e-03
2.642e-03
2.298e-03
2.413e-03
2.528e-03
1.494e-03
1.838e-03
2.413e-03
2.413e-03
1.264e-03
1.723e-03
2.298e-03
1.953e-03
2.068e-03
1.838e-03
1.379e-03
2.183e-03
1.264e-03
1.264e-03
2.068e-03
1.379e-03
1.379e-03
2.298e-03
2.298e-03
1.494e-03
1.264e-03
2.528e-03
1.149e-03
1.264e-03
6.893e-04
1.608e-03
1.149e-03
1.264e-03
1.034e-03
1.149e-03
1.608e-03
1.149e-03
1.723e-03
1.034e-03
1.379e-03
1.379e-03
1.494e-03
1.379e-03
4.596e-04
2.068e-03
1.494e-03
9.191e-04
1.379e-03
6.893e-04
1.379e-03
1.264e-03
1.034e-03
1.379e-03
9.191e-04
1.034e-03
1.149e-03
1.034e-03
1.379e-03
1.608e-03
1.034e-03
8.042e-04
8.042e-04
1.034e-03
1.264e-03
1.264e-03
1.149e-03
5.744e-04
1.379e-03
4.596e-04
3.447e-04
2.298e-04
1.149e-03
1.264e-03
4.596e-04
9.191e-04
6.893e-04
5.744e-04
8.042e-04
5.744e-04
8.042e-04
3.447e-04
0.000e+00
4.596e-04
1.264e-03
4.596e-04
5.744e-04
5.744e-04
8.042e-04
6.893e-04
9.191e-04
5.744e-04
4.596e-04
9.191e-04
8.042e-04
9.191e-04
1.608e-03
1.494e-03
2.298e-04
1.034e-03
1.034e-03
1.264e-03
9.191e-04
1.494e-03
5.744e-04
9.191e-04
1.723e-03
1.034e-03
1.264e-03
1.264e-03
9.191e-04
1.264e-03
8.042e-04
1.379e-03
1.494e-03
1.264e-03
1.379e-03
1.264e-03
1.264e-03
8.042e-04
1.379e-03
5.744e-04
1.264e-03
9.191e-04
1.034e-03
1.034e-03
1.723e-03
1.034e-03
1.149e-03
8.042e-04
1.379e-03
1.379e-03
1.149e-03
1.264e-03
1.379e-03
9.191e-04
1.723e-03
1.494e-03
1.149e-03
1.379e-03
1.034e-03
9.191e-04
1.953e-03
2.528e-03
1.149e-03
1.723e-03
1.149e-03
1.379e-03
1.838e-03
1.379e-03
2.183e-03
1.953e-03
2.757e-03
2.183e-03
1.608e-03
1.953e-03
1.034e-03
9.191e-04
1.379e-03
1.953e-03
1.838e-03
2.068e-03
1.494e-03
1.838e-03
2.183e-03
2.183e-03
1.953e-03
1.494e-03
2.183e-03
8.042e-04
2.068e-03
1.953e-03
1.723e-03
2.642e-03
1.953e-03
1.723e-03
2.872e-03
2.528e-03
2.413e-03
2.183e-03
2.757e-03
2.757e-03
2.642e-03
1.953e-03
2.413e-03
2.068e-03
2.642e-03
1.149e-03
1.953e-03
2.642e-03
2.068e-03
3.102e-03
1.953e-03
1.608e-03
2.183e-03
1.608e-03
3.102e-03
1.723e-03
2.298e-03
1.953e-03
1.494e-03
1.953e-03
1.838e-03
2.298e-03
1.379e-03
1.953e-03
1.838e-03
8.042e-04
2.183e-03
8.042e-04
1.494e-03
1.723e-03
1.264e-03
1.608e-03
1.379e-03
1.953e-03
1.034e-03
9.191e-04
1.379e-03
2.183e-03
5.744e-04
1.723e-03
1.953e-03
8.042e-04
1.494e-03
1.608e-03
1.034e-03
9.191e-04
6.893e-04
1.494e-03
1.149e-03
1.264e-03
8.042e-04
1.494e-03
8.042e-04
1.379e-03
9.191e-04
1.723e-03
9.191e-04
9.191e-04
8.042e-04
8.042e-04
6.893e-04
5.744e-04
1.264e-03
6.893e-04
6.893e-04
6.893e-04
1.034e-03
9.191e-04
6.893e-04
5.744e-04
8.042e-04
6.893e-04
6.893e-04
3.447e-04
8.042e-04
5.744e-04
8.042e-04
4.596e-04
1.034e-03
