1.608e-03
1.149e-03
1.838e-03
1.149e-03
1.379e-03
1.149e-03
9.191e-04
1.838e-03
1.608e-03
1.379e-03
1.149e-03
1.379e-03
1.149e-03
2.528e-03
1.149e-03
9.191e-04
1.149e-03
2.068e-03
2.068e-03
1.379e-03
9.191e-04
1.379e-03
3.217e-03
2.298e-03
2.068e-03
2.987e-03
1.608e-03
2.528e-03
3.906e-03
2.068e-03
1.608e-03
2.068e-03
2.068e-03
2.528e-03
1.608e-03
1.379e-03
3.447e-03
2.757e-03
1.838e-03
9.191e-04
2.987e-03
2.298e-03
2.068e-03
2.757e-03
3.676e-03
3.676e-03
4.825e-03
2.528e-03
4.136e-03
4.596e-03
3.447e-03
4.596e-03
3.217e-03
3.676e-03
3.906e-03
2.068e-03
3.447e-03
6.434e-03
1.608e-03
2.528e-03
3.676e-03
3.447e-03
3.447e-03
3.676e-03
2.298e-03
1.608e-03
2.528e-03
2.298e-03
2.757e-03
3.217e-03
2.298e-03
2.987e-03
2.757e-03
1.838e-03
2.298e-03
2.757e-03
3.217e-03
3.447e-03
2.298e-03
3.447e-03
2.757e-03
3.676e-03
6.664e-03
2.528e-03
5.744e-03
2.528e-03
2.757e-03
3.676e-03
4.596e-03
5.055e-03
4.825e-03
4.596e-03
4.596e-03
4.136e-03
4.825e-03
3.906e-03
5.285e-03
5.974e-03
4.136e-03
2.298e-03
2.528e-03
2.757e-03
4.596e-03
4.366e-03
3.676e-03
3.676e-03
1.838e-03
2.757e-03
2.757e-03
2.987e-03
3.906e-03
2.298e-03
2.528e-03
3.676e-03
2.068e-03
2.068e-03
5.055e-03
4.366e-03
2.298e-03
3.906e-03
2.068e-03
3.676e-03
3.217e-03
4.366e-03
4.366e-03
4.366e-03
4.136e-03
3.676e-03
2.757e-03
3.676e-03
4.136e-03
3.906e-03
3.217e-03
3.676e-03
3.906e-03
3.447e-03
3.217e-03
3.676e-03
3.447e-03
2.757e-03
3.906e-03
4.136e-03
2.528e-03
1.838e-03
3.676e-03
3.906e-03
2.298e-03
1.149e-03
2.068e-03
2.298e-03
1.608e-03
2.528e-03
9.191e-04
2.987e-03
2.068e-03
2.298e-03
2.528e-03
1.379e-03
2.528e-03
2.528e-03
9.191e-04
1.379e-03
1.838e-03
1.608e-03
1.838e-03
1.379e-03
2.987e-03
1.838e-03
1.379e-03
1.838e-03
9.191e-04
1.838e-03
1.838e-03
2.068e-03
2.298e-03
1.838e-03
1.608e-03
9.191e-04
1.608e-03
1.149e-03
1.838e-03
1.149e-03
1.608e-03
1.149e-03
1.608e-03
1.608e-03
1.838e-03
2.298e-03
9.191e-04
6.893e-04
1.608e-03
1.608e-03
2.068e-03
2.298e-03
1.608e-03
1.149e-03
1.379e-03
3.217e-03
1.379e-03
1.149e-03
2.068e-03
1.838e-03
1.838e-03
3.447e-03
2.298e-03
2.528e-03
2.068e-03
3.217e-03
3.906e-03
1.608e-03
1.608e-03
1.379e-03
1.379e-03
2.068e-03
2.757e-03
2.757e-03
2.987e-03
9.191e-04
1.149e-03
1.838e-03
2.757e-03
1.838e-03
3.676e-03
2.987e-03
4.366e-03
5.285e-03
2.068e-03
2.068e-03
3.676e-03
5.974e-03
3.217e-03
1.608e-03
2.987e-03
3.906e-03
4.596e-03
3.217e-03
2.987e-03
2.987e-03
4.596e-03
2.068e-03
1.379e-03
3.217e-03
3.447e-03
1.838e-03
3.447e-03
2.757e-03
9.191e-04
2.528e-03
1.608e-03
4.366e-03
3.676e-03
1.608e-03
1.608e-03
2.298e-03
2.757e-03
2.298e-03
2.987e-03
2.298e-03
2.987e-03
3.217e-03
2.528e-03
2.987e-03
4.596e-03
2.757e-03
5.055e-03
3.217e-03
3.447e-03
5.744e-03
2.298e-03
5.515e-03
3.906e-03
4.366e-03
5.055e-03
4.366e-03
2.528e-03
4.596e-03
4.596e-03
5.055e-03
6.893e-03
2.987e-03
3.447e-03
2.528e-03
4.366e-03
3.447e-03
3.217e-03
5.055e-03
3.447e-03
3.447e-03
3.447e-03
2.298e-03
4.136e-03
3.447e-03
2.757e-03
2.528e-03
4.596e-03
2.987e-03
3.676e-03
3.217e-03
4.136e-03
3.906e-03
2.298e-03
3.906e-03
4.136e-03
6.204e-03
3.676e-03
2.757e-03
4.136e-03
4.825e-03
3.906e-03
3.217e-03
4.136e-03
3.906e-03
3.676e-03
4.366e-03
4.136e-03
5.055e-03
2.298e-03
2.757e-03
2.757e-03
4.825e-03
3.447e-03
3.447e-03
3.217e-03
2.987e-03
2.068e-03
2.298e-03
2.298e-03
2.528e-03
9.191e-04
2.298e-03
1.838e-03
2.298e-03
2.068e-03
1.379e-03
2.528e-03
2.757e-03
1.379e-03
2.068e-03
2.528e-03
1.608e-03
1.608e-03
1.608e-03
9.191e-04
2.068e-03
1.608e-03
1.838e-03
1.838e-03
2.528e-03
9.191e-04
4.596e-04
1.379e-03
2.068e-03
1.608e-03
1.608e-03
2.068e-03
1.379e-03
6.893e-04
1.149e-03
2.068e-03
1.608e-03
