1.723e-02
9.530e-03
6.842e-03
6.842e-03
5.620e-03
6.536e-03
6.659e-03
5.437e-03
5.254e-03
5.315e-03
5.437e-03
6.597e-03
5.376e-03
5.070e-03
5.803e-03
4.948e-03
4.826e-03
4.643e-03
4.398e-03
5.925e-03
5.987e-03
6.353e-03
5.009e-03
5.131e-03
5.131e-03
4.765e-03
4.520e-03
5.254e-03
3.971e-03
3.787e-03
3.971e-03
3.726e-03
3.726e-03
3.299e-03
3.910e-03
2.993e-03
3.238e-03
3.849e-03
3.299e-03
2.810e-03
2.627e-03
2.505e-03
2.321e-03
2.321e-03
1.955e-03
1.955e-03
1.772e-03
1.772e-03
1.710e-03
1.649e-03
1.344e-03
1.283e-03
1.710e-03
1.649e-03
1.466e-03
1.100e-03
1.344e-03
9.163e-04
6.109e-04
9.774e-04
1.100e-03
9.774e-04
7.941e-04
6.109e-04
1.038e-03
4.276e-04
7.330e-04
8.552e-04
5.498e-04
8.552e-04
5.498e-04
9.163e-04
6.720e-04
5.498e-04
4.887e-04
4.276e-04
3.054e-04
3.665e-04
6.109e-04
2.443e-04
3.665e-04
1.100e-03
5.498e-04
3.665e-04
3.054e-04
4.887e-04
4.276e-04
6.109e-05
3.054e-04
6.720e-04
5.498e-04
4.276e-04
4.276e-04
4.276e-04
3.054e-04
4.276e-04
1.222e-04
4.276e-04
4.276e-04
6.720e-04
3.665e-04
4.276e-04
3.054e-04
4.887e-04
4.887e-04
6.720e-04
4.887e-04
4.276e-04
7.941e-04
5.498e-04
6.720e-04
7.330e-04
4.887e-04
6.720e-04
9.774e-04
4.887e-04
9.774e-04
4.887e-04
5.498e-04
7.330e-04
8.552e-04
4.887e-04
7.941e-04
7.330e-04
8.552e-04
1.161e-03
6.109e-04
6.720e-04
8.552e-04
1.283e-03
1.283e-03
1.772e-03
1.588e-03
1.588e-03
1.894e-03
1.527e-03
2.321e-03
1.588e-03
2.077e-03
2.016e-03
1.833e-03
2.138e-03
1.649e-03
2.382e-03
3.177e-03
3.115e-03
3.482e-03
3.054e-03
2.688e-03
3.421e-03
4.154e-03
4.582e-03
3.360e-03
3.910e-03
4.154e-03
4.948e-03
4.215e-03
4.032e-03
4.032e-03
4.765e-03
5.131e-03
5.070e-03
4.704e-03
5.009e-03
4.765e-03
5.559e-03
5.620e-03
6.170e-03
5.315e-03
5.803e-03
5.742e-03
7.453e-03
6.781e-03
6.292e-03
6.964e-03
6.842e-03
7.636e-03
7.819e-03
7.514e-03
8.980e-03
1.857e-02
9.591e-03
8.186e-03
7.208e-03
6.414e-03
6.170e-03
6.292e-03
6.720e-03
6.231e-03
7.025e-03
5.742e-03
5.987e-03
5.620e-03
6.475e-03
5.498e-03
4.093e-03
5.559e-03
5.681e-03
5.987e-03
5.681e-03
5.192e-03
4.948e-03
4.582e-03
5.987e-03
4.459e-03
4.337e-03
4.826e-03
3.849e-03
3.787e-03
4.520e-03
3.665e-03
4.093e-03
3.482e-03
3.115e-03
3.115e-03
3.543e-03
3.482e-03
3.177e-03
2.382e-03
2.199e-03
2.443e-03
2.138e-03
1.833e-03
2.016e-03
2.016e-03
1.161e-03
1.222e-03
1.466e-03
1.833e-03
1.710e-03
9.163e-04
1.283e-03
1.405e-03
1.161e-03
1.161e-03
7.330e-04
1.405e-03
1.100e-03
7.330e-04
7.330e-04
1.161e-03
7.330e-04
8.552e-04
6.109e-04
1.038e-03
6.109e-04
8.552e-04
5.498e-04
5.498e-04
4.276e-04
9.774e-04
7.330e-04
4.887e-04
4.276e-04
3.054e-04
6.720e-04
4.887e-04
2.443e-04
3.054e-04
4.276e-04
4.276e-04
4.887e-04
6.109e-04
4.276e-04
7.941e-04
3.665e-04
4.276e-04
5.498e-04
1.833e-04
4.276e-04
4.887e-04
4.887e-04
2.443e-04
3.665e-04
6.720e-04
1.833e-04
3.054e-04
4.276e-04
2.443e-04
6.109e-04
4.887e-04
4.276e-04
4.276e-04
6.720e-04
4.276e-04
2.443e-04
5.498e-04
5.498e-04
8.552e-04
7.330e-04
3.054e-04
7.941e-04
9.774e-04
9.774e-04
7.330e-04
7.330e-04
6.720e-04
7.330e-04
4.887e-04
7.941e-04
7.330e-04
5.498e-04
7.941e-04
9.163e-04
7.330e-04
1.038e-03
1.283e-03
7.330e-04
1.222e-03
1.466e-03
1.833e-03
1.833e-03
2.138e-03
1.283e-03
2.566e-03
1.527e-03
2.443e-03
2.077e-03
2.199e-03
2.138e-03
2.138e-03
2.199e-03
2.932e-03
2.871e-03
3.054e-03
3.482e-03
2.932e-03
3.482e-03
3.665e-03
4.093e-03
4.032e-03
3.787e-03
4.582e-03
4.398e-03
3.482e-03
4.215e-03
4.826e-03
4.459e-03
3.787e-03
5.192e-03
5.254e-03
5.131e-03
5.559e-03
4.826e-03
4.948e-03
4.826e-03
5.437e-03
4.765e-03
4.826e-03
6.353e-03
5.987e-03
5.376e-03
6.048e-03
5.864e-03
7.208e-03
6.536e-03
6.659e-03
6.903e-03
6.353e-03
8.369e-03
