1.125e+03
5.030e+02
3.440e+02
2.530e+02
2.120e+02
1.860e+02
1.980e+02
1.800e+02
1.650e+02
1.700e+02
1.460e+02
1.450e+02
1.500e+02
1.820e+02
1.460e+02
1.480e+02
1.260e+02
1.400e+02
1.270e+02
9.400e+01
1.210e+02
8.900e+01
1.120e+02
9.300e+01
5.100e+01
7.700e+01
6.300e+01
5.200e+01
5.400e+01
7.500e+01
5.900e+01
7.400e+01
5.900e+01
7.800e+01
8.700e+01
7.400e+01
6.600e+01
8.100e+01
7.400e+01
7.100e+01
4.700e+01
5.300e+01
4.600e+01
6.200e+01
7.100e+01
6.700e+01
6.600e+01
7.400e+01
6.100e+01
7.400e+01
9.100e+01
6.700e+01
5.600e+01
7.700e+01
1.270e+02
1.550e+02
1.220e+02
1.030e+02
9.700e+01
1.040e+02
9.500e+01
8.600e+01
1.010e+02
7.000e+01
6.300e+01
5.600e+01
8.700e+01
6.100e+01
5.000e+01
6.100e+01
5.800e+01
5.900e+01
5.800e+01
4.800e+01
5.000e+01
4.200e+01
2.700e+01
3.600e+01
2.800e+01
2.400e+01
1.900e+01
2.300e+01
1.900e+01
2.100e+01
2.100e+01
2.700e+01
2.400e+01
3.700e+01
3.100e+01
2.700e+01
1.900e+01
1.800e+01
2.100e+01
3.000e+01
1.600e+01
2.600e+01
1.400e+01
2.100e+01
3.100e+01
2.500e+01
2.900e+01
2.600e+01
2.900e+01
3.500e+01
3.600e+01
4.400e+01
3.300e+01
3.700e+01
5.000e+01
6.600e+01
5.800e+01
7.000e+01
7.200e+01
5.900e+01
5.900e+01
5.800e+01
7.400e+01
8.800e+01
8.500e+01
7.000e+01
9.000e+01
8.200e+01
1.070e+02
9.600e+01
1.240e+02
1.440e+02
1.130e+02
1.080e+02
1.000e+02
8.100e+01
6.700e+01
5.200e+01
5.800e+01
6.900e+01
6.500e+01
5.900e+01
6.000e+01
5.700e+01
6.600e+01
6.300e+01
6.000e+01
6.200e+01
5.000e+01
7.100e+01
6.200e+01
7.300e+01
7.300e+01
7.400e+01
7.400e+01
7.200e+01
7.200e+01
9.200e+01
6.600e+01
7.900e+01
7.600e+01
9.000e+01
7.900e+01
6.300e+01
6.800e+01
1.010e+02
1.070e+02
9.800e+01
1.240e+02
1.280e+02
1.350e+02
1.180e+02
1.500e+02
1.370e+02
1.410e+02
1.620e+02
1.360e+02
1.550e+02
1.840e+02
1.820e+02
1.900e+02
2.180e+02
2.180e+02
2.660e+02
3.470e+02
5.840e+02
1.006e+03
5.230e+02
3.690e+02
3.000e+02
2.470e+02
1.960e+02
2.060e+02
1.620e+02
1.970e+02
1.650e+02
1.460e+02
1.500e+02
1.510e+02
1.300e+02
1.630e+02
1.600e+02
1.140e+02
1.050e+02
1.110e+02
9.900e+01
1.130e+02
9.000e+01
8.000e+01
8.600e+01
7.800e+01
7.100e+01
7.200e+01
6.000e+01
8.000e+01
7.100e+01
9.200e+01
7.500e+01
7.500e+01
6.500e+01
7.400e+01
7.300e+01
6.400e+01
8.000e+01
4.500e+01
5.200e+01
5.700e+01
5.500e+01
6.800e+01
6.200e+01
7.000e+01
6.500e+01
5.300e+01
7.200e+01
5.800e+01
8.200e+01
6.500e+01
6.500e+01
8.600e+01
9.500e+01
1.110e+02
1.220e+02
1.140e+02
1.020e+02
1.010e+02
1.030e+02
7.500e+01
8.200e+01
8.700e+01
8.500e+01
5.500e+01
6.800e+01
6.100e+01
5.700e+01
6.200e+01
7.300e+01
6.300e+01
4.600e+01
4.300e+01
5.200e+01
4.000e+01
3.600e+01
3.400e+01
3.200e+01
3.400e+01
2.500e+01
3.600e+01
1.700e+01
2.000e+01
3.100e+01
2.900e+01
1.400e+01
8.000e+00
1.600e+01
2.800e+01
2.500e+01
2.400e+01
2.600e+01
3.200e+01
2.800e+01
3.600e+01
1.500e+01
2.400e+01
2.500e+01
2.400e+01
1.600e+01
3.200e+01
3.500e+01
1.900e+01
3.300e+01
3.000e+01
3.500e+01
5.300e+01
5.000e+01
5.200e+01
5.400e+01
5.300e+01
6.500e+01
5.400e+01
6.900e+01
6.100e+01
5.800e+01
8.200e+01
9.400e+01
8.700e+01
6.700e+01
1.010e+02
1.090e+02
1.180e+02
1.020e+02
1.200e+02
1.700e+02
1.210e+02
9.300e+01
7.100e+01
8.100e+01
7.400e+01
6.100e+01
5.900e+01
6.600e+01
5.000e+01
7.200e+01
5.500e+01
8.000e+01
5.600e+01
6.100e+01
6.200e+01
6.800e+01
6.300e+01
7.500e+01
6.800e+01
7.500e+01
8.400e+01
7.700e+01
8.300e+01
5.400e+01
6.500e+01
6.800e+01
6.800e+01
7.400e+01
7.500e+01
6.300e+01
6.900e+01
7.300e+01
9.500e+01
9.600e+01
1.180e+02
1.260e+02
1.210e+02
1.450e+02
1.350e+02
1.760e+02
1.630e+02
1.370e+02
1.460e+02
1.430e+02
1.490e+02
1.400e+02
1.490e+02
1.820e+02
1.810e+02
1.870e+02
2.110e+02
2.620e+02
3.310e+02
5.300e+02
