9.437e-02
3.993e-02
2.541e-02
1.452e-02
1.089e-02
9.074e-03
9.982e-03
3.630e-03
7.260e-03
2.722e-03
4.537e-03
4.537e-03
1.815e-03
5.445e-03
2.722e-03
0.000e+00
1.815e-03
9.074e-04
9.074e-04
0.000e+00
0.000e+00
1.815e-03
3.630e-03
9.074e-04
2.722e-03
5.445e-03
3.630e-03
2.722e-03
1.815e-03
9.074e-04
1.815e-03
0.000e+00
0.000e+00
1.815e-03
9.074e-04
1.815e-03
1.815e-03
9.074e-04
9.074e-04
2.722e-03
0.000e+00
0.000e+00
0.000e+00
9.074e-04
0.000e+00
0.000e+00
0.000e+00
0.000e+00
0.000e+00
0.000e+00
0.000e+00
0.000e+00
0.000e+00
0.000e+00
0.000e+00
0.000e+00
9.074e-04
1.815e-03
0.000e+00
0.000e+00
0.000e+00
0.000e+00
0.000e+00
1.815e-03
1.815e-03
0.000e+00
0.000e+00
9.074e-04
0.000e+00
0.000e+00
0.000e+00
0.000e+00
1.815e-03
9.074e-04
0.000e+00
0.000e+00
0.000e+00
0.000e+00
0.000e+00
0.000e+00
0.000e+00
0.000e+00
9.074e-04
9.074e-04
0.000e+00
2.722e-03
0.000e+00
0.000e+00
0.000e+00
9.074e-04
0.000e+00
1.815e-03
9.074e-04
9.074e-04
0.000e+00
9.074e-04
0.000e+00
0.000e+00
0.000e+00
0.000e+00
0.000e+00
9.074e-04
0.000e+00
0.000e+00
0.000e+00
9.074e-04
0.000e+00
0.000e+00
0.000e+00
9.074e-04
0.000e+00
9.074e-04
0.000e+00
0.000e+00
9.074e-04
0.000e+00
9.074e-04
9.074e-04
0.000e+00
0.000e+00
0.000e+00
0.000e+00
9.074e-04
0.000e+00
0.000e+00
0.000e+00
0.000e+00
0.000e+00
0.000e+00
0.000e+00
0.000e+00
9.074e-04
9.074e-04
0.000e+00
9.074e-04
9.074e-04
1.815e-03
9.074e-04
0.000e+00
9.074e-04
9.074e-04
9.074e-04
1.815e-03
2.722e-03
1.815e-03
1.815e-03
2.722e-03
9.074e-04
4.537e-03
1.815e-03
2.722e-03
1.815e-03
9.074e-04
2.722e-03
9.074e-04
1.815e-03
0.000e+00
0.000e+00
9.074e-04
0.000e+00
3.630e-03
0.000e+00
1.815e-03
4.537e-03
1.815e-03
0.000e+00
0.000e+00
2.722e-03
9.074e-04
3.630e-03
2.722e-03
2.722e-03
7.260e-03
4.537e-03
8.167e-03
9.074e-03
1.089e-02
1.270e-02
2.904e-02
5.445e-02
9.347e-02
3.902e-02
2.269e-02
1.452e-02
1.906e-02
9.074e-04
7.260e-03
4.537e-03
8.167e-03
4.537e-03
3.630e-03
2.722e-03
1.815e-03
1.815e-03
3.630e-03
2.722e-03
2.722e-03
9.074e-04
2.722e-03
2.722e-03
0.000e+00
1.815e-03
9.074e-04
9.074e-04
9.074e-04
1.815e-03
1.815e-03
5.445e-03
2.722e-03
2.722e-03
9.074e-04
9.074e-04
0.000e+00
2.722e-03
0.000e+00
9.074e-04
0.000e+00
9.074e-04
3.630e-03
0.000e+00
1.815e-03
9.074e-04
9.074e-04
0.000e+00
9.074e-04
0.000e+00
0.000e+00
0.000e+00
0.000e+00
0.000e+00
0.000e+00
0.000e+00
0.000e+00
0.000e+00
0.000e+00
0.000e+00
9.074e-04
9.074e-04
0.000e+00
0.000e+00
9.074e-04
0.000e+00
0.000e+00
9.074e-04
1.815e-03
1.815e-03
0.000e+00
0.000e+00
0.000e+00
0.000e+00
0.000e+00
0.000e+00
9.074e-04
0.000e+00
9.074e-04
9.074e-04
0.000e+00
0.000e+00
0.000e+00
0.000e+00
0.000e+00
0.000e+00
0.000e+00
0.000e+00
0.000e+00
1.815e-03
9.074e-04
2.722e-03
0.000e+00
9.074e-04
0.000e+00
9.074e-04
9.074e-04
0.000e+00
9.074e-04
0.000e+00
9.074e-04
0.000e+00
0.000e+00
0.000e+00
0.000e+00
9.074e-04
0.000e+00
0.000e+00
0.000e+00
0.000e+00
9.074e-04
0.000e+00
0.000e+00
0.000e+00
9.074e-04
0.000e+00
9.074e-04
0.000e+00
9.074e-04
0.000e+00
0.000e+00
0.000e+00
0.000e+00
0.000e+00
0.000e+00
0.000e+00
0.000e+00
9.074e-04
0.000e+00
0.000e+00
9.074e-04
0.000e+00
9.074e-04
0.000e+00
0.000e+00
0.000e+00
0.000e+00
9.074e-04
9.074e-04
0.000e+00
9.074e-04
1.815e-03
1.815e-03
9.074e-04
0.000e+00
0.000e+00
9.074e-04
3.630e-03
0.000e+00
1.815e-03
1.815e-03
3.630e-03
1.815e-03
1.815e-03
4.537e-03
2.722e-03
3.630e-03
9.074e-04
9.074e-04
2.722e-03
0.000e+00
1.815e-03
0.000e+00
1.815e-03
9.074e-04
1.815e-03
1.815e-03
2.722e-03
2.722e-03
9.074e-04
0.000e+00
1.815e-03
1.815e-03
2.722e-03
0.000e+00
3.630e-03
4.537e-03
9.982e-03
3.630e-03
9.074e-03
1.815e-02
9.982e-03
2.813e-02
4.900e-02
