1.270e-02
1.407e-02
1.044e-02
1.225e-02
6.352e-03
7.260e-03
5.898e-03
5.445e-03
4.537e-03
3.630e-03
4.537e-03
2.722e-03
1.815e-03
2.722e-03
1.361e-03
9.074e-04
9.074e-04
1.815e-03
9.074e-04
1.815e-03
0.000e+00
1.361e-03
2.722e-03
1.361e-03
4.537e-04
0.000e+00
9.074e-04
0.000e+00
9.074e-04
3.176e-03
9.074e-04
0.000e+00
0.000e+00
9.074e-04
9.074e-04
4.537e-04
9.074e-04
0.000e+00
4.537e-04
9.074e-04
1.361e-03
0.000e+00
4.537e-04
4.537e-04
9.074e-04
0.000e+00
4.537e-04
0.000e+00
0.000e+00
0.000e+00
0.000e+00
0.000e+00
0.000e+00
0.000e+00
0.000e+00
0.000e+00
0.000e+00
0.000e+00
0.000e+00
0.000e+00
4.537e-04
9.074e-04
0.000e+00
0.000e+00
1.361e-03
0.000e+00
0.000e+00
0.000e+00
0.000e+00
0.000e+00
4.537e-04
0.000e+00
0.000e+00
4.537e-04
0.000e+00
0.000e+00
0.000e+00
0.000e+00
4.537e-04
0.000e+00
4.537e-04
0.000e+00
4.537e-04
4.537e-04
0.000e+00
4.537e-04
9.074e-04
0.000e+00
1.361e-03
4.537e-04
0.000e+00
0.000e+00
4.537e-04
4.537e-04
0.000e+00
0.000e+00
4.537e-04
0.000e+00
4.537e-04
0.000e+00
0.000e+00
0.000e+00
4.537e-04
0.000e+00
4.537e-04
0.000e+00
0.000e+00
0.000e+00
0.000e+00
0.000e+00
0.000e+00
0.000e+00
4.537e-04
4.537e-04
4.537e-04
4.537e-04
9.074e-04
0.000e+00
0.000e+00
0.000e+00
0.000e+00
0.000e+00
4.537e-04
0.000e+00
4.537e-04
0.000e+00
0.000e+00
0.000e+00
0.000e+00
0.000e+00
0.000e+00
1.361e-03
4.537e-04
9.074e-04
4.537e-04
0.000e+00
0.000e+00
4.537e-04
4.537e-04
4.537e-04
1.361e-03
0.000e+00
1.361e-03
9.074e-04
1.361e-03
2.269e-03
4.537e-04
9.074e-04
9.074e-04
0.000e+00
4.537e-04
4.537e-04
4.537e-04
1.815e-03
4.537e-04
1.361e-03
9.074e-04
9.074e-04
4.537e-04
9.074e-04
2.722e-03
9.074e-04
9.074e-04
1.815e-03
2.269e-03
2.269e-03
4.537e-04
3.176e-03
2.269e-03
1.815e-03
1.361e-03
5.445e-03
5.898e-03
4.537e-03
6.352e-03
7.260e-03
8.167e-03
9.074e-03
1.180e-02
9.074e-03
1.724e-02
1.633e-02
9.982e-03
7.260e-03
9.528e-03
5.898e-03
6.352e-03
2.722e-03
6.352e-03
5.898e-03
2.722e-03
3.176e-03
3.176e-03
9.074e-04
1.361e-03
1.361e-03
2.722e-03
9.074e-04
1.815e-03
0.000e+00
1.361e-03
9.074e-04
9.074e-04
1.361e-03
9.074e-04
0.000e+00
9.074e-04
9.074e-04
9.074e-04
4.537e-04
9.074e-04
4.537e-04
0.000e+00
2.269e-03
0.000e+00
4.537e-04
9.074e-04
1.361e-03
9.074e-04
4.537e-04
4.537e-04
0.000e+00
4.537e-04
0.000e+00
0.000e+00
0.000e+00
1.361e-03
0.000e+00
0.000e+00
9.074e-04
0.000e+00
0.000e+00
0.000e+00
0.000e+00
0.000e+00
0.000e+00
0.000e+00
0.000e+00
4.537e-04
0.000e+00
4.537e-04
4.537e-04
0.000e+00
4.537e-04
0.000e+00
4.537e-04
4.537e-04
0.000e+00
0.000e+00
0.000e+00
0.000e+00
0.000e+00
4.537e-04
4.537e-04
0.000e+00
0.000e+00
0.000e+00
0.000e+00
0.000e+00
0.000e+00
4.537e-04
0.000e+00
0.000e+00
9.074e-04
9.074e-04
4.537e-04
9.074e-04
4.537e-04
4.537e-04
4.537e-04
0.000e+00
0.000e+00
4.537e-04
0.000e+00
0.000e+00
4.537e-04
4.537e-04
0.000e+00
0.000e+00
4.537e-04
0.000e+00
9.074e-04
0.000e+00
0.000e+00
0.000e+00
0.000e+00
0.000e+00
0.000e+00
0.000e+00
0.000e+00
4.537e-04
0.000e+00
0.000e+00
4.537e-04
0.000e+00
4.537e-04
0.000e+00
0.000e+00
4.537e-04
4.537e-04
0.000e+00
0.000e+00
0.000e+00
4.537e-04
0.000e+00
0.000e+00
4.537e-04
0.000e+00
0.000e+00
0.000e+00
4.537e-04
1.361e-03
4.537e-04
0.000e+00
0.000e+00
4.537e-04
4.537e-04
4.537e-04
0.000e+00
9.074e-04
0.000e+00
1.361e-03
4.537e-04
1.361e-03
4.537e-04
2.269e-03
9.074e-04
9.074e-04
1.361e-03
4.537e-04
0.000e+00
0.000e+00
9.074e-04
1.815e-03
1.361e-03
9.074e-04
0.000e+00
1.361e-03
4.537e-04
0.000e+00
3.176e-03
3.630e-03
9.074e-04
1.361e-03
1.361e-03
1.815e-03
1.815e-03
2.269e-03
1.361e-03
4.537e-04
1.361e-03
6.352e-03
4.991e-03
4.991e-03
6.352e-03
7.260e-03
8.621e-03
9.982e-03
1.044e-02
1.407e-02
