1.562e-02
0.000e+00
0.000e+00
0.000e+00
6.250e-03
0.000e+00
0.000e+00
3.125e-03
0.000e+00
3.125e-03
3.125e-03
0.000e+00
0.000e+00
3.125e-03
3.125e-03
6.250e-03
3.125e-03
3.125e-03
0.000e+00
6.250e-03
1.875e-02
0.000e+00
3.125e-03
3.125e-03
1.250e-02
3.438e-02
3.125e-02
1.250e-02
0.000e+00
6.250e-03
1.250e-02
0.000e+00
6.250e-03
0.000e+00
6.250e-03
6.250e-03
0.000e+00
3.125e-03
1.250e-02
6.250e-03
3.125e-03
0.000e+00
9.375e-03
3.125e-03
3.125e-03
3.125e-03
0.000e+00
0.000e+00
6.250e-03
1.250e-02
0.000e+00
0.000e+00
0.000e+00
0.000e+00
0.000e+00
0.000e+00
0.000e+00
6.250e-03
0.000e+00
0.000e+00
0.000e+00
0.000e+00
0.000e+00
0.000e+00
0.000e+00
0.000e+00
0.000e+00
0.000e+00
0.000e+00
0.000e+00
0.000e+00
0.000e+00
6.250e-03
0.000e+00
0.000e+00
0.000e+00
0.000e+00
0.000e+00
0.000e+00
0.000e+00
0.000e+00
0.000e+00
0.000e+00
0.000e+00
0.000e+00
0.000e+00
6.250e-03
0.000e+00
0.000e+00
0.000e+00
0.000e+00
0.000e+00
0.000e+00
0.000e+00
6.250e-03
9.375e-03
0.000e+00
0.000e+00
3.125e-03
0.000e+00
0.000e+00
0.000e+00
0.000e+00
3.125e-03
0.000e+00
0.000e+00
0.000e+00
0.000e+00
0.000e+00
6.250e-03
6.250e-03
0.000e+00
0.000e+00
0.000e+00
0.000e+00
0.000e+00
3.125e-03
3.125e-03
0.000e+00
0.000e+00
0.000e+00
0.000e+00
6.250e-03
0.000e+00
0.000e+00
0.000e+00
0.000e+00
6.250e-03
0.000e+00
0.000e+00
0.000e+00
6.250e-03
3.125e-03
0.000e+00
0.000e+00
9.375e-03
3.125e-03
3.125e-03
0.000e+00
1.562e-02
3.125e-03
0.000e+00
6.250e-03
0.000e+00
6.250e-03
1.875e-02
0.000e+00
0.000e+00
6.250e-03
0.000e+00
6.250e-03
0.000e+00
0.000e+00
1.250e-02
3.125e-03
9.375e-03
0.000e+00
0.000e+00
0.000e+00
6.250e-03
0.000e+00
0.000e+00
0.000e+00
3.125e-03
0.000e+00
0.000e+00
0.000e+00
0.000e+00
0.000e+00
3.125e-03
0.000e+00
1.250e-02
0.000e+00
3.125e-03
0.000e+00
6.250e-03
0.000e+00
0.000e+00
0.000e+00
9.375e-03
1.562e-02
0.000e+00
0.000e+00
6.250e-03
0.000e+00
0.000e+00
0.000e+00
3.125e-03
3.125e-03
0.000e+00
3.125e-03
0.000e+00
0.000e+00
3.125e-03
3.125e-03
0.000e+00
3.125e-03
6.250e-03
3.125e-03
1.250e-02
1.250e-02
0.000e+00
9.375e-03
0.000e+00
3.125e-03
2.187e-02
2.500e-02
2.500e-02
1.250e-02
0.000e+00
6.250e-03
6.250e-03
6.250e-03
6.250e-03
6.250e-03
0.000e+00
0.000e+00
0.000e+00
0.000e+00
9.375e-03
6.250e-03
1.250e-02
9.375e-03
0.000e+00
3.125e-03
6.250e-03
0.000e+00
0.000e+00
0.000e+00
0.000e+00
0.000e+00
3.125e-03
1.250e-02
0.000e+00
6.250e-03
0.000e+00
0.000e+00
0.000e+00
0.000e+00
0.000e+00
6.250e-03
0.000e+00
0.000e+00
0.000e+00
0.000e+00
0.000e+00
0.000e+00
0.000e+00
0.000e+00
0.000e+00
0.000e+00
0.000e+00
0.000e+00
0.000e+00
0.000e+00
6.250e-03
0.000e+00
0.000e+00
0.000e+00
0.000e+00
0.000e+00
0.000e+00
0.000e+00
0.000e+00
6.250e-03
0.000e+00
0.000e+00
0.000e+00
0.000e+00
0.000e+00
0.000e+00
0.000e+00
0.000e+00
0.000e+00
0.000e+00
0.000e+00
1.562e-02
0.000e+00
0.000e+00
0.000e+00
0.000e+00
3.125e-03
0.000e+00
0.000e+00
0.000e+00
0.000e+00
0.000e+00
0.000e+00
0.000e+00
0.000e+00
9.375e-03
0.000e+00
0.000e+00
0.000e+00
6.250e-03
0.000e+00
0.000e+00
0.000e+00
0.000e+00
0.000e+00
0.000e+00
6.250e-03
0.000e+00
0.000e+00
0.000e+00
0.000e+00
3.125e-03
0.000e+00
3.125e-03
0.000e+00
0.000e+00
0.000e+00
6.250e-03
9.375e-03
0.000e+00
0.000e+00
3.125e-03
0.000e+00
9.375e-03
3.125e-03
6.250e-03
0.000e+00
3.125e-03
9.375e-03
3.125e-03
3.125e-03
0.000e+00
6.250e-03
1.875e-02
6.250e-03
0.000e+00
0.000e+00
0.000e+00
6.250e-03
0.000e+00
1.562e-02
9.375e-03
0.000e+00
0.000e+00
6.250e-03
0.000e+00
0.000e+00
0.000e+00
3.125e-03
0.000e+00
0.000e+00
0.000e+00
1.250e-02
3.125e-03
0.000e+00
0.000e+00
0.000e+00
0.000e+00
3.125e-03
0.000e+00
6.250e-03
0.000e+00
0.000e+00
0.000e+00
9.375e-03
