4.687e-03
1.563e-03
0.000e+00
0.000e+00
0.000e+00
1.563e-03
4.687e-03
0.000e+00
1.563e-03
3.125e-03
6.250e-03
0.000e+00
0.000e+00
1.563e-03
1.563e-03
0.000e+00
3.125e-03
3.125e-03
0.000e+00
1.563e-03
6.250e-03
4.687e-03
4.687e-03
6.250e-03
0.000e+00
0.000e+00
6.250e-03
1.563e-03
9.375e-03
6.250e-03
0.000e+00
0.000e+00
3.125e-03
4.687e-03
1.563e-03
1.563e-03
4.687e-03
0.000e+00
0.000e+00
4.687e-03
3.125e-03
0.000e+00
0.000e+00
4.687e-03
3.125e-03
0.000e+00
0.000e+00
0.000e+00
3.125e-03
1.563e-03
1.563e-03
0.000e+00
0.000e+00
0.000e+00
0.000e+00
0.000e+00
0.000e+00
1.563e-03
1.563e-03
0.000e+00
7.812e-03
0.000e+00
0.000e+00
0.000e+00
0.000e+00
0.000e+00
0.000e+00
0.000e+00
0.000e+00
0.000e+00
1.563e-03
3.125e-03
0.000e+00
0.000e+00
0.000e+00
0.000e+00
0.000e+00
0.000e+00
0.000e+00
0.000e+00
0.000e+00
0.000e+00
3.125e-03
0.000e+00
4.687e-03
3.125e-03
0.000e+00
0.000e+00
0.000e+00
0.000e+00
0.000e+00
0.000e+00
0.000e+00
0.000e+00
0.000e+00
0.000e+00
3.125e-03
0.000e+00
0.000e+00
0.000e+00
0.000e+00
0.000e+00
0.000e+00
3.125e-03
0.000e+00
0.000e+00
0.000e+00
1.563e-03
0.000e+00
1.563e-03
0.000e+00
3.125e-03
0.000e+00
0.000e+00
0.000e+00
1.563e-03
0.000e+00
0.000e+00
0.000e+00
0.000e+00
0.000e+00
0.000e+00
1.563e-03
0.000e+00
3.125e-03
6.250e-03
0.000e+00
0.000e+00
0.000e+00
0.000e+00
1.563e-03
0.000e+00
0.000e+00
1.563e-03
0.000e+00
3.125e-03
0.000e+00
4.687e-03
0.000e+00
4.687e-03
3.125e-03
1.563e-03
0.000e+00
4.687e-03
6.250e-03
3.125e-03
1.563e-03
0.000e+00
3.125e-03
3.125e-03
0.000e+00
3.125e-03
0.000e+00
6.250e-03
0.000e+00
0.000e+00
1.563e-03
9.375e-03
0.000e+00
0.000e+00
0.000e+00
0.000e+00
0.000e+00
0.000e+00
0.000e+00
3.125e-03
1.563e-03
0.000e+00
0.000e+00
0.000e+00
1.563e-03
0.000e+00
0.000e+00
0.000e+00
0.000e+00
4.687e-03
0.000e+00
4.687e-03
0.000e+00
1.563e-03
3.125e-03
1.563e-03
0.000e+00
3.125e-03
1.563e-03
0.000e+00
0.000e+00
1.563e-03
3.125e-03
7.812e-03
1.563e-03
1.563e-03
0.000e+00
1.563e-03
0.000e+00
1.563e-03
3.125e-03
3.125e-03
3.125e-03
0.000e+00
6.250e-03
3.125e-03
0.000e+00
1.563e-03
6.250e-03
0.000e+00
3.125e-03
6.250e-03
6.250e-03
3.125e-03
0.000e+00
4.687e-03
3.125e-03
3.125e-03
0.000e+00
1.563e-03
3.125e-03
3.125e-03
1.563e-03
1.563e-03
3.125e-03
3.125e-03
3.125e-03
0.000e+00
1.563e-03
0.000e+00
0.000e+00
1.563e-03
0.000e+00
6.250e-03
1.563e-03
0.000e+00
0.000e+00
0.000e+00
3.125e-03
0.000e+00
0.000e+00
1.563e-03
3.125e-03
0.000e+00
0.000e+00
0.000e+00
1.563e-03
0.000e+00
1.563e-03
3.125e-03
0.000e+00
0.000e+00
0.000e+00
0.000e+00
0.000e+00
0.000e+00
0.000e+00
1.563e-03
0.000e+00
0.000e+00
3.125e-03
0.000e+00
0.000e+00
0.000e+00
0.000e+00
0.000e+00
0.000e+00
0.000e+00
4.687e-03
1.563e-03
4.687e-03
0.000e+00
0.000e+00
0.000e+00
0.000e+00
0.000e+00
0.000e+00
0.000e+00
0.000e+00
0.000e+00
3.125e-03
0.000e+00
0.000e+00
0.000e+00
0.000e+00
0.000e+00
0.000e+00
1.563e-03
0.000e+00
3.125e-03
1.563e-03
0.000e+00
0.000e+00
0.000e+00
0.000e+00
3.125e-03
0.000e+00
0.000e+00
0.000e+00
0.000e+00
0.000e+00
0.000e+00
0.000e+00
0.000e+00
0.000e+00
0.000e+00
0.000e+00
1.563e-03
0.000e+00
4.687e-03
3.125e-03
0.000e+00
4.687e-03
0.000e+00
0.000e+00
0.000e+00
1.563e-03
0.000e+00
0.000e+00
0.000e+00
3.125e-03
0.000e+00
0.000e+00
4.687e-03
0.000e+00
0.000e+00
4.687e-03
3.125e-03
1.563e-03
0.000e+00
3.125e-03
3.125e-03
9.375e-03
0.000e+00
3.125e-03
0.000e+00
0.000e+00
9.375e-03
3.125e-03
0.000e+00
1.563e-03
0.000e+00
0.000e+00
0.000e+00
3.125e-03
0.000e+00
0.000e+00
6.250e-03
0.000e+00
1.563e-03
0.000e+00
4.687e-03
0.000e+00
0.000e+00
0.000e+00
0.000e+00
0.000e+00
0.000e+00
3.125e-03
0.000e+00
1.563e-03
1.563e-03
1.563e-03
4.687e-03
