1.604e-02
2.674e-03
0.000e+00
2.674e-03
1.070e-02
0.000e+00
2.674e-03
2.674e-03
5.348e-03
5.348e-03
2.674e-03
0.000e+00
0.000e+00
5.348e-03
2.674e-03
5.348e-03
2.674e-03
2.674e-03
0.000e+00
5.348e-03
1.604e-02
0.000e+00
2.674e-03
2.674e-03
1.070e-02
3.476e-02
2.674e-02
1.070e-02
0.000e+00
5.348e-03
1.070e-02
0.000e+00
5.348e-03
0.000e+00
5.348e-03
5.348e-03
0.000e+00
2.674e-03
1.070e-02
5.348e-03
2.674e-03
0.000e+00
8.021e-03
5.348e-03
2.674e-03
2.674e-03
0.000e+00
0.000e+00
5.348e-03
1.070e-02
0.000e+00
0.000e+00
0.000e+00
0.000e+00
0.000e+00
0.000e+00
0.000e+00
5.348e-03
0.000e+00
0.000e+00
0.000e+00
0.000e+00
0.000e+00
0.000e+00
0.000e+00
0.000e+00
0.000e+00
0.000e+00
0.000e+00
0.000e+00
0.000e+00
0.000e+00
5.348e-03
0.000e+00
0.000e+00
0.000e+00
0.000e+00
0.000e+00
0.000e+00
0.000e+00
0.000e+00
0.000e+00
0.000e+00
0.000e+00
0.000e+00
0.000e+00
5.348e-03
0.000e+00
0.000e+00
0.000e+00
0.000e+00
0.000e+00
0.000e+00
0.000e+00
5.348e-03
8.021e-03
0.000e+00
0.000e+00
2.674e-03
0.000e+00
0.000e+00
0.000e+00
0.000e+00
2.674e-03
0.000e+00
0.000e+00
0.000e+00
0.000e+00
0.000e+00
5.348e-03
5.348e-03
0.000e+00
0.000e+00
0.000e+00
0.000e+00
0.000e+00
2.674e-03
5.348e-03
0.000e+00
0.000e+00
0.000e+00
0.000e+00
5.348e-03
0.000e+00
0.000e+00
0.000e+00
0.000e+00
5.348e-03
0.000e+00
0.000e+00
0.000e+00
5.348e-03
2.674e-03
0.000e+00
0.000e+00
8.021e-03
2.674e-03
2.674e-03
0.000e+00
1.337e-02
2.674e-03
0.000e+00
8.021e-03
0.000e+00
5.348e-03
1.604e-02
0.000e+00
0.000e+00
5.348e-03
5.348e-03
5.348e-03
0.000e+00
0.000e+00
1.070e-02
2.674e-03
8.021e-03
0.000e+00
0.000e+00
0.000e+00
5.348e-03
0.000e+00
0.000e+00
0.000e+00
2.674e-03
0.000e+00
2.674e-03
0.000e+00
2.674e-03
0.000e+00
5.348e-03
2.674e-03
1.070e-02
2.674e-03
2.674e-03
2.674e-03
5.348e-03
5.348e-03
2.674e-03
2.674e-03
8.021e-03
1.872e-02
0.000e+00
0.000e+00
1.070e-02
2.674e-03
0.000e+00
2.674e-03
8.021e-03
5.348e-03
0.000e+00
2.674e-03
2.674e-03
0.000e+00
2.674e-03
2.674e-03
0.000e+00
2.674e-03
5.348e-03
2.674e-03
1.070e-02
1.070e-02
0.000e+00
8.021e-03
0.000e+00
2.674e-03
2.406e-02
2.139e-02
2.139e-02
1.070e-02
0.000e+00
5.348e-03
5.348e-03
5.348e-03
5.348e-03
5.348e-03
0.000e+00
0.000e+00
0.000e+00
0.000e+00
8.021e-03
5.348e-03
1.070e-02
8.021e-03
0.000e+00
2.674e-03
8.021e-03
0.000e+00
0.000e+00
0.000e+00
0.000e+00
0.000e+00
2.674e-03
1.070e-02
0.000e+00
5.348e-03
0.000e+00
0.000e+00
0.000e+00
0.000e+00
0.000e+00
5.348e-03
0.000e+00
0.000e+00
0.000e+00
0.000e+00
0.000e+00
0.000e+00
0.000e+00
0.000e+00
0.000e+00
0.000e+00
0.000e+00
0.000e+00
0.000e+00
0.000e+00
5.348e-03
0.000e+00
0.000e+00
0.000e+00
0.000e+00
0.000e+00
0.000e+00
0.000e+00
0.000e+00
5.348e-03
0.000e+00
0.000e+00
0.000e+00
0.000e+00
0.000e+00
0.000e+00
0.000e+00
0.000e+00
0.000e+00
0.000e+00
0.000e+00
1.337e-02
0.000e+00
0.000e+00
0.000e+00
0.000e+00
2.674e-03
0.000e+00
0.000e+00
0.000e+00
0.000e+00
0.000e+00
0.000e+00
0.000e+00
0.000e+00
8.021e-03
0.000e+00
0.000e+00
0.000e+00
5.348e-03
0.000e+00
0.000e+00
0.000e+00
0.000e+00
0.000e+00
0.000e+00
5.348e-03
2.674e-03
0.000e+00
0.000e+00
0.000e+00
2.674e-03
0.000e+00
2.674e-03
0.000e+00
0.000e+00
0.000e+00
5.348e-03
8.021e-03
0.000e+00
0.000e+00
2.674e-03
0.000e+00
8.021e-03
2.674e-03
5.348e-03
0.000e+00
2.674e-03
1.070e-02
2.674e-03
8.021e-03
0.000e+00
5.348e-03
1.604e-02
5.348e-03
0.000e+00
0.000e+00
0.000e+00
5.348e-03
0.000e+00
1.337e-02
8.021e-03
0.000e+00
0.000e+00
5.348e-03
0.000e+00
0.000e+00
0.000e+00
5.348e-03
0.000e+00
0.000e+00
0.000e+00
1.337e-02
2.674e-03
2.674e-03
5.348e-03
0.000e+00
0.000e+00
2.674e-03
2.674e-03
8.021e-03
2.674e-03
2.674e-03
2.674e-03
8.021e-03
