5.348e-03
2.674e-03
1.337e-03
0.000e+00
0.000e+00
2.674e-03
4.011e-03
1.337e-03
2.674e-03
4.011e-03
5.348e-03
0.000e+00
0.000e+00
1.337e-03
1.337e-03
0.000e+00
2.674e-03
2.674e-03
1.337e-03
1.337e-03
5.348e-03
4.011e-03
4.011e-03
5.348e-03
0.000e+00
0.000e+00
5.348e-03
1.337e-03
8.021e-03
8.021e-03
0.000e+00
0.000e+00
2.674e-03
4.011e-03
1.337e-03
1.337e-03
4.011e-03
0.000e+00
0.000e+00
4.011e-03
2.674e-03
0.000e+00
0.000e+00
4.011e-03
2.674e-03
0.000e+00
0.000e+00
0.000e+00
2.674e-03
1.337e-03
1.337e-03
0.000e+00
0.000e+00
0.000e+00
0.000e+00
0.000e+00
0.000e+00
2.674e-03
1.337e-03
0.000e+00
6.684e-03
0.000e+00
0.000e+00
0.000e+00
0.000e+00
0.000e+00
0.000e+00
0.000e+00
0.000e+00
0.000e+00
1.337e-03
2.674e-03
0.000e+00
0.000e+00
0.000e+00
0.000e+00
0.000e+00
0.000e+00
0.000e+00
0.000e+00
0.000e+00
0.000e+00
2.674e-03
0.000e+00
4.011e-03
2.674e-03
0.000e+00
0.000e+00
0.000e+00
0.000e+00
0.000e+00
0.000e+00
0.000e+00
0.000e+00
0.000e+00
0.000e+00
2.674e-03
0.000e+00
0.000e+00
0.000e+00
0.000e+00
0.000e+00
0.000e+00
2.674e-03
0.000e+00
0.000e+00
0.000e+00
1.337e-03
0.000e+00
1.337e-03
0.000e+00
2.674e-03
0.000e+00
0.000e+00
0.000e+00
2.674e-03
0.000e+00
0.000e+00
0.000e+00
0.000e+00
0.000e+00
0.000e+00
1.337e-03
0.000e+00
2.674e-03
5.348e-03
0.000e+00
0.000e+00
0.000e+00
0.000e+00
1.337e-03
0.000e+00
0.000e+00
1.337e-03
0.000e+00
2.674e-03
0.000e+00
4.011e-03
0.000e+00
4.011e-03
2.674e-03
1.337e-03
0.000e+00
4.011e-03
9.358e-03
2.674e-03
1.337e-03
0.000e+00
4.011e-03
2.674e-03
0.000e+00
2.674e-03
0.000e+00
5.348e-03
0.000e+00
0.000e+00
1.337e-03
8.021e-03
0.000e+00
0.000e+00
0.000e+00
0.000e+00
0.000e+00
0.000e+00
0.000e+00
2.674e-03
1.337e-03
1.337e-03
0.000e+00
0.000e+00
1.337e-03
1.337e-03
0.000e+00
1.337e-03
1.337e-03
6.684e-03
1.337e-03
4.011e-03
0.000e+00
6.684e-03
4.011e-03
1.337e-03
1.337e-03
4.011e-03
1.337e-03
1.337e-03
0.000e+00
1.337e-03
4.011e-03
8.021e-03
2.674e-03
1.337e-03
0.000e+00
1.337e-03
0.000e+00
1.337e-03
2.674e-03
4.011e-03
2.674e-03
0.000e+00
5.348e-03
2.674e-03
0.000e+00
1.337e-03
5.348e-03
0.000e+00
2.674e-03
5.348e-03
5.348e-03
2.674e-03
0.000e+00
4.011e-03
2.674e-03
5.348e-03
0.000e+00
1.337e-03
2.674e-03
2.674e-03
1.337e-03
1.337e-03
2.674e-03
2.674e-03
2.674e-03
0.000e+00
1.337e-03
0.000e+00
0.000e+00
1.337e-03
0.000e+00
5.348e-03
1.337e-03
0.000e+00
0.000e+00
0.000e+00
2.674e-03
0.000e+00
0.000e+00
1.337e-03
2.674e-03
0.000e+00
0.000e+00
0.000e+00
2.674e-03
0.000e+00
1.337e-03
2.674e-03
0.000e+00
0.000e+00
0.000e+00
0.000e+00
0.000e+00
0.000e+00
0.000e+00
1.337e-03
0.000e+00
0.000e+00
2.674e-03
0.000e+00
0.000e+00
0.000e+00
0.000e+00
0.000e+00
0.000e+00
0.000e+00
4.011e-03
1.337e-03
4.011e-03
0.000e+00
0.000e+00
0.000e+00
0.000e+00
0.000e+00
0.000e+00
0.000e+00
0.000e+00
0.000e+00
2.674e-03
0.000e+00
0.000e+00
0.000e+00
0.000e+00
0.000e+00
0.000e+00
1.337e-03
0.000e+00
2.674e-03
1.337e-03
0.000e+00
0.000e+00
0.000e+00
0.000e+00
2.674e-03
0.000e+00
1.337e-03
0.000e+00
0.000e+00
0.000e+00
0.000e+00
0.000e+00
0.000e+00
0.000e+00
0.000e+00
0.000e+00
1.337e-03
0.000e+00
4.011e-03
2.674e-03
0.000e+00
4.011e-03
0.000e+00
0.000e+00
0.000e+00
1.337e-03
0.000e+00
0.000e+00
0.000e+00
2.674e-03
0.000e+00
0.000e+00
5.348e-03
0.000e+00
2.674e-03
4.011e-03
2.674e-03
1.337e-03
0.000e+00
2.674e-03
2.674e-03
9.358e-03
0.000e+00
2.674e-03
0.000e+00
0.000e+00
8.021e-03
2.674e-03
0.000e+00
1.337e-03
0.000e+00
0.000e+00
0.000e+00
2.674e-03
0.000e+00
0.000e+00
5.348e-03
0.000e+00
1.337e-03
0.000e+00
5.348e-03
0.000e+00
0.000e+00
0.000e+00
0.000e+00
0.000e+00
2.674e-03
5.348e-03
1.337e-03
4.011e-03
4.011e-03
2.674e-03
4.011e-03
