7.547e-02
5.031e-02
3.145e-02
6.289e-03
1.887e-02
1.258e-02
6.289e-03
6.289e-03
1.887e-02
0.000e+00
6.289e-03
6.289e-03
0.000e+00
6.289e-03
0.000e+00
0.000e+00
0.000e+00
0.000e+00
0.000e+00
0.000e+00
0.000e+00
0.000e+00
0.000e+00
0.000e+00
0.000e+00
0.000e+00
0.000e+00
0.000e+00
0.000e+00
0.000e+00
0.000e+00
0.000e+00
0.000e+00
0.000e+00
0.000e+00
0.000e+00
6.289e-03
6.289e-03
0.000e+00
0.000e+00
0.000e+00
0.000e+00
0.000e+00
0.000e+00
0.000e+00
0.000e+00
0.000e+00
0.000e+00
6.289e-03
6.289e-03
0.000e+00
0.000e+00
0.000e+00
0.000e+00
0.000e+00
0.000e+00
0.000e+00
0.000e+00
0.000e+00
0.000e+00
0.000e+00
0.000e+00
0.000e+00
0.000e+00
0.000e+00
0.000e+00
0.000e+00
6.289e-03
0.000e+00
0.000e+00
0.000e+00
0.000e+00
6.289e-03
0.000e+00
6.289e-03
0.000e+00
0.000e+00
0.000e+00
0.000e+00
0.000e+00
6.289e-03
0.000e+00
0.000e+00
6.289e-03
0.000e+00
6.289e-03
1.258e-02
0.000e+00
0.000e+00
0.000e+00
6.289e-03
0.000e+00
0.000e+00
0.000e+00
0.000e+00
0.000e+00
0.000e+00
0.000e+00
0.000e+00
0.000e+00
0.000e+00
0.000e+00
0.000e+00
6.289e-03
0.000e+00
0.000e+00
0.000e+00
0.000e+00
0.000e+00
0.000e+00
0.000e+00
0.000e+00
0.000e+00
0.000e+00
0.000e+00
6.289e-03
0.000e+00
0.000e+00
0.000e+00
0.000e+00
0.000e+00
6.289e-03
0.000e+00
0.000e+00
0.000e+00
0.000e+00
0.000e+00
0.000e+00
0.000e+00
0.000e+00
0.000e+00
6.289e-03
0.000e+00
0.000e+00
0.000e+00
0.000e+00
0.000e+00
0.000e+00
0.000e+00
6.289e-03
0.000e+00
0.000e+00
0.000e+00
0.000e+00
0.000e+00
0.000e+00
1.258e-02
6.289e-03
1.258e-02
0.000e+00
6.289e-03
6.289e-03
0.000e+00
0.000e+00
0.000e+00
0.000e+00
0.000e+00
0.000e+00
0.000e+00
0.000e+00
0.000e+00
0.000e+00
0.000e+00
0.000e+00
0.000e+00
0.000e+00
0.000e+00
0.000e+00
6.289e-03
0.000e+00
0.000e+00
6.289e-03
0.000e+00
0.000e+00
6.289e-03
0.000e+00
1.258e-02
1.887e-02
3.145e-02
3.774e-02
6.918e-02
1.887e-02
6.289e-03
0.000e+00
6.289e-03
1.258e-02
0.000e+00
0.000e+00
6.289e-03
6.289e-03
6.289e-03
0.000e+00
6.289e-03
6.289e-03
0.000e+00
0.000e+00
0.000e+00
0.000e+00
0.000e+00
0.000e+00
0.000e+00
0.000e+00
0.000e+00
0.000e+00
6.289e-03
0.000e+00
0.000e+00
0.000e+00
6.289e-03
6.289e-03
6.289e-03
6.289e-03
6.289e-03
0.000e+00
6.289e-03
0.000e+00
0.000e+00
0.000e+00
6.289e-03
6.289e-03
0.000e+00
0.000e+00
6.289e-03
0.000e+00
6.289e-03
0.000e+00
0.000e+00
0.000e+00
0.000e+00
0.000e+00
0.000e+00
0.000e+00
0.000e+00
0.000e+00
0.000e+00
0.000e+00
0.000e+00
0.000e+00
0.000e+00
0.000e+00
0.000e+00
0.000e+00
0.000e+00
0.000e+00
6.289e-03
0.000e+00
0.000e+00
0.000e+00
0.000e+00
0.000e+00
0.000e+00
0.000e+00
0.000e+00
0.000e+00
0.000e+00
6.289e-03
0.000e+00
0.000e+00
0.000e+00
0.000e+00
0.000e+00
0.000e+00
0.000e+00
0.000e+00
0.000e+00
0.000e+00
0.000e+00
0.000e+00
0.000e+00
0.000e+00
6.289e-03
0.000e+00
0.000e+00
0.000e+00
0.000e+00
0.000e+00
0.000e+00
0.000e+00
0.000e+00
0.000e+00
0.000e+00
6.289e-03
0.000e+00
0.000e+00
0.000e+00
0.000e+00
0.000e+00
0.000e+00
0.000e+00
0.000e+00
6.289e-03
0.000e+00
0.000e+00
0.000e+00
6.289e-03
0.000e+00
0.000e+00
0.000e+00
0.000e+00
0.000e+00
0.000e+00
6.289e-03
6.289e-03
0.000e+00
0.000e+00
0.000e+00
0.000e+00
0.000e+00
0.000e+00
0.000e+00
6.289e-03
0.000e+00
1.258e-02
6.289e-03
0.000e+00
6.289e-03
0.000e+00
0.000e+00
0.000e+00
6.289e-03
6.289e-03
0.000e+00
0.000e+00
0.000e+00
0.000e+00
0.000e+00
6.289e-03
0.000e+00
6.289e-03
0.000e+00
6.289e-03
0.000e+00
0.000e+00
0.000e+00
0.000e+00
0.000e+00
0.000e+00
0.000e+00
0.000e+00
0.000e+00
0.000e+00
1.258e-02
0.000e+00
0.000e+00
6.289e-03
0.000e+00
0.000e+00
0.000e+00
1.258e-02
6.289e-03
0.000e+00
0.000e+00
6.289e-03
6.289e-03
6.289e-03
1.258e-02
1.258e-02
0.000e+00
1.258e-02
5.660e-02
