3.291e-02
2.805e-02
2.767e-02
1.720e-02
1.384e-02
1.272e-02
6.358e-03
3.366e-03
3.740e-03
2.618e-03
2.244e-03
1.496e-03
1.122e-03
3.740e-04
3.740e-04
3.740e-04
0.000e+00
1.122e-03
0.000e+00
0.000e+00
7.479e-04
3.740e-04
7.479e-04
3.740e-04
0.000e+00
0.000e+00
3.740e-04
7.479e-04
3.740e-04
3.740e-04
3.740e-04
7.479e-04
0.000e+00
3.740e-04
3.740e-04
3.740e-04
0.000e+00
3.740e-04
7.479e-04
3.740e-04
7.479e-04
0.000e+00
3.740e-04
0.000e+00
7.479e-04
7.479e-04
3.740e-04
3.740e-04
0.000e+00
3.740e-04
0.000e+00
0.000e+00
0.000e+00
3.740e-04
7.479e-04
0.000e+00
0.000e+00
3.740e-04
3.740e-04
0.000e+00
0.000e+00
3.740e-04
0.000e+00
0.000e+00
0.000e+00
0.000e+00
1.122e-03
0.000e+00
0.000e+00
0.000e+00
7.479e-04
3.740e-04
0.000e+00
0.000e+00
3.740e-04
7.479e-04
3.740e-04
3.740e-04
0.000e+00
0.000e+00
0.000e+00
0.000e+00
7.479e-04
0.000e+00
3.740e-04
7.479e-04
3.740e-04
0.000e+00
7.479e-04
0.000e+00
0.000e+00
0.000e+00
0.000e+00
0.000e+00
1.122e-03
0.000e+00
7.479e-04
0.000e+00
0.000e+00
0.000e+00
3.740e-04
0.000e+00
0.000e+00
3.740e-04
3.740e-04
0.000e+00
0.000e+00
0.000e+00
3.740e-04
7.479e-04
3.740e-04
3.740e-04
0.000e+00
3.740e-04
0.000e+00
1.122e-03
3.740e-04
0.000e+00
3.740e-04
0.000e+00
0.000e+00
0.000e+00
3.740e-04
3.740e-04
0.000e+00
7.479e-04
3.740e-04
0.000e+00
3.740e-04
0.000e+00
3.740e-04
3.740e-04
0.000e+00
3.740e-04
3.740e-04
1.122e-03
1.122e-03
7.479e-04
3.740e-04
7.479e-04
0.000e+00
3.740e-04
7.479e-04
0.000e+00
0.000e+00
1.122e-03
7.479e-04
1.496e-03
3.740e-04
1.122e-03
3.740e-04
7.479e-04
7.479e-04
7.479e-04
7.479e-04
1.496e-03
7.479e-04
1.122e-03
1.122e-03
3.740e-04
3.740e-04
1.870e-03
7.479e-04
1.496e-03
1.496e-03
2.618e-03
3.740e-04
4.488e-03
2.618e-03
2.618e-03
2.244e-03
2.992e-03
3.366e-03
2.992e-03
2.992e-03
2.244e-03
2.618e-03
4.862e-03
5.610e-03
5.984e-03
6.731e-03
5.236e-03
6.731e-03
4.488e-03
6.358e-03
4.114e-03
3.740e-03
2.618e-03
3.740e-03
1.122e-03
3.740e-04
1.870e-03
3.740e-03
2.618e-03
7.479e-04
1.496e-03
1.870e-03
1.122e-03
1.122e-03
1.122e-03
7.479e-04
7.479e-04
1.122e-03
3.740e-04
0.000e+00
7.479e-04
3.740e-04
7.479e-04
0.000e+00
7.479e-04
7.479e-04
7.479e-04
1.122e-03
3.740e-04
3.740e-04
0.000e+00
0.000e+00
0.000e+00
0.000e+00
3.740e-04
3.740e-04
0.000e+00
1.496e-03
3.740e-04
3.740e-04
0.000e+00
1.122e-03
3.740e-04
0.000e+00
3.740e-04
7.479e-04
3.740e-04
0.000e+00
0.000e+00
3.740e-04
7.479e-04
3.740e-04
3.740e-04
7.479e-04
0.000e+00
0.000e+00
3.740e-04
3.740e-04
3.740e-04
7.479e-04
3.740e-04
3.740e-04
3.740e-04
3.740e-04
3.740e-04
0.000e+00
3.740e-04
7.479e-04
0.000e+00
0.000e+00
0.000e+00
3.740e-04
0.000e+00
3.740e-04
3.740e-04
0.000e+00
0.000e+00
3.740e-04
0.000e+00
3.740e-04
3.740e-04
7.479e-04
0.000e+00
0.000e+00
3.740e-04
0.000e+00
0.000e+00
1.122e-03
0.000e+00
0.000e+00
0.000e+00
0.000e+00
0.000e+00
0.000e+00
0.000e+00
0.000e+00
0.000e+00
3.740e-04
3.740e-04
3.740e-04
3.740e-04
3.740e-04
3.740e-04
0.000e+00
0.000e+00
3.740e-04
7.479e-04
0.000e+00
1.122e-03
0.000e+00
3.740e-04
3.740e-04
7.479e-04
0.000e+00
0.000e+00
0.000e+00
0.000e+00
0.000e+00
1.122e-03
0.000e+00
3.740e-04
3.740e-04
0.000e+00
0.000e+00
3.740e-04
0.000e+00
3.740e-04
3.740e-04
0.000e+00
0.000e+00
1.122e-03
0.000e+00
1.122e-03
3.740e-04
0.000e+00
3.740e-04
7.479e-04
3.740e-04
3.740e-04
3.740e-04
1.122e-03
7.479e-04
3.740e-04
3.740e-04
1.122e-03
0.000e+00
3.740e-04
0.000e+00
1.122e-03
3.740e-04
0.000e+00
7.479e-04
0.000e+00
0.000e+00
0.000e+00
3.740e-04
1.496e-03
3.740e-04
0.000e+00
0.000e+00
7.479e-04
7.479e-04
7.479e-04
2.244e-03
3.366e-03
1.870e-03
3.366e-03
4.862e-03
5.984e-03
7.105e-03
7.853e-03
1.122e-02
1.720e-02
2.767e-02
3.441e-02
