2.169e-01
6.058e-02
2.693e-02
1.496e-02
1.346e-02
1.496e-02
5.984e-03
5.984e-03
8.975e-03
2.244e-03
6.731e-03
5.984e-03
3.740e-03
5.984e-03
2.244e-03
1.496e-03
1.496e-03
2.244e-03
7.479e-04
1.496e-03
0.000e+00
1.496e-03
2.992e-03
2.244e-03
1.496e-03
2.244e-03
1.496e-03
2.992e-03
0.000e+00
7.479e-04
1.496e-03
7.479e-04
0.000e+00
7.479e-04
7.479e-04
7.479e-04
7.479e-04
7.479e-04
7.479e-04
1.496e-03
1.496e-03
7.479e-04
0.000e+00
7.479e-04
7.479e-04
0.000e+00
7.479e-04
0.000e+00
7.479e-04
7.479e-04
0.000e+00
0.000e+00
7.479e-04
7.479e-04
0.000e+00
0.000e+00
0.000e+00
0.000e+00
0.000e+00
0.000e+00
7.479e-04
0.000e+00
0.000e+00
0.000e+00
7.479e-04
0.000e+00
0.000e+00
7.479e-04
0.000e+00
0.000e+00
0.000e+00
0.000e+00
7.479e-04
0.000e+00
7.479e-04
1.496e-03
0.000e+00
0.000e+00
0.000e+00
0.000e+00
7.479e-04
0.000e+00
0.000e+00
1.496e-03
0.000e+00
7.479e-04
1.496e-03
0.000e+00
0.000e+00
0.000e+00
7.479e-04
0.000e+00
7.479e-04
0.000e+00
0.000e+00
0.000e+00
0.000e+00
0.000e+00
7.479e-04
0.000e+00
0.000e+00
7.479e-04
0.000e+00
7.479e-04
7.479e-04
0.000e+00
0.000e+00
0.000e+00
0.000e+00
0.000e+00
7.479e-04
7.479e-04
0.000e+00
0.000e+00
0.000e+00
1.496e-03
0.000e+00
7.479e-04
0.000e+00
0.000e+00
7.479e-04
7.479e-04
7.479e-04
0.000e+00
0.000e+00
0.000e+00
0.000e+00
0.000e+00
0.000e+00
0.000e+00
0.000e+00
7.479e-04
0.000e+00
0.000e+00
2.244e-03
7.479e-04
7.479e-04
1.496e-03
1.496e-03
7.479e-04
7.479e-04
1.496e-03
1.496e-03
0.000e+00
1.496e-03
0.000e+00
1.496e-03
1.496e-03
2.244e-03
2.992e-03
7.479e-04
7.479e-04
1.496e-03
2.244e-03
0.000e+00
2.244e-03
7.479e-04
0.000e+00
0.000e+00
0.000e+00
7.479e-04
0.000e+00
7.479e-04
0.000e+00
2.244e-03
1.496e-03
7.479e-04
7.479e-04
2.992e-03
3.740e-03
1.496e-03
2.992e-03
1.496e-03
7.479e-04
4.488e-03
4.488e-03
9.723e-03
8.227e-03
1.047e-02
2.767e-02
7.405e-02
3.366e-02
1.346e-02
5.984e-03
7.479e-03
3.740e-03
2.244e-03
2.244e-03
5.984e-03
1.496e-03
1.496e-03
2.244e-03
2.244e-03
1.496e-03
7.479e-04
0.000e+00
0.000e+00
0.000e+00
7.479e-04
0.000e+00
0.000e+00
0.000e+00
1.496e-03
7.479e-04
1.496e-03
0.000e+00
0.000e+00
7.479e-04
7.479e-04
7.479e-04
7.479e-04
1.496e-03
7.479e-04
7.479e-04
1.496e-03
0.000e+00
0.000e+00
7.479e-04
7.479e-04
7.479e-04
0.000e+00
0.000e+00
2.244e-03
1.496e-03
1.496e-03
7.479e-04
7.479e-04
7.479e-04
0.000e+00
7.479e-04
1.496e-03
7.479e-04
0.000e+00
0.000e+00
0.000e+00
7.479e-04
0.000e+00
0.000e+00
0.000e+00
0.000e+00
7.479e-04
0.000e+00
7.479e-04
0.000e+00
7.479e-04
0.000e+00
1.496e-03
0.000e+00
0.000e+00
0.000e+00
0.000e+00
7.479e-04
0.000e+00
0.000e+00
7.479e-04
7.479e-04
0.000e+00
0.000e+00
0.000e+00
0.000e+00
0.000e+00
7.479e-04
0.000e+00
0.000e+00
7.479e-04
7.479e-04
7.479e-04
7.479e-04
0.000e+00
0.000e+00
7.479e-04
7.479e-04
0.000e+00
0.000e+00
0.000e+00
0.000e+00
7.479e-04
0.000e+00
0.000e+00
0.000e+00
0.000e+00
7.479e-04
0.000e+00
0.000e+00
0.000e+00
0.000e+00
0.000e+00
0.000e+00
0.000e+00
0.000e+00
1.496e-03
0.000e+00
0.000e+00
0.000e+00
1.496e-03
0.000e+00
7.479e-04
7.479e-04
0.000e+00
7.479e-04
0.000e+00
1.496e-03
7.479e-04
7.479e-04
0.000e+00
0.000e+00
7.479e-04
0.000e+00
7.479e-04
1.496e-03
1.496e-03
7.479e-04
1.496e-03
1.496e-03
0.000e+00
7.479e-04
0.000e+00
2.244e-03
0.000e+00
7.479e-04
7.479e-04
0.000e+00
1.496e-03
7.479e-04
7.479e-04
7.479e-04
1.496e-03
0.000e+00
1.496e-03
0.000e+00
2.992e-03
0.000e+00
7.479e-04
0.000e+00
1.496e-03
7.479e-04
7.479e-04
2.992e-03
1.496e-03
2.244e-03
7.479e-04
2.992e-03
7.479e-04
2.244e-03
2.244e-03
2.244e-03
2.244e-03
1.496e-03
5.236e-03
4.488e-03
4.488e-03
5.984e-03
2.992e-03
6.731e-03
9.723e-03
1.645e-02
2.169e-02
1.047e-02
2.842e-02
6.058e-02
