1.451e-02
1.333e-02
1.164e-02
9.366e-03
7.678e-03
8.437e-03
5.400e-03
4.641e-03
3.291e-03
3.206e-03
3.375e-03
2.784e-03
2.109e-03
2.109e-03
2.025e-03
1.687e-03
1.181e-03
2.025e-03
1.266e-03
1.350e-03
1.687e-03
1.012e-03
1.350e-03
9.281e-04
9.281e-04
5.062e-04
1.012e-03
5.062e-04
7.594e-04
1.012e-03
3.375e-04
4.219e-04
5.906e-04
5.906e-04
5.906e-04
5.906e-04
6.750e-04
1.687e-04
5.062e-04
5.906e-04
5.906e-04
8.437e-05
2.531e-04
4.219e-04
3.375e-04
3.375e-04
2.531e-04
2.531e-04
8.437e-05
3.375e-04
4.219e-04
8.437e-05
2.531e-04
1.687e-04
4.219e-04
1.687e-04
1.687e-04
1.687e-04
4.219e-04
8.437e-05
3.375e-04
4.219e-04
1.687e-04
3.375e-04
5.906e-04
2.531e-04
3.375e-04
2.531e-04
2.531e-04
2.531e-04
5.906e-04
2.531e-04
8.437e-05
1.687e-04
3.375e-04
2.531e-04
8.437e-05
8.437e-05
1.687e-04
0.000e+00
1.687e-04
1.687e-04
2.531e-04
1.687e-04
5.906e-04
4.219e-04
1.687e-04
0.000e+00
5.062e-04
3.375e-04
8.437e-05
1.687e-04
1.687e-04
8.437e-05
5.906e-04
8.437e-05
2.531e-04
0.000e+00
1.687e-04
1.687e-04
3.375e-04
0.000e+00
1.687e-04
1.687e-04
3.375e-04
1.687e-04
1.687e-04
8.437e-05
4.219e-04
2.531e-04
2.531e-04
3.375e-04
1.687e-04
3.375e-04
2.531e-04
4.219e-04
4.219e-04
2.531e-04
4.219e-04
1.687e-04
3.375e-04
2.531e-04
1.687e-04
5.062e-04
3.375e-04
4.219e-04
1.687e-04
8.437e-05
3.375e-04
3.375e-04
4.219e-04
3.375e-04
3.375e-04
6.750e-04
2.531e-04
5.906e-04
5.062e-04
6.750e-04
2.531e-04
5.906e-04
3.375e-04
3.375e-04
5.906e-04
3.375e-04
6.750e-04
5.906e-04
5.062e-04
5.906e-04
5.062e-04
7.594e-04
6.750e-04
9.281e-04
1.012e-03
1.181e-03
7.594e-04
1.097e-03
9.281e-04
9.281e-04
8.437e-04
1.097e-03
7.594e-04
1.350e-03
5.062e-04
1.941e-03
2.278e-03
2.194e-03
1.856e-03
2.869e-03
3.037e-03
3.037e-03
3.037e-03
5.062e-03
4.050e-03
4.978e-03
4.978e-03
5.822e-03
7.931e-03
1.232e-02
1.198e-02
1.181e-02
1.342e-02
1.375e-02
1.088e-02
9.028e-03
9.534e-03
7.087e-03
5.400e-03
3.966e-03
5.569e-03
2.953e-03
2.700e-03
2.616e-03
2.531e-03
1.687e-03
2.025e-03
1.772e-03
1.856e-03
1.603e-03
1.266e-03
7.594e-04
1.012e-03
1.434e-03
1.181e-03
1.350e-03
5.062e-04
7.594e-04
1.012e-03
1.012e-03
7.594e-04
5.906e-04
4.219e-04
5.906e-04
5.062e-04
9.281e-04
3.375e-04
2.531e-04
5.062e-04
7.594e-04
5.062e-04
6.750e-04
4.219e-04
1.687e-04
5.906e-04
2.531e-04
2.531e-04
0.000e+00
5.062e-04
5.906e-04
1.687e-04
3.375e-04
4.219e-04
8.437e-05
8.437e-05
1.687e-04
2.531e-04
2.531e-04
3.375e-04
2.531e-04
4.219e-04
0.000e+00
2.531e-04
1.687e-04
5.062e-04
4.219e-04
2.531e-04
4.219e-04
5.062e-04
2.531e-04
1.687e-04
2.531e-04
1.687e-04
4.219e-04
1.687e-04
2.531e-04
0.000e+00
8.437e-05
1.687e-04
2.531e-04
1.687e-04
2.531e-04
2.531e-04
8.437e-05
1.687e-04
5.906e-04
4.219e-04
2.531e-04
4.219e-04
8.437e-05
1.687e-04
1.687e-04
8.437e-05
8.437e-05
5.062e-04
2.531e-04
0.000e+00
1.687e-04
4.219e-04
2.531e-04
0.000e+00
8.437e-05
0.000e+00
2.531e-04
2.531e-04
5.062e-04
8.437e-05
1.687e-04
1.687e-04
1.687e-04
5.906e-04
8.437e-05
2.531e-04
3.375e-04
0.000e+00
5.906e-04
3.375e-04
3.375e-04
1.687e-04
2.531e-04
2.531e-04
5.062e-04
8.437e-05
0.000e+00
1.687e-04
5.906e-04
1.687e-04
5.906e-04
4.219e-04
8.437e-05
2.531e-04
3.375e-04
4.219e-04
5.906e-04
1.687e-04
1.687e-04
4.219e-04
5.906e-04
4.219e-04
4.219e-04
4.219e-04
5.062e-04
4.219e-04
6.750e-04
4.219e-04
5.062e-04
4.219e-04
5.906e-04
3.375e-04
5.062e-04
1.097e-03
6.750e-04
9.281e-04
1.012e-03
5.906e-04
1.012e-03
8.437e-04
9.281e-04
7.594e-04
7.594e-04
1.434e-03
9.281e-04
1.266e-03
1.687e-03
8.437e-04
1.266e-03
1.772e-03
2.194e-03
2.109e-03
2.869e-03
3.544e-03
2.700e-03
2.700e-03
3.966e-03
4.894e-03
5.062e-03
5.653e-03
6.244e-03
8.353e-03
9.366e-03
1.215e-02
1.316e-02
