1.392e-01
3.409e-02
2.379e-02
9.619e-03
8.437e-03
6.244e-03
6.075e-03
4.387e-03
4.556e-03
2.362e-03
2.700e-03
2.362e-03
3.375e-03
3.206e-03
2.362e-03
2.025e-03
1.519e-03
1.856e-03
1.519e-03
1.012e-03
2.531e-03
1.856e-03
2.700e-03
2.869e-03
3.037e-03
3.544e-03
3.375e-03
2.531e-03
2.194e-03
1.012e-03
1.350e-03
5.062e-04
5.062e-04
1.181e-03
6.750e-04
8.437e-04
6.750e-04
6.750e-04
1.012e-03
8.437e-04
1.350e-03
8.437e-04
8.437e-04
1.012e-03
5.062e-04
6.750e-04
6.750e-04
6.750e-04
1.350e-03
1.519e-03
3.375e-04
8.437e-04
8.437e-04
6.750e-04
1.012e-03
3.375e-04
8.437e-04
5.062e-04
6.750e-04
3.375e-04
6.750e-04
1.687e-04
3.375e-04
5.062e-04
6.750e-04
0.000e+00
1.687e-04
3.375e-04
1.687e-04
3.375e-04
0.000e+00
0.000e+00
5.062e-04
1.687e-04
1.687e-04
3.375e-04
0.000e+00
0.000e+00
0.000e+00
0.000e+00
1.687e-04
0.000e+00
1.687e-04
3.375e-04
0.000e+00
6.750e-04
5.062e-04
0.000e+00
1.687e-04
6.750e-04
3.375e-04
5.062e-04
3.375e-04
3.375e-04
1.687e-04
5.062e-04
0.000e+00
1.687e-04
3.375e-04
1.687e-04
1.687e-04
5.062e-04
0.000e+00
1.687e-04
1.687e-04
1.687e-04
0.000e+00
0.000e+00
0.000e+00
3.375e-04
1.687e-04
3.375e-04
1.687e-04
0.000e+00
3.375e-04
3.375e-04
6.750e-04
8.437e-04
3.375e-04
0.000e+00
5.062e-04
1.012e-03
6.750e-04
5.062e-04
5.062e-04
0.000e+00
8.437e-04
5.062e-04
5.062e-04
1.181e-03
6.750e-04
1.012e-03
6.750e-04
5.062e-04
8.437e-04
1.012e-03
1.012e-03
1.012e-03
1.350e-03
8.437e-04
5.062e-04
3.375e-04
1.350e-03
1.350e-03
1.350e-03
6.750e-04
1.012e-03
1.012e-03
1.519e-03
1.350e-03
1.856e-03
1.519e-03
3.375e-03
3.206e-03
1.181e-03
1.856e-03
2.362e-03
2.362e-03
2.362e-03
2.531e-03
2.025e-03
1.856e-03
1.012e-03
1.687e-03
2.025e-03
1.687e-03
1.519e-03
2.194e-03
3.375e-03
3.544e-03
2.362e-03
2.869e-03
3.375e-03
3.375e-03
6.075e-03
6.412e-03
8.269e-03
1.350e-02
2.312e-02
3.527e-02
1.423e-01
3.392e-02
2.042e-02
1.164e-02
9.450e-03
4.894e-03
5.231e-03
5.231e-03
4.387e-03
2.194e-03
2.362e-03
2.700e-03
3.375e-03
2.700e-03
1.687e-03
2.869e-03
1.350e-03
1.350e-03
1.350e-03
1.687e-03
2.531e-03
1.856e-03
1.856e-03
3.206e-03
2.531e-03
2.700e-03
2.869e-03
3.206e-03
2.531e-03
2.194e-03
6.750e-04
1.519e-03
8.437e-04
1.012e-03
6.750e-04
5.062e-04
1.687e-04
6.750e-04
1.181e-03
5.062e-04
3.375e-04
8.437e-04
1.687e-03
8.437e-04
1.350e-03
6.750e-04
5.062e-04
8.437e-04
3.375e-04
6.750e-04
1.350e-03
6.750e-04
1.181e-03
1.687e-04
1.181e-03
8.437e-04
1.012e-03
6.750e-04
5.062e-04
5.062e-04
1.181e-03
0.000e+00
5.062e-04
3.375e-04
6.750e-04
3.375e-04
5.062e-04
1.687e-04
0.000e+00
1.687e-04
3.375e-04
1.687e-04
3.375e-04
0.000e+00
3.375e-04
3.375e-04
0.000e+00
0.000e+00
0.000e+00
0.000e+00
1.687e-04
1.687e-04
0.000e+00
0.000e+00
1.687e-04
5.062e-04
3.375e-04
6.750e-04
0.000e+00
1.687e-04
3.375e-04
8.437e-04
5.062e-04
1.687e-04
3.375e-04
0.000e+00
5.062e-04
0.000e+00
3.375e-04
0.000e+00
1.687e-04
3.375e-04
3.375e-04
1.687e-04
1.687e-04
0.000e+00
1.687e-04
0.000e+00
0.000e+00
0.000e+00
5.062e-04
0.000e+00
3.375e-04
0.000e+00
5.062e-04
0.000e+00
1.687e-04
5.062e-04
5.062e-04
5.062e-04
1.687e-04
3.375e-04
1.012e-03
5.062e-04
1.012e-03
5.062e-04
5.062e-04
1.687e-04
5.062e-04
8.437e-04
6.750e-04
8.437e-04
1.181e-03
6.750e-04
8.437e-04
6.750e-04
1.181e-03
1.181e-03
5.062e-04
1.012e-03
1.350e-03
3.375e-04
8.437e-04
1.350e-03
6.750e-04
1.519e-03
1.687e-03
1.012e-03
1.181e-03
1.012e-03
1.687e-03
1.181e-03
1.687e-03
2.531e-03
2.700e-03
2.194e-03
2.362e-03
3.037e-03
2.194e-03
2.531e-03
2.700e-03
2.700e-03
1.519e-03
1.687e-03
1.687e-03
1.856e-03
1.012e-03
2.194e-03
4.050e-03
3.037e-03
2.362e-03
3.206e-03
3.037e-03
5.906e-03
3.712e-03
7.087e-03
9.787e-03
1.063e-02
2.329e-02
3.645e-02
