2.840e+02
1.790e+02
1.020e+02
6.300e+01
3.200e+01
2.300e+01
1.400e+01
1.500e+01
2.200e+01
9.000e+00
1.200e+01
1.400e+01
7.000e+00
1.600e+01
1.700e+01
1.000e+01
1.400e+01
9.000e+00
8.000e+00
4.000e+00
1.000e+00
3.000e+00
4.000e+00
2.000e+00
0.000e+00
0.000e+00
0.000e+00
0.000e+00
0.000e+00
0.000e+00
1.000e+00
0.000e+00
0.000e+00
1.000e+00
1.000e+00
2.000e+00
1.000e+00
0.000e+00
1.000e+00
1.000e+00
0.000e+00
0.000e+00
0.000e+00
0.000e+00
0.000e+00
0.000e+00
0.000e+00
0.000e+00
0.000e+00
0.000e+00
0.000e+00
0.000e+00
0.000e+00
0.000e+00
0.000e+00
0.000e+00
0.000e+00
0.000e+00
0.000e+00
0.000e+00
0.000e+00
0.000e+00
0.000e+00
0.000e+00
0.000e+00
0.000e+00
0.000e+00
0.000e+00
0.000e+00
0.000e+00
0.000e+00
0.000e+00
0.000e+00
0.000e+00
0.000e+00
0.000e+00
0.000e+00
0.000e+00
0.000e+00
0.000e+00
0.000e+00
0.000e+00
0.000e+00
0.000e+00
0.000e+00
0.000e+00
0.000e+00
0.000e+00
0.000e+00
0.000e+00
0.000e+00
0.000e+00
0.000e+00
0.000e+00
0.000e+00
0.000e+00
0.000e+00
0.000e+00
0.000e+00
0.000e+00
0.000e+00
0.000e+00
0.000e+00
0.000e+00
0.000e+00
0.000e+00
0.000e+00
0.000e+00
0.000e+00
1.000e+00
0.000e+00
0.000e+00
0.000e+00
0.000e+00
0.000e+00
0.000e+00
0.000e+00
0.000e+00
0.000e+00
1.000e+00
0.000e+00
0.000e+00
0.000e+00
0.000e+00
0.000e+00
0.000e+00
1.000e+00
0.000e+00
0.000e+00
0.000e+00
1.000e+00
0.000e+00
0.000e+00
0.000e+00
1.000e+00
0.000e+00
4.000e+00
1.000e+00
2.000e+00
1.000e+00
1.000e+00
1.000e+00
2.000e+00
0.000e+00
2.000e+00
1.000e+00
1.000e+00
3.000e+00
1.000e+00
3.000e+00
2.000e+00
1.000e+00
1.000e+00
1.000e+00
0.000e+00
2.000e+00
2.000e+00
2.000e+00
1.000e+00
2.000e+00
5.000e+00
3.000e+00
2.000e+00
3.000e+00
0.000e+00
3.000e+00
4.000e+00
3.000e+00
1.000e+00
3.000e+00
5.000e+00
4.000e+00
4.000e+00
1.000e+00
3.000e+00
2.000e+00
3.000e+00
7.000e+00
4.000e+00
9.000e+00
1.800e+01
1.000e+01
4.000e+00
3.000e+00
5.000e+00
1.000e+00
4.000e+00
2.000e+00
0.000e+00
0.000e+00
3.000e+00
5.000e+00
1.000e+00
3.000e+00
1.000e+00
2.000e+00
1.000e+00
3.000e+00
1.000e+00
1.000e+00
0.000e+00
1.000e+00
2.000e+00
2.000e+00
1.000e+00
0.000e+00
2.000e+00
1.000e+00
1.000e+00
1.000e+00
1.000e+00
0.000e+00
1.000e+00
3.000e+00
1.000e+00
2.000e+00
3.000e+00
1.000e+00
1.000e+00
0.000e+00
1.000e+00
1.000e+00
1.000e+00
3.000e+00
2.000e+00
1.000e+00
1.000e+00
0.000e+00
0.000e+00
0.000e+00
0.000e+00
1.000e+00
0.000e+00
0.000e+00
0.000e+00
0.000e+00
0.000e+00
0.000e+00
0.000e+00
0.000e+00
0.000e+00
0.000e+00
0.000e+00
1.000e+00
0.000e+00
0.000e+00
0.000e+00
0.000e+00
0.000e+00
0.000e+00
0.000e+00
0.000e+00
0.000e+00
0.000e+00
0.000e+00
0.000e+00
0.000e+00
0.000e+00
0.000e+00
0.000e+00
0.000e+00
1.000e+00
0.000e+00
0.000e+00
1.000e+00
0.000e+00
0.000e+00
0.000e+00
0.000e+00
0.000e+00
0.000e+00
0.000e+00
0.000e+00
0.000e+00
0.000e+00
0.000e+00
0.000e+00
0.000e+00
0.000e+00
0.000e+00
0.000e+00
0.000e+00
0.000e+00
0.000e+00
0.000e+00
0.000e+00
0.000e+00
0.000e+00
0.000e+00
0.000e+00
0.000e+00
0.000e+00
0.000e+00
0.000e+00
0.000e+00
0.000e+00
0.000e+00
0.000e+00
0.000e+00
0.000e+00
0.000e+00
0.000e+00
0.000e+00
0.000e+00
0.000e+00
0.000e+00
0.000e+00
0.000e+00
0.000e+00
0.000e+00
0.000e+00
0.000e+00
0.000e+00
0.000e+00
0.000e+00
0.000e+00
0.000e+00
0.000e+00
0.000e+00
0.000e+00
0.000e+00
0.000e+00
0.000e+00
0.000e+00
0.000e+00
2.000e+00
0.000e+00
1.000e+00
1.000e+00
0.000e+00
0.000e+00
0.000e+00
0.000e+00
0.000e+00
0.000e+00
0.000e+00
0.000e+00
2.000e+00
1.000e+00
3.000e+00
3.000e+00
8.000e+00
3.000e+00
1.200e+01
7.000e+00
5.000e+00
1.600e+01
1.600e+01
1.500e+01
1.500e+01
1.300e+01
2.000e+01
2.800e+01
1.100e+01
2.300e+01
2.000e+01
2.300e+01
5.300e+01
9.900e+01
1.940e+02
