2.793e-01
1.862e-02
1.330e-02
1.330e-02
7.979e-03
2.660e-03
2.660e-03
1.330e-02
7.979e-03
7.979e-03
1.064e-02
1.064e-02
1.862e-02
1.862e-02
1.596e-02
1.596e-02
5.319e-03
1.064e-02
2.660e-03
7.979e-03
0.000e+00
2.660e-03
2.660e-03
5.319e-03
5.319e-03
2.660e-03
5.319e-03
0.000e+00
2.660e-03
0.000e+00
0.000e+00
2.660e-03
0.000e+00
0.000e+00
0.000e+00
0.000e+00
0.000e+00
2.660e-03
2.660e-03
0.000e+00
0.000e+00
0.000e+00
0.000e+00
0.000e+00
2.660e-03
0.000e+00
0.000e+00
0.000e+00
0.000e+00
0.000e+00
0.000e+00
0.000e+00
0.000e+00
0.000e+00
2.660e-03
0.000e+00
0.000e+00
0.000e+00
0.000e+00
0.000e+00
0.000e+00
0.000e+00
0.000e+00
0.000e+00
0.000e+00
0.000e+00
0.000e+00
0.000e+00
0.000e+00
0.000e+00
0.000e+00
0.000e+00
0.000e+00
0.000e+00
0.000e+00
0.000e+00
0.000e+00
0.000e+00
0.000e+00
0.000e+00
0.000e+00
0.000e+00
0.000e+00
0.000e+00
0.000e+00
0.000e+00
0.000e+00
0.000e+00
0.000e+00
0.000e+00
0.000e+00
0.000e+00
0.000e+00
0.000e+00
0.000e+00
0.000e+00
0.000e+00
0.000e+00
0.000e+00
0.000e+00
0.000e+00
0.000e+00
0.000e+00
0.000e+00
0.000e+00
0.000e+00
0.000e+00
2.660e-03
0.000e+00
0.000e+00
0.000e+00
0.000e+00
0.000e+00
0.000e+00
0.000e+00
0.000e+00
0.000e+00
0.000e+00
0.000e+00
0.000e+00
0.000e+00
0.000e+00
0.000e+00
0.000e+00
0.000e+00
0.000e+00
0.000e+00
0.000e+00
0.000e+00
5.319e-03
0.000e+00
0.000e+00
0.000e+00
0.000e+00
0.000e+00
0.000e+00
2.660e-03
0.000e+00
0.000e+00
0.000e+00
0.000e+00
0.000e+00
0.000e+00
0.000e+00
0.000e+00
0.000e+00
0.000e+00
0.000e+00
0.000e+00
2.660e-03
0.000e+00
0.000e+00
0.000e+00
0.000e+00
0.000e+00
0.000e+00
0.000e+00
0.000e+00
2.660e-03
0.000e+00
0.000e+00
0.000e+00
2.660e-03
0.000e+00
0.000e+00
0.000e+00
0.000e+00
0.000e+00
0.000e+00
2.660e-03
0.000e+00
0.000e+00
0.000e+00
2.660e-03
0.000e+00
5.319e-03
0.000e+00
2.660e-03
2.660e-03
1.862e-02
6.383e-02
2.926e-02
1.064e-02
7.979e-03
0.000e+00
0.000e+00
5.319e-03
2.660e-03
0.000e+00
0.000e+00
0.000e+00
0.000e+00
0.000e+00
0.000e+00
0.000e+00
0.000e+00
0.000e+00
0.000e+00
0.000e+00
0.000e+00
0.000e+00
0.000e+00
0.000e+00
0.000e+00
0.000e+00
0.000e+00
0.000e+00
0.000e+00
0.000e+00
0.000e+00
0.000e+00
0.000e+00
2.660e-03
0.000e+00
0.000e+00
0.000e+00
0.000e+00
0.000e+00
0.000e+00
0.000e+00
0.000e+00
0.000e+00
0.000e+00
0.000e+00
0.000e+00
2.660e-03
0.000e+00
0.000e+00
0.000e+00
2.660e-03
0.000e+00
0.000e+00
2.660e-03
0.000e+00
0.000e+00
0.000e+00
0.000e+00
0.000e+00
0.000e+00
0.000e+00
0.000e+00
0.000e+00
0.000e+00
0.000e+00
2.660e-03
0.000e+00
0.000e+00
0.000e+00
0.000e+00
0.000e+00
0.000e+00
0.000e+00
0.000e+00
0.000e+00
0.000e+00
0.000e+00
0.000e+00
0.000e+00
0.000e+00
0.000e+00
0.000e+00
0.000e+00
0.000e+00
0.000e+00
0.000e+00
0.000e+00
0.000e+00
0.000e+00
0.000e+00
0.000e+00
0.000e+00
0.000e+00
0.000e+00
0.000e+00
0.000e+00
0.000e+00
0.000e+00
0.000e+00
0.000e+00
0.000e+00
0.000e+00
0.000e+00
0.000e+00
0.000e+00
0.000e+00
0.000e+00
0.000e+00
0.000e+00
0.000e+00
0.000e+00
0.000e+00
0.000e+00
0.000e+00
0.000e+00
0.000e+00
0.000e+00
0.000e+00
0.000e+00
0.000e+00
0.000e+00
0.000e+00
0.000e+00
0.000e+00
0.000e+00
2.660e-03
0.000e+00
0.000e+00
0.000e+00
0.000e+00
0.000e+00
0.000e+00
0.000e+00
0.000e+00
0.000e+00
0.000e+00
0.000e+00
0.000e+00
0.000e+00
0.000e+00
0.000e+00
0.000e+00
0.000e+00
0.000e+00
0.000e+00
0.000e+00
0.000e+00
2.660e-03
0.000e+00
7.979e-03
0.000e+00
0.000e+00
5.319e-03
2.660e-03
5.319e-03
2.660e-03
1.064e-02
0.000e+00
5.319e-03
0.000e+00
2.660e-03
7.979e-03
1.064e-02
1.064e-02
7.979e-03
2.660e-03
1.596e-02
2.128e-02
1.330e-02
7.979e-03
1.862e-02
1.064e-02
5.319e-03
5.319e-03
7.979e-03
5.319e-03
1.064e-02
2.660e-03
1.330e-02
1.862e-02
4.521e-02
