1.311e-02
1.639e-02
1.967e-02
9.836e-03
3.279e-03
9.836e-03
3.279e-03
6.557e-03
6.557e-03
6.557e-03
6.557e-03
0.000e+00
6.557e-03
3.279e-03
3.279e-03
0.000e+00
3.279e-03
6.557e-03
0.000e+00
0.000e+00
6.557e-03
3.279e-03
0.000e+00
0.000e+00
3.279e-03
6.557e-03
6.557e-03
0.000e+00
3.279e-03
6.557e-03
6.557e-03
0.000e+00
0.000e+00
6.557e-03
3.279e-03
0.000e+00
6.557e-03
3.279e-03
0.000e+00
3.279e-03
0.000e+00
3.279e-03
0.000e+00
3.279e-03
0.000e+00
0.000e+00
0.000e+00
0.000e+00
3.279e-03
3.279e-03
0.000e+00
0.000e+00
0.000e+00
0.000e+00
0.000e+00
3.279e-03
0.000e+00
0.000e+00
0.000e+00
0.000e+00
0.000e+00
0.000e+00
0.000e+00
0.000e+00
0.000e+00
0.000e+00
0.000e+00
3.279e-03
0.000e+00
0.000e+00
0.000e+00
0.000e+00
0.000e+00
0.000e+00
0.000e+00
3.279e-03
0.000e+00
0.000e+00
0.000e+00
0.000e+00
0.000e+00
0.000e+00
0.000e+00
0.000e+00
0.000e+00
0.000e+00
0.000e+00
0.000e+00
0.000e+00
0.000e+00
0.000e+00
0.000e+00
0.000e+00
0.000e+00
0.000e+00
3.279e-03
0.000e+00
0.000e+00
0.000e+00
0.000e+00
0.000e+00
0.000e+00
0.000e+00
0.000e+00
0.000e+00
3.279e-03
0.000e+00
0.000e+00
0.000e+00
3.279e-03
0.000e+00
0.000e+00
0.000e+00
3.279e-03
3.279e-03
0.000e+00
0.000e+00
0.000e+00
0.000e+00
0.000e+00
0.000e+00
0.000e+00
0.000e+00
0.000e+00
0.000e+00
0.000e+00
0.000e+00
0.000e+00
0.000e+00
0.000e+00
0.000e+00
0.000e+00
0.000e+00
0.000e+00
0.000e+00
0.000e+00
3.279e-03
3.279e-03
0.000e+00
0.000e+00
0.000e+00
0.000e+00
0.000e+00
0.000e+00
0.000e+00
0.000e+00
0.000e+00
0.000e+00
0.000e+00
0.000e+00
0.000e+00
0.000e+00
0.000e+00
0.000e+00
0.000e+00
0.000e+00
0.000e+00
0.000e+00
0.000e+00
0.000e+00
0.000e+00
0.000e+00
0.000e+00
0.000e+00
0.000e+00
0.000e+00
0.000e+00
0.000e+00
0.000e+00
0.000e+00
0.000e+00
0.000e+00
0.000e+00
0.000e+00
0.000e+00
0.000e+00
3.279e-03
3.279e-03
0.000e+00
0.000e+00
0.000e+00
0.000e+00
0.000e+00
0.000e+00
0.000e+00
0.000e+00
0.000e+00
0.000e+00
0.000e+00
0.000e+00
0.000e+00
0.000e+00
3.279e-03
0.000e+00
0.000e+00
0.000e+00
0.000e+00
0.000e+00
0.000e+00
0.000e+00
0.000e+00
0.000e+00
0.000e+00
0.000e+00
0.000e+00
0.000e+00
0.000e+00
0.000e+00
0.000e+00
0.000e+00
0.000e+00
0.000e+00
0.000e+00
0.000e+00
0.000e+00
0.000e+00
0.000e+00
6.557e-03
0.000e+00
0.000e+00
0.000e+00
0.000e+00
0.000e+00
0.000e+00
0.000e+00
0.000e+00
0.000e+00
0.000e+00
0.000e+00
0.000e+00
0.000e+00
0.000e+00
0.000e+00
0.000e+00
3.279e-03
0.000e+00
0.000e+00
0.000e+00
0.000e+00
0.000e+00
0.000e+00
0.000e+00
0.000e+00
0.000e+00
0.000e+00
0.000e+00
0.000e+00
0.000e+00
0.000e+00
0.000e+00
0.000e+00
0.000e+00
0.000e+00
0.000e+00
3.279e-03
0.000e+00
0.000e+00
0.000e+00
0.000e+00
0.000e+00
0.000e+00
3.279e-03
0.000e+00
3.279e-03
0.000e+00
0.000e+00
0.000e+00
0.000e+00
0.000e+00
0.000e+00
0.000e+00
0.000e+00
0.000e+00
0.000e+00
0.000e+00
0.000e+00
0.000e+00
0.000e+00
0.000e+00
0.000e+00
0.000e+00
0.000e+00
0.000e+00
0.000e+00
0.000e+00
0.000e+00
0.000e+00
0.000e+00
0.000e+00
0.000e+00
0.000e+00
3.279e-03
3.279e-03
0.000e+00
0.000e+00
0.000e+00
0.000e+00
0.000e+00
0.000e+00
0.000e+00
0.000e+00
0.000e+00
0.000e+00
3.279e-03
0.000e+00
0.000e+00
0.000e+00
0.000e+00
0.000e+00
0.000e+00
0.000e+00
0.000e+00
3.279e-03
0.000e+00
3.279e-03
0.000e+00
0.000e+00
0.000e+00
0.000e+00
0.000e+00
0.000e+00
3.279e-03
3.279e-03
0.000e+00
6.557e-03
6.557e-03
1.311e-02
6.557e-03
3.279e-03
3.279e-03
3.279e-03
0.000e+00
0.000e+00
3.279e-03
3.279e-03
3.279e-03
0.000e+00
3.279e-03
3.279e-03
0.000e+00
0.000e+00
6.557e-03
3.279e-03
0.000e+00
3.279e-03
6.557e-03
0.000e+00
0.000e+00
6.557e-03
6.557e-03
6.557e-03
2.295e-02
6.557e-03
1.639e-02
9.836e-03
9.836e-03
3.279e-03
3.279e-03
9.836e-03
3.279e-03
