2.812e-01
1.857e-02
1.326e-02
1.326e-02
7.958e-03
2.653e-03
2.653e-03
1.326e-02
7.958e-03
7.958e-03
1.061e-02
1.061e-02
1.857e-02
1.857e-02
1.592e-02
1.592e-02
5.305e-03
1.061e-02
2.653e-03
7.958e-03
0.000e+00
2.653e-03
2.653e-03
5.305e-03
5.305e-03
2.653e-03
5.305e-03
0.000e+00
2.653e-03
0.000e+00
0.000e+00
2.653e-03
0.000e+00
0.000e+00
0.000e+00
0.000e+00
0.000e+00
2.653e-03
2.653e-03
0.000e+00
0.000e+00
0.000e+00
0.000e+00
0.000e+00
2.653e-03
0.000e+00
0.000e+00
0.000e+00
0.000e+00
0.000e+00
0.000e+00
0.000e+00
0.000e+00
0.000e+00
2.653e-03
0.000e+00
0.000e+00
0.000e+00
0.000e+00
0.000e+00
0.000e+00
0.000e+00
0.000e+00
0.000e+00
0.000e+00
0.000e+00
0.000e+00
0.000e+00
0.000e+00
0.000e+00
0.000e+00
0.000e+00
0.000e+00
0.000e+00
0.000e+00
0.000e+00
0.000e+00
0.000e+00
0.000e+00
0.000e+00
0.000e+00
0.000e+00
0.000e+00
0.000e+00
0.000e+00
0.000e+00
0.000e+00
0.000e+00
0.000e+00
0.000e+00
0.000e+00
0.000e+00
0.000e+00
0.000e+00
0.000e+00
0.000e+00
0.000e+00
0.000e+00
0.000e+00
0.000e+00
0.000e+00
0.000e+00
0.000e+00
0.000e+00
0.000e+00
0.000e+00
0.000e+00
2.653e-03
0.000e+00
0.000e+00
0.000e+00
0.000e+00
0.000e+00
0.000e+00
0.000e+00
0.000e+00
0.000e+00
0.000e+00
0.000e+00
0.000e+00
0.000e+00
0.000e+00
0.000e+00
0.000e+00
0.000e+00
0.000e+00
0.000e+00
0.000e+00
0.000e+00
5.305e-03
0.000e+00
0.000e+00
0.000e+00
0.000e+00
0.000e+00
0.000e+00
2.653e-03
0.000e+00
0.000e+00
0.000e+00
0.000e+00
0.000e+00
0.000e+00
0.000e+00
0.000e+00
0.000e+00
0.000e+00
0.000e+00
0.000e+00
2.653e-03
0.000e+00
0.000e+00
0.000e+00
0.000e+00
0.000e+00
0.000e+00
0.000e+00
0.000e+00
2.653e-03
0.000e+00
0.000e+00
0.000e+00
2.653e-03
0.000e+00
0.000e+00
0.000e+00
0.000e+00
0.000e+00
0.000e+00
2.653e-03
0.000e+00
0.000e+00
0.000e+00
2.653e-03
0.000e+00
5.305e-03
0.000e+00
2.653e-03
2.653e-03
1.857e-02
6.366e-02
2.918e-02
1.061e-02
7.958e-03
0.000e+00
0.000e+00
5.305e-03
2.653e-03
0.000e+00
0.000e+00
0.000e+00
0.000e+00
0.000e+00
0.000e+00
0.000e+00
0.000e+00
0.000e+00
0.000e+00
0.000e+00
0.000e+00
0.000e+00
0.000e+00
0.000e+00
0.000e+00
0.000e+00
0.000e+00
0.000e+00
0.000e+00
0.000e+00
0.000e+00
0.000e+00
0.000e+00
2.653e-03
0.000e+00
0.000e+00
0.000e+00
0.000e+00
0.000e+00
0.000e+00
0.000e+00
0.000e+00
0.000e+00
0.000e+00
0.000e+00
0.000e+00
2.653e-03
0.000e+00
0.000e+00
0.000e+00
2.653e-03
0.000e+00
0.000e+00
2.653e-03
0.000e+00
0.000e+00
0.000e+00
0.000e+00
0.000e+00
0.000e+00
0.000e+00
0.000e+00
0.000e+00
0.000e+00
0.000e+00
2.653e-03
0.000e+00
0.000e+00
0.000e+00
0.000e+00
0.000e+00
0.000e+00
0.000e+00
0.000e+00
0.000e+00
0.000e+00
0.000e+00
0.000e+00
0.000e+00
0.000e+00
0.000e+00
0.000e+00
0.000e+00
0.000e+00
0.000e+00
0.000e+00
0.000e+00
0.000e+00
0.000e+00
0.000e+00
0.000e+00
0.000e+00
0.000e+00
0.000e+00
0.000e+00
0.000e+00
0.000e+00
0.000e+00
0.000e+00
0.000e+00
0.000e+00
0.000e+00
0.000e+00
0.000e+00
0.000e+00
0.000e+00
0.000e+00
0.000e+00
0.000e+00
0.000e+00
0.000e+00
0.000e+00
0.000e+00
0.000e+00
0.000e+00
0.000e+00
0.000e+00
0.000e+00
0.000e+00
0.000e+00
0.000e+00
0.000e+00
0.000e+00
0.000e+00
0.000e+00
2.653e-03
0.000e+00
0.000e+00
0.000e+00
0.000e+00
0.000e+00
0.000e+00
0.000e+00
0.000e+00
0.000e+00
0.000e+00
0.000e+00
0.000e+00
0.000e+00
0.000e+00
0.000e+00
0.000e+00
0.000e+00
0.000e+00
0.000e+00
0.000e+00
0.000e+00
2.653e-03
0.000e+00
7.958e-03
0.000e+00
0.000e+00
5.305e-03
2.653e-03
5.305e-03
2.653e-03
1.061e-02
0.000e+00
5.305e-03
0.000e+00
2.653e-03
7.958e-03
1.061e-02
1.061e-02
7.958e-03
2.653e-03
1.592e-02
2.122e-02
1.326e-02
7.958e-03
1.857e-02
1.061e-02
5.305e-03
5.305e-03
7.958e-03
5.305e-03
1.061e-02
2.653e-03
1.326e-02
1.857e-02
4.509e-02
