2.455e-01
4.192e-02
1.796e-02
5.988e-03
0.000e+00
1.198e-02
0.000e+00
0.000e+00
0.000e+00
0.000e+00
5.988e-03
5.988e-03
1.198e-02
0.000e+00
5.988e-03
2.395e-02
5.988e-03
2.395e-02
0.000e+00
0.000e+00
5.988e-03
2.395e-02
1.198e-02
5.988e-03
1.198e-02
5.988e-03
5.988e-03
1.198e-02
1.796e-02
0.000e+00
5.988e-03
5.988e-03
1.198e-02
0.000e+00
0.000e+00
0.000e+00
0.000e+00
5.988e-03
0.000e+00
0.000e+00
0.000e+00
5.988e-03
0.000e+00
0.000e+00
0.000e+00
0.000e+00
5.988e-03
5.988e-03
0.000e+00
0.000e+00
0.000e+00
0.000e+00
0.000e+00
0.000e+00
0.000e+00
0.000e+00
0.000e+00
0.000e+00
0.000e+00
5.988e-03
0.000e+00
0.000e+00
0.000e+00
0.000e+00
0.000e+00
0.000e+00
0.000e+00
0.000e+00
0.000e+00
0.000e+00
0.000e+00
0.000e+00
0.000e+00
0.000e+00
0.000e+00
0.000e+00
0.000e+00
0.000e+00
0.000e+00
0.000e+00
0.000e+00
0.000e+00
0.000e+00
0.000e+00
0.000e+00
0.000e+00
0.000e+00
0.000e+00
0.000e+00
0.000e+00
5.988e-03
0.000e+00
0.000e+00
0.000e+00
0.000e+00
0.000e+00
0.000e+00
0.000e+00
0.000e+00
0.000e+00
0.000e+00
5.988e-03
0.000e+00
0.000e+00
0.000e+00
0.000e+00
5.988e-03
0.000e+00
0.000e+00
0.000e+00
0.000e+00
0.000e+00
0.000e+00
5.988e-03
0.000e+00
0.000e+00
0.000e+00
0.000e+00
0.000e+00
0.000e+00
0.000e+00
0.000e+00
0.000e+00
5.988e-03
5.988e-03
0.000e+00
0.000e+00
0.000e+00
0.000e+00
0.000e+00
0.000e+00
0.000e+00
0.000e+00
0.000e+00
0.000e+00
0.000e+00
0.000e+00
0.000e+00
0.000e+00
0.000e+00
0.000e+00
0.000e+00
0.000e+00
0.000e+00
0.000e+00
5.988e-03
0.000e+00
0.000e+00
0.000e+00
0.000e+00
0.000e+00
0.000e+00
0.000e+00
0.000e+00
0.000e+00
0.000e+00
0.000e+00
0.000e+00
0.000e+00
0.000e+00
0.000e+00
0.000e+00
0.000e+00
0.000e+00
0.000e+00
0.000e+00
0.000e+00
0.000e+00
5.988e-03
0.000e+00
0.000e+00
0.000e+00
0.000e+00
0.000e+00
0.000e+00
0.000e+00
0.000e+00
0.000e+00
0.000e+00
0.000e+00
0.000e+00
5.988e-03
0.000e+00
0.000e+00
0.000e+00
0.000e+00
0.000e+00
0.000e+00
0.000e+00
0.000e+00
0.000e+00
0.000e+00
0.000e+00
0.000e+00
0.000e+00
0.000e+00
0.000e+00
0.000e+00
0.000e+00
0.000e+00
0.000e+00
0.000e+00
0.000e+00
0.000e+00
0.000e+00
0.000e+00
0.000e+00
0.000e+00
0.000e+00
0.000e+00
0.000e+00
0.000e+00
0.000e+00
0.000e+00
0.000e+00
1.198e-02
0.000e+00
0.000e+00
0.000e+00
0.000e+00
0.000e+00
0.000e+00
0.000e+00
0.000e+00
0.000e+00
0.000e+00
0.000e+00
0.000e+00
0.000e+00
0.000e+00
0.000e+00
0.000e+00
5.988e-03
0.000e+00
0.000e+00
0.000e+00
0.000e+00
0.000e+00
0.000e+00
0.000e+00
0.000e+00
5.988e-03
0.000e+00
0.000e+00
0.000e+00
0.000e+00
0.000e+00
0.000e+00
0.000e+00
0.000e+00
0.000e+00
0.000e+00
0.000e+00
0.000e+00
0.000e+00
0.000e+00
0.000e+00
0.000e+00
0.000e+00
0.000e+00
0.000e+00
0.000e+00
0.000e+00
0.000e+00
0.000e+00
0.000e+00
0.000e+00
0.000e+00
0.000e+00
0.000e+00
0.000e+00
0.000e+00
0.000e+00
0.000e+00
0.000e+00
0.000e+00
0.000e+00
5.988e-03
0.000e+00
0.000e+00
0.000e+00
0.000e+00
0.000e+00
0.000e+00
0.000e+00
0.000e+00
0.000e+00
0.000e+00
0.000e+00
0.000e+00
0.000e+00
0.000e+00
0.000e+00
0.000e+00
0.000e+00
0.000e+00
0.000e+00
0.000e+00
0.000e+00
0.000e+00
5.988e-03
5.988e-03
0.000e+00
5.988e-03
0.000e+00
0.000e+00
0.000e+00
0.000e+00
5.988e-03
0.000e+00
0.000e+00
0.000e+00
0.000e+00
5.988e-03
5.988e-03
0.000e+00
0.000e+00
0.000e+00
0.000e+00
1.198e-02
5.988e-03
5.988e-03
0.000e+00
0.000e+00
0.000e+00
0.000e+00
0.000e+00
1.796e-02
0.000e+00
1.198e-02
0.000e+00
1.796e-02
1.198e-02
5.988e-03
0.000e+00
0.000e+00
5.988e-03
1.198e-02
1.198e-02
1.198e-02
0.000e+00
5.988e-03
5.988e-03
5.988e-03
5.988e-03
5.988e-03
1.796e-02
1.796e-02
5.988e-03
1.796e-02
0.000e+00
1.198e-02
5.988e-03
5.988e-03
5.988e-03
5.988e-03
0.000e+00
1.198e-02
3.593e-02
1.198e-02
