1.262e-02
1.577e-02
1.893e-02
9.464e-03
3.155e-03
9.464e-03
3.155e-03
6.309e-03
9.464e-03
6.309e-03
6.309e-03
0.000e+00
9.464e-03
3.155e-03
3.155e-03
0.000e+00
3.155e-03
6.309e-03
0.000e+00
0.000e+00
6.309e-03
3.155e-03
0.000e+00
0.000e+00
3.155e-03
6.309e-03
6.309e-03
0.000e+00
3.155e-03
6.309e-03
6.309e-03
0.000e+00
0.000e+00
6.309e-03
3.155e-03
0.000e+00
6.309e-03
3.155e-03
0.000e+00
3.155e-03
0.000e+00
3.155e-03
0.000e+00
3.155e-03
0.000e+00
0.000e+00
0.000e+00
0.000e+00
3.155e-03
3.155e-03
0.000e+00
0.000e+00
0.000e+00
0.000e+00
0.000e+00
3.155e-03
0.000e+00
0.000e+00
0.000e+00
0.000e+00
0.000e+00
0.000e+00
0.000e+00
0.000e+00
0.000e+00
0.000e+00
0.000e+00
3.155e-03
0.000e+00
0.000e+00
0.000e+00
0.000e+00
0.000e+00
0.000e+00
0.000e+00
3.155e-03
0.000e+00
0.000e+00
0.000e+00
0.000e+00
0.000e+00
0.000e+00
0.000e+00
0.000e+00
0.000e+00
0.000e+00
0.000e+00
0.000e+00
0.000e+00
0.000e+00
0.000e+00
0.000e+00
0.000e+00
0.000e+00
0.000e+00
3.155e-03
0.000e+00
0.000e+00
0.000e+00
0.000e+00
0.000e+00
0.000e+00
0.000e+00
0.000e+00
0.000e+00
3.155e-03
0.000e+00
0.000e+00
0.000e+00
3.155e-03
0.000e+00
0.000e+00
0.000e+00
3.155e-03
3.155e-03
0.000e+00
0.000e+00
0.000e+00
0.000e+00
0.000e+00
0.000e+00
0.000e+00
0.000e+00
0.000e+00
0.000e+00
0.000e+00
0.000e+00
0.000e+00
0.000e+00
0.000e+00
0.000e+00
0.000e+00
0.000e+00
0.000e+00
0.000e+00
0.000e+00
3.155e-03
3.155e-03
0.000e+00
0.000e+00
0.000e+00
0.000e+00
0.000e+00
0.000e+00
0.000e+00
0.000e+00
0.000e+00
0.000e+00
0.000e+00
0.000e+00
0.000e+00
0.000e+00
0.000e+00
0.000e+00
0.000e+00
0.000e+00
0.000e+00
0.000e+00
0.000e+00
0.000e+00
0.000e+00
0.000e+00
0.000e+00
0.000e+00
0.000e+00
0.000e+00
0.000e+00
0.000e+00
0.000e+00
0.000e+00
0.000e+00
0.000e+00
0.000e+00
0.000e+00
0.000e+00
0.000e+00
3.155e-03
3.155e-03
0.000e+00
0.000e+00
0.000e+00
0.000e+00
0.000e+00
0.000e+00
0.000e+00
0.000e+00
0.000e+00
0.000e+00
0.000e+00
0.000e+00
0.000e+00
0.000e+00
3.155e-03
0.000e+00
0.000e+00
0.000e+00
0.000e+00
0.000e+00
0.000e+00
0.000e+00
0.000e+00
0.000e+00
0.000e+00
0.000e+00
0.000e+00
0.000e+00
0.000e+00
0.000e+00
0.000e+00
0.000e+00
0.000e+00
0.000e+00
0.000e+00
0.000e+00
0.000e+00
0.000e+00
0.000e+00
6.309e-03
0.000e+00
0.000e+00
0.000e+00
0.000e+00
0.000e+00
0.000e+00
0.000e+00
0.000e+00
0.000e+00
0.000e+00
0.000e+00
0.000e+00
0.000e+00
0.000e+00
0.000e+00
0.000e+00
3.155e-03
0.000e+00
0.000e+00
0.000e+00
0.000e+00
0.000e+00
0.000e+00
0.000e+00
0.000e+00
0.000e+00
0.000e+00
0.000e+00
0.000e+00
0.000e+00
0.000e+00
0.000e+00
0.000e+00
0.000e+00
0.000e+00
0.000e+00
3.155e-03
0.000e+00
0.000e+00
0.000e+00
0.000e+00
0.000e+00
0.000e+00
3.155e-03
0.000e+00
3.155e-03
0.000e+00
0.000e+00
0.000e+00
0.000e+00
0.000e+00
0.000e+00
0.000e+00
0.000e+00
0.000e+00
0.000e+00
0.000e+00
0.000e+00
0.000e+00
0.000e+00
0.000e+00
0.000e+00
0.000e+00
0.000e+00
0.000e+00
0.000e+00
0.000e+00
0.000e+00
0.000e+00
0.000e+00
0.000e+00
0.000e+00
0.000e+00
3.155e-03
3.155e-03
0.000e+00
0.000e+00
0.000e+00
0.000e+00
0.000e+00
0.000e+00
0.000e+00
0.000e+00
0.000e+00
0.000e+00
3.155e-03
0.000e+00
0.000e+00
0.000e+00
0.000e+00
0.000e+00
0.000e+00
0.000e+00
0.000e+00
3.155e-03
0.000e+00
3.155e-03
0.000e+00
0.000e+00
0.000e+00
0.000e+00
0.000e+00
0.000e+00
3.155e-03
3.155e-03
0.000e+00
6.309e-03
6.309e-03
1.262e-02
6.309e-03
3.155e-03
3.155e-03
3.155e-03
0.000e+00
0.000e+00
3.155e-03
3.155e-03
3.155e-03
0.000e+00
3.155e-03
3.155e-03
0.000e+00
0.000e+00
6.309e-03
3.155e-03
0.000e+00
3.155e-03
6.309e-03
0.000e+00
0.000e+00
6.309e-03
6.309e-03
6.309e-03
2.208e-02
9.464e-03
1.577e-02
9.464e-03
1.262e-02
3.155e-03
3.155e-03
9.464e-03
9.464e-03
