1.923e-03
1.923e-03
0.000e+00
0.000e+00
0.000e+00
0.000e+00
0.000e+00
0.000e+00
0.000e+00
0.000e+00
0.000e+00
0.000e+00
0.000e+00
3.846e-03
0.000e+00
0.000e+00
1.923e-03
0.000e+00
0.000e+00
0.000e+00
0.000e+00
0.000e+00
0.000e+00
1.923e-03
0.000e+00
0.000e+00
0.000e+00
0.000e+00
0.000e+00
0.000e+00
0.000e+00
0.000e+00
0.000e+00
0.000e+00
0.000e+00
0.000e+00
0.000e+00
0.000e+00
1.923e-03
1.923e-03
0.000e+00
0.000e+00
0.000e+00
0.000e+00
0.000e+00
1.923e-03
0.000e+00
3.846e-03
0.000e+00
1.923e-03
0.000e+00
1.923e-03
1.923e-03
1.923e-03
0.000e+00
0.000e+00
0.000e+00
1.923e-03
1.923e-03
0.000e+00
0.000e+00
1.923e-03
0.000e+00
0.000e+00
0.000e+00
0.000e+00
0.000e+00
0.000e+00
0.000e+00
0.000e+00
0.000e+00
3.846e-03
0.000e+00
1.923e-03
0.000e+00
0.000e+00
0.000e+00
1.923e-03
1.923e-03
0.000e+00
0.000e+00
0.000e+00
0.000e+00
0.000e+00
0.000e+00
0.000e+00
1.923e-03
0.000e+00
0.000e+00
1.923e-03
0.000e+00
0.000e+00
0.000e+00
1.923e-03
0.000e+00
1.923e-03
0.000e+00
0.000e+00
0.000e+00
1.923e-03
0.000e+00
0.000e+00
0.000e+00
0.000e+00
0.000e+00
0.000e+00
0.000e+00
0.000e+00
0.000e+00
0.000e+00
0.000e+00
0.000e+00
0.000e+00
0.000e+00
0.000e+00
0.000e+00
0.000e+00
0.000e+00
0.000e+00
0.000e+00
0.000e+00
0.000e+00
0.000e+00
1.923e-03
0.000e+00
1.923e-03
1.923e-03
1.923e-03
0.000e+00
0.000e+00
1.923e-03
3.846e-03
0.000e+00
5.769e-03
1.923e-03
0.000e+00
0.000e+00
0.000e+00
1.923e-03
0.000e+00
1.923e-03
0.000e+00
0.000e+00
1.923e-03
0.000e+00
0.000e+00
0.000e+00
0.000e+00
0.000e+00
0.000e+00
0.000e+00
0.000e+00
0.000e+00
1.923e-03
0.000e+00
0.000e+00
0.000e+00
0.000e+00
0.000e+00
0.000e+00
1.923e-03
0.000e+00
0.000e+00
0.000e+00
1.923e-03
0.000e+00
1.923e-03
1.923e-03
3.846e-03
5.769e-03
7.692e-03
9.615e-03
3.846e-03
1.538e-02
2.115e-02
2.692e-02
2.500e-02
3.077e-02
4.231e-02
6.731e-02
2.846e-01
7.692e-02
2.692e-02
3.077e-02
3.077e-02
2.500e-02
1.923e-02
1.346e-02
5.769e-03
1.346e-02
1.923e-03
5.769e-03
1.923e-03
0.000e+00
1.923e-03
1.923e-03
1.923e-03
3.846e-03
3.846e-03
0.000e+00
0.000e+00
0.000e+00
0.000e+00
0.000e+00
1.923e-03
0.000e+00
0.000e+00
0.000e+00
0.000e+00
0.000e+00
1.923e-03
0.000e+00
0.000e+00
1.923e-03
0.000e+00
1.923e-03
0.000e+00
0.000e+00
0.000e+00
3.846e-03
0.000e+00
1.923e-03
0.000e+00
0.000e+00
1.923e-03
3.846e-03
5.769e-03
0.000e+00
1.923e-03
3.846e-03
3.846e-03
0.000e+00
0.000e+00
0.000e+00
0.000e+00
0.000e+00
0.000e+00
1.923e-03
0.000e+00
0.000e+00
0.000e+00
1.923e-03
1.923e-03
0.000e+00
1.923e-03
0.000e+00
0.000e+00
0.000e+00
0.000e+00
0.000e+00
0.000e+00
0.000e+00
0.000e+00
0.000e+00
0.000e+00
0.000e+00
0.000e+00
0.000e+00
0.000e+00
1.923e-03
1.923e-03
0.000e+00
0.000e+00
0.000e+00
0.000e+00
1.923e-03
0.000e+00
0.000e+00
3.846e-03
0.000e+00
1.923e-03
0.000e+00
0.000e+00
0.000e+00
0.000e+00
0.000e+00
1.923e-03
1.923e-03
0.000e+00
0.000e+00
0.000e+00
3.846e-03
1.923e-03
1.923e-03
0.000e+00
1.923e-03
0.000e+00
0.000e+00
0.000e+00
0.000e+00
1.923e-03
0.000e+00
1.923e-03
0.000e+00
1.923e-03
0.000e+00
1.923e-03
0.000e+00
0.000e+00
0.000e+00
0.000e+00
1.923e-03
0.000e+00
0.000e+00
0.000e+00
0.000e+00
0.000e+00
0.000e+00
1.923e-03
0.000e+00
0.000e+00
1.923e-03
0.000e+00
3.846e-03
1.923e-03
0.000e+00
0.000e+00
1.923e-03
0.000e+00
0.000e+00
0.000e+00
0.000e+00
0.000e+00
0.000e+00
0.000e+00
0.000e+00
0.000e+00
0.000e+00
0.000e+00
0.000e+00
0.000e+00
0.000e+00
0.000e+00
0.000e+00
0.000e+00
0.000e+00
0.000e+00
0.000e+00
1.923e-03
1.923e-03
0.000e+00
0.000e+00
0.000e+00
0.000e+00
1.923e-03
1.923e-03
0.000e+00
0.000e+00
0.000e+00
0.000e+00
0.000e+00
1.923e-03
1.923e-03
0.000e+00
0.000e+00
0.000e+00
0.000e+00
0.000e+00
0.000e+00
0.000e+00
