0.000e+00
0.000e+00
0.000e+00
0.000e+00
0.000e+00
0.000e+00
0.000e+00
0.000e+00
0.000e+00
0.000e+00
0.000e+00
0.000e+00
0.000e+00
0.000e+00
0.000e+00
0.000e+00
0.000e+00
0.000e+00
0.000e+00
0.000e+00
0.000e+00
0.000e+00
0.000e+00
0.000e+00
0.000e+00
0.000e+00
0.000e+00
0.000e+00
0.000e+00
0.000e+00
0.000e+00
0.000e+00
0.000e+00
0.000e+00
0.000e+00
0.000e+00
0.000e+00
0.000e+00
0.000e+00
0.000e+00
0.000e+00
0.000e+00
0.000e+00
0.000e+00
0.000e+00
0.000e+00
0.000e+00
0.000e+00
0.000e+00
0.000e+00
0.000e+00
0.000e+00
0.000e+00
0.000e+00
0.000e+00
0.000e+00
0.000e+00
0.000e+00
0.000e+00
0.000e+00
0.000e+00
9.615e-04
0.000e+00
0.000e+00
0.000e+00
0.000e+00
0.000e+00
1.923e-03
0.000e+00
0.000e+00
1.923e-03
0.000e+00
9.615e-04
0.000e+00
9.615e-04
9.615e-04
0.000e+00
9.615e-04
0.000e+00
1.923e-03
0.000e+00
0.000e+00
0.000e+00
0.000e+00
9.615e-04
9.615e-04
9.615e-04
0.000e+00
9.615e-04
1.923e-03
0.000e+00
0.000e+00
0.000e+00
0.000e+00
0.000e+00
0.000e+00
0.000e+00
9.615e-04
0.000e+00
0.000e+00
0.000e+00
0.000e+00
0.000e+00
0.000e+00
0.000e+00
0.000e+00
0.000e+00
0.000e+00
0.000e+00
0.000e+00
0.000e+00
0.000e+00
0.000e+00
9.615e-04
1.923e-03
0.000e+00
0.000e+00
0.000e+00
0.000e+00
0.000e+00
0.000e+00
9.615e-04
9.615e-04
9.615e-04
9.615e-04
0.000e+00
0.000e+00
0.000e+00
0.000e+00
0.000e+00
0.000e+00
0.000e+00
0.000e+00
0.000e+00
0.000e+00
9.615e-04
9.615e-04
0.000e+00
0.000e+00
0.000e+00
0.000e+00
0.000e+00
0.000e+00
9.615e-04
9.615e-04
0.000e+00
0.000e+00
0.000e+00
0.000e+00
0.000e+00
0.000e+00
0.000e+00
0.000e+00
9.615e-04
9.615e-04
0.000e+00
9.615e-04
0.000e+00
0.000e+00
0.000e+00
9.615e-04
0.000e+00
9.615e-04
9.615e-04
2.885e-03
1.923e-03
4.808e-03
3.846e-03
9.615e-03
7.692e-03
6.731e-03
1.058e-02
8.654e-03
1.346e-02
1.635e-02
1.442e-02
1.442e-02
2.981e-02
2.404e-02
2.500e-02
1.731e-02
2.981e-02
2.115e-02
2.596e-02
3.462e-02
1.538e-02
1.635e-02
1.442e-02
1.442e-02
3.846e-03
8.654e-03
6.731e-03
6.731e-03
2.885e-03
5.769e-03
3.846e-03
1.923e-03
9.615e-04
2.885e-03
4.808e-03
0.000e+00
9.615e-04
0.000e+00
0.000e+00
9.615e-04
9.615e-04
0.000e+00
0.000e+00
0.000e+00
9.615e-04
0.000e+00
0.000e+00
0.000e+00
0.000e+00
0.000e+00
0.000e+00
0.000e+00
0.000e+00
0.000e+00
9.615e-04
0.000e+00
0.000e+00
0.000e+00
0.000e+00
0.000e+00
9.615e-04
0.000e+00
0.000e+00
0.000e+00
0.000e+00
9.615e-04
0.000e+00
0.000e+00
0.000e+00
0.000e+00
0.000e+00
0.000e+00
0.000e+00
0.000e+00
0.000e+00
0.000e+00
0.000e+00
0.000e+00
0.000e+00
0.000e+00
0.000e+00
0.000e+00
0.000e+00
9.615e-04
0.000e+00
0.000e+00
9.615e-04
0.000e+00
0.000e+00
0.000e+00
0.000e+00
0.000e+00
0.000e+00
0.000e+00
9.615e-04
9.615e-04
0.000e+00
0.000e+00
0.000e+00
0.000e+00
0.000e+00
0.000e+00
9.615e-04
0.000e+00
1.923e-03
1.923e-03
2.885e-03
9.615e-04
1.923e-03
9.615e-04
9.615e-04
0.000e+00
0.000e+00
9.615e-04
2.885e-03
0.000e+00
9.615e-04
0.000e+00
9.615e-04
0.000e+00
0.000e+00
0.000e+00
0.000e+00
0.000e+00
0.000e+00
0.000e+00
9.615e-04
0.000e+00
0.000e+00
9.615e-04
0.000e+00
9.615e-04
0.000e+00
0.000e+00
0.000e+00
0.000e+00
0.000e+00
1.923e-03
0.000e+00
0.000e+00
0.000e+00
0.000e+00
0.000e+00
0.000e+00
0.000e+00
0.000e+00
0.000e+00
0.000e+00
0.000e+00
0.000e+00
0.000e+00
0.000e+00
0.000e+00
0.000e+00
0.000e+00
0.000e+00
0.000e+00
0.000e+00
0.000e+00
0.000e+00
0.000e+00
0.000e+00
0.000e+00
0.000e+00
0.000e+00
0.000e+00
0.000e+00
0.000e+00
0.000e+00
0.000e+00
0.000e+00
0.000e+00
0.000e+00
0.000e+00
0.000e+00
0.000e+00
0.000e+00
0.000e+00
0.000e+00
0.000e+00
0.000e+00
0.000e+00
0.000e+00
0.000e+00
0.000e+00
0.000e+00
0.000e+00
0.000e+00
0.000e+00
0.000e+00
0.000e+00
0.000e+00
0.000e+00
0.000e+00
0.000e+00
