1.147e-03
2.294e-03
0.000e+00
0.000e+00
1.147e-03
2.294e-03
1.147e-03
2.294e-03
0.000e+00
1.147e-03
0.000e+00
0.000e+00
1.147e-03
0.000e+00
0.000e+00
2.294e-03
2.294e-03
3.440e-03
2.294e-03
2.294e-03
9.174e-03
5.734e-03
5.734e-03
5.734e-03
4.587e-03
5.734e-03
3.440e-03
4.587e-03
3.440e-03
6.881e-03
5.734e-03
6.881e-03
2.294e-03
3.440e-03
0.000e+00
1.147e-03
3.440e-03
4.587e-03
2.294e-03
1.147e-03
2.294e-03
1.147e-03
2.294e-03
1.147e-03
0.000e+00
1.147e-03
0.000e+00
0.000e+00
0.000e+00
0.000e+00
0.000e+00
1.147e-03
0.000e+00
0.000e+00
1.147e-03
0.000e+00
0.000e+00
0.000e+00
0.000e+00
0.000e+00
0.000e+00
0.000e+00
0.000e+00
0.000e+00
0.000e+00
0.000e+00
0.000e+00
0.000e+00
0.000e+00
0.000e+00
0.000e+00
0.000e+00
0.000e+00
0.000e+00
0.000e+00
0.000e+00
0.000e+00
0.000e+00
0.000e+00
0.000e+00
0.000e+00
0.000e+00
0.000e+00
0.000e+00
0.000e+00
0.000e+00
0.000e+00
0.000e+00
0.000e+00
0.000e+00
0.000e+00
0.000e+00
0.000e+00
0.000e+00
0.000e+00
0.000e+00
0.000e+00
0.000e+00
0.000e+00
0.000e+00
0.000e+00
0.000e+00
0.000e+00
0.000e+00
0.000e+00
0.000e+00
0.000e+00
0.000e+00
0.000e+00
0.000e+00
0.000e+00
0.000e+00
0.000e+00
0.000e+00
0.000e+00
0.000e+00
0.000e+00
0.000e+00
0.000e+00
1.147e-03
1.147e-03
0.000e+00
0.000e+00
0.000e+00
0.000e+00
0.000e+00
0.000e+00
0.000e+00
1.147e-03
0.000e+00
1.147e-03
2.294e-03
1.147e-03
3.440e-03
3.440e-03
1.147e-03
1.147e-03
1.147e-03
0.000e+00
2.294e-03
2.294e-03
5.734e-03
2.294e-03
4.587e-03
4.587e-03
5.734e-03
0.000e+00
1.147e-03
2.294e-03
4.587e-03
3.440e-03
9.174e-03
8.028e-03
3.440e-03
2.294e-03
4.587e-03
1.147e-03
2.294e-03
2.294e-03
2.294e-03
2.294e-03
5.734e-03
1.147e-03
0.000e+00
2.294e-03
3.440e-03
2.294e-03
1.147e-03
3.440e-03
2.294e-03
2.294e-03
0.000e+00
1.147e-03
1.147e-03
0.000e+00
0.000e+00
1.147e-03
3.440e-03
1.147e-03
1.147e-03
2.294e-03
2.294e-03
1.147e-03
2.294e-03
3.440e-03
0.000e+00
0.000e+00
0.000e+00
3.440e-03
3.440e-03
0.000e+00
1.147e-03
2.294e-03
1.147e-03
0.000e+00
0.000e+00
3.440e-03
1.147e-03
4.587e-03
0.000e+00
1.147e-03
0.000e+00
4.587e-03
2.294e-03
2.294e-03
2.294e-03
3.440e-03
2.294e-03
5.734e-03
6.881e-03
5.734e-03
1.147e-02
3.440e-03
6.881e-03
0.000e+00
1.147e-03
2.294e-03
1.147e-03
4.587e-03
3.440e-03
4.587e-03
1.147e-03
0.000e+00
0.000e+00
0.000e+00
1.147e-03
0.000e+00
1.147e-03
1.147e-03
0.000e+00
1.147e-03
0.000e+00
0.000e+00
0.000e+00
0.000e+00
0.000e+00
0.000e+00
0.000e+00
0.000e+00
0.000e+00
0.000e+00
0.000e+00
0.000e+00
0.000e+00
0.000e+00
0.000e+00
0.000e+00
0.000e+00
0.000e+00
0.000e+00
0.000e+00
0.000e+00
0.000e+00
0.000e+00
0.000e+00
0.000e+00
0.000e+00
0.000e+00
0.000e+00
0.000e+00
0.000e+00
0.000e+00
0.000e+00
0.000e+00
0.000e+00
0.000e+00
0.000e+00
0.000e+00
0.000e+00
0.000e+00
0.000e+00
0.000e+00
0.000e+00
0.000e+00
0.000e+00
0.000e+00
0.000e+00
0.000e+00
0.000e+00
0.000e+00
0.000e+00
0.000e+00
0.000e+00
0.000e+00
0.000e+00
0.000e+00
0.000e+00
0.000e+00
0.000e+00
0.000e+00
0.000e+00
0.000e+00
0.000e+00
0.000e+00
0.000e+00
0.000e+00
0.000e+00
0.000e+00
0.000e+00
0.000e+00
0.000e+00
0.000e+00
0.000e+00
0.000e+00
0.000e+00
0.000e+00
1.147e-03
0.000e+00
1.147e-03
3.440e-03
0.000e+00
0.000e+00
0.000e+00
0.000e+00
2.294e-03
1.147e-03
0.000e+00
2.294e-03
2.294e-03
2.294e-03
1.147e-03
3.440e-03
1.147e-03
2.294e-03
3.440e-03
4.587e-03
2.294e-03
2.294e-03
1.147e-03
3.440e-03
4.587e-03
2.294e-03
6.881e-03
6.881e-03
5.734e-03
2.294e-03
3.440e-03
2.294e-03
3.440e-03
2.294e-03
4.587e-03
3.440e-03
3.440e-03
6.881e-03
4.587e-03
2.294e-03
2.294e-03
2.294e-03
2.294e-03
4.587e-03
2.294e-03
0.000e+00
2.294e-03
1.147e-03
3.440e-03
2.294e-03
3.440e-03
2.294e-03
0.000e+00
1.147e-03
