6.881e-03
4.587e-03
2.294e-03
4.587e-03
0.000e+00
0.000e+00
4.587e-03
4.587e-03
0.000e+00
0.000e+00
0.000e+00
2.294e-03
0.000e+00
0.000e+00
2.294e-03
4.587e-03
4.587e-03
2.294e-03
4.587e-03
2.294e-03
0.000e+00
4.587e-03
0.000e+00
4.587e-03
0.000e+00
4.587e-03
1.835e-02
1.376e-02
4.587e-03
1.147e-02
6.881e-03
1.835e-02
1.606e-02
1.376e-02
6.881e-03
1.376e-02
1.606e-02
6.881e-03
2.294e-03
0.000e+00
1.147e-02
0.000e+00
0.000e+00
2.294e-03
2.294e-03
2.294e-03
2.294e-03
0.000e+00
0.000e+00
2.294e-03
0.000e+00
2.294e-03
0.000e+00
2.294e-03
0.000e+00
0.000e+00
2.294e-03
0.000e+00
0.000e+00
0.000e+00
0.000e+00
0.000e+00
0.000e+00
0.000e+00
0.000e+00
0.000e+00
0.000e+00
0.000e+00
0.000e+00
0.000e+00
0.000e+00
0.000e+00
0.000e+00
0.000e+00
0.000e+00
0.000e+00
0.000e+00
0.000e+00
0.000e+00
0.000e+00
0.000e+00
0.000e+00
0.000e+00
0.000e+00
0.000e+00
0.000e+00
0.000e+00
0.000e+00
0.000e+00
4.587e-03
0.000e+00
2.294e-03
0.000e+00
0.000e+00
0.000e+00
0.000e+00
0.000e+00
0.000e+00
0.000e+00
0.000e+00
0.000e+00
0.000e+00
0.000e+00
0.000e+00
0.000e+00
0.000e+00
0.000e+00
0.000e+00
0.000e+00
0.000e+00
0.000e+00
0.000e+00
0.000e+00
0.000e+00
0.000e+00
0.000e+00
0.000e+00
0.000e+00
0.000e+00
0.000e+00
0.000e+00
0.000e+00
0.000e+00
0.000e+00
2.294e-03
0.000e+00
0.000e+00
0.000e+00
0.000e+00
4.587e-03
0.000e+00
0.000e+00
2.294e-03
2.294e-03
0.000e+00
4.587e-03
4.587e-03
1.147e-02
2.294e-03
4.587e-03
6.881e-03
1.376e-02
4.587e-03
1.606e-02
1.376e-02
1.835e-02
9.174e-03
3.440e-02
1.147e-02
6.881e-03
1.147e-02
6.881e-03
2.294e-03
4.587e-03
2.294e-03
6.881e-03
2.294e-03
4.587e-03
0.000e+00
4.587e-03
2.294e-03
2.294e-03
2.294e-03
4.587e-03
0.000e+00
2.294e-03
0.000e+00
0.000e+00
2.294e-03
6.881e-03
0.000e+00
0.000e+00
0.000e+00
6.881e-03
0.000e+00
0.000e+00
2.294e-03
0.000e+00
4.587e-03
4.587e-03
6.881e-03
0.000e+00
2.294e-03
0.000e+00
0.000e+00
2.294e-03
2.294e-03
6.881e-03
2.294e-03
0.000e+00
2.294e-03
4.587e-03
2.294e-03
0.000e+00
0.000e+00
0.000e+00
6.881e-03
2.294e-03
2.294e-03
2.294e-03
2.294e-03
0.000e+00
4.587e-03
0.000e+00
2.294e-03
2.294e-03
6.881e-03
4.587e-03
1.376e-02
1.835e-02
0.000e+00
1.376e-02
9.174e-03
9.174e-03
2.294e-02
2.523e-02
9.174e-03
4.587e-03
4.587e-03
9.174e-03
2.294e-03
6.881e-03
4.587e-03
4.587e-03
2.294e-03
0.000e+00
2.294e-03
0.000e+00
0.000e+00
0.000e+00
0.000e+00
0.000e+00
0.000e+00
0.000e+00
0.000e+00
0.000e+00
0.000e+00
0.000e+00
0.000e+00
0.000e+00
0.000e+00
0.000e+00
0.000e+00
0.000e+00
0.000e+00
0.000e+00
0.000e+00
0.000e+00
0.000e+00
0.000e+00
0.000e+00
0.000e+00
0.000e+00
0.000e+00
0.000e+00
0.000e+00
0.000e+00
0.000e+00
0.000e+00
0.000e+00
0.000e+00
0.000e+00
0.000e+00
0.000e+00
0.000e+00
0.000e+00
0.000e+00
0.000e+00
2.294e-03
0.000e+00
2.294e-03
2.294e-03
2.294e-03
2.294e-03
0.000e+00
0.000e+00
0.000e+00
0.000e+00
0.000e+00
0.000e+00
0.000e+00
0.000e+00
0.000e+00
0.000e+00
0.000e+00
0.000e+00
0.000e+00
0.000e+00
0.000e+00
0.000e+00
0.000e+00
0.000e+00
0.000e+00
0.000e+00
0.000e+00
0.000e+00
0.000e+00
0.000e+00
2.294e-03
0.000e+00
0.000e+00
0.000e+00
0.000e+00
0.000e+00
0.000e+00
0.000e+00
0.000e+00
0.000e+00
4.587e-03
0.000e+00
0.000e+00
0.000e+00
0.000e+00
4.587e-03
2.294e-03
2.294e-03
4.587e-03
4.587e-03
0.000e+00
4.587e-03
1.147e-02
1.147e-02
2.294e-03
2.294e-03
6.881e-03
2.294e-03
9.174e-03
6.881e-03
1.147e-02
1.376e-02
1.835e-02
9.174e-03
1.376e-02
9.174e-03
1.147e-02
4.587e-03
9.174e-03
6.881e-03
6.881e-03
2.294e-03
6.881e-03
0.000e+00
2.294e-03
4.587e-03
0.000e+00
2.294e-03
2.294e-03
0.000e+00
0.000e+00
2.294e-03
6.881e-03
4.587e-03
2.294e-03
2.294e-03
0.000e+00
2.294e-03
0.000e+00
2.294e-03
2.294e-03
2.294e-03
