7.500e-03
2.500e-03
1.875e-03
1.875e-03
2.500e-03
6.250e-04
3.125e-03
3.750e-03
1.250e-03
1.250e-03
1.250e-03
1.875e-03
3.125e-03
6.250e-04
1.875e-03
7.500e-03
5.625e-03
2.500e-03
2.500e-03
1.250e-03
1.875e-03
2.500e-03
1.250e-03
3.125e-03
3.750e-03
5.625e-03
1.188e-02
6.875e-03
3.125e-03
5.625e-03
7.500e-03
1.125e-02
1.312e-02
8.750e-03
3.750e-03
6.250e-03
6.875e-03
5.000e-03
2.500e-03
4.375e-03
4.375e-03
6.250e-04
1.875e-03
6.250e-04
1.875e-03
6.250e-04
2.500e-03
6.250e-04
3.125e-03
1.250e-03
2.500e-03
3.750e-03
6.250e-04
1.250e-03
6.250e-04
6.250e-04
1.875e-03
1.875e-03
0.000e+00
6.250e-04
1.250e-03
6.250e-04
1.250e-03
1.250e-03
0.000e+00
6.250e-04
1.250e-03
1.250e-03
1.250e-03
1.250e-03
0.000e+00
0.000e+00
0.000e+00
6.250e-04
1.250e-03
1.250e-03
6.250e-04
6.250e-04
0.000e+00
0.000e+00
6.250e-04
1.875e-03
1.250e-03
1.875e-03
1.875e-03
6.250e-04
0.000e+00
6.250e-04
1.875e-03
3.125e-03
1.875e-03
2.500e-03
6.250e-04
0.000e+00
0.000e+00
6.250e-04
0.000e+00
6.250e-04
6.250e-04
6.250e-04
1.250e-03
6.250e-04
3.750e-03
0.000e+00
0.000e+00
0.000e+00
2.500e-03
0.000e+00
6.250e-04
0.000e+00
1.250e-03
0.000e+00
1.250e-03
6.250e-04
6.250e-04
0.000e+00
6.250e-04
6.250e-04
1.250e-03
0.000e+00
1.875e-03
2.500e-03
1.250e-03
1.875e-03
3.750e-03
6.250e-04
1.875e-03
2.500e-03
1.250e-03
1.875e-03
1.875e-03
3.750e-03
3.750e-03
1.875e-03
1.875e-03
4.375e-03
8.125e-03
6.875e-03
3.125e-03
3.750e-03
6.250e-03
7.500e-03
4.375e-03
8.125e-03
6.250e-03
1.000e-02
6.250e-03
1.438e-02
6.875e-03
8.125e-03
6.250e-03
8.750e-03
3.125e-03
6.875e-03
4.375e-03
5.000e-03
4.375e-03
6.250e-03
3.125e-03
5.000e-03
2.500e-03
3.750e-03
4.375e-03
6.250e-03
3.125e-03
1.875e-03
1.875e-03
2.500e-03
3.125e-03
5.000e-03
1.875e-03
1.875e-03
1.875e-03
3.125e-03
2.500e-03
3.125e-03
3.125e-03
1.250e-03
1.875e-03
5.625e-03
4.375e-03
1.875e-03
5.000e-03
6.250e-04
6.250e-04
1.250e-03
2.500e-03
4.375e-03
2.500e-03
6.250e-04
6.250e-04
1.875e-03
6.250e-04
1.875e-03
1.875e-03
1.250e-03
3.750e-03
2.500e-03
5.000e-03
2.500e-03
3.750e-03
3.125e-03
2.500e-03
1.875e-03
1.250e-03
3.125e-03
5.000e-03
3.750e-03
6.875e-03
8.125e-03
4.375e-03
6.250e-03
5.625e-03
8.125e-03
1.063e-02
1.250e-02
6.875e-03
6.875e-03
5.625e-03
5.625e-03
1.875e-03
3.750e-03
5.000e-03
3.750e-03
1.250e-03
6.250e-04
6.250e-04
1.250e-03
1.875e-03
3.125e-03
2.500e-03
6.250e-04
1.250e-03
1.875e-03
3.125e-03
0.000e+00
1.875e-03
6.250e-04
1.250e-03
6.250e-04
2.500e-03
2.500e-03
0.000e+00
0.000e+00
0.000e+00
3.125e-03
0.000e+00
0.000e+00
1.875e-03
1.250e-03
6.250e-04
6.250e-04
6.250e-04
6.250e-04
6.250e-04
6.250e-04
1.250e-03
6.250e-04
6.250e-04
1.250e-03
0.000e+00
0.000e+00
1.250e-03
1.875e-03
0.000e+00
1.875e-03
1.875e-03
6.250e-04
1.250e-03
6.250e-04
3.125e-03
1.875e-03
1.250e-03
1.250e-03
1.250e-03
6.250e-04
1.250e-03
0.000e+00
0.000e+00
6.250e-04
0.000e+00
6.250e-04
6.250e-04
1.875e-03
1.875e-03
0.000e+00
6.250e-04
1.250e-03
1.250e-03
0.000e+00
6.250e-04
6.250e-04
6.250e-04
0.000e+00
6.250e-04
0.000e+00
0.000e+00
1.250e-03
6.250e-04
1.875e-03
1.250e-03
1.250e-03
1.250e-03
1.250e-03
1.250e-03
1.875e-03
6.250e-04
6.250e-04
2.500e-03
1.875e-03
1.250e-03
3.125e-03
3.125e-03
3.125e-03
1.250e-03
1.875e-03
1.875e-03
6.250e-03
2.500e-03
8.750e-03
7.500e-03
5.625e-03
3.750e-03
3.125e-03
9.375e-03
3.750e-03
7.500e-03
8.125e-03
1.000e-02
6.250e-03
1.438e-02
9.375e-03
6.875e-03
8.750e-03
6.875e-03
6.250e-03
5.000e-03
7.500e-03
3.125e-03
5.000e-03
2.500e-03
3.125e-03
4.375e-03
3.750e-03
3.750e-03
4.375e-03
2.500e-03
1.875e-03
2.500e-03
5.625e-03
2.500e-03
3.125e-03
2.500e-03
2.500e-03
5.625e-03
1.875e-03
6.250e-04
3.125e-03
5.000e-03
3.750e-03
