1.250e-03
1.250e-03
2.500e-03
3.125e-04
9.375e-04
2.500e-03
9.375e-04
1.250e-03
1.563e-03
1.250e-03
1.250e-03
9.375e-04
1.875e-03
1.250e-03
1.563e-03
1.563e-03
1.250e-03
3.125e-03
1.250e-03
1.563e-03
3.125e-03
3.750e-03
2.500e-03
3.125e-03
3.125e-03
3.125e-03
3.750e-03
3.438e-03
5.000e-03
4.063e-03
1.875e-03
2.812e-03
1.875e-03
1.875e-03
1.563e-03
1.875e-03
1.875e-03
2.188e-03
2.500e-03
3.125e-04
2.188e-03
6.250e-04
1.563e-03
9.375e-04
3.125e-04
1.250e-03
0.000e+00
1.250e-03
6.250e-04
9.375e-04
3.125e-04
1.250e-03
3.125e-04
3.125e-04
3.125e-04
0.000e+00
3.125e-04
6.250e-04
0.000e+00
6.250e-04
0.000e+00
0.000e+00
0.000e+00
3.125e-04
0.000e+00
9.375e-04
9.375e-04
1.250e-03
0.000e+00
6.250e-04
1.250e-03
0.000e+00
3.125e-04
3.125e-04
3.125e-04
3.125e-04
3.125e-04
3.125e-04
0.000e+00
6.250e-04
9.375e-04
6.250e-04
3.125e-04
9.375e-04
3.125e-04
3.125e-04
0.000e+00
0.000e+00
9.375e-04
3.125e-04
3.125e-04
6.250e-04
3.125e-04
9.375e-04
0.000e+00
6.250e-04
3.125e-04
1.250e-03
0.000e+00
1.250e-03
0.000e+00
6.250e-04
1.563e-03
3.125e-04
6.250e-04
3.125e-04
9.375e-04
3.125e-04
0.000e+00
1.250e-03
6.250e-04
3.125e-04
6.250e-04
3.125e-04
1.563e-03
6.250e-04
3.125e-04
3.125e-04
9.375e-04
3.125e-04
1.250e-03
1.563e-03
1.250e-03
1.250e-03
1.250e-03
6.250e-04
9.375e-04
6.250e-04
6.250e-04
2.188e-03
1.250e-03
2.812e-03
1.563e-03
2.188e-03
2.812e-03
1.250e-03
1.250e-03
1.250e-03
1.563e-03
1.563e-03
2.188e-03
2.500e-03
2.500e-03
2.812e-03
2.812e-03
3.125e-03
1.250e-03
1.563e-03
3.125e-03
3.750e-03
1.563e-03
5.313e-03
3.750e-03
1.563e-03
3.438e-03
3.125e-03
2.812e-03
2.500e-03
1.563e-03
2.812e-03
2.188e-03
4.375e-03
1.563e-03
3.125e-04
2.500e-03
4.063e-03
2.188e-03
2.188e-03
2.500e-03
2.812e-03
1.250e-03
1.875e-03
2.188e-03
1.563e-03
1.250e-03
1.250e-03
1.563e-03
1.563e-03
6.250e-04
9.375e-04
2.188e-03
1.250e-03
1.875e-03
1.875e-03
9.375e-04
6.250e-04
3.125e-04
1.563e-03
1.875e-03
1.563e-03
6.250e-04
6.250e-04
1.250e-03
3.125e-04
9.375e-04
1.250e-03
2.188e-03
6.250e-04
2.188e-03
9.375e-04
2.500e-03
1.250e-03
2.500e-03
2.500e-03
1.250e-03
2.812e-03
3.125e-03
1.875e-03
4.063e-03
3.438e-03
2.812e-03
5.000e-03
2.812e-03
3.750e-03
1.875e-03
2.188e-03
2.188e-03
2.500e-03
3.438e-03
2.188e-03
2.500e-03
6.250e-04
6.250e-04
9.375e-04
6.250e-04
1.563e-03
1.563e-03
2.188e-03
9.375e-04
6.250e-04
6.250e-04
3.125e-04
9.375e-04
6.250e-04
3.125e-04
3.125e-04
9.375e-04
1.250e-03
0.000e+00
0.000e+00
9.375e-04
3.125e-04
0.000e+00
0.000e+00
0.000e+00
3.125e-04
3.125e-04
0.000e+00
0.000e+00
9.375e-04
6.250e-04
6.250e-04
6.250e-04
9.375e-04
6.250e-04
1.250e-03
3.125e-04
0.000e+00
6.250e-04
3.125e-04
6.250e-04
9.375e-04
6.250e-04
9.375e-04
0.000e+00
6.250e-04
3.125e-04
0.000e+00
6.250e-04
0.000e+00
3.125e-04
1.250e-03
0.000e+00
9.375e-04
3.125e-04
9.375e-04
0.000e+00
3.125e-04
0.000e+00
1.250e-03
6.250e-04
9.375e-04
9.375e-04
0.000e+00
0.000e+00
9.375e-04
9.375e-04
6.250e-04
0.000e+00
3.125e-04
0.000e+00
3.125e-04
1.250e-03
3.125e-04
0.000e+00
3.125e-04
1.250e-03
3.125e-04
1.250e-03
3.125e-04
3.125e-04
1.250e-03
6.250e-04
6.250e-04
6.250e-04
9.375e-04
1.563e-03
1.563e-03
6.250e-04
2.188e-03
3.125e-04
9.375e-04
6.250e-04
6.250e-04
1.875e-03
2.188e-03
1.875e-03
2.500e-03
2.188e-03
2.500e-03
1.563e-03
2.188e-03
1.250e-03
1.563e-03
2.500e-03
2.188e-03
2.812e-03
9.375e-04
1.875e-03
3.125e-03
2.500e-03
1.875e-03
2.188e-03
5.625e-03
3.750e-03
2.188e-03
4.687e-03
3.125e-03
2.500e-03
1.250e-03
2.812e-03
3.750e-03
3.438e-03
2.500e-03
2.500e-03
1.563e-03
2.812e-03
3.125e-03
2.500e-03
3.438e-03
2.500e-03
2.500e-03
2.812e-03
1.250e-03
2.500e-03
1.250e-03
3.750e-03
1.563e-03
1.250e-03
1.875e-03
