3.506e-01
9.860e-02
4.930e-02
3.408e-02
1.461e-02
1.096e-02
8.521e-03
6.695e-03
5.478e-03
5.478e-03
2.435e-03
6.086e-04
0.000e+00
1.826e-03
1.217e-03
1.217e-03
0.000e+00
0.000e+00
0.000e+00
6.086e-04
6.086e-04
0.000e+00
0.000e+00
6.086e-04
0.000e+00
0.000e+00
0.000e+00
0.000e+00
6.086e-04
6.086e-04
0.000e+00
0.000e+00
0.000e+00
0.000e+00
0.000e+00
0.000e+00
6.086e-04
6.086e-04
0.000e+00
0.000e+00
1.826e-03
0.000e+00
6.086e-04
0.000e+00
0.000e+00
0.000e+00
0.000e+00
0.000e+00
0.000e+00
1.217e-03
6.086e-04
6.086e-04
0.000e+00
6.086e-04
0.000e+00
0.000e+00
0.000e+00
0.000e+00
6.086e-04
0.000e+00
0.000e+00
0.000e+00
0.000e+00
6.086e-04
0.000e+00
0.000e+00
0.000e+00
0.000e+00
0.000e+00
0.000e+00
0.000e+00
0.000e+00
0.000e+00
0.000e+00
0.000e+00
0.000e+00
1.217e-03
0.000e+00
0.000e+00
0.000e+00
0.000e+00
0.000e+00
0.000e+00
0.000e+00
0.000e+00
0.000e+00
0.000e+00
0.000e+00
0.000e+00
0.000e+00
0.000e+00
0.000e+00
0.000e+00
0.000e+00
0.000e+00
0.000e+00
0.000e+00
0.000e+00
0.000e+00
0.000e+00
0.000e+00
0.000e+00
0.000e+00
0.000e+00
0.000e+00
0.000e+00
0.000e+00
0.000e+00
0.000e+00
0.000e+00
1.217e-03
0.000e+00
0.000e+00
6.086e-04
0.000e+00
0.000e+00
6.086e-04
0.000e+00
6.086e-04
3.652e-03
3.043e-03
1.826e-03
1.217e-03
6.086e-04
1.826e-03
1.217e-03
6.086e-04
6.086e-04
6.086e-04
0.000e+00
1.217e-03
6.086e-04
0.000e+00
0.000e+00
6.086e-04
0.000e+00
0.000e+00
0.000e+00
0.000e+00
0.000e+00
0.000e+00
0.000e+00
0.000e+00
0.000e+00
0.000e+00
0.000e+00
6.086e-04
0.000e+00
0.000e+00
0.000e+00
0.000e+00
0.000e+00
0.000e+00
0.000e+00
0.000e+00
6.086e-04
1.826e-03
0.000e+00
0.000e+00
0.000e+00
0.000e+00
6.086e-04
6.086e-04
0.000e+00
6.086e-04
1.217e-03
1.217e-03
1.826e-03
1.217e-03
1.217e-03
1.826e-03
3.652e-03
1.217e-03
2.435e-03
3.652e-03
6.086e-04
1.826e-03
1.826e-03
3.043e-03
6.695e-03
6.695e-03
4.260e-03
4.869e-03
4.260e-03
2.435e-03
1.826e-03
3.043e-03
0.000e+00
1.217e-03
1.217e-03
6.086e-04
1.217e-03
6.086e-04
0.000e+00
1.217e-03
1.826e-03
0.000e+00
1.217e-03
1.217e-03
0.000e+00
0.000e+00
0.000e+00
6.086e-04
0.000e+00
0.000e+00
6.086e-04
6.086e-04
0.000e+00
0.000e+00
0.000e+00
0.000e+00
0.000e+00
0.000e+00
0.000e+00
0.000e+00
0.000e+00
0.000e+00
0.000e+00
6.086e-04
0.000e+00
0.000e+00
0.000e+00
0.000e+00
6.086e-04
0.000e+00
0.000e+00
0.000e+00
0.000e+00
0.000e+00
1.217e-03
1.826e-03
0.000e+00
0.000e+00
1.217e-03
6.086e-04
1.217e-03
0.000e+00
6.086e-04
6.086e-04
6.086e-04
1.217e-03
1.826e-03
6.086e-04
0.000e+00
6.086e-04
1.217e-03
0.000e+00
0.000e+00
0.000e+00
6.086e-04
0.000e+00
0.000e+00
0.000e+00
6.086e-04
0.000e+00
0.000e+00
0.000e+00
6.086e-04
0.000e+00
0.000e+00
0.000e+00
0.000e+00
0.000e+00
0.000e+00
0.000e+00
0.000e+00
0.000e+00
0.000e+00
0.000e+00
0.000e+00
0.000e+00
0.000e+00
0.000e+00
0.000e+00
0.000e+00
6.086e-04
0.000e+00
0.000e+00
6.086e-04
0.000e+00
0.000e+00
6.086e-04
0.000e+00
0.000e+00
0.000e+00
0.000e+00
6.086e-04
0.000e+00
0.000e+00
0.000e+00
0.000e+00
0.000e+00
0.000e+00
0.000e+00
0.000e+00
0.000e+00
0.000e+00
0.000e+00
6.086e-04
0.000e+00
0.000e+00
0.000e+00
0.000e+00
6.086e-04
0.000e+00
0.000e+00
0.000e+00
0.000e+00
6.086e-04
0.000e+00
1.217e-03
0.000e+00
1.217e-03
0.000e+00
0.000e+00
0.000e+00
0.000e+00
0.000e+00
6.086e-04
0.000e+00
0.000e+00
0.000e+00
6.086e-04
0.000e+00
0.000e+00
6.086e-04
0.000e+00
0.000e+00
0.000e+00
6.086e-04
0.000e+00
0.000e+00
6.086e-04
6.086e-04
0.000e+00
6.086e-04
6.086e-04
0.000e+00
1.217e-03
6.086e-04
6.086e-04
6.086e-04
6.086e-04
0.000e+00
1.217e-03
6.086e-04
0.000e+00
6.086e-04
6.086e-04
1.217e-03
1.826e-03
4.260e-03
3.043e-03
4.869e-03
1.035e-02
1.826e-02
1.887e-02
2.982e-02
6.086e-02
1.096e-01
