1.197e+03
5.660e+02
3.940e+02
3.020e+02
2.470e+02
2.380e+02
1.980e+02
1.750e+02
1.530e+02
1.530e+02
1.020e+02
1.000e+02
8.500e+01
8.800e+01
7.000e+01
7.300e+01
4.100e+01
5.000e+01
2.800e+01
1.900e+01
2.800e+01
2.200e+01
1.600e+01
1.900e+01
2.000e+01
1.700e+01
1.300e+01
1.600e+01
7.000e+00
7.000e+00
9.000e+00
4.000e+00
1.300e+01
8.000e+00
8.000e+00
5.000e+00
6.000e+00
4.000e+00
2.000e+00
3.000e+00
4.000e+00
3.000e+00
5.000e+00
5.000e+00
3.000e+00
4.000e+00
1.000e+00
3.000e+00
0.000e+00
1.000e+00
1.000e+00
0.000e+00
1.000e+00
1.000e+00
1.000e+00
1.000e+00
0.000e+00
0.000e+00
1.000e+00
5.000e+00
8.000e+00
2.000e+00
1.000e+00
3.000e+00
2.000e+00
0.000e+00
0.000e+00
2.000e+00
0.000e+00
1.000e+00
1.000e+00
0.000e+00
0.000e+00
0.000e+00
0.000e+00
0.000e+00
0.000e+00
0.000e+00
0.000e+00
1.000e+00
0.000e+00
0.000e+00
0.000e+00
0.000e+00
0.000e+00
0.000e+00
0.000e+00
0.000e+00
0.000e+00
1.000e+00
0.000e+00
0.000e+00
0.000e+00
0.000e+00
0.000e+00
0.000e+00
0.000e+00
1.000e+00
0.000e+00
0.000e+00
0.000e+00
0.000e+00
0.000e+00
1.000e+00
0.000e+00
1.000e+00
0.000e+00
0.000e+00
0.000e+00
0.000e+00
0.000e+00
0.000e+00
1.000e+00
0.000e+00
0.000e+00
0.000e+00
0.000e+00
0.000e+00
1.000e+00
0.000e+00
1.000e+00
0.000e+00
0.000e+00
1.000e+00
1.000e+00
1.000e+00
0.000e+00
0.000e+00
0.000e+00
0.000e+00
2.000e+00
0.000e+00
1.000e+00
3.000e+00
3.000e+00
4.000e+00
1.000e+00
0.000e+00
0.000e+00
1.000e+00
1.000e+00
2.000e+00
2.000e+00
8.000e+00
5.000e+00
4.000e+00
4.000e+00
5.000e+00
8.000e+00
5.000e+00
1.600e+01
8.000e+00
1.600e+01
1.200e+01
1.300e+01
1.400e+01
2.100e+01
1.300e+01
1.300e+01
8.000e+00
1.500e+01
1.700e+01
1.200e+01
1.700e+01
1.400e+01
1.500e+01
1.800e+01
2.600e+01
1.800e+01
2.800e+01
2.800e+01
2.500e+01
2.400e+01
2.700e+01
3.300e+01
3.400e+01
2.400e+01
2.400e+01
3.300e+01
5.600e+01
1.180e+02
5.500e+01
4.100e+01
3.100e+01
2.700e+01
3.300e+01
2.800e+01
2.200e+01
2.500e+01
2.700e+01
2.800e+01
2.900e+01
2.200e+01
2.400e+01
1.800e+01
2.100e+01
1.400e+01
1.300e+01
1.400e+01
1.400e+01
1.600e+01
1.000e+01
6.000e+00
1.800e+01
1.800e+01
7.000e+00
1.500e+01
1.000e+01
5.000e+00
1.400e+01
5.000e+00
9.000e+00
1.000e+01
8.000e+00
4.000e+00
3.000e+00
1.000e+00
3.000e+00
6.000e+00
5.000e+00
1.000e+00
2.000e+00
3.000e+00
3.000e+00
1.000e+00
1.000e+00
1.000e+00
1.000e+00
2.000e+00
4.000e+00
2.000e+00
1.000e+00
1.000e+00
0.000e+00
0.000e+00
0.000e+00
0.000e+00
0.000e+00
0.000e+00
1.000e+00
1.000e+00
0.000e+00
0.000e+00
0.000e+00
0.000e+00
1.000e+00
0.000e+00
0.000e+00
0.000e+00
1.000e+00
0.000e+00
0.000e+00
0.000e+00
0.000e+00
0.000e+00
1.000e+00
0.000e+00
0.000e+00
0.000e+00
0.000e+00
0.000e+00
0.000e+00
0.000e+00
0.000e+00
0.000e+00
0.000e+00
0.000e+00
0.000e+00
0.000e+00
1.000e+00
0.000e+00
0.000e+00
0.000e+00
0.000e+00
0.000e+00
1.000e+00
0.000e+00
0.000e+00
0.000e+00
0.000e+00
1.000e+00
0.000e+00
1.000e+00
0.000e+00
0.000e+00
1.000e+00
2.000e+00
0.000e+00
0.000e+00
0.000e+00
0.000e+00
2.000e+00
1.000e+00
2.000e+00
0.000e+00
0.000e+00
0.000e+00
0.000e+00
1.000e+00
2.000e+00
1.200e+01
3.000e+00
0.000e+00
3.000e+00
1.000e+00
1.000e+00
1.000e+00
1.000e+00
1.000e+00
1.000e+00
0.000e+00
2.000e+00
2.000e+00
1.000e+00
1.000e+00
5.000e+00
4.000e+00
2.000e+00
3.000e+00
3.000e+00
6.000e+00
5.000e+00
4.000e+00
4.000e+00
5.000e+00
4.000e+00
7.000e+00
1.100e+01
1.000e+01
6.000e+00
7.000e+00
6.000e+00
1.100e+01
1.000e+01
1.800e+01
1.600e+01
2.100e+01
1.900e+01
2.000e+01
2.600e+01
2.400e+01
3.500e+01
2.900e+01
4.700e+01
5.500e+01
6.000e+01
7.200e+01
9.100e+01
9.000e+01
1.010e+02
1.240e+02
1.420e+02
1.620e+02
1.730e+02
1.960e+02
2.200e+02
2.650e+02
3.440e+02
4.190e+02
5.540e+02
