2.739e-02
2.982e-02
2.769e-02
2.374e-02
2.222e-02
2.009e-02
1.339e-02
1.248e-02
1.735e-02
1.126e-02
9.130e-03
8.217e-03
6.391e-03
3.043e-03
4.869e-03
1.826e-03
2.739e-03
2.739e-03
2.130e-03
1.217e-03
6.086e-04
0.000e+00
1.217e-03
0.000e+00
0.000e+00
3.043e-04
6.086e-04
6.086e-04
0.000e+00
0.000e+00
0.000e+00
3.043e-04
0.000e+00
0.000e+00
0.000e+00
0.000e+00
0.000e+00
0.000e+00
0.000e+00
0.000e+00
0.000e+00
0.000e+00
3.043e-04
0.000e+00
0.000e+00
0.000e+00
0.000e+00
0.000e+00
0.000e+00
0.000e+00
0.000e+00
3.043e-04
0.000e+00
0.000e+00
0.000e+00
3.043e-04
0.000e+00
0.000e+00
0.000e+00
0.000e+00
0.000e+00
0.000e+00
0.000e+00
3.043e-04
0.000e+00
0.000e+00
3.043e-04
0.000e+00
3.043e-04
0.000e+00
3.043e-04
0.000e+00
0.000e+00
3.043e-04
0.000e+00
0.000e+00
0.000e+00
0.000e+00
3.043e-04
0.000e+00
0.000e+00
0.000e+00
0.000e+00
3.043e-04
0.000e+00
0.000e+00
0.000e+00
0.000e+00
0.000e+00
0.000e+00
0.000e+00
0.000e+00
0.000e+00
9.130e-04
0.000e+00
6.086e-04
0.000e+00
0.000e+00
3.043e-04
3.043e-04
0.000e+00
3.043e-04
3.043e-04
0.000e+00
6.086e-04
6.086e-04
6.086e-04
1.217e-03
6.086e-04
3.043e-04
3.043e-04
6.086e-04
3.043e-04
0.000e+00
0.000e+00
3.043e-04
6.086e-04
9.130e-04
3.043e-04
3.043e-04
0.000e+00
3.043e-04
3.043e-04
0.000e+00
0.000e+00
0.000e+00
0.000e+00
0.000e+00
0.000e+00
0.000e+00
0.000e+00
0.000e+00
3.043e-04
0.000e+00
0.000e+00
0.000e+00
0.000e+00
0.000e+00
0.000e+00
0.000e+00
0.000e+00
0.000e+00
0.000e+00
0.000e+00
0.000e+00
0.000e+00
0.000e+00
0.000e+00
3.043e-04
0.000e+00
0.000e+00
0.000e+00
0.000e+00
0.000e+00
0.000e+00
0.000e+00
0.000e+00
0.000e+00
0.000e+00
0.000e+00
0.000e+00
0.000e+00
0.000e+00
0.000e+00
0.000e+00
0.000e+00
0.000e+00
0.000e+00
0.000e+00
0.000e+00
0.000e+00
0.000e+00
0.000e+00
0.000e+00
0.000e+00
0.000e+00
0.000e+00
0.000e+00
0.000e+00
0.000e+00
0.000e+00
0.000e+00
0.000e+00
0.000e+00
0.000e+00
0.000e+00
0.000e+00
0.000e+00
0.000e+00
0.000e+00
0.000e+00
0.000e+00
0.000e+00
0.000e+00
0.000e+00
0.000e+00
0.000e+00
0.000e+00
0.000e+00
0.000e+00
0.000e+00
0.000e+00
0.000e+00
0.000e+00
0.000e+00
0.000e+00
0.000e+00
0.000e+00
0.000e+00
0.000e+00
0.000e+00
0.000e+00
0.000e+00
0.000e+00
0.000e+00
0.000e+00
0.000e+00
0.000e+00
0.000e+00
0.000e+00
0.000e+00
0.000e+00
0.000e+00
0.000e+00
0.000e+00
0.000e+00
0.000e+00
3.043e-04
3.043e-04
0.000e+00
0.000e+00
0.000e+00
0.000e+00
0.000e+00
0.000e+00
0.000e+00
0.000e+00
0.000e+00
0.000e+00
3.043e-04
0.000e+00
3.043e-04
3.043e-04
0.000e+00
0.000e+00
0.000e+00
0.000e+00
0.000e+00
0.000e+00
6.086e-04
0.000e+00
0.000e+00
9.130e-04
1.217e-03
0.000e+00
3.043e-04
0.000e+00
3.043e-04
3.043e-04
6.086e-04
0.000e+00
6.086e-04
3.043e-04
0.000e+00
6.086e-04
0.000e+00
3.043e-04
3.043e-04
0.000e+00
3.043e-04
6.086e-04
0.000e+00
0.000e+00
3.043e-04
0.000e+00
0.000e+00
3.043e-04
0.000e+00
0.000e+00
3.043e-04
0.000e+00
0.000e+00
0.000e+00
0.000e+00
3.043e-04
0.000e+00
0.000e+00
3.043e-04
0.000e+00
0.000e+00
0.000e+00
0.000e+00
3.043e-04
0.000e+00
0.000e+00
3.043e-04
0.000e+00
0.000e+00
0.000e+00
0.000e+00
0.000e+00
0.000e+00
0.000e+00
0.000e+00
0.000e+00
3.043e-04
0.000e+00
0.000e+00
0.000e+00
0.000e+00
0.000e+00
0.000e+00
0.000e+00
0.000e+00
0.000e+00
0.000e+00
3.043e-04
0.000e+00
0.000e+00
0.000e+00
0.000e+00
0.000e+00
0.000e+00
0.000e+00
0.000e+00
0.000e+00
0.000e+00
0.000e+00
6.086e-04
0.000e+00
0.000e+00
3.043e-04
3.043e-04
0.000e+00
6.086e-04
0.000e+00
3.043e-04
3.043e-04
3.043e-04
9.130e-04
6.086e-04
1.522e-03
1.826e-03
2.435e-03
1.522e-03
3.956e-03
2.739e-03
3.652e-03
5.478e-03
7.304e-03
7.912e-03
1.004e-02
1.187e-02
1.248e-02
2.191e-02
1.917e-02
2.222e-02
2.526e-02
2.556e-02
3.135e-02
