3.538e-03
2.358e-03
0.000e+00
0.000e+00
1.179e-03
3.538e-03
0.000e+00
0.000e+00
0.000e+00
3.538e-03
1.179e-03
2.358e-03
0.000e+00
1.179e-03
2.358e-03
1.179e-03
2.358e-03
1.179e-03
0.000e+00
0.000e+00
1.179e-03
1.179e-03
0.000e+00
0.000e+00
1.179e-03
3.538e-03
2.358e-03
1.179e-03
2.358e-03
1.179e-03
0.000e+00
2.358e-03
0.000e+00
3.538e-03
0.000e+00
1.179e-03
1.179e-03
2.358e-03
2.358e-03
5.896e-03
1.179e-03
3.538e-03
2.358e-03
1.179e-03
1.179e-03
3.538e-03
0.000e+00
3.538e-03
1.179e-03
3.538e-03
4.717e-03
4.717e-03
1.179e-03
2.358e-03
3.538e-03
1.179e-03
2.358e-03
2.358e-03
1.179e-03
5.896e-03
3.538e-03
3.538e-03
1.179e-03
0.000e+00
2.358e-03
1.179e-03
4.717e-03
0.000e+00
2.358e-03
0.000e+00
1.179e-03
0.000e+00
1.179e-03
0.000e+00
0.000e+00
3.538e-03
0.000e+00
0.000e+00
1.179e-03
0.000e+00
1.179e-03
0.000e+00
0.000e+00
0.000e+00
0.000e+00
0.000e+00
0.000e+00
0.000e+00
0.000e+00
0.000e+00
1.179e-03
0.000e+00
1.179e-03
0.000e+00
0.000e+00
0.000e+00
0.000e+00
0.000e+00
1.179e-03
1.179e-03
2.358e-03
2.358e-03
1.179e-03
1.179e-03
0.000e+00
1.179e-03
0.000e+00
0.000e+00
0.000e+00
1.179e-03
0.000e+00
0.000e+00
1.179e-03
0.000e+00
0.000e+00
1.179e-03
1.179e-03
0.000e+00
1.179e-03
1.179e-03
0.000e+00
0.000e+00
2.358e-03
2.358e-03
0.000e+00
0.000e+00
1.179e-03
0.000e+00
0.000e+00
1.179e-03
0.000e+00
1.179e-03
1.179e-03
1.179e-03
0.000e+00
2.358e-03
1.179e-03
2.358e-03
1.179e-03
0.000e+00
1.179e-03
2.358e-03
2.358e-03
1.179e-03
1.179e-03
1.179e-03
0.000e+00
2.358e-03
0.000e+00
0.000e+00
1.179e-03
1.179e-03
2.358e-03
1.179e-03
0.000e+00
1.179e-03
1.179e-03
0.000e+00
0.000e+00
1.179e-03
0.000e+00
0.000e+00
1.179e-03
0.000e+00
0.000e+00
1.179e-03
0.000e+00
1.179e-03
0.000e+00
0.000e+00
3.538e-03
4.717e-03
1.179e-03
1.179e-03
3.538e-03
4.717e-03
4.717e-03
4.717e-03
1.061e-02
9.434e-03
7.075e-03
1.061e-02
4.717e-03
7.075e-03
8.255e-03
1.061e-02
3.538e-03
7.075e-03
4.717e-03
4.717e-03
0.000e+00
1.179e-03
3.538e-03
2.358e-03
1.179e-03
1.179e-03
2.358e-03
0.000e+00
0.000e+00
0.000e+00
2.358e-03
0.000e+00
0.000e+00
1.179e-03
0.000e+00
1.179e-03
0.000e+00
0.000e+00
0.000e+00
0.000e+00
2.358e-03
1.179e-03
1.179e-03
0.000e+00
1.179e-03
0.000e+00
1.179e-03
0.000e+00
2.358e-03
0.000e+00
3.538e-03
1.179e-03
0.000e+00
1.179e-03
0.000e+00
0.000e+00
0.000e+00
0.000e+00
1.179e-03
0.000e+00
0.000e+00
2.358e-03
2.358e-03
0.000e+00
2.358e-03
1.179e-03
0.000e+00
2.358e-03
1.179e-03
0.000e+00
2.358e-03
1.179e-03
1.179e-03
0.000e+00
2.358e-03
0.000e+00
2.358e-03
0.000e+00
0.000e+00
1.179e-03
1.179e-03
5.896e-03
1.179e-03
0.000e+00
1.179e-03
2.358e-03
1.179e-03
1.179e-03
0.000e+00
1.179e-03
0.000e+00
0.000e+00
1.179e-03
1.179e-03
0.000e+00
0.000e+00
1.179e-03
0.000e+00
0.000e+00
0.000e+00
1.179e-03
1.179e-03
2.358e-03
0.000e+00
0.000e+00
1.179e-03
0.000e+00
0.000e+00
0.000e+00
1.179e-03
0.000e+00
0.000e+00
0.000e+00
0.000e+00
0.000e+00
0.000e+00
0.000e+00
0.000e+00
1.179e-03
0.000e+00
1.179e-03
1.179e-03
3.538e-03
1.179e-03
0.000e+00
0.000e+00
2.358e-03
0.000e+00
1.179e-03
1.179e-03
1.179e-03
4.717e-03
0.000e+00
1.179e-03
3.538e-03
2.358e-03
2.358e-03
2.358e-03
2.358e-03
0.000e+00
2.358e-03
0.000e+00
2.358e-03
4.717e-03
1.179e-03
2.358e-03
4.717e-03
1.179e-03
2.358e-03
0.000e+00
2.358e-03
5.896e-03
2.358e-03
2.358e-03
0.000e+00
1.179e-03
4.717e-03
3.538e-03
0.000e+00
0.000e+00
1.179e-03
0.000e+00
0.000e+00
0.000e+00
0.000e+00
3.538e-03
0.000e+00
0.000e+00
1.179e-03
0.000e+00
0.000e+00
1.179e-03
0.000e+00
2.358e-03
1.179e-03
1.179e-03
1.179e-03
0.000e+00
0.000e+00
1.179e-03
0.000e+00
0.000e+00
0.000e+00
5.896e-03
0.000e+00
1.179e-03
2.358e-03
1.179e-03
1.179e-03
0.000e+00
