7.075e-03
2.358e-03
0.000e+00
0.000e+00
2.358e-03
0.000e+00
2.358e-03
7.075e-03
0.000e+00
2.358e-03
2.358e-03
2.358e-03
9.434e-03
2.358e-03
4.717e-03
9.434e-03
7.075e-03
2.358e-03
2.358e-03
2.358e-03
2.358e-03
4.717e-03
2.358e-03
0.000e+00
2.358e-03
2.358e-03
2.358e-03
4.717e-03
4.717e-03
0.000e+00
0.000e+00
2.358e-03
4.717e-03
0.000e+00
0.000e+00
0.000e+00
0.000e+00
0.000e+00
0.000e+00
0.000e+00
4.717e-03
2.358e-03
4.717e-03
1.651e-02
9.434e-03
7.075e-03
2.358e-03
7.075e-03
1.415e-02
4.717e-03
1.415e-02
4.717e-03
9.434e-03
4.717e-03
7.075e-03
2.358e-03
0.000e+00
2.358e-03
0.000e+00
0.000e+00
2.358e-03
0.000e+00
4.717e-03
0.000e+00
4.717e-03
2.358e-03
2.358e-03
2.358e-03
2.358e-03
0.000e+00
7.075e-03
0.000e+00
0.000e+00
0.000e+00
2.358e-03
0.000e+00
0.000e+00
0.000e+00
0.000e+00
2.358e-03
0.000e+00
0.000e+00
0.000e+00
0.000e+00
0.000e+00
2.358e-03
0.000e+00
4.717e-03
4.717e-03
2.358e-03
0.000e+00
0.000e+00
0.000e+00
0.000e+00
0.000e+00
0.000e+00
0.000e+00
0.000e+00
0.000e+00
0.000e+00
0.000e+00
0.000e+00
0.000e+00
0.000e+00
0.000e+00
0.000e+00
0.000e+00
0.000e+00
2.358e-03
0.000e+00
0.000e+00
0.000e+00
0.000e+00
0.000e+00
0.000e+00
0.000e+00
2.358e-03
0.000e+00
0.000e+00
0.000e+00
0.000e+00
0.000e+00
2.358e-03
4.717e-03
4.717e-03
0.000e+00
2.358e-03
0.000e+00
4.717e-03
2.358e-03
4.717e-03
2.358e-03
4.717e-03
1.179e-02
1.179e-02
7.075e-03
2.358e-03
2.358e-03
4.717e-03
0.000e+00
0.000e+00
2.358e-03
4.717e-03
4.717e-03
0.000e+00
2.358e-03
2.358e-03
7.075e-03
4.717e-03
4.717e-03
0.000e+00
2.358e-03
2.358e-03
9.434e-03
9.434e-03
2.358e-03
4.717e-03
7.075e-03
2.358e-03
2.358e-03
0.000e+00
7.075e-03
2.358e-03
7.075e-03
0.000e+00
7.075e-03
4.717e-03
2.358e-03
0.000e+00
2.358e-03
0.000e+00
0.000e+00
0.000e+00
2.358e-03
2.358e-03
4.717e-03
2.358e-03
7.075e-03
7.075e-03
1.179e-02
4.953e-02
3.302e-02
1.179e-02
7.075e-03
0.000e+00
0.000e+00
7.075e-03
0.000e+00
2.358e-03
2.358e-03
0.000e+00
0.000e+00
2.358e-03
2.358e-03
0.000e+00
2.358e-03
0.000e+00
2.358e-03
0.000e+00
2.358e-03
4.717e-03
0.000e+00
2.358e-03
7.075e-03
2.358e-03
4.717e-03
2.358e-03
0.000e+00
0.000e+00
7.075e-03
1.415e-02
7.075e-03
2.358e-03
2.358e-03
9.434e-03
2.358e-03
0.000e+00
2.358e-03
9.434e-03
0.000e+00
0.000e+00
9.434e-03
2.358e-03
2.358e-03
2.358e-03
4.717e-03
4.717e-03
2.358e-03
2.358e-03
4.717e-03
0.000e+00
0.000e+00
0.000e+00
0.000e+00
0.000e+00
0.000e+00
4.717e-03
2.358e-03
2.358e-03
4.717e-03
2.358e-03
2.358e-03
4.717e-03
0.000e+00
7.075e-03
0.000e+00
0.000e+00
0.000e+00
0.000e+00
0.000e+00
0.000e+00
0.000e+00
0.000e+00
0.000e+00
0.000e+00
0.000e+00
0.000e+00
0.000e+00
0.000e+00
0.000e+00
0.000e+00
0.000e+00
2.358e-03
0.000e+00
0.000e+00
0.000e+00
2.358e-03
0.000e+00
0.000e+00
0.000e+00
2.358e-03
0.000e+00
0.000e+00
0.000e+00
0.000e+00
0.000e+00
2.358e-03
2.358e-03
4.717e-03
0.000e+00
2.358e-03
4.717e-03
0.000e+00
0.000e+00
2.358e-03
0.000e+00
0.000e+00
0.000e+00
0.000e+00
0.000e+00
0.000e+00
4.717e-03
0.000e+00
2.358e-03
0.000e+00
2.358e-03
0.000e+00
2.358e-03
2.358e-03
0.000e+00
2.358e-03
0.000e+00
4.717e-03
4.717e-03
0.000e+00
0.000e+00
7.075e-03
2.358e-03
1.179e-02
4.717e-03
1.179e-02
4.717e-03
9.434e-03
1.887e-02
9.434e-03
2.358e-03
9.434e-03
4.717e-03
2.358e-03
2.358e-03
0.000e+00
2.358e-03
0.000e+00
0.000e+00
0.000e+00
0.000e+00
2.358e-03
2.358e-03
0.000e+00
7.075e-03
0.000e+00
2.358e-03
4.717e-03
0.000e+00
0.000e+00
0.000e+00
2.358e-03
0.000e+00
2.358e-03
0.000e+00
2.358e-03
0.000e+00
0.000e+00
4.717e-03
0.000e+00
4.717e-03
7.075e-03
4.717e-03
2.358e-03
9.434e-03
9.434e-03
0.000e+00
2.358e-03
2.358e-03
0.000e+00
2.358e-03
0.000e+00
7.075e-03
0.000e+00
0.000e+00
