9.852e-04
1.970e-03
0.000e+00
0.000e+00
0.000e+00
0.000e+00
9.852e-04
9.852e-04
0.000e+00
0.000e+00
9.852e-04
0.000e+00
0.000e+00
0.000e+00
0.000e+00
9.852e-04
9.852e-04
0.000e+00
1.970e-03
1.970e-03
9.852e-04
5.911e-03
4.926e-03
9.852e-03
1.478e-02
8.867e-03
1.773e-02
1.084e-02
1.281e-02
2.167e-02
1.576e-02
3.448e-02
2.069e-02
1.773e-02
6.897e-03
3.941e-03
5.911e-03
9.852e-04
9.852e-04
1.970e-03
1.970e-03
9.852e-04
9.852e-04
0.000e+00
9.852e-04
0.000e+00
0.000e+00
9.852e-04
0.000e+00
0.000e+00
9.852e-04
0.000e+00
0.000e+00
0.000e+00
0.000e+00
0.000e+00
0.000e+00
0.000e+00
0.000e+00
0.000e+00
9.852e-04
0.000e+00
0.000e+00
0.000e+00
0.000e+00
0.000e+00
0.000e+00
0.000e+00
0.000e+00
0.000e+00
0.000e+00
0.000e+00
0.000e+00
0.000e+00
0.000e+00
0.000e+00
0.000e+00
0.000e+00
0.000e+00
0.000e+00
0.000e+00
0.000e+00
0.000e+00
0.000e+00
0.000e+00
0.000e+00
9.852e-04
0.000e+00
9.852e-04
0.000e+00
0.000e+00
0.000e+00
0.000e+00
0.000e+00
0.000e+00
0.000e+00
0.000e+00
0.000e+00
0.000e+00
0.000e+00
0.000e+00
0.000e+00
0.000e+00
0.000e+00
0.000e+00
0.000e+00
0.000e+00
0.000e+00
0.000e+00
0.000e+00
0.000e+00
0.000e+00
0.000e+00
0.000e+00
0.000e+00
9.852e-04
0.000e+00
0.000e+00
0.000e+00
0.000e+00
0.000e+00
0.000e+00
0.000e+00
0.000e+00
0.000e+00
0.000e+00
0.000e+00
0.000e+00
0.000e+00
0.000e+00
0.000e+00
9.852e-04
0.000e+00
9.852e-04
0.000e+00
0.000e+00
9.852e-04
1.970e-03
9.852e-04
9.852e-04
2.956e-03
9.852e-04
1.970e-03
6.897e-03
9.852e-03
1.773e-02
2.069e-02
2.069e-02
3.251e-02
2.167e-02
1.576e-02
1.970e-02
2.660e-02
1.675e-02
8.867e-03
6.897e-03
7.882e-03
2.956e-03
4.926e-03
3.941e-03
1.970e-03
9.852e-04
0.000e+00
1.970e-03
9.852e-04
1.970e-03
0.000e+00
0.000e+00
0.000e+00
0.000e+00
0.000e+00
9.852e-04
9.852e-04
0.000e+00
0.000e+00
0.000e+00
0.000e+00
0.000e+00
0.000e+00
1.970e-03
9.852e-04
0.000e+00
0.000e+00
9.852e-04
0.000e+00
0.000e+00
0.000e+00
0.000e+00
0.000e+00
9.852e-04
0.000e+00
0.000e+00
9.852e-04
0.000e+00
0.000e+00
9.852e-04
9.852e-04
0.000e+00
9.852e-04
1.970e-03
0.000e+00
1.970e-03
1.970e-03
7.882e-03
3.941e-03
1.182e-02
9.852e-03
1.478e-02
2.365e-02
2.365e-02
2.759e-02
2.167e-02
1.576e-02
1.970e-02
1.281e-02
1.281e-02
9.852e-03
9.852e-03
9.852e-04
9.852e-04
9.852e-04
1.970e-03
0.000e+00
9.852e-04
9.852e-04
0.000e+00
0.000e+00
9.852e-04
0.000e+00
0.000e+00
9.852e-04
0.000e+00
0.000e+00
0.000e+00
0.000e+00
0.000e+00
0.000e+00
0.000e+00
0.000e+00
0.000e+00
0.000e+00
0.000e+00
0.000e+00
0.000e+00
0.000e+00
0.000e+00
0.000e+00
0.000e+00
0.000e+00
0.000e+00
0.000e+00
0.000e+00
0.000e+00
0.000e+00
0.000e+00
0.000e+00
0.000e+00
0.000e+00
0.000e+00
0.000e+00
0.000e+00
0.000e+00
0.000e+00
0.000e+00
0.000e+00
0.000e+00
0.000e+00
0.000e+00
0.000e+00
0.000e+00
0.000e+00
0.000e+00
0.000e+00
0.000e+00
0.000e+00
0.000e+00
0.000e+00
0.000e+00
0.000e+00
0.000e+00
0.000e+00
0.000e+00
0.000e+00
0.000e+00
0.000e+00
0.000e+00
0.000e+00
0.000e+00
0.000e+00
0.000e+00
0.000e+00
0.000e+00
0.000e+00
0.000e+00
0.000e+00
0.000e+00
0.000e+00
0.000e+00
0.000e+00
0.000e+00
0.000e+00
9.852e-04
0.000e+00
0.000e+00
9.852e-04
0.000e+00
0.000e+00
0.000e+00
0.000e+00
0.000e+00
0.000e+00
0.000e+00
0.000e+00
0.000e+00
9.852e-04
9.852e-04
9.852e-04
9.852e-04
1.970e-03
9.852e-04
0.000e+00
0.000e+00
0.000e+00
9.852e-04
5.911e-03
6.897e-03
9.852e-03
1.576e-02
1.576e-02
2.660e-02
1.478e-02
1.379e-02
1.773e-02
2.956e-02
1.872e-02
1.478e-02
1.182e-02
1.084e-02
4.926e-03
4.926e-03
3.941e-03
2.956e-03
9.852e-04
9.852e-04
0.000e+00
0.000e+00
0.000e+00
9.852e-04
0.000e+00
0.000e+00
0.000e+00
0.000e+00
0.000e+00
0.000e+00
0.000e+00
0.000e+00
0.000e+00
0.000e+00
9.852e-04
0.000e+00
