2.956e-03
1.970e-03
9.852e-04
9.852e-04
9.852e-04
2.463e-03
4.433e-03
3.448e-03
1.970e-03
1.970e-03
1.970e-03
1.478e-03
1.970e-03
2.463e-03
3.448e-03
3.448e-03
3.448e-03
2.956e-03
3.448e-03
2.463e-03
4.433e-03
6.404e-03
6.404e-03
3.941e-03
5.419e-03
4.433e-03
3.448e-03
6.897e-03
3.448e-03
4.433e-03
2.463e-03
1.970e-03
2.463e-03
2.956e-03
2.463e-03
9.852e-04
2.956e-03
1.970e-03
9.852e-04
9.852e-04
4.926e-04
4.926e-04
1.478e-03
0.000e+00
0.000e+00
4.926e-04
0.000e+00
0.000e+00
0.000e+00
0.000e+00
0.000e+00
0.000e+00
0.000e+00
0.000e+00
0.000e+00
4.926e-04
0.000e+00
0.000e+00
0.000e+00
0.000e+00
4.926e-04
0.000e+00
0.000e+00
0.000e+00
0.000e+00
0.000e+00
0.000e+00
0.000e+00
0.000e+00
0.000e+00
0.000e+00
0.000e+00
0.000e+00
0.000e+00
0.000e+00
0.000e+00
0.000e+00
0.000e+00
0.000e+00
0.000e+00
0.000e+00
0.000e+00
0.000e+00
0.000e+00
0.000e+00
0.000e+00
0.000e+00
0.000e+00
0.000e+00
0.000e+00
0.000e+00
0.000e+00
0.000e+00
0.000e+00
0.000e+00
0.000e+00
0.000e+00
0.000e+00
0.000e+00
0.000e+00
0.000e+00
0.000e+00
0.000e+00
0.000e+00
0.000e+00
0.000e+00
0.000e+00
0.000e+00
0.000e+00
0.000e+00
0.000e+00
0.000e+00
0.000e+00
0.000e+00
0.000e+00
0.000e+00
0.000e+00
0.000e+00
0.000e+00
0.000e+00
0.000e+00
0.000e+00
0.000e+00
0.000e+00
4.926e-04
0.000e+00
0.000e+00
0.000e+00
0.000e+00
0.000e+00
4.926e-04
0.000e+00
0.000e+00
0.000e+00
4.926e-04
0.000e+00
9.852e-04
0.000e+00
1.478e-03
1.478e-03
0.000e+00
1.478e-03
1.478e-03
0.000e+00
2.956e-03
3.448e-03
1.478e-03
4.926e-03
4.926e-03
3.941e-03
5.911e-03
4.433e-03
5.419e-03
1.970e-03
4.433e-03
5.419e-03
4.926e-03
3.941e-03
3.941e-03
3.941e-03
1.970e-03
3.448e-03
3.941e-03
5.419e-03
2.956e-03
1.970e-03
1.970e-03
2.463e-03
4.926e-04
2.463e-03
9.852e-04
9.852e-04
9.852e-04
2.956e-03
3.448e-03
1.478e-03
2.956e-03
2.463e-03
2.956e-03
2.463e-03
2.463e-03
2.956e-03
2.463e-03
2.463e-03
1.970e-03
2.956e-03
9.852e-04
1.970e-03
3.448e-03
2.463e-03
1.970e-03
9.852e-04
9.852e-04
2.956e-03
3.448e-03
2.956e-03
2.463e-03
3.941e-03
1.478e-03
9.852e-04
1.970e-03
1.970e-03
3.448e-03
1.478e-03
3.941e-03
2.956e-03
5.419e-03
3.941e-03
5.419e-03
2.956e-03
3.448e-03
4.433e-03
3.941e-03
1.478e-03
3.448e-03
3.448e-03
3.941e-03
2.463e-03
2.463e-03
1.970e-03
1.478e-03
1.970e-03
4.926e-04
9.852e-04
0.000e+00
9.852e-04
4.926e-04
0.000e+00
0.000e+00
0.000e+00
4.926e-04
0.000e+00
4.926e-04
0.000e+00
0.000e+00
0.000e+00
4.926e-04
0.000e+00
0.000e+00
0.000e+00
0.000e+00
4.926e-04
0.000e+00
0.000e+00
0.000e+00
0.000e+00
0.000e+00
0.000e+00
0.000e+00
0.000e+00
0.000e+00
0.000e+00
0.000e+00
0.000e+00
0.000e+00
0.000e+00
0.000e+00
0.000e+00
0.000e+00
0.000e+00
0.000e+00
0.000e+00
0.000e+00
0.000e+00
0.000e+00
0.000e+00
0.000e+00
0.000e+00
0.000e+00
0.000e+00
0.000e+00
0.000e+00
0.000e+00
0.000e+00
0.000e+00
0.000e+00
0.000e+00
0.000e+00
0.000e+00
0.000e+00
0.000e+00
0.000e+00
0.000e+00
0.000e+00
0.000e+00
0.000e+00
0.000e+00
0.000e+00
0.000e+00
0.000e+00
0.000e+00
0.000e+00
0.000e+00
0.000e+00
0.000e+00
0.000e+00
0.000e+00
0.000e+00
0.000e+00
0.000e+00
0.000e+00
0.000e+00
4.926e-04
0.000e+00
0.000e+00
0.000e+00
4.926e-04
0.000e+00
0.000e+00
0.000e+00
4.926e-04
0.000e+00
0.000e+00
9.852e-04
4.926e-04
0.000e+00
9.852e-04
4.926e-04
4.926e-04
1.970e-03
0.000e+00
1.478e-03
2.463e-03
1.970e-03
2.463e-03
4.926e-04
2.463e-03
4.433e-03
4.926e-03
2.463e-03
3.941e-03
4.926e-03
4.926e-03
5.911e-03
4.926e-03
3.941e-03
7.389e-03
9.852e-04
4.926e-03
5.419e-03
5.911e-03
1.970e-03
4.433e-03
2.463e-03
1.478e-03
2.956e-03
3.941e-03
2.956e-03
1.970e-03
1.970e-03
2.956e-03
4.926e-03
3.448e-03
2.956e-03
1.478e-03
1.970e-03
1.478e-03
1.478e-03
3.448e-03
3.448e-03
