0.000e+00
0.000e+00
1.129e-03
0.000e+00
0.000e+00
1.693e-03
5.643e-04
0.000e+00
5.643e-04
0.000e+00
5.643e-04
0.000e+00
0.000e+00
1.129e-03
0.000e+00
5.643e-04
1.129e-03
1.129e-03
5.643e-04
0.000e+00
0.000e+00
5.643e-04
1.129e-03
5.643e-04
2.257e-03
0.000e+00
1.693e-03
5.643e-04
1.129e-03
1.129e-03
5.643e-04
1.693e-03
0.000e+00
2.257e-03
1.693e-03
2.257e-03
2.257e-03
1.129e-03
4.515e-03
2.257e-03
5.079e-03
2.822e-03
2.257e-03
3.386e-03
2.257e-03
5.643e-04
2.257e-03
1.693e-03
1.129e-03
1.129e-03
3.950e-03
3.386e-03
2.257e-03
2.257e-03
5.643e-04
3.386e-03
1.129e-03
2.257e-03
1.129e-03
1.129e-03
2.257e-03
5.643e-04
1.129e-03
1.693e-03
1.129e-03
2.257e-03
2.257e-03
2.257e-03
0.000e+00
0.000e+00
1.129e-03
1.129e-03
1.129e-03
2.257e-03
1.693e-03
1.129e-03
5.643e-04
5.643e-04
1.129e-03
0.000e+00
5.643e-04
5.643e-04
5.643e-04
1.693e-03
2.257e-03
2.257e-03
5.643e-04
2.822e-03
1.693e-03
5.643e-04
1.129e-03
1.693e-03
1.129e-03
1.693e-03
1.693e-03
2.257e-03
1.693e-03
2.257e-03
1.129e-03
5.643e-04
5.643e-04
5.643e-04
0.000e+00
5.643e-04
1.693e-03
1.129e-03
5.643e-04
0.000e+00
1.129e-03
3.950e-03
1.129e-03
1.129e-03
1.129e-03
1.129e-03
1.693e-03
2.822e-03
2.257e-03
1.693e-03
2.257e-03
1.693e-03
1.129e-03
2.257e-03
1.693e-03
2.257e-03
1.693e-03
3.386e-03
2.257e-03
1.129e-03
5.643e-03
3.386e-03
1.129e-03
1.693e-03
2.257e-03
2.257e-03
1.693e-03
3.386e-03
2.822e-03
3.386e-03
2.257e-03
2.822e-03
2.822e-03
2.822e-03
1.129e-03
2.257e-03
2.822e-03
1.129e-03
2.257e-03
2.257e-03
5.643e-04
1.129e-03
5.643e-04
1.129e-03
2.257e-03
1.129e-03
1.129e-03
1.693e-03
1.129e-03
0.000e+00
1.129e-03
5.643e-04
1.129e-03
1.129e-03
5.643e-04
0.000e+00
1.129e-03
1.693e-03
1.129e-03
5.643e-04
5.643e-04
0.000e+00
0.000e+00
0.000e+00
0.000e+00
1.129e-03
0.000e+00
5.643e-04
0.000e+00
0.000e+00
0.000e+00
0.000e+00
5.643e-04
5.643e-04
5.643e-04
0.000e+00
0.000e+00
1.129e-03
0.000e+00
2.257e-03
0.000e+00
0.000e+00
0.000e+00
0.000e+00
0.000e+00
5.643e-04
0.000e+00
5.643e-04
0.000e+00
1.129e-03
5.643e-04
0.000e+00
5.643e-04
0.000e+00
5.643e-04
5.643e-04
1.129e-03
0.000e+00
5.643e-04
2.257e-03
0.000e+00
5.643e-04
1.129e-03
1.129e-03
0.000e+00
5.643e-04
1.693e-03
5.643e-04
1.693e-03
1.129e-03
2.257e-03
1.693e-03
5.643e-04
2.257e-03
2.822e-03
2.257e-03
2.257e-03
5.079e-03
3.950e-03
3.386e-03
1.693e-03
1.693e-03
1.129e-03
1.693e-03
1.693e-03
0.000e+00
2.257e-03
2.822e-03
2.257e-03
4.515e-03
4.515e-03
1.693e-03
1.693e-03
2.257e-03
1.129e-03
1.129e-03
1.129e-03
0.000e+00
2.257e-03
1.129e-03
3.950e-03
1.693e-03
1.129e-03
1.693e-03
0.000e+00
0.000e+00
2.257e-03
5.643e-04
2.257e-03
5.643e-04
5.643e-04
1.129e-03
1.129e-03
0.000e+00
2.257e-03
1.693e-03
1.693e-03
0.000e+00
5.643e-04
5.643e-04
5.643e-04
1.693e-03
1.129e-03
3.950e-03
1.693e-03
5.643e-04
2.822e-03
5.643e-04
1.129e-03
1.693e-03
1.693e-03
2.822e-03
2.822e-03
5.643e-04
1.129e-03
5.643e-04
1.129e-03
0.000e+00
1.129e-03
0.000e+00
1.693e-03
1.129e-03
5.643e-04
0.000e+00
2.257e-03
5.643e-04
1.129e-03
1.129e-03
1.693e-03
5.643e-04
1.693e-03
1.129e-03
1.693e-03
2.257e-03
2.822e-03
1.693e-03
1.129e-03
1.129e-03
2.257e-03
2.257e-03
4.515e-03
1.693e-03
1.693e-03
3.950e-03
2.257e-03
2.822e-03
3.950e-03
2.257e-03
1.693e-03
5.643e-04
1.129e-03
4.515e-03
3.386e-03
1.693e-03
5.643e-03
1.129e-03
1.129e-03
5.079e-03
2.257e-03
2.822e-03
5.643e-04
2.822e-03
2.822e-03
0.000e+00
2.257e-03
1.129e-03
1.693e-03
5.643e-04
1.129e-03
3.386e-03
0.000e+00
1.129e-03
5.643e-04
2.257e-03
0.000e+00
1.693e-03
0.000e+00
1.693e-03
0.000e+00
1.129e-03
1.693e-03
5.643e-04
1.693e-03
0.000e+00
0.000e+00
0.000e+00
5.643e-04
5.643e-04
0.000e+00
5.643e-04
5.643e-04
5.643e-04
