4.943e-03
4.820e-03
3.955e-03
6.055e-03
4.696e-03
4.943e-03
4.696e-03
3.831e-03
2.966e-03
2.224e-03
2.224e-03
1.977e-03
2.224e-03
2.348e-03
2.348e-03
2.595e-03
2.595e-03
1.977e-03
1.607e-03
1.977e-03
1.854e-03
2.842e-03
2.719e-03
1.854e-03
2.842e-03
2.472e-03
2.842e-03
3.831e-03
2.348e-03
2.224e-03
1.483e-03
1.607e-03
1.607e-03
1.730e-03
1.730e-03
1.236e-03
1.359e-03
1.854e-03
1.359e-03
9.886e-04
6.179e-04
9.886e-04
1.112e-03
2.472e-04
2.472e-04
6.179e-04
2.472e-04
3.707e-04
3.707e-04
4.943e-04
7.415e-04
8.651e-04
3.707e-04
6.179e-04
4.943e-04
4.943e-04
4.943e-04
4.943e-04
3.707e-04
7.415e-04
6.179e-04
6.179e-04
4.943e-04
2.472e-04
2.472e-04
6.179e-04
6.179e-04
4.943e-04
6.179e-04
1.236e-04
6.179e-04
4.943e-04
4.943e-04
0.000e+00
3.707e-04
6.179e-04
1.236e-04
2.472e-04
2.472e-04
0.000e+00
3.707e-04
0.000e+00
3.707e-04
2.472e-04
0.000e+00
1.236e-04
1.236e-04
1.236e-04
2.472e-04
2.472e-04
2.472e-04
1.236e-04
3.707e-04
2.472e-04
4.943e-04
0.000e+00
2.472e-04
0.000e+00
1.236e-04
1.236e-04
4.943e-04
3.707e-04
2.472e-04
3.707e-04
3.707e-04
2.472e-04
2.472e-04
0.000e+00
1.236e-04
6.179e-04
1.236e-04
3.707e-04
3.707e-04
0.000e+00
0.000e+00
4.943e-04
1.236e-04
3.707e-04
3.707e-04
3.707e-04
4.943e-04
4.943e-04
6.179e-04
7.415e-04
2.472e-04
4.943e-04
4.943e-04
2.472e-04
3.707e-04
4.943e-04
3.707e-04
3.707e-04
2.472e-04
7.415e-04
7.415e-04
1.112e-03
7.415e-04
1.977e-03
6.179e-04
9.886e-04
4.943e-04
1.112e-03
1.483e-03
1.112e-03
1.607e-03
2.719e-03
1.359e-03
2.966e-03
1.854e-03
2.224e-03
2.966e-03
3.337e-03
2.966e-03
2.101e-03
2.348e-03
2.719e-03
2.472e-03
2.842e-03
2.472e-03
2.348e-03
1.854e-03
1.607e-03
2.348e-03
2.719e-03
1.483e-03
2.224e-03
2.101e-03
2.472e-03
1.854e-03
2.595e-03
2.348e-03
2.224e-03
2.224e-03
3.584e-03
4.325e-03
3.089e-03
5.808e-03
4.820e-03
5.808e-03
4.449e-03
4.943e-03
4.572e-03
5.067e-03
4.943e-03
4.449e-03
4.820e-03
2.842e-03
3.584e-03
3.584e-03
3.213e-03
2.101e-03
1.854e-03
1.854e-03
1.854e-03
2.101e-03
1.977e-03
2.472e-03
2.472e-03
1.236e-03
1.483e-03
1.977e-03
1.607e-03
2.719e-03
2.224e-03
2.595e-03
2.472e-03
2.595e-03
2.842e-03
2.472e-03
2.348e-03
2.348e-03
2.101e-03
2.472e-03
1.112e-03
2.101e-03
1.483e-03
1.607e-03
1.236e-03
1.359e-03
1.483e-03
1.112e-03
1.236e-03
7.415e-04
1.236e-03
3.707e-04
3.707e-04
8.651e-04
2.472e-04
2.472e-04
4.943e-04
6.179e-04
3.707e-04
7.415e-04
6.179e-04
7.415e-04
7.415e-04
3.707e-04
4.943e-04
7.415e-04
6.179e-04
2.472e-04
2.472e-04
1.112e-03
2.472e-04
6.179e-04
4.943e-04
9.886e-04
1.236e-04
2.472e-04
2.472e-04
4.943e-04
7.415e-04
3.707e-04
1.236e-04
2.472e-04
3.707e-04
2.472e-04
6.179e-04
2.472e-04
2.472e-04
2.472e-04
0.000e+00
2.472e-04
2.472e-04
2.472e-04
2.472e-04
1.236e-04
0.000e+00
1.236e-04
1.236e-04
3.707e-04
2.472e-04
3.707e-04
0.000e+00
3.707e-04
2.472e-04
3.707e-04
1.236e-04
2.472e-04
1.236e-04
1.236e-04
4.943e-04
4.943e-04
0.000e+00
3.707e-04
1.236e-04
3.707e-04
1.236e-04
2.472e-04
0.000e+00
4.943e-04
2.472e-04
3.707e-04
4.943e-04
0.000e+00
1.236e-04
3.707e-04
2.472e-04
1.236e-04
3.707e-04
2.472e-04
4.943e-04
2.472e-04
2.472e-04
7.415e-04
6.179e-04
3.707e-04
2.472e-04
8.651e-04
1.236e-04
3.707e-04
0.000e+00
4.943e-04
1.359e-03
3.707e-04
7.415e-04
9.886e-04
3.707e-04
7.415e-04
1.112e-03
6.179e-04
1.236e-03
1.359e-03
1.483e-03
1.112e-03
8.651e-04
1.854e-03
2.472e-03
1.607e-03
1.730e-03
3.213e-03
2.472e-03
2.966e-03
2.966e-03
3.089e-03
2.966e-03
3.460e-03
1.359e-03
2.595e-03
4.078e-03
2.224e-03
2.719e-03
2.224e-03
1.483e-03
2.348e-03
2.348e-03
1.977e-03
2.348e-03
8.651e-04
2.348e-03
2.472e-03
3.707e-03
3.584e-03
3.089e-03
3.955e-03
3.707e-03
5.067e-03
5.437e-03
5.190e-03
5.314e-03
