5.215e-02
1.013e-02
7.909e-03
2.224e-03
3.460e-03
1.977e-03
3.213e-03
2.966e-03
1.236e-03
2.472e-03
1.977e-03
7.415e-04
2.966e-03
2.472e-03
9.886e-04
2.224e-03
1.483e-03
2.224e-03
1.730e-03
1.483e-03
1.483e-03
4.202e-03
3.460e-03
7.168e-03
6.426e-03
5.932e-03
1.186e-02
1.137e-02
1.236e-02
1.211e-02
8.651e-03
1.508e-02
9.392e-03
8.403e-03
3.955e-03
2.224e-03
2.472e-03
1.483e-03
1.730e-03
1.236e-03
1.483e-03
1.236e-03
1.483e-03
1.730e-03
2.224e-03
1.977e-03
4.943e-04
3.213e-03
1.977e-03
9.886e-04
1.730e-03
4.943e-04
9.886e-04
7.415e-04
1.483e-03
4.943e-04
7.415e-04
1.236e-03
2.472e-04
4.943e-04
7.415e-04
1.236e-03
1.236e-03
9.886e-04
7.415e-04
4.943e-04
2.472e-04
7.415e-04
2.472e-04
0.000e+00
7.415e-04
0.000e+00
2.472e-04
0.000e+00
2.472e-04
2.472e-04
0.000e+00
0.000e+00
0.000e+00
4.943e-04
2.472e-04
4.943e-04
0.000e+00
2.472e-04
0.000e+00
2.472e-04
9.886e-04
4.943e-04
1.236e-03
7.415e-04
7.415e-04
4.943e-04
0.000e+00
2.472e-04
0.000e+00
7.415e-04
2.472e-04
2.472e-04
2.472e-04
0.000e+00
4.943e-04
2.472e-04
2.472e-04
0.000e+00
2.472e-04
0.000e+00
4.943e-04
0.000e+00
7.415e-04
0.000e+00
0.000e+00
4.943e-04
0.000e+00
4.943e-04
0.000e+00
4.943e-04
7.415e-04
7.415e-04
4.943e-04
4.943e-04
4.943e-04
4.943e-04
9.886e-04
9.886e-04
1.977e-03
9.886e-04
7.415e-04
4.943e-04
2.472e-03
1.977e-03
2.966e-03
2.472e-03
1.730e-03
2.224e-03
2.224e-03
1.236e-03
9.886e-04
1.236e-03
9.886e-04
2.472e-04
1.483e-03
1.236e-03
1.977e-03
5.190e-03
6.179e-03
7.909e-03
1.013e-02
1.137e-02
1.310e-02
1.038e-02
8.898e-03
1.013e-02
1.409e-02
8.651e-03
5.932e-03
3.707e-03
6.426e-03
2.719e-03
2.472e-03
2.224e-03
1.483e-03
2.472e-03
7.415e-04
2.472e-03
7.415e-04
2.719e-03
2.224e-03
2.719e-03
1.236e-03
2.472e-03
3.460e-03
1.730e-03
1.483e-03
3.460e-03
1.977e-03
2.719e-03
3.213e-03
4.696e-03
3.707e-03
9.145e-03
4.894e-02
9.392e-03
6.179e-03
5.190e-03
3.213e-03
1.483e-03
2.966e-03
2.719e-03
9.886e-04
1.977e-03
1.977e-03
1.730e-03
3.460e-03
9.886e-04
1.977e-03
1.483e-03
1.236e-03
1.483e-03
1.730e-03
2.472e-03
1.730e-03
1.236e-03
2.224e-03
4.696e-03
4.202e-03
6.179e-03
5.190e-03
7.415e-03
1.038e-02
1.038e-02
1.236e-02
1.162e-02
9.639e-03
1.211e-02
9.639e-03
7.909e-03
5.437e-03
3.707e-03
2.472e-03
9.886e-04
9.886e-04
1.730e-03
9.886e-04
1.730e-03
1.483e-03
1.977e-03
1.977e-03
1.236e-03
1.236e-03
1.977e-03
2.472e-03
1.730e-03
7.415e-04
1.236e-03
7.415e-04
1.483e-03
9.886e-04
1.236e-03
4.943e-04
1.730e-03
7.415e-04
4.943e-04
1.236e-03
4.943e-04
1.236e-03
7.415e-04
7.415e-04
0.000e+00
2.472e-04
9.886e-04
2.472e-04
2.472e-04
2.472e-04
0.000e+00
2.472e-04
0.000e+00
2.472e-04
7.415e-04
0.000e+00
0.000e+00
0.000e+00
2.472e-04
2.472e-04
4.943e-04
0.000e+00
2.472e-04
2.472e-04
0.000e+00
0.000e+00
7.415e-04
9.886e-04
7.415e-04
4.943e-04
7.415e-04
0.000e+00
9.886e-04
2.472e-04
2.472e-04
4.943e-04
0.000e+00
2.472e-04
7.415e-04
2.472e-04
2.472e-04
4.943e-04
0.000e+00
4.943e-04
0.000e+00
2.472e-04
0.000e+00
0.000e+00
4.943e-04
2.472e-04
2.472e-04
2.472e-04
2.472e-04
0.000e+00
2.472e-04
4.943e-04
4.943e-04
9.886e-04
2.472e-04
7.415e-04
7.415e-04
2.472e-04
2.472e-04
2.472e-03
2.472e-04
2.224e-03
9.886e-04
1.730e-03
1.236e-03
1.730e-03
2.966e-03
3.707e-03
9.886e-04
1.730e-03
1.236e-03
1.730e-03
1.977e-03
7.415e-04
1.236e-03
4.943e-04
7.415e-04
3.213e-03
3.955e-03
4.449e-03
9.145e-03
1.013e-02
1.261e-02
1.261e-02
1.112e-02
9.639e-03
1.310e-02
1.137e-02
8.651e-03
6.179e-03
5.932e-03
3.955e-03
2.966e-03
2.966e-03
1.977e-03
9.886e-04
2.719e-03
1.730e-03
2.224e-03
2.472e-03
3.213e-03
1.730e-03
2.719e-03
3.460e-03
2.224e-03
1.483e-03
1.483e-03
2.472e-03
1.483e-03
3.460e-03
5.190e-03
3.707e-03
8.898e-03
