0.000e+00
0.000e+00
0.000e+00
0.000e+00
0.000e+00
1.193e-03
0.000e+00
0.000e+00
0.000e+00
0.000e+00
0.000e+00
1.193e-03
0.000e+00
0.000e+00
0.000e+00
0.000e+00
0.000e+00
0.000e+00
0.000e+00
0.000e+00
0.000e+00
0.000e+00
0.000e+00
0.000e+00
0.000e+00
0.000e+00
0.000e+00
0.000e+00
0.000e+00
0.000e+00
0.000e+00
0.000e+00
0.000e+00
0.000e+00
0.000e+00
0.000e+00
0.000e+00
0.000e+00
0.000e+00
0.000e+00
0.000e+00
0.000e+00
0.000e+00
0.000e+00
0.000e+00
0.000e+00
0.000e+00
0.000e+00
0.000e+00
0.000e+00
0.000e+00
0.000e+00
0.000e+00
0.000e+00
0.000e+00
0.000e+00
0.000e+00
0.000e+00
0.000e+00
0.000e+00
0.000e+00
0.000e+00
0.000e+00
0.000e+00
0.000e+00
0.000e+00
0.000e+00
0.000e+00
0.000e+00
0.000e+00
0.000e+00
0.000e+00
0.000e+00
0.000e+00
0.000e+00
0.000e+00
0.000e+00
1.193e-03
1.193e-03
0.000e+00
0.000e+00
0.000e+00
1.193e-03
0.000e+00
0.000e+00
0.000e+00
0.000e+00
1.193e-03
0.000e+00
0.000e+00
0.000e+00
0.000e+00
0.000e+00
0.000e+00
0.000e+00
0.000e+00
0.000e+00
0.000e+00
0.000e+00
0.000e+00
0.000e+00
0.000e+00
0.000e+00
0.000e+00
0.000e+00
0.000e+00
0.000e+00
0.000e+00
0.000e+00
0.000e+00
0.000e+00
0.000e+00
1.193e-03
0.000e+00
0.000e+00
0.000e+00
0.000e+00
0.000e+00
0.000e+00
0.000e+00
1.193e-03
0.000e+00
0.000e+00
1.193e-03
0.000e+00
0.000e+00
1.193e-03
0.000e+00
0.000e+00
1.193e-03
0.000e+00
1.193e-03
0.000e+00
1.193e-03
2.387e-03
0.000e+00
0.000e+00
0.000e+00
0.000e+00
1.193e-03
0.000e+00
0.000e+00
0.000e+00
0.000e+00
1.193e-03
0.000e+00
0.000e+00
3.580e-03
0.000e+00
0.000e+00
3.580e-03
1.193e-03
1.193e-03
2.387e-03
0.000e+00
0.000e+00
2.387e-03
1.193e-03
2.387e-03
2.387e-03
2.387e-03
0.000e+00
1.193e-03
2.387e-03
3.580e-03
4.773e-03
5.967e-03
5.967e-03
4.773e-03
5.967e-03
8.353e-03
8.353e-03
5.967e-03
9.547e-03
1.790e-02
1.313e-02
2.625e-02
2.387e-02
2.387e-02
1.790e-02
1.790e-02
1.790e-02
3.103e-02
2.267e-02
2.029e-02
2.148e-02
9.547e-03
1.074e-02
1.313e-02
7.160e-03
7.160e-03
5.967e-03
5.967e-03
3.580e-03
3.580e-03
4.773e-03
1.193e-03
5.967e-03
3.580e-03
2.387e-03
1.193e-03
1.193e-03
3.580e-03
0.000e+00
1.193e-03
4.773e-03
2.387e-03
1.193e-03
1.193e-03
2.387e-03
0.000e+00
0.000e+00
0.000e+00
0.000e+00
1.193e-03
1.193e-03
0.000e+00
1.193e-03
1.193e-03
0.000e+00
0.000e+00
1.193e-03
0.000e+00
0.000e+00
0.000e+00
0.000e+00
1.193e-03
0.000e+00
1.193e-03
0.000e+00
0.000e+00
0.000e+00
0.000e+00
0.000e+00
0.000e+00
1.193e-03
1.193e-03
0.000e+00
1.193e-03
1.193e-03
0.000e+00
0.000e+00
0.000e+00
0.000e+00
0.000e+00
1.193e-03
0.000e+00
0.000e+00
0.000e+00
0.000e+00
0.000e+00
0.000e+00
0.000e+00
0.000e+00
1.193e-03
0.000e+00
0.000e+00
0.000e+00
0.000e+00
0.000e+00
0.000e+00
0.000e+00
0.000e+00
0.000e+00
0.000e+00
0.000e+00
0.000e+00
0.000e+00
0.000e+00
0.000e+00
0.000e+00
0.000e+00
1.193e-03
0.000e+00
0.000e+00
0.000e+00
1.193e-03
0.000e+00
0.000e+00
0.000e+00
0.000e+00
0.000e+00
0.000e+00
0.000e+00
0.000e+00
0.000e+00
0.000e+00
0.000e+00
0.000e+00
0.000e+00
0.000e+00
0.000e+00
1.193e-03
0.000e+00
0.000e+00
0.000e+00
0.000e+00
0.000e+00
0.000e+00
0.000e+00
0.000e+00
0.000e+00
1.193e-03
0.000e+00
0.000e+00
0.000e+00
0.000e+00
0.000e+00
0.000e+00
0.000e+00
0.000e+00
0.000e+00
0.000e+00
2.387e-03
0.000e+00
0.000e+00
0.000e+00
0.000e+00
0.000e+00
0.000e+00
0.000e+00
0.000e+00
0.000e+00
0.000e+00
0.000e+00
0.000e+00
0.000e+00
1.193e-03
0.000e+00
0.000e+00
0.000e+00
0.000e+00
0.000e+00
0.000e+00
0.000e+00
0.000e+00
0.000e+00
0.000e+00
0.000e+00
0.000e+00
0.000e+00
1.193e-03
0.000e+00
0.000e+00
0.000e+00
0.000e+00
0.000e+00
0.000e+00
0.000e+00
0.000e+00
0.000e+00
0.000e+00
0.000e+00
0.000e+00
0.000e+00
0.000e+00
0.000e+00
0.000e+00
1.193e-03
0.000e+00
