2.198e-02
2.105e-02
1.263e-02
1.543e-02
1.310e-02
7.951e-03
6.548e-03
3.274e-03
4.210e-03
5.145e-03
4.677e-03
3.742e-03
1.403e-03
3.742e-03
3.274e-03
2.339e-03
2.339e-03
1.403e-03
0.000e+00
9.355e-04
4.677e-04
1.871e-03
2.339e-03
0.000e+00
9.355e-04
2.806e-03
2.806e-03
9.355e-04
9.355e-04
2.339e-03
1.871e-03
9.355e-04
0.000e+00
9.355e-04
9.355e-04
0.000e+00
9.355e-04
1.403e-03
1.403e-03
1.403e-03
1.403e-03
4.677e-04
1.871e-03
1.403e-03
0.000e+00
0.000e+00
4.677e-04
4.677e-04
9.355e-04
9.355e-04
0.000e+00
1.403e-03
0.000e+00
4.677e-04
0.000e+00
1.403e-03
0.000e+00
9.355e-04
0.000e+00
0.000e+00
9.355e-04
4.677e-04
0.000e+00
4.677e-04
4.677e-04
4.677e-04
9.355e-04
4.677e-04
0.000e+00
0.000e+00
0.000e+00
0.000e+00
4.677e-04
9.355e-04
4.677e-04
4.677e-04
0.000e+00
0.000e+00
0.000e+00
0.000e+00
4.677e-04
4.677e-04
4.677e-04
0.000e+00
0.000e+00
0.000e+00
0.000e+00
0.000e+00
0.000e+00
0.000e+00
0.000e+00
0.000e+00
4.677e-04
0.000e+00
0.000e+00
4.677e-04
4.677e-04
0.000e+00
4.677e-04
4.677e-04
0.000e+00
0.000e+00
4.677e-04
0.000e+00
0.000e+00
4.677e-04
0.000e+00
4.677e-04
0.000e+00
4.677e-04
0.000e+00
0.000e+00
0.000e+00
4.677e-04
9.355e-04
4.677e-04
4.677e-04
0.000e+00
0.000e+00
0.000e+00
4.677e-04
4.677e-04
1.403e-03
4.677e-04
0.000e+00
0.000e+00
4.677e-04
0.000e+00
4.677e-04
0.000e+00
4.677e-04
4.677e-04
1.871e-03
1.403e-03
4.677e-04
0.000e+00
1.403e-03
1.403e-03
4.677e-04
0.000e+00
1.403e-03
1.403e-03
4.677e-04
4.677e-04
9.355e-04
4.677e-04
1.403e-03
4.677e-04
4.677e-04
4.677e-04
0.000e+00
4.677e-04
4.677e-04
9.355e-04
4.677e-04
4.677e-04
9.355e-04
4.677e-04
9.355e-04
9.355e-04
4.677e-04
0.000e+00
9.355e-04
4.677e-04
0.000e+00
9.355e-04
4.677e-04
1.403e-03
4.677e-04
1.403e-03
1.871e-03
2.806e-03
1.403e-03
1.871e-03
3.274e-03
5.613e-03
3.742e-03
5.613e-03
5.613e-03
7.016e-03
2.339e-03
1.076e-02
6.080e-03
6.080e-03
6.080e-03
5.145e-03
3.274e-03
4.677e-03
3.742e-03
1.871e-03
1.403e-03
0.000e+00
1.403e-03
2.806e-03
4.677e-04
1.403e-03
9.355e-04
0.000e+00
4.677e-04
4.677e-04
4.677e-04
0.000e+00
0.000e+00
4.677e-04
4.677e-04
4.677e-04
4.677e-04
0.000e+00
0.000e+00
4.677e-04
0.000e+00
9.355e-04
1.871e-03
1.871e-03
4.677e-04
0.000e+00
1.403e-03
1.403e-03
4.677e-04
1.871e-03
9.355e-04
0.000e+00
4.677e-04
0.000e+00
0.000e+00
4.677e-04
1.871e-03
9.355e-04
4.677e-04
0.000e+00
0.000e+00
1.403e-03
0.000e+00
4.677e-04
9.355e-04
4.677e-04
4.677e-04
2.339e-03
4.677e-04
0.000e+00
4.677e-04
4.677e-04
0.000e+00
0.000e+00
0.000e+00
0.000e+00
9.355e-04
0.000e+00
9.355e-04
9.355e-04
9.355e-04
9.355e-04
0.000e+00
0.000e+00
4.677e-04
0.000e+00
9.355e-04
4.677e-04
0.000e+00
4.677e-04
0.000e+00
0.000e+00
9.355e-04
9.355e-04
0.000e+00
4.677e-04
0.000e+00
0.000e+00
0.000e+00
0.000e+00
0.000e+00
0.000e+00
4.677e-04
0.000e+00
4.677e-04
4.677e-04
0.000e+00
0.000e+00
4.677e-04
4.677e-04
4.677e-04
0.000e+00
4.677e-04
0.000e+00
0.000e+00
0.000e+00
0.000e+00
0.000e+00
4.677e-04
0.000e+00
4.677e-04
4.677e-04
9.355e-04
0.000e+00
0.000e+00
4.677e-04
9.355e-04
0.000e+00
4.677e-04
9.355e-04
4.677e-04
0.000e+00
1.403e-03
9.355e-04
1.871e-03
0.000e+00
9.355e-04
9.355e-04
9.355e-04
9.355e-04
0.000e+00
0.000e+00
4.677e-04
1.871e-03
4.677e-04
4.677e-04
4.677e-04
0.000e+00
4.677e-04
9.355e-04
9.355e-04
1.403e-03
9.355e-04
1.403e-03
1.403e-03
1.871e-03
2.339e-03
1.871e-03
4.677e-04
9.355e-04
1.403e-03
4.677e-04
1.403e-03
9.355e-04
2.339e-03
2.339e-03
9.355e-04
2.339e-03
9.355e-04
0.000e+00
4.677e-04
2.806e-03
9.355e-04
2.806e-03
2.339e-03
1.871e-03
3.274e-03
2.339e-03
4.677e-03
2.806e-03
2.339e-03
2.806e-03
4.210e-03
6.548e-03
6.548e-03
5.145e-03
6.548e-03
8.419e-03
1.731e-02
1.450e-02
