1.581e-01
1.964e-02
1.123e-02
2.806e-03
3.742e-03
1.871e-03
3.742e-03
3.742e-03
2.806e-03
2.806e-03
5.613e-03
5.613e-03
8.419e-03
7.484e-03
5.613e-03
8.419e-03
5.613e-03
5.613e-03
0.000e+00
3.742e-03
1.871e-03
5.613e-03
3.742e-03
4.677e-03
3.742e-03
2.806e-03
4.677e-03
5.613e-03
4.677e-03
9.355e-04
3.742e-03
3.742e-03
1.871e-03
1.871e-03
3.742e-03
2.806e-03
1.871e-03
2.806e-03
2.806e-03
9.355e-04
1.871e-03
1.871e-03
1.871e-03
1.871e-03
3.742e-03
3.742e-03
1.871e-03
3.742e-03
9.355e-04
9.355e-04
2.806e-03
1.871e-03
1.871e-03
0.000e+00
1.871e-03
9.355e-04
0.000e+00
9.355e-04
0.000e+00
9.355e-04
0.000e+00
0.000e+00
9.355e-04
9.355e-04
0.000e+00
0.000e+00
9.355e-04
0.000e+00
9.355e-04
9.355e-04
2.806e-03
0.000e+00
0.000e+00
0.000e+00
0.000e+00
0.000e+00
0.000e+00
9.355e-04
0.000e+00
0.000e+00
0.000e+00
1.871e-03
0.000e+00
1.871e-03
0.000e+00
1.871e-03
0.000e+00
1.871e-03
9.355e-04
9.355e-04
9.355e-04
0.000e+00
9.355e-04
0.000e+00
0.000e+00
0.000e+00
0.000e+00
9.355e-04
0.000e+00
1.871e-03
1.871e-03
9.355e-04
0.000e+00
0.000e+00
9.355e-04
0.000e+00
9.355e-04
0.000e+00
1.871e-03
0.000e+00
0.000e+00
0.000e+00
9.355e-04
9.355e-04
0.000e+00
0.000e+00
0.000e+00
0.000e+00
9.355e-04
0.000e+00
9.355e-04
0.000e+00
0.000e+00
1.871e-03
9.355e-04
0.000e+00
9.355e-04
9.355e-04
0.000e+00
0.000e+00
9.355e-04
3.742e-03
1.871e-03
1.871e-03
3.742e-03
3.742e-03
3.742e-03
1.871e-03
9.355e-04
0.000e+00
2.806e-03
1.871e-03
2.806e-03
5.613e-03
1.871e-03
2.806e-03
9.355e-04
3.742e-03
3.742e-03
2.806e-03
9.355e-04
9.355e-04
1.871e-03
0.000e+00
3.742e-03
1.871e-03
1.871e-03
2.806e-03
1.871e-03
0.000e+00
1.871e-03
3.742e-03
3.742e-03
3.742e-03
3.742e-03
9.355e-04
1.871e-03
1.871e-03
1.871e-03
4.677e-03
2.806e-03
9.355e-04
3.742e-03
5.613e-03
4.677e-03
2.806e-03
0.000e+00
8.419e-03
3.742e-03
1.777e-02
2.900e-02
1.871e-02
1.216e-02
4.677e-03
9.355e-04
1.871e-03
4.677e-03
1.871e-03
1.871e-03
0.000e+00
2.806e-03
1.871e-03
3.742e-03
3.742e-03
2.806e-03
9.355e-04
0.000e+00
1.871e-03
3.742e-03
9.355e-04
4.677e-03
0.000e+00
1.871e-03
1.871e-03
3.742e-03
9.355e-04
2.806e-03
1.871e-03
9.355e-04
9.355e-04
5.613e-03
9.355e-04
1.871e-03
1.871e-03
2.806e-03
5.613e-03
2.806e-03
4.677e-03
1.871e-03
0.000e+00
1.871e-03
3.742e-03
9.355e-04
1.871e-03
1.871e-03
9.355e-04
2.806e-03
1.871e-03
1.871e-03
3.742e-03
0.000e+00
0.000e+00
1.871e-03
1.871e-03
9.355e-04
0.000e+00
0.000e+00
9.355e-04
1.871e-03
9.355e-04
0.000e+00
9.355e-04
9.355e-04
0.000e+00
9.355e-04
0.000e+00
0.000e+00
9.355e-04
0.000e+00
0.000e+00
9.355e-04
9.355e-04
0.000e+00
0.000e+00
9.355e-04
0.000e+00
9.355e-04
0.000e+00
0.000e+00
2.806e-03
1.871e-03
0.000e+00
2.806e-03
0.000e+00
9.355e-04
0.000e+00
2.806e-03
0.000e+00
0.000e+00
0.000e+00
9.355e-04
9.355e-04
0.000e+00
9.355e-04
1.871e-03
9.355e-04
1.871e-03
1.871e-03
9.355e-04
0.000e+00
0.000e+00
2.806e-03
9.355e-04
9.355e-04
9.355e-04
0.000e+00
0.000e+00
0.000e+00
0.000e+00
0.000e+00
9.355e-04
1.871e-03
0.000e+00
9.355e-04
0.000e+00
9.355e-04
0.000e+00
9.355e-04
0.000e+00
0.000e+00
9.355e-04
9.355e-04
0.000e+00
9.355e-04
9.355e-04
0.000e+00
9.355e-04
0.000e+00
2.806e-03
0.000e+00
9.355e-04
2.806e-03
9.355e-04
3.742e-03
2.806e-03
2.806e-03
2.806e-03
2.806e-03
9.355e-04
5.613e-03
2.806e-03
1.871e-03
1.871e-03
2.806e-03
9.355e-04
1.871e-03
9.355e-04
4.677e-03
1.871e-03
4.677e-03
2.806e-03
6.548e-03
5.613e-03
9.355e-04
9.355e-04
9.355e-04
1.871e-03
2.806e-03
4.677e-03
1.871e-03
3.742e-03
2.806e-03
1.871e-03
5.613e-03
1.871e-03
4.677e-03
1.403e-02
9.355e-03
5.613e-03
8.419e-03
4.677e-03
5.613e-03
3.742e-03
5.613e-03
7.484e-03
7.484e-03
8.419e-03
1.123e-02
1.029e-02
2.619e-02
