1.147e-01
1.540e-02
7.435e-03
4.249e-03
2.655e-03
1.593e-03
2.655e-03
2.124e-03
2.124e-03
3.717e-03
4.780e-03
3.186e-03
5.311e-03
5.842e-03
3.186e-03
4.780e-03
6.904e-03
3.717e-03
1.062e-03
2.655e-03
2.655e-03
4.780e-03
5.311e-03
4.249e-03
6.373e-03
3.186e-03
4.249e-03
4.780e-03
4.780e-03
1.062e-03
5.311e-03
2.655e-03
3.717e-03
2.124e-03
3.186e-03
2.655e-03
2.124e-03
2.124e-03
2.655e-03
2.655e-03
2.124e-03
4.249e-03
3.186e-03
5.311e-03
4.249e-03
4.249e-03
1.062e-03
3.186e-03
3.717e-03
1.593e-03
4.249e-03
1.593e-03
2.124e-03
1.062e-03
2.124e-03
1.593e-03
1.062e-03
2.124e-03
5.311e-04
2.655e-03
2.124e-03
1.062e-03
2.124e-03
1.062e-03
1.062e-03
1.062e-03
1.593e-03
1.062e-03
5.311e-04
5.311e-04
2.124e-03
1.593e-03
5.311e-04
0.000e+00
1.062e-03
1.593e-03
0.000e+00
1.062e-03
0.000e+00
5.311e-04
0.000e+00
2.124e-03
1.062e-03
2.124e-03
0.000e+00
1.593e-03
0.000e+00
1.062e-03
1.062e-03
1.062e-03
1.062e-03
0.000e+00
5.311e-04
5.311e-04
5.311e-04
0.000e+00
1.062e-03
5.311e-04
0.000e+00
1.062e-03
1.593e-03
1.062e-03
1.593e-03
0.000e+00
5.311e-04
0.000e+00
5.311e-04
1.062e-03
1.593e-03
0.000e+00
0.000e+00
0.000e+00
5.311e-04
1.593e-03
5.311e-04
0.000e+00
5.311e-04
5.311e-04
1.593e-03
1.062e-03
1.062e-03
1.062e-03
1.062e-03
2.655e-03
1.593e-03
0.000e+00
2.124e-03
1.062e-03
1.062e-03
1.062e-03
1.593e-03
3.717e-03
1.062e-03
2.655e-03
3.717e-03
3.717e-03
2.655e-03
1.593e-03
2.124e-03
5.311e-04
2.655e-03
1.062e-03
3.717e-03
4.249e-03
1.062e-03
2.124e-03
1.593e-03
3.186e-03
2.655e-03
2.655e-03
5.311e-04
1.062e-03
2.124e-03
2.655e-03
3.186e-03
1.593e-03
2.655e-03
3.186e-03
2.655e-03
1.062e-03
2.124e-03
2.124e-03
2.655e-03
3.186e-03
3.186e-03
2.655e-03
1.593e-03
2.655e-03
3.186e-03
3.186e-03
2.655e-03
1.062e-03
2.655e-03
3.717e-03
3.717e-03
2.124e-03
1.593e-03
6.373e-03
3.717e-03
1.275e-02
5.629e-02
1.699e-02
9.028e-03
3.717e-03
1.062e-03
1.593e-03
3.717e-03
1.062e-03
2.124e-03
1.062e-03
2.124e-03
1.593e-03
3.186e-03
2.655e-03
1.593e-03
1.062e-03
5.311e-04
2.124e-03
3.186e-03
1.593e-03
3.186e-03
5.311e-04
1.593e-03
3.186e-03
2.655e-03
2.124e-03
2.655e-03
1.062e-03
1.593e-03
2.124e-03
4.780e-03
2.655e-03
1.062e-03
1.593e-03
3.186e-03
4.249e-03
2.124e-03
3.186e-03
2.655e-03
5.311e-04
1.062e-03
3.717e-03
1.062e-03
1.062e-03
1.593e-03
1.593e-03
4.780e-03
2.124e-03
1.593e-03
2.655e-03
0.000e+00
0.000e+00
1.062e-03
1.593e-03
1.062e-03
1.062e-03
1.062e-03
1.593e-03
1.062e-03
1.593e-03
1.062e-03
2.124e-03
2.655e-03
5.311e-04
1.593e-03
1.062e-03
0.000e+00
5.311e-04
0.000e+00
0.000e+00
1.062e-03
1.062e-03
0.000e+00
0.000e+00
5.311e-04
1.062e-03
1.062e-03
0.000e+00
5.311e-04
2.655e-03
1.593e-03
0.000e+00
2.124e-03
0.000e+00
5.311e-04
5.311e-04
2.124e-03
0.000e+00
0.000e+00
0.000e+00
5.311e-04
5.311e-04
5.311e-04
1.062e-03
1.062e-03
5.311e-04
1.062e-03
1.062e-03
1.593e-03
5.311e-04
5.311e-04
1.593e-03
5.311e-04
1.062e-03
5.311e-04
5.311e-04
5.311e-04
0.000e+00
5.311e-04
5.311e-04
5.311e-04
1.593e-03
0.000e+00
1.062e-03
5.311e-04
1.062e-03
5.311e-04
5.311e-04
5.311e-04
0.000e+00
1.062e-03
5.311e-04
1.593e-03
3.186e-03
5.311e-04
0.000e+00
2.124e-03
1.062e-03
4.780e-03
3.717e-03
4.780e-03
2.655e-03
3.717e-03
5.311e-03
3.717e-03
2.655e-03
4.780e-03
3.186e-03
3.717e-03
5.842e-03
1.593e-03
3.717e-03
2.655e-03
4.249e-03
2.124e-03
2.655e-03
1.593e-03
4.780e-03
1.593e-03
3.186e-03
4.249e-03
4.249e-03
3.186e-03
3.717e-03
3.717e-03
5.311e-03
3.186e-03
4.249e-03
3.717e-03
2.124e-03
3.186e-03
5.311e-03
2.124e-03
5.311e-03
2.124e-03
5.311e-03
9.028e-03
5.842e-03
4.249e-03
6.373e-03
3.186e-03
3.717e-03
3.186e-03
5.842e-03
4.780e-03
4.249e-03
6.373e-03
8.497e-03
7.966e-03
1.859e-02
