1.567e-02
1.301e-02
1.009e-02
1.089e-02
8.763e-03
5.576e-03
4.780e-03
3.452e-03
3.452e-03
3.983e-03
3.452e-03
4.249e-03
1.328e-03
3.983e-03
1.859e-03
1.593e-03
1.859e-03
1.593e-03
5.311e-04
5.311e-04
1.328e-03
2.390e-03
2.124e-03
7.966e-04
7.966e-04
1.593e-03
1.593e-03
1.062e-03
1.859e-03
1.859e-03
1.593e-03
1.328e-03
2.655e-04
1.062e-03
5.311e-04
1.062e-03
2.390e-03
2.124e-03
1.328e-03
2.124e-03
1.593e-03
1.593e-03
2.390e-03
1.062e-03
2.655e-04
1.062e-03
5.311e-04
1.859e-03
1.062e-03
1.062e-03
1.328e-03
1.593e-03
1.062e-03
7.966e-04
1.062e-03
1.328e-03
7.966e-04
1.328e-03
1.062e-03
1.593e-03
1.593e-03
7.966e-04
2.655e-04
5.311e-04
7.966e-04
1.328e-03
1.328e-03
5.311e-04
5.311e-04
2.655e-04
1.062e-03
2.655e-04
7.966e-04
5.311e-04
5.311e-04
1.328e-03
0.000e+00
0.000e+00
2.655e-04
2.655e-04
5.311e-04
5.311e-04
2.655e-04
0.000e+00
0.000e+00
5.311e-04
2.655e-04
0.000e+00
2.655e-04
2.655e-04
2.655e-04
2.655e-04
5.311e-04
2.655e-04
0.000e+00
7.966e-04
2.655e-04
7.966e-04
2.655e-04
7.966e-04
5.311e-04
5.311e-04
5.311e-04
5.311e-04
5.311e-04
7.966e-04
2.655e-04
2.655e-04
2.655e-04
7.966e-04
5.311e-04
2.655e-04
2.655e-04
5.311e-04
1.062e-03
1.062e-03
2.655e-04
2.655e-04
5.311e-04
2.655e-04
2.655e-04
5.311e-04
1.062e-03
1.062e-03
2.655e-04
2.655e-04
2.655e-04
0.000e+00
2.655e-04
5.311e-04
5.311e-04
5.311e-04
1.328e-03
1.328e-03
5.311e-04
1.062e-03
1.062e-03
1.593e-03
7.966e-04
0.000e+00
1.328e-03
1.062e-03
5.311e-04
5.311e-04
7.966e-04
5.311e-04
7.966e-04
7.966e-04
5.311e-04
2.655e-04
5.311e-04
5.311e-04
1.062e-03
5.311e-04
2.655e-04
5.311e-04
5.311e-04
5.311e-04
7.966e-04
5.311e-04
2.655e-04
0.000e+00
5.311e-04
5.311e-04
5.311e-04
7.966e-04
2.655e-04
1.062e-03
7.966e-04
7.966e-04
2.655e-03
2.921e-03
7.966e-04
1.593e-03
3.452e-03
4.514e-03
4.514e-03
4.780e-03
7.169e-03
7.435e-03
4.514e-03
7.700e-03
5.311e-03
3.983e-03
5.576e-03
5.311e-03
3.186e-03
3.452e-03
4.249e-03
3.186e-03
1.328e-03
1.062e-03
2.124e-03
1.859e-03
5.311e-04
1.328e-03
7.966e-04
5.311e-04
2.655e-04
2.655e-04
1.593e-03
0.000e+00
2.655e-04
5.311e-04
1.062e-03
7.966e-04
2.655e-04
2.655e-04
0.000e+00
2.655e-04
5.311e-04
7.966e-04
1.328e-03
1.328e-03
5.311e-04
2.655e-04
7.966e-04
7.966e-04
7.966e-04
1.062e-03
1.062e-03
5.311e-04
7.966e-04
2.655e-04
1.062e-03
2.655e-04
1.062e-03
7.966e-04
5.311e-04
0.000e+00
0.000e+00
1.062e-03
7.966e-04
5.311e-04
7.966e-04
5.311e-04
2.655e-04
1.593e-03
5.311e-04
0.000e+00
5.311e-04
5.311e-04
2.655e-04
0.000e+00
5.311e-04
0.000e+00
7.966e-04
0.000e+00
7.966e-04
1.062e-03
7.966e-04
1.328e-03
2.655e-04
2.655e-04
7.966e-04
7.966e-04
7.966e-04
5.311e-04
2.655e-04
5.311e-04
0.000e+00
0.000e+00
7.966e-04
7.966e-04
2.655e-04
2.655e-04
5.311e-04
2.655e-04
0.000e+00
0.000e+00
5.311e-04
2.655e-04
5.311e-04
0.000e+00
2.655e-04
7.966e-04
0.000e+00
0.000e+00
2.655e-04
7.966e-04
5.311e-04
2.655e-04
2.655e-04
2.655e-04
2.655e-04
2.655e-04
7.966e-04
0.000e+00
2.655e-04
0.000e+00
7.966e-04
5.311e-04
1.062e-03
5.311e-04
0.000e+00
5.311e-04
7.966e-04
0.000e+00
7.966e-04
1.062e-03
7.966e-04
1.859e-03
1.062e-03
5.311e-04
1.328e-03
5.311e-04
1.062e-03
1.328e-03
1.328e-03
1.062e-03
1.328e-03
0.000e+00
1.328e-03
1.859e-03
1.062e-03
1.062e-03
1.593e-03
2.655e-04
1.859e-03
1.328e-03
7.966e-04
1.859e-03
1.859e-03
1.859e-03
1.859e-03
2.124e-03
1.859e-03
2.124e-03
1.328e-03
1.062e-03
1.859e-03
5.311e-04
1.328e-03
1.062e-03
2.124e-03
1.328e-03
1.062e-03
1.328e-03
1.328e-03
1.328e-03
1.328e-03
3.186e-03
1.062e-03
2.655e-03
1.859e-03
2.390e-03
2.390e-03
2.921e-03
3.452e-03
2.390e-03
2.124e-03
2.921e-03
3.186e-03
4.514e-03
5.576e-03
5.842e-03
6.373e-03
6.107e-03
1.168e-02
1.089e-02
