4.497e-02
3.968e-03
9.259e-03
2.646e-03
2.646e-03
2.646e-03
6.614e-03
0.000e+00
3.968e-03
0.000e+00
1.323e-03
0.000e+00
5.291e-03
1.323e-03
1.323e-03
2.646e-03
0.000e+00
3.968e-03
2.646e-03
1.323e-03
0.000e+00
2.646e-03
0.000e+00
0.000e+00
1.323e-03
3.968e-03
3.968e-03
3.968e-03
2.646e-03
1.323e-03
2.646e-03
1.323e-03
6.614e-03
1.323e-03
0.000e+00
0.000e+00
5.291e-03
1.323e-03
2.646e-03
3.968e-03
0.000e+00
0.000e+00
0.000e+00
1.323e-03
3.968e-03
2.646e-03
3.968e-03
9.259e-03
1.323e-03
2.646e-03
3.968e-03
1.323e-03
1.323e-03
6.614e-03
5.291e-03
5.291e-03
0.000e+00
2.646e-03
2.646e-03
1.323e-03
3.968e-03
9.259e-03
3.968e-03
3.968e-03
0.000e+00
5.291e-03
2.646e-03
3.968e-03
7.937e-03
1.323e-03
2.646e-03
0.000e+00
2.646e-03
0.000e+00
0.000e+00
1.323e-03
0.000e+00
1.323e-03
2.646e-03
1.323e-03
0.000e+00
1.323e-03
2.646e-03
1.323e-03
1.323e-03
1.323e-03
2.646e-03
2.646e-03
2.646e-03
5.291e-03
2.646e-03
7.937e-03
0.000e+00
2.646e-03
0.000e+00
0.000e+00
1.323e-03
0.000e+00
3.968e-03
0.000e+00
2.646e-03
2.646e-03
3.968e-03
1.323e-03
0.000e+00
0.000e+00
5.291e-03
1.323e-03
3.968e-03
1.323e-03
3.968e-03
0.000e+00
5.291e-03
3.968e-03
0.000e+00
2.646e-03
5.291e-03
5.291e-03
0.000e+00
3.968e-03
1.323e-03
2.646e-03
5.291e-03
6.614e-03
2.646e-03
2.646e-03
2.646e-03
2.646e-03
2.646e-03
0.000e+00
9.259e-03
3.968e-03
3.968e-03
0.000e+00
2.646e-03
2.646e-03
2.646e-03
0.000e+00
0.000e+00
1.323e-03
2.646e-03
1.323e-03
1.323e-03
1.323e-03
1.323e-03
1.323e-03
1.323e-03
2.646e-03
1.323e-03
2.646e-03
2.646e-03
1.323e-03
0.000e+00
2.646e-03
0.000e+00
1.323e-03
1.323e-03
0.000e+00
3.968e-03
3.968e-03
0.000e+00
3.968e-03
6.614e-03
2.646e-03
2.646e-03
1.323e-03
2.646e-03
2.646e-03
5.291e-03
5.291e-03
3.968e-03
2.646e-03
2.646e-03
2.646e-03
3.968e-03
1.323e-03
1.323e-03
6.614e-03
3.968e-03
2.249e-02
4.497e-02
7.937e-03
7.937e-03
9.259e-03
7.937e-03
1.323e-03
0.000e+00
3.968e-03
3.968e-03
5.291e-03
1.323e-03
6.614e-03
2.646e-03
1.323e-03
0.000e+00
1.323e-03
1.323e-03
1.323e-03
1.323e-03
1.323e-03
1.323e-03
3.968e-03
2.646e-03
3.968e-03
1.323e-03
0.000e+00
1.323e-03
0.000e+00
3.968e-03
0.000e+00
2.646e-03
2.646e-03
1.323e-03
1.323e-03
1.323e-03
1.323e-03
0.000e+00
1.323e-03
0.000e+00
1.323e-03
0.000e+00
0.000e+00
1.323e-03
2.646e-03
2.646e-03
0.000e+00
2.646e-03
3.968e-03
1.323e-03
5.291e-03
5.291e-03
2.646e-03
6.614e-03
2.646e-03
5.291e-03
2.646e-03
2.646e-03
3.968e-03
7.937e-03
6.614e-03
1.323e-03
1.323e-03
2.646e-03
3.968e-03
2.646e-03
6.614e-03
1.323e-03
1.323e-03
2.646e-03
2.646e-03
1.323e-03
0.000e+00
2.646e-03
2.646e-03
1.323e-03
2.646e-03
5.291e-03
1.323e-03
3.968e-03
0.000e+00
1.323e-03
3.968e-03
1.323e-03
2.646e-03
0.000e+00
2.646e-03
2.646e-03
1.323e-03
2.646e-03
3.968e-03
9.259e-03
2.646e-03
3.968e-03
2.646e-03
2.646e-03
6.614e-03
3.968e-03
0.000e+00
1.323e-03
1.323e-03
1.323e-03
1.323e-03
2.646e-03
1.323e-03
1.323e-03
1.323e-03
2.646e-03
3.968e-03
0.000e+00
2.646e-03
1.323e-03
0.000e+00
0.000e+00
3.968e-03
1.323e-03
1.323e-03
1.323e-03
2.646e-03
2.646e-03
1.323e-03
2.646e-03
1.323e-03
5.291e-03
5.291e-03
3.968e-03
3.968e-03
3.968e-03
2.646e-03
5.291e-03
2.646e-03
3.968e-03
3.968e-03
1.323e-03
2.646e-03
2.646e-03
1.323e-03
0.000e+00
1.323e-03
1.323e-03
2.646e-03
1.323e-03
0.000e+00
0.000e+00
1.323e-03
1.323e-03
1.323e-03
3.968e-03
0.000e+00
1.323e-03
1.323e-03
0.000e+00
0.000e+00
0.000e+00
5.291e-03
0.000e+00
2.646e-03
0.000e+00
6.614e-03
2.646e-03
2.646e-03
1.323e-03
2.646e-03
2.646e-03
1.323e-03
0.000e+00
1.323e-03
1.323e-03
2.646e-03
3.968e-03
1.323e-03
1.323e-03
0.000e+00
1.323e-03
0.000e+00
1.323e-03
2.646e-03
1.323e-03
3.968e-03
3.968e-03
9.259e-03
