5.952e-03
1.984e-03
4.630e-03
3.307e-03
4.630e-03
1.323e-03
3.968e-03
1.984e-03
1.984e-03
1.323e-03
6.614e-04
6.614e-04
1.323e-03
1.323e-03
0.000e+00
3.307e-03
6.614e-04
6.614e-04
6.614e-04
1.323e-03
6.614e-04
1.323e-03
1.323e-03
0.000e+00
2.646e-03
0.000e+00
1.323e-03
0.000e+00
0.000e+00
0.000e+00
1.323e-03
6.614e-04
0.000e+00
6.614e-04
6.614e-04
6.614e-04
0.000e+00
0.000e+00
0.000e+00
0.000e+00
1.323e-03
1.984e-03
6.614e-04
6.614e-04
1.323e-03
6.614e-04
1.984e-03
0.000e+00
1.323e-03
1.984e-03
1.323e-03
2.646e-03
0.000e+00
0.000e+00
1.323e-03
6.614e-04
0.000e+00
6.614e-04
0.000e+00
2.646e-03
1.323e-03
6.614e-04
6.614e-04
5.291e-03
1.323e-03
2.646e-03
1.984e-03
2.646e-03
1.323e-03
1.323e-03
1.323e-03
1.323e-03
6.614e-04
3.307e-03
1.323e-03
1.984e-03
1.984e-03
6.614e-04
1.984e-03
1.984e-03
3.968e-03
2.646e-03
0.000e+00
1.984e-03
1.323e-03
1.984e-03
6.614e-04
1.323e-03
1.984e-03
1.984e-03
1.984e-03
1.984e-03
6.614e-04
2.646e-03
3.968e-03
1.323e-03
3.968e-03
1.323e-03
6.614e-04
1.323e-03
1.984e-03
2.646e-03
0.000e+00
2.646e-03
1.984e-03
6.614e-04
6.614e-04
6.614e-04
0.000e+00
1.323e-03
6.614e-04
3.968e-03
3.968e-03
0.000e+00
6.614e-04
1.984e-03
6.614e-04
1.323e-03
1.323e-03
6.614e-04
6.614e-04
1.323e-03
0.000e+00
1.323e-03
1.323e-03
0.000e+00
6.614e-04
2.646e-03
0.000e+00
2.646e-03
0.000e+00
1.323e-03
6.614e-04
2.646e-03
6.614e-04
0.000e+00
1.984e-03
1.323e-03
6.614e-04
0.000e+00
0.000e+00
1.323e-03
6.614e-04
6.614e-04
0.000e+00
6.614e-04
1.984e-03
0.000e+00
0.000e+00
0.000e+00
1.323e-03
1.323e-03
0.000e+00
0.000e+00
6.614e-04
0.000e+00
1.984e-03
6.614e-04
1.323e-03
0.000e+00
6.614e-04
0.000e+00
6.614e-04
6.614e-04
0.000e+00
2.646e-03
1.323e-03
0.000e+00
0.000e+00
2.646e-03
1.984e-03
3.307e-03
2.646e-03
3.307e-03
2.646e-03
2.646e-03
3.968e-03
5.291e-03
7.275e-03
7.275e-03
5.952e-03
8.598e-03
7.275e-03
7.275e-03
3.307e-03
2.646e-03
2.646e-03
1.984e-03
6.614e-04
3.968e-03
2.646e-03
6.614e-04
1.984e-03
1.984e-03
1.323e-03
6.614e-04
1.323e-03
0.000e+00
1.323e-03
6.614e-04
6.614e-04
0.000e+00
6.614e-04
6.614e-04
6.614e-04
0.000e+00
6.614e-04
0.000e+00
0.000e+00
6.614e-04
1.323e-03
0.000e+00
0.000e+00
0.000e+00
0.000e+00
0.000e+00
6.614e-04
1.323e-03
0.000e+00
0.000e+00
1.323e-03
0.000e+00
1.984e-03
1.323e-03
0.000e+00
6.614e-04
6.614e-04
0.000e+00
6.614e-04
6.614e-04
1.323e-03
1.323e-03
1.984e-03
1.323e-03
1.323e-03
1.323e-03
1.323e-03
6.614e-04
1.323e-03
1.984e-03
1.984e-03
6.614e-04
0.000e+00
1.323e-03
6.614e-04
1.984e-03
1.984e-03
3.307e-03
2.646e-03
1.323e-03
1.984e-03
1.323e-03
6.614e-04
6.614e-04
2.646e-03
2.646e-03
0.000e+00
6.614e-04
0.000e+00
1.984e-03
2.646e-03
2.646e-03
1.323e-03
3.307e-03
6.614e-04
2.646e-03
1.984e-03
0.000e+00
1.984e-03
1.984e-03
1.984e-03
1.984e-03
6.614e-04
1.984e-03
1.323e-03
0.000e+00
1.323e-03
2.646e-03
1.984e-03
1.323e-03
1.984e-03
1.984e-03
1.984e-03
0.000e+00
1.323e-03
1.323e-03
6.614e-04
1.323e-03
2.646e-03
0.000e+00
0.000e+00
0.000e+00
6.614e-04
1.984e-03
1.323e-03
6.614e-04
1.984e-03
1.323e-03
6.614e-04
1.984e-03
6.614e-04
0.000e+00
1.323e-03
0.000e+00
0.000e+00
1.984e-03
6.614e-04
2.646e-03
3.307e-03
6.614e-04
0.000e+00
6.614e-04
6.614e-04
0.000e+00
6.614e-04
6.614e-04
1.323e-03
6.614e-04
6.614e-04
3.307e-03
1.323e-03
6.614e-04
0.000e+00
1.984e-03
0.000e+00
0.000e+00
6.614e-04
0.000e+00
0.000e+00
1.984e-03
6.614e-04
1.323e-03
0.000e+00
1.323e-03
0.000e+00
6.614e-04
6.614e-04
0.000e+00
6.614e-04
6.614e-04
1.323e-03
6.614e-04
1.323e-03
0.000e+00
0.000e+00
1.323e-03
1.323e-03
0.000e+00
1.323e-03
1.323e-03
6.614e-04
4.630e-03
1.323e-03
1.323e-03
1.984e-03
2.646e-03
3.307e-03
3.968e-03
7.275e-03
3.307e-03
