5.151e-02
1.910e-02
1.073e-02
9.444e-03
5.151e-03
5.795e-03
3.220e-03
3.649e-03
4.507e-03
1.502e-03
2.576e-03
2.576e-03
1.932e-03
1.932e-03
2.790e-03
2.790e-03
3.863e-03
3.005e-03
4.937e-03
1.932e-03
2.576e-03
4.078e-03
3.863e-03
5.366e-03
5.581e-03
5.581e-03
8.371e-03
6.010e-03
6.010e-03
9.015e-03
6.439e-03
1.181e-02
8.156e-03
7.298e-03
4.078e-03
3.434e-03
4.507e-03
1.932e-03
1.288e-03
1.932e-03
3.220e-03
1.502e-03
1.073e-03
1.073e-03
1.073e-03
6.439e-04
1.288e-03
8.586e-04
0.000e+00
8.586e-04
6.439e-04
2.146e-04
4.293e-04
4.293e-04
6.439e-04
4.293e-04
4.293e-04
0.000e+00
2.146e-04
6.439e-04
4.293e-04
2.146e-04
4.293e-04
0.000e+00
2.146e-04
0.000e+00
2.146e-04
2.146e-04
0.000e+00
6.439e-04
0.000e+00
4.293e-04
0.000e+00
0.000e+00
0.000e+00
0.000e+00
2.146e-04
0.000e+00
2.146e-04
0.000e+00
0.000e+00
0.000e+00
0.000e+00
0.000e+00
0.000e+00
2.146e-04
2.146e-04
0.000e+00
2.146e-04
4.293e-04
2.146e-04
2.146e-04
2.146e-04
2.146e-04
0.000e+00
0.000e+00
0.000e+00
2.146e-04
0.000e+00
4.293e-04
0.000e+00
0.000e+00
2.146e-04
4.293e-04
0.000e+00
6.439e-04
4.293e-04
4.293e-04
2.146e-04
4.293e-04
0.000e+00
0.000e+00
2.146e-04
6.439e-04
2.146e-04
4.293e-04
6.439e-04
4.293e-04
4.293e-04
2.146e-04
6.439e-04
2.146e-04
4.293e-04
0.000e+00
2.146e-04
6.439e-04
6.439e-04
6.439e-04
4.293e-04
6.439e-04
0.000e+00
1.073e-03
1.073e-03
1.932e-03
4.293e-04
1.717e-03
1.502e-03
2.146e-03
1.073e-03
1.502e-03
2.146e-03
4.078e-03
3.220e-03
3.649e-03
4.293e-03
6.225e-03
7.298e-03
1.073e-02
1.202e-02
7.083e-03
6.225e-03
7.298e-03
1.009e-02
7.083e-03
5.366e-03
3.863e-03
5.795e-03
2.576e-03
3.649e-03
2.790e-03
2.790e-03
2.790e-03
4.293e-03
2.790e-03
1.932e-03
2.361e-03
3.005e-03
1.717e-03
3.649e-03
3.863e-03
4.078e-03
2.790e-03
2.361e-03
3.863e-03
3.863e-03
3.220e-03
6.010e-03
8.586e-03
7.083e-03
1.803e-02
5.366e-02
1.653e-02
8.371e-03
1.009e-02
7.512e-03
7.083e-03
4.937e-03
4.293e-03
3.863e-03
2.576e-03
2.361e-03
3.649e-03
3.863e-03
1.932e-03
2.361e-03
2.361e-03
2.576e-03
2.576e-03
1.502e-03
3.220e-03
2.146e-03
3.649e-03
4.078e-03
4.078e-03
4.293e-03
4.937e-03
5.581e-03
5.366e-03
9.015e-03
8.800e-03
8.586e-03
9.659e-03
6.654e-03
9.015e-03
6.225e-03
6.868e-03
5.151e-03
3.649e-03
1.502e-03
2.576e-03
1.717e-03
1.932e-03
1.073e-03
1.717e-03
1.073e-03
8.586e-04
1.073e-03
1.073e-03
6.439e-04
4.293e-04
1.073e-03
4.293e-04
8.586e-04
4.293e-04
4.293e-04
2.146e-04
4.293e-04
2.146e-04
6.439e-04
2.146e-04
6.439e-04
2.146e-04
0.000e+00
0.000e+00
0.000e+00
2.146e-04
0.000e+00
2.146e-04
2.146e-04
4.293e-04
2.146e-04
0.000e+00
2.146e-04
4.293e-04
0.000e+00
0.000e+00
2.146e-04
0.000e+00
2.146e-04
0.000e+00
2.146e-04
2.146e-04
0.000e+00
6.439e-04
2.146e-04
0.000e+00
0.000e+00
2.146e-04
2.146e-04
0.000e+00
4.293e-04
6.439e-04
4.293e-04
4.293e-04
4.293e-04
0.000e+00
0.000e+00
0.000e+00
0.000e+00
4.293e-04
0.000e+00
0.000e+00
2.146e-04
0.000e+00
2.146e-04
2.146e-04
0.000e+00
0.000e+00
0.000e+00
4.293e-04
4.293e-04
0.000e+00
2.146e-04
0.000e+00
2.146e-04
2.146e-04
2.146e-04
0.000e+00
2.146e-04
0.000e+00
2.146e-04
4.293e-04
0.000e+00
0.000e+00
4.293e-04
2.146e-04
0.000e+00
8.586e-04
8.586e-04
2.146e-04
8.586e-04
6.439e-04
8.586e-04
1.288e-03
1.502e-03
1.932e-03
1.502e-03
8.586e-04
8.586e-04
1.502e-03
2.790e-03
2.576e-03
1.502e-03
1.717e-03
3.434e-03
4.293e-03
4.937e-03
5.581e-03
6.654e-03
9.873e-03
7.942e-03
8.156e-03
8.800e-03
8.800e-03
7.083e-03
6.654e-03
5.151e-03
5.581e-03
5.581e-03
3.220e-03
4.507e-03
2.790e-03
3.005e-03
3.863e-03
2.361e-03
1.288e-03
2.790e-03
1.717e-03
2.790e-03
2.576e-03
3.434e-03
4.293e-03
2.790e-03
3.863e-03
3.863e-03
6.439e-03
6.225e-03
7.083e-03
9.873e-03
1.588e-02
