6.225e-03
6.332e-03
6.117e-03
6.117e-03
7.512e-03
7.834e-03
4.507e-03
6.439e-03
4.185e-03
5.044e-03
5.473e-03
3.005e-03
3.220e-03
3.327e-03
1.824e-03
3.649e-03
2.576e-03
1.824e-03
2.468e-03
2.146e-03
2.898e-03
2.898e-03
2.468e-03
2.683e-03
2.790e-03
2.361e-03
2.146e-03
2.361e-03
1.502e-03
2.039e-03
1.610e-03
1.502e-03
1.288e-03
1.395e-03
9.659e-04
7.512e-04
9.659e-04
1.073e-03
1.288e-03
5.366e-04
5.366e-04
4.293e-04
7.512e-04
4.293e-04
3.220e-04
2.146e-04
3.220e-04
1.073e-04
1.073e-04
0.000e+00
6.439e-04
4.293e-04
1.073e-04
2.146e-04
1.073e-04
2.146e-04
0.000e+00
2.146e-04
1.073e-04
1.073e-04
2.146e-04
2.146e-04
0.000e+00
1.073e-04
0.000e+00
1.073e-04
1.073e-04
1.073e-04
0.000e+00
0.000e+00
0.000e+00
0.000e+00
0.000e+00
0.000e+00
0.000e+00
0.000e+00
0.000e+00
0.000e+00
1.073e-04
0.000e+00
0.000e+00
0.000e+00
0.000e+00
0.000e+00
0.000e+00
0.000e+00
0.000e+00
2.146e-04
1.073e-04
0.000e+00
1.073e-04
0.000e+00
0.000e+00
0.000e+00
0.000e+00
0.000e+00
0.000e+00
0.000e+00
0.000e+00
1.073e-04
0.000e+00
0.000e+00
0.000e+00
1.073e-04
1.073e-04
1.073e-04
1.073e-04
0.000e+00
1.073e-04
2.146e-04
0.000e+00
0.000e+00
0.000e+00
1.073e-04
0.000e+00
1.073e-04
3.220e-04
1.073e-04
2.146e-04
5.366e-04
3.220e-04
1.073e-04
1.073e-04
6.439e-04
4.293e-04
3.220e-04
0.000e+00
0.000e+00
3.220e-04
3.220e-04
4.293e-04
4.293e-04
6.439e-04
4.293e-04
5.366e-04
5.366e-04
7.512e-04
2.146e-04
6.439e-04
6.439e-04
6.439e-04
9.659e-04
1.181e-03
7.512e-04
1.717e-03
1.824e-03
6.439e-04
2.039e-03
2.039e-03
1.610e-03
1.932e-03
2.254e-03
2.361e-03
7.512e-04
1.610e-03
2.146e-03
2.039e-03
1.717e-03
2.039e-03
2.361e-03
1.717e-03
2.790e-03
2.039e-03
2.254e-03
2.898e-03
2.790e-03
2.683e-03
3.005e-03
1.932e-03
2.576e-03
3.220e-03
4.293e-03
4.829e-03
5.581e-03
4.400e-03
4.400e-03
6.225e-03
6.225e-03
6.868e-03
6.010e-03
7.083e-03
5.581e-03
5.473e-03
5.903e-03
4.615e-03
6.332e-03
4.293e-03
4.615e-03
4.293e-03
4.185e-03
4.078e-03
2.898e-03
3.649e-03
3.220e-03
3.220e-03
2.146e-03
2.039e-03
2.039e-03
2.683e-03
7.512e-04
1.181e-03
1.288e-03
1.717e-03
1.932e-03
2.146e-03
1.288e-03
2.898e-03
1.717e-03
2.361e-03
2.254e-03
1.610e-03
2.898e-03
1.502e-03
1.717e-03
1.073e-03
1.288e-03
1.395e-03
6.439e-04
1.502e-03
1.073e-03
1.073e-03
9.659e-04
5.366e-04
6.439e-04
3.220e-04
9.659e-04
4.293e-04
6.439e-04
3.220e-04
2.146e-04
2.146e-04
2.146e-04
2.146e-04
0.000e+00
1.073e-04
2.146e-04
3.220e-04
1.073e-04
2.146e-04
1.073e-04
0.000e+00
3.220e-04
0.000e+00
1.073e-04
2.146e-04
0.000e+00
2.146e-04
0.000e+00
1.073e-04
0.000e+00
1.073e-04
1.073e-04
0.000e+00
0.000e+00
0.000e+00
0.000e+00
2.146e-04
0.000e+00
0.000e+00
0.000e+00
0.000e+00
0.000e+00
0.000e+00
0.000e+00
0.000e+00
0.000e+00
0.000e+00
0.000e+00
0.000e+00
0.000e+00
0.000e+00
1.073e-04
0.000e+00
0.000e+00
0.000e+00
0.000e+00
0.000e+00
0.000e+00
0.000e+00
0.000e+00
0.000e+00
0.000e+00
0.000e+00
0.000e+00
0.000e+00
0.000e+00
0.000e+00
0.000e+00
0.000e+00
0.000e+00
0.000e+00
0.000e+00
0.000e+00
2.146e-04
0.000e+00
0.000e+00
1.073e-04
0.000e+00
0.000e+00
0.000e+00
0.000e+00
0.000e+00
2.146e-04
1.073e-04
0.000e+00
1.073e-04
4.293e-04
2.146e-04
3.220e-04
4.293e-04
2.146e-04
1.073e-04
1.073e-04
6.439e-04
9.659e-04
4.293e-04
3.220e-04
5.366e-04
5.366e-04
1.073e-03
4.293e-04
9.659e-04
1.932e-03
9.659e-04
9.659e-04
1.073e-03
1.073e-03
1.610e-03
1.502e-03
1.395e-03
1.824e-03
1.717e-03
1.932e-03
2.468e-03
2.576e-03
2.254e-03
2.898e-03
1.502e-03
1.824e-03
2.146e-03
2.683e-03
1.395e-03
2.146e-03
2.790e-03
2.576e-03
2.790e-03
3.327e-03
3.112e-03
2.683e-03
3.112e-03
4.185e-03
3.756e-03
6.332e-03
5.473e-03
5.044e-03
5.903e-03
6.546e-03
6.117e-03
7.942e-03
8.478e-03
