7.502e-02
1.772e-02
1.139e-02
8.020e-03
6.276e-03
4.998e-03
4.475e-03
3.371e-03
3.196e-03
3.022e-03
2.731e-03
2.964e-03
3.835e-03
2.266e-03
2.557e-03
2.906e-03
3.661e-03
2.557e-03
3.022e-03
2.208e-03
2.557e-03
2.906e-03
3.371e-03
4.300e-03
4.707e-03
4.184e-03
6.102e-03
5.463e-03
5.404e-03
5.579e-03
5.114e-03
6.741e-03
4.998e-03
4.358e-03
2.615e-03
2.673e-03
2.615e-03
2.092e-03
1.860e-03
2.034e-03
1.801e-03
1.337e-03
1.453e-03
1.162e-03
1.627e-03
1.511e-03
1.046e-03
2.150e-03
1.046e-03
1.104e-03
1.278e-03
7.555e-04
6.974e-04
7.555e-04
1.220e-03
1.395e-03
6.974e-04
7.555e-04
4.068e-04
1.104e-03
8.136e-04
8.717e-04
9.298e-04
6.974e-04
3.487e-04
6.974e-04
6.392e-04
6.392e-04
6.392e-04
4.649e-04
4.068e-04
3.487e-04
2.906e-04
3.487e-04
6.974e-04
5.811e-04
3.487e-04
5.230e-04
5.230e-04
2.325e-04
3.487e-04
4.649e-04
3.487e-04
5.230e-04
2.906e-04
6.974e-04
4.649e-04
4.649e-04
1.220e-03
6.392e-04
9.298e-04
7.555e-04
4.068e-04
5.811e-04
2.325e-04
2.325e-04
3.487e-04
3.487e-04
3.487e-04
5.230e-04
2.906e-04
4.068e-04
6.974e-04
4.068e-04
2.325e-04
4.068e-04
8.136e-04
4.068e-04
6.392e-04
4.068e-04
1.743e-04
2.906e-04
6.392e-04
8.717e-04
4.068e-04
4.649e-04
5.811e-04
8.136e-04
8.717e-04
8.136e-04
8.136e-04
6.392e-04
7.555e-04
1.104e-03
1.278e-03
9.879e-04
1.162e-03
9.879e-04
1.278e-03
1.395e-03
1.511e-03
2.092e-03
1.337e-03
1.395e-03
1.453e-03
1.685e-03
1.918e-03
1.685e-03
1.395e-03
1.162e-03
2.150e-03
2.441e-03
2.557e-03
3.312e-03
3.022e-03
3.835e-03
4.591e-03
5.986e-03
6.102e-03
5.753e-03
4.300e-03
5.172e-03
5.637e-03
4.823e-03
3.835e-03
2.964e-03
4.184e-03
2.789e-03
3.022e-03
2.499e-03
2.441e-03
2.499e-03
3.661e-03
3.952e-03
2.150e-03
2.906e-03
2.731e-03
2.557e-03
3.777e-03
3.661e-03
4.242e-03
2.383e-03
3.138e-03
4.649e-03
4.358e-03
4.475e-03
6.276e-03
7.961e-03
8.310e-03
1.953e-02
7.218e-02
1.761e-02
1.034e-02
8.891e-03
6.509e-03
4.881e-03
4.707e-03
4.358e-03
3.487e-03
2.615e-03
2.499e-03
3.080e-03
2.789e-03
2.208e-03
3.080e-03
2.499e-03
2.383e-03
2.789e-03
3.022e-03
2.383e-03
2.789e-03
2.441e-03
3.254e-03
3.545e-03
3.022e-03
4.184e-03
4.300e-03
3.661e-03
4.998e-03
5.114e-03
5.288e-03
5.811e-03
4.649e-03
5.637e-03
4.823e-03
4.475e-03
3.719e-03
2.964e-03
1.743e-03
1.860e-03
1.511e-03
1.569e-03
1.395e-03
1.743e-03
1.046e-03
1.220e-03
1.801e-03
1.453e-03
1.162e-03
1.453e-03
1.511e-03
1.046e-03
9.879e-04
9.298e-04
9.298e-04
9.879e-04
8.136e-04
6.974e-04
9.879e-04
9.879e-04
9.298e-04
1.162e-03
7.555e-04
7.555e-04
8.136e-04
8.717e-04
5.230e-04
5.811e-04
5.230e-04
8.136e-04
7.555e-04
4.068e-04
4.649e-04
2.906e-04
5.811e-04
4.068e-04
5.811e-04
4.649e-04
3.487e-04
4.068e-04
3.487e-04
3.487e-04
4.068e-04
5.811e-04
2.906e-04
5.230e-04
5.230e-04
3.487e-04
3.487e-04
8.136e-04
8.717e-04
8.717e-04
5.811e-04
7.555e-04
5.230e-04
8.136e-04
5.811e-04
2.325e-04
2.906e-04
3.487e-04
3.487e-04
6.392e-04
4.068e-04
4.068e-04
6.392e-04
2.325e-04
4.068e-04
4.649e-04
2.325e-04
5.230e-04
6.392e-04
4.068e-04
5.230e-04
4.649e-04
5.811e-04
4.068e-04
4.068e-04
5.230e-04
5.811e-04
5.811e-04
5.811e-04
5.811e-04
6.974e-04
1.046e-03
5.230e-04
1.046e-03
9.879e-04
8.717e-04
1.395e-03
9.298e-04
1.337e-03
1.337e-03
1.685e-03
1.627e-03
1.743e-03
1.395e-03
1.453e-03
1.453e-03
1.569e-03
2.266e-03
1.976e-03
2.266e-03
1.743e-03
1.918e-03
2.848e-03
2.964e-03
3.022e-03
4.475e-03
4.940e-03
5.986e-03
6.799e-03
5.869e-03
4.881e-03
5.753e-03
5.637e-03
5.056e-03
3.661e-03
4.358e-03
3.603e-03
3.080e-03
2.964e-03
3.138e-03
3.022e-03
3.312e-03
2.150e-03
2.266e-03
3.603e-03
3.022e-03
3.254e-03
3.661e-03
3.835e-03
3.661e-03
3.196e-03
3.254e-03
4.358e-03
4.940e-03
5.927e-03
8.136e-03
9.530e-03
1.865e-02
