3.190e+02
3.150e+02
2.990e+02
3.000e+02
2.490e+02
2.540e+02
2.110e+02
1.810e+02
1.490e+02
1.550e+02
1.360e+02
1.290e+02
1.100e+02
9.800e+01
7.700e+01
1.110e+02
7.200e+01
6.500e+01
5.600e+01
5.600e+01
6.600e+01
7.300e+01
6.600e+01
5.400e+01
6.500e+01
5.800e+01
6.900e+01
5.500e+01
5.900e+01
5.400e+01
4.200e+01
4.600e+01
3.100e+01
4.000e+01
3.500e+01
4.100e+01
3.100e+01
3.900e+01
3.800e+01
2.900e+01
3.900e+01
2.500e+01
3.300e+01
1.700e+01
1.600e+01
1.600e+01
1.700e+01
1.600e+01
1.000e+01
1.800e+01
2.100e+01
2.600e+01
1.500e+01
1.800e+01
1.600e+01
1.800e+01
1.200e+01
1.400e+01
1.100e+01
1.900e+01
1.700e+01
1.000e+01
8.000e+00
1.800e+01
1.400e+01
1.800e+01
1.800e+01
1.700e+01
1.000e+01
6.000e+00
1.900e+01
1.100e+01
1.200e+01
1.100e+01
1.400e+01
1.700e+01
8.000e+00
5.000e+00
1.300e+01
6.000e+00
1.800e+01
1.300e+01
9.000e+00
1.200e+01
1.000e+01
9.000e+00
5.000e+00
1.000e+01
1.200e+01
8.000e+00
1.300e+01
1.300e+01
9.000e+00
1.100e+01
1.600e+01
1.200e+01
1.100e+01
1.400e+01
4.000e+00
1.100e+01
8.000e+00
6.000e+00
9.000e+00
1.100e+01
1.000e+01
7.000e+00
1.000e+01
8.000e+00
6.000e+00
2.300e+01
1.000e+01
1.200e+01
1.500e+01
8.000e+00
9.000e+00
1.700e+01
1.000e+01
1.100e+01
1.500e+01
1.200e+01
1.600e+01
1.600e+01
1.900e+01
2.500e+01
1.500e+01
1.700e+01
1.600e+01
1.200e+01
1.900e+01
2.300e+01
1.500e+01
2.400e+01
1.600e+01
3.000e+01
3.000e+01
2.900e+01
2.800e+01
3.800e+01
2.500e+01
2.500e+01
3.800e+01
3.400e+01
4.000e+01
3.900e+01
4.200e+01
4.000e+01
4.200e+01
5.100e+01
4.700e+01
4.100e+01
5.000e+01
6.300e+01
6.200e+01
4.700e+01
5.200e+01
6.300e+01
6.400e+01
5.700e+01
6.100e+01
5.400e+01
5.500e+01
6.900e+01
5.600e+01
7.400e+01
7.900e+01
9.000e+01
9.700e+01
1.080e+02
7.900e+01
1.120e+02
1.240e+02
1.380e+02
1.640e+02
1.690e+02
1.810e+02
2.190e+02
2.630e+02
2.750e+02
2.900e+02
2.980e+02
3.280e+02
3.030e+02
2.820e+02
2.730e+02
2.210e+02
2.640e+02
1.890e+02
1.820e+02
1.710e+02
1.560e+02
1.270e+02
1.140e+02
1.160e+02
9.300e+01
9.200e+01
7.900e+01
7.600e+01
7.000e+01
6.300e+01
4.200e+01
6.300e+01
4.200e+01
6.200e+01
6.500e+01
5.400e+01
5.700e+01
6.300e+01
5.500e+01
6.100e+01
4.800e+01
4.800e+01
5.400e+01
4.700e+01
4.800e+01
4.100e+01
3.300e+01
3.400e+01
3.100e+01
4.200e+01
3.300e+01
2.700e+01
2.800e+01
3.000e+01
3.100e+01
2.500e+01
2.500e+01
2.500e+01
2.700e+01
1.700e+01
2.000e+01
1.100e+01
2.200e+01
2.100e+01
1.300e+01
2.300e+01
1.800e+01
1.600e+01
2.000e+01
2.400e+01
1.200e+01
1.500e+01
1.300e+01
1.200e+01
1.200e+01
1.300e+01
8.000e+00
2.700e+01
1.400e+01
2.400e+01
1.100e+01
1.500e+01
1.700e+01
9.000e+00
9.000e+00
1.200e+01
1.300e+01
1.500e+01
1.200e+01
1.400e+01
6.000e+00
1.100e+01
9.000e+00
1.400e+01
1.400e+01
1.300e+01
1.100e+01
8.000e+00
2.000e+00
6.000e+00
1.100e+01
1.100e+01
1.500e+01
9.000e+00
1.300e+01
1.300e+01
1.300e+01
6.000e+00
1.000e+01
8.000e+00
1.200e+01
1.400e+01
1.400e+01
1.400e+01
5.000e+00
9.000e+00
6.000e+00
1.200e+01
5.000e+00
9.000e+00
6.000e+00
8.000e+00
7.000e+00
1.500e+01
1.300e+01
8.000e+00
9.000e+00
1.300e+01
8.000e+00
9.000e+00
1.500e+01
1.100e+01
1.300e+01
1.300e+01
1.200e+01
1.400e+01
1.300e+01
2.100e+01
2.300e+01
2.600e+01
1.600e+01
1.300e+01
1.900e+01
1.400e+01
2.300e+01
2.100e+01
2.800e+01
2.600e+01
2.300e+01
3.100e+01
4.000e+01
2.800e+01
3.300e+01
3.900e+01
4.100e+01
3.500e+01
4.100e+01
3.900e+01
4.500e+01
3.700e+01
4.000e+01
5.800e+01
5.200e+01
5.300e+01
6.500e+01
6.400e+01
5.300e+01
7.100e+01
5.200e+01
6.000e+01
7.800e+01
5.400e+01
6.500e+01
6.400e+01
7.500e+01
9.500e+01
7.600e+01
8.700e+01
1.070e+02
7.900e+01
1.160e+02
1.290e+02
1.410e+02
1.810e+02
1.810e+02
1.930e+02
2.080e+02
2.720e+02
2.720e+02
3.120e+02
3.090e+02
