1.080e-02
3.601e-03
1.200e-03
2.401e-03
2.401e-03
2.401e-03
4.802e-03
0.000e+00
0.000e+00
1.200e-03
1.200e-03
0.000e+00
1.200e-03
2.401e-03
1.200e-03
2.401e-03
1.200e-03
2.401e-03
1.200e-03
1.200e-03
3.601e-03
1.200e-03
2.401e-03
4.802e-03
4.802e-03
0.000e+00
3.601e-03
2.401e-03
2.401e-03
1.200e-03
1.200e-03
3.601e-03
1.200e-03
0.000e+00
2.401e-03
3.601e-03
0.000e+00
1.200e-03
2.401e-03
0.000e+00
3.601e-03
1.200e-03
3.601e-03
2.401e-03
2.401e-03
2.401e-03
0.000e+00
2.401e-03
0.000e+00
0.000e+00
0.000e+00
1.200e-03
1.200e-03
0.000e+00
2.401e-03
1.200e-03
2.401e-03
4.802e-03
2.401e-03
2.401e-03
0.000e+00
0.000e+00
1.200e-03
3.601e-03
6.002e-03
2.401e-03
2.401e-03
7.203e-03
6.002e-03
2.401e-03
0.000e+00
2.401e-03
4.802e-03
1.200e-03
1.200e-03
4.802e-03
4.802e-03
2.401e-03
2.401e-03
0.000e+00
2.401e-03
2.401e-03
3.601e-03
6.002e-03
3.601e-03
4.802e-03
4.802e-03
2.401e-03
4.802e-03
3.601e-03
6.002e-03
8.403e-03
9.604e-03
1.200e-02
2.401e-03
3.601e-03
6.002e-03
4.802e-03
3.601e-03
4.802e-03
4.802e-03
2.401e-03
7.203e-03
3.601e-03
3.601e-03
3.601e-03
2.401e-03
2.401e-03
0.000e+00
1.200e-03
0.000e+00
6.002e-03
2.401e-03
2.401e-03
6.002e-03
1.200e-03
2.401e-03
8.403e-03
1.200e-03
4.802e-03
4.802e-03
2.401e-03
4.802e-03
1.200e-03
2.401e-03
2.401e-03
0.000e+00
3.601e-03
1.200e-03
2.401e-03
0.000e+00
1.200e-03
4.802e-03
0.000e+00
6.002e-03
0.000e+00
0.000e+00
0.000e+00
1.200e-03
1.200e-03
1.200e-03
1.200e-03
2.401e-03
4.802e-03
0.000e+00
1.200e-03
3.601e-03
2.401e-03
0.000e+00
1.200e-03
2.401e-03
2.401e-03
1.200e-03
1.200e-03
4.802e-03
2.401e-03
2.401e-03
6.002e-03
4.802e-03
3.601e-03
2.401e-03
4.802e-03
0.000e+00
2.401e-03
0.000e+00
0.000e+00
3.601e-03
2.401e-03
2.401e-03
3.601e-03
3.601e-03
1.200e-03
1.200e-03
0.000e+00
1.200e-03
1.200e-03
3.601e-03
4.802e-03
3.601e-03
7.203e-03
2.041e-02
4.802e-03
4.802e-03
7.203e-03
2.401e-03
2.401e-03
1.200e-03
3.601e-03
2.401e-03
2.401e-03
0.000e+00
1.200e-03
0.000e+00
1.200e-03
0.000e+00
2.401e-03
2.401e-03
1.200e-03
2.401e-03
4.802e-03
2.401e-03
3.601e-03
3.601e-03
2.401e-03
1.200e-03
2.401e-03
4.802e-03
2.401e-03
6.002e-03
0.000e+00
0.000e+00
2.401e-03
2.401e-03
0.000e+00
1.200e-03
2.401e-03
2.401e-03
2.401e-03
3.601e-03
0.000e+00
0.000e+00
0.000e+00
2.401e-03
1.200e-03
1.200e-03
4.802e-03
1.200e-03
1.200e-03
0.000e+00
0.000e+00
0.000e+00
0.000e+00
1.200e-03
1.200e-03
2.401e-03
1.200e-03
0.000e+00
2.401e-03
1.200e-03
6.002e-03
7.203e-03
3.601e-03
2.401e-03
7.203e-03
1.200e-03
9.604e-03
1.200e-03
6.002e-03
2.401e-03
9.604e-03
2.401e-03
6.002e-03
3.601e-03
6.002e-03
1.200e-03
0.000e+00
0.000e+00
1.200e-03
1.200e-03
2.401e-03
4.802e-03
2.401e-03
7.203e-03
8.403e-03
2.401e-03
9.604e-03
3.601e-03
3.601e-03
6.002e-03
8.403e-03
1.200e-02
3.601e-03
7.203e-03
4.802e-03
4.802e-03
3.601e-03
2.401e-03
2.401e-03
2.401e-03
1.200e-03
1.200e-03
3.601e-03
7.203e-03
1.200e-03
0.000e+00
6.002e-03
4.802e-03
4.802e-03
1.200e-03
1.200e-03
1.080e-02
1.200e-03
3.601e-03
4.802e-03
4.802e-03
8.403e-03
6.002e-03
0.000e+00
1.080e-02
2.401e-03
2.401e-03
1.200e-03
1.200e-03
6.002e-03
1.200e-03
2.401e-03
0.000e+00
3.601e-03
0.000e+00
0.000e+00
2.401e-03
0.000e+00
0.000e+00
0.000e+00
2.401e-03
0.000e+00
2.401e-03
0.000e+00
1.200e-03
0.000e+00
0.000e+00
1.200e-03
2.401e-03
1.200e-03
1.200e-03
1.200e-03
1.200e-03
3.601e-03
2.401e-03
4.802e-03
3.601e-03
1.200e-03
1.200e-03
2.401e-03
4.802e-03
4.802e-03
0.000e+00
6.002e-03
2.401e-03
3.601e-03
2.401e-03
3.601e-03
2.401e-03
1.200e-03
3.601e-03
1.200e-03
1.200e-03
3.601e-03
2.401e-03
3.601e-03
2.401e-03
1.200e-03
3.601e-03
0.000e+00
1.200e-03
0.000e+00
2.401e-03
2.401e-03
2.401e-03
3.601e-03
