0.000e+00
6.002e-04
0.000e+00
0.000e+00
0.000e+00
0.000e+00
0.000e+00
0.000e+00
0.000e+00
0.000e+00
0.000e+00
0.000e+00
0.000e+00
0.000e+00
0.000e+00
6.002e-04
0.000e+00
0.000e+00
0.000e+00
0.000e+00
0.000e+00
0.000e+00
6.002e-04
0.000e+00
0.000e+00
0.000e+00
6.002e-04
0.000e+00
0.000e+00
0.000e+00
0.000e+00
0.000e+00
0.000e+00
0.000e+00
0.000e+00
0.000e+00
0.000e+00
0.000e+00
0.000e+00
0.000e+00
0.000e+00
6.002e-04
0.000e+00
0.000e+00
0.000e+00
0.000e+00
0.000e+00
0.000e+00
6.002e-04
0.000e+00
6.002e-04
0.000e+00
0.000e+00
0.000e+00
6.002e-04
6.002e-04
6.002e-04
0.000e+00
6.002e-04
0.000e+00
0.000e+00
6.002e-04
6.002e-04
6.002e-04
0.000e+00
6.002e-04
2.401e-03
2.401e-03
2.401e-03
2.401e-03
3.001e-03
0.000e+00
3.001e-03
1.200e-03
2.401e-03
4.802e-03
4.802e-03
2.401e-03
2.401e-03
5.402e-03
4.802e-03
4.802e-03
5.402e-03
5.402e-03
3.601e-03
6.603e-03
3.601e-03
7.803e-03
6.603e-03
6.002e-03
6.603e-03
6.603e-03
7.803e-03
3.601e-03
7.203e-03
4.802e-03
1.140e-02
3.601e-03
7.203e-03
6.002e-03
1.200e-03
6.002e-03
6.002e-03
5.402e-03
4.802e-03
4.202e-03
3.001e-03
4.202e-03
1.801e-03
1.801e-03
3.001e-03
4.202e-03
1.801e-03
3.601e-03
2.401e-03
1.200e-03
2.401e-03
1.801e-03
1.801e-03
1.801e-03
2.401e-03
1.801e-03
2.401e-03
2.401e-03
0.000e+00
1.801e-03
6.002e-04
0.000e+00
1.200e-03
6.002e-04
0.000e+00
6.002e-04
6.002e-04
0.000e+00
0.000e+00
6.002e-04
1.200e-03
0.000e+00
6.002e-04
0.000e+00
0.000e+00
0.000e+00
6.002e-04
0.000e+00
0.000e+00
0.000e+00
0.000e+00
0.000e+00
1.200e-03
0.000e+00
6.002e-04
0.000e+00
0.000e+00
0.000e+00
0.000e+00
6.002e-04
0.000e+00
0.000e+00
0.000e+00
6.002e-04
0.000e+00
0.000e+00
0.000e+00
0.000e+00
0.000e+00
0.000e+00
0.000e+00
0.000e+00
6.002e-04
0.000e+00
0.000e+00
6.002e-04
0.000e+00
0.000e+00
6.002e-04
6.002e-04
0.000e+00
0.000e+00
1.200e-03
0.000e+00
0.000e+00
6.002e-04
0.000e+00
0.000e+00
6.002e-04
0.000e+00
6.002e-04
0.000e+00
0.000e+00
0.000e+00
0.000e+00
0.000e+00
0.000e+00
0.000e+00
0.000e+00
6.002e-04
0.000e+00
0.000e+00
0.000e+00
0.000e+00
0.000e+00
1.200e-03
0.000e+00
0.000e+00
6.002e-04
0.000e+00
0.000e+00
0.000e+00
0.000e+00
0.000e+00
0.000e+00
1.200e-03
1.200e-03
0.000e+00
0.000e+00
0.000e+00
0.000e+00
6.002e-04
0.000e+00
0.000e+00
6.002e-04
0.000e+00
0.000e+00
0.000e+00
6.002e-04
0.000e+00
6.002e-04
0.000e+00
6.002e-04
6.002e-04
0.000e+00
1.200e-03
6.002e-04
6.002e-04
0.000e+00
2.401e-03
2.401e-03
1.200e-03
0.000e+00
1.200e-03
1.200e-03
1.200e-03
1.200e-03
2.401e-03
1.200e-03
1.801e-03
1.200e-03
2.401e-03
1.801e-03
4.802e-03
4.802e-03
3.601e-03
3.001e-03
2.401e-03
3.601e-03
3.601e-03
4.802e-03
3.601e-03
6.002e-04
7.803e-03
5.402e-03
3.601e-03
6.603e-03
5.402e-03
6.002e-03
6.603e-03
5.402e-03
3.601e-03
4.802e-03
2.401e-03
1.140e-02
6.603e-03
9.604e-03
6.002e-03
6.002e-03
3.601e-03
3.601e-03
5.402e-03
3.001e-03
4.202e-03
5.402e-03
4.802e-03
2.401e-03
3.601e-03
2.401e-03
3.601e-03
4.202e-03
3.001e-03
1.801e-03
2.401e-03
2.401e-03
2.401e-03
6.002e-04
1.200e-03
2.401e-03
6.002e-04
2.401e-03
6.002e-04
6.002e-04
0.000e+00
1.200e-03
0.000e+00
0.000e+00
2.401e-03
6.002e-04
6.002e-04
0.000e+00
6.002e-04
0.000e+00
6.002e-04
0.000e+00
0.000e+00
6.002e-04
0.000e+00
6.002e-04
0.000e+00
6.002e-04
0.000e+00
0.000e+00
0.000e+00
0.000e+00
1.200e-03
0.000e+00
0.000e+00
0.000e+00
0.000e+00
0.000e+00
0.000e+00
0.000e+00
0.000e+00
0.000e+00
0.000e+00
0.000e+00
6.002e-04
0.000e+00
0.000e+00
0.000e+00
0.000e+00
0.000e+00
0.000e+00
0.000e+00
0.000e+00
0.000e+00
0.000e+00
0.000e+00
0.000e+00
6.002e-04
0.000e+00
0.000e+00
0.000e+00
0.000e+00
0.000e+00
0.000e+00
6.002e-04
0.000e+00
1.801e-03
0.000e+00
0.000e+00
6.002e-04
0.000e+00
