6.639e-02
2.349e-02
2.145e-02
4.086e-03
4.086e-03
2.043e-03
3.064e-03
3.064e-03
0.000e+00
2.043e-03
2.043e-03
2.043e-03
0.000e+00
2.043e-03
1.021e-03
1.021e-03
1.021e-03
0.000e+00
1.021e-03
0.000e+00
0.000e+00
0.000e+00
1.021e-03
1.021e-03
2.043e-03
0.000e+00
1.021e-03
0.000e+00
0.000e+00
0.000e+00
1.021e-03
0.000e+00
0.000e+00
1.021e-03
0.000e+00
0.000e+00
0.000e+00
0.000e+00
0.000e+00
0.000e+00
1.021e-03
0.000e+00
2.043e-03
0.000e+00
1.021e-03
1.021e-03
1.021e-03
0.000e+00
2.043e-03
0.000e+00
0.000e+00
0.000e+00
1.021e-03
1.021e-03
0.000e+00
0.000e+00
0.000e+00
0.000e+00
0.000e+00
1.021e-03
0.000e+00
0.000e+00
2.043e-03
0.000e+00
0.000e+00
0.000e+00
0.000e+00
0.000e+00
0.000e+00
0.000e+00
0.000e+00
0.000e+00
0.000e+00
0.000e+00
0.000e+00
0.000e+00
0.000e+00
0.000e+00
0.000e+00
0.000e+00
0.000e+00
0.000e+00
0.000e+00
0.000e+00
0.000e+00
0.000e+00
0.000e+00
0.000e+00
0.000e+00
0.000e+00
0.000e+00
0.000e+00
0.000e+00
0.000e+00
1.021e-03
0.000e+00
0.000e+00
0.000e+00
0.000e+00
0.000e+00
0.000e+00
0.000e+00
0.000e+00
0.000e+00
0.000e+00
0.000e+00
0.000e+00
0.000e+00
0.000e+00
1.021e-03
0.000e+00
0.000e+00
1.021e-03
0.000e+00
0.000e+00
0.000e+00
1.021e-03
2.043e-03
0.000e+00
0.000e+00
0.000e+00
0.000e+00
0.000e+00
0.000e+00
0.000e+00
0.000e+00
2.043e-03
0.000e+00
0.000e+00
0.000e+00
0.000e+00
1.021e-03
1.021e-03
0.000e+00
1.021e-03
1.021e-03
0.000e+00
1.021e-03
0.000e+00
1.021e-03
0.000e+00
0.000e+00
1.021e-03
0.000e+00
0.000e+00
0.000e+00
0.000e+00
0.000e+00
1.021e-03
0.000e+00
0.000e+00
2.043e-03
2.043e-03
0.000e+00
0.000e+00
0.000e+00
0.000e+00
5.107e-03
2.043e-03
1.021e-03
1.021e-03
2.043e-03
0.000e+00
4.086e-03
2.043e-03
1.021e-03
3.064e-03
4.086e-03
3.064e-03
6.129e-03
7.150e-03
4.086e-03
4.086e-03
5.107e-03
1.532e-02
1.430e-02
1.226e-02
2.145e-02
3.371e-02
6.435e-02
2.778e-01
7.048e-02
2.451e-02
2.247e-02
2.145e-02
7.150e-03
6.129e-03
7.150e-03
4.086e-03
4.086e-03
4.086e-03
4.086e-03
7.150e-03
3.064e-03
2.043e-03
5.107e-03
1.021e-03
3.064e-03
3.064e-03
0.000e+00
2.043e-03
0.000e+00
1.021e-03
7.150e-03
1.021e-03
3.064e-03
2.043e-03
0.000e+00
1.021e-03
0.000e+00
0.000e+00
0.000e+00
0.000e+00
1.021e-03
0.000e+00
0.000e+00
0.000e+00
1.021e-03
0.000e+00
0.000e+00
1.021e-03
1.021e-03
1.021e-03
0.000e+00
0.000e+00
1.021e-03
0.000e+00
0.000e+00
0.000e+00
0.000e+00
0.000e+00
0.000e+00
0.000e+00
1.021e-03
0.000e+00
0.000e+00
0.000e+00
1.021e-03
0.000e+00
0.000e+00
1.021e-03
0.000e+00
0.000e+00
0.000e+00
0.000e+00
0.000e+00
0.000e+00
0.000e+00
0.000e+00
0.000e+00
0.000e+00
0.000e+00
0.000e+00
0.000e+00
0.000e+00
0.000e+00
0.000e+00
0.000e+00
0.000e+00
0.000e+00
1.021e-03
0.000e+00
0.000e+00
0.000e+00
0.000e+00
0.000e+00
1.021e-03
0.000e+00
0.000e+00
0.000e+00
0.000e+00
0.000e+00
0.000e+00
0.000e+00
0.000e+00
0.000e+00
0.000e+00
0.000e+00
1.021e-03
0.000e+00
0.000e+00
0.000e+00
0.000e+00
0.000e+00
1.021e-03
0.000e+00
0.000e+00
0.000e+00
0.000e+00
0.000e+00
0.000e+00
0.000e+00
0.000e+00
0.000e+00
0.000e+00
0.000e+00
0.000e+00
0.000e+00
0.000e+00
0.000e+00
1.021e-03
0.000e+00
0.000e+00
0.000e+00
0.000e+00
0.000e+00
0.000e+00
0.000e+00
0.000e+00
0.000e+00
0.000e+00
0.000e+00
0.000e+00
0.000e+00
0.000e+00
0.000e+00
0.000e+00
1.021e-03
0.000e+00
1.021e-03
2.043e-03
1.021e-03
0.000e+00
4.086e-03
0.000e+00
1.021e-03
0.000e+00
0.000e+00
0.000e+00
1.021e-03
1.021e-03
0.000e+00
1.021e-03
4.086e-03
0.000e+00
2.043e-03
1.021e-03
1.021e-03
0.000e+00
0.000e+00
0.000e+00
0.000e+00
1.021e-03
2.043e-03
2.043e-03
1.021e-03
1.021e-03
1.021e-03
3.064e-03
1.021e-03
1.021e-03
4.086e-03
3.064e-03
5.107e-03
1.021e-03
1.021e-03
4.086e-03
6.129e-03
1.021e-02
2.349e-02
