4.597e-03
5.107e-03
2.554e-03
1.532e-03
3.064e-03
3.575e-03
2.554e-03
5.107e-03
1.532e-03
2.043e-03
2.554e-03
1.021e-03
2.554e-03
4.086e-03
2.554e-03
1.021e-03
1.532e-03
2.554e-03
1.021e-03
5.107e-04
2.554e-03
5.107e-04
0.000e+00
5.107e-04
5.107e-04
0.000e+00
0.000e+00
5.107e-04
5.107e-04
5.107e-04
0.000e+00
5.107e-04
0.000e+00
1.532e-03
0.000e+00
1.021e-03
5.107e-04
0.000e+00
0.000e+00
5.107e-04
0.000e+00
5.107e-04
0.000e+00
5.107e-04
5.107e-04
0.000e+00
0.000e+00
0.000e+00
0.000e+00
5.107e-04
5.107e-04
0.000e+00
5.107e-04
0.000e+00
0.000e+00
0.000e+00
1.021e-03
0.000e+00
0.000e+00
0.000e+00
1.021e-03
0.000e+00
0.000e+00
5.107e-04
5.107e-04
0.000e+00
5.107e-04
0.000e+00
5.107e-04
5.107e-04
5.107e-04
5.107e-04
0.000e+00
0.000e+00
0.000e+00
0.000e+00
0.000e+00
0.000e+00
0.000e+00
0.000e+00
0.000e+00
0.000e+00
0.000e+00
0.000e+00
0.000e+00
0.000e+00
0.000e+00
0.000e+00
0.000e+00
0.000e+00
0.000e+00
0.000e+00
0.000e+00
0.000e+00
0.000e+00
0.000e+00
0.000e+00
0.000e+00
0.000e+00
0.000e+00
0.000e+00
0.000e+00
5.107e-04
0.000e+00
0.000e+00
0.000e+00
0.000e+00
5.107e-04
0.000e+00
0.000e+00
0.000e+00
5.107e-04
0.000e+00
0.000e+00
0.000e+00
5.107e-04
0.000e+00
1.021e-03
5.107e-04
0.000e+00
0.000e+00
0.000e+00
5.107e-04
5.107e-04
0.000e+00
0.000e+00
0.000e+00
0.000e+00
0.000e+00
0.000e+00
0.000e+00
0.000e+00
0.000e+00
1.021e-03
5.107e-04
0.000e+00
1.021e-03
0.000e+00
0.000e+00
0.000e+00
0.000e+00
0.000e+00
0.000e+00
0.000e+00
5.107e-04
0.000e+00
0.000e+00
0.000e+00
5.107e-04
0.000e+00
0.000e+00
5.107e-04
0.000e+00
0.000e+00
0.000e+00
0.000e+00
0.000e+00
0.000e+00
0.000e+00
0.000e+00
0.000e+00
5.107e-04
0.000e+00
0.000e+00
0.000e+00
5.107e-04
1.532e-03
1.021e-03
1.532e-03
1.532e-03
1.532e-03
5.618e-03
5.107e-03
8.172e-03
7.150e-03
1.021e-02
1.277e-02
2.860e-02
3.575e-02
3.575e-02
3.677e-02
3.984e-02
2.911e-02
2.094e-02
2.043e-02
1.328e-02
4.597e-03
3.064e-03
5.107e-03
1.532e-03
3.575e-03
1.532e-03
1.532e-03
5.107e-04
1.021e-03
0.000e+00
5.107e-04
0.000e+00
0.000e+00
0.000e+00
0.000e+00
0.000e+00
0.000e+00
0.000e+00
0.000e+00
0.000e+00
0.000e+00
0.000e+00
5.107e-04
1.021e-03
0.000e+00
0.000e+00
0.000e+00
0.000e+00
0.000e+00
0.000e+00
0.000e+00
5.107e-04
5.107e-04
1.021e-03
5.107e-04
0.000e+00
0.000e+00
0.000e+00
5.107e-04
0.000e+00
5.107e-04
0.000e+00
0.000e+00
0.000e+00
0.000e+00
0.000e+00
0.000e+00
0.000e+00
0.000e+00
0.000e+00
0.000e+00
5.107e-04
0.000e+00
0.000e+00
0.000e+00
0.000e+00
0.000e+00
5.107e-04
0.000e+00
0.000e+00
5.107e-04
0.000e+00
0.000e+00
0.000e+00
0.000e+00
0.000e+00
0.000e+00
0.000e+00
0.000e+00
0.000e+00
0.000e+00
0.000e+00
5.107e-04
0.000e+00
0.000e+00
0.000e+00
0.000e+00
5.107e-04
0.000e+00
0.000e+00
0.000e+00
0.000e+00
5.107e-04
0.000e+00
0.000e+00
0.000e+00
0.000e+00
0.000e+00
0.000e+00
0.000e+00
0.000e+00
1.021e-03
0.000e+00
0.000e+00
0.000e+00
0.000e+00
5.107e-04
0.000e+00
0.000e+00
0.000e+00
0.000e+00
0.000e+00
5.107e-04
0.000e+00
0.000e+00
5.107e-04
0.000e+00
5.107e-04
0.000e+00
0.000e+00
0.000e+00
0.000e+00
0.000e+00
0.000e+00
0.000e+00
0.000e+00
0.000e+00
5.107e-04
0.000e+00
5.107e-04
0.000e+00
0.000e+00
5.107e-04
0.000e+00
0.000e+00
5.107e-04
0.000e+00
5.107e-04
0.000e+00
1.021e-03
1.532e-03
0.000e+00
0.000e+00
0.000e+00
5.107e-04
1.021e-03
0.000e+00
1.021e-03
1.021e-03
5.107e-04
0.000e+00
0.000e+00
0.000e+00
0.000e+00
1.532e-03
1.021e-03
1.532e-03
0.000e+00
0.000e+00
2.043e-03
5.107e-04
1.532e-03
1.021e-03
3.064e-03
1.021e-03
0.000e+00
1.021e-03
1.532e-03
2.043e-03
2.554e-03
3.064e-03
3.575e-03
3.064e-03
1.021e-03
2.554e-03
2.043e-03
3.064e-03
2.554e-03
2.043e-03
3.064e-03
3.064e-03
2.043e-03
5.107e-03
4.086e-03
