1.022e-01
2.949e-02
2.058e-02
6.859e-03
5.487e-03
4.801e-03
6.173e-03
2.743e-03
1.372e-03
3.429e-03
2.743e-03
0.000e+00
4.801e-03
2.058e-03
2.743e-03
1.372e-03
1.372e-03
1.372e-03
2.058e-03
2.058e-03
2.743e-03
2.743e-03
4.115e-03
4.115e-03
2.743e-03
5.487e-03
4.801e-03
4.115e-03
6.173e-03
2.058e-03
2.058e-03
0.000e+00
1.372e-03
2.058e-03
1.372e-03
2.058e-03
6.859e-04
2.058e-03
1.372e-03
0.000e+00
2.058e-03
6.859e-04
6.859e-04
0.000e+00
6.859e-04
2.058e-03
1.372e-03
2.058e-03
6.859e-04
3.429e-03
6.859e-04
1.372e-03
1.372e-03
6.859e-04
2.743e-03
6.859e-04
6.859e-04
1.372e-03
0.000e+00
6.859e-04
1.372e-03
0.000e+00
0.000e+00
6.859e-04
1.372e-03
0.000e+00
6.859e-04
0.000e+00
0.000e+00
6.859e-04
0.000e+00
0.000e+00
6.859e-04
0.000e+00
0.000e+00
0.000e+00
0.000e+00
0.000e+00
0.000e+00
0.000e+00
0.000e+00
0.000e+00
0.000e+00
0.000e+00
0.000e+00
1.372e-03
6.859e-04
0.000e+00
6.859e-04
0.000e+00
6.859e-04
1.372e-03
0.000e+00
1.372e-03
0.000e+00
1.372e-03
0.000e+00
0.000e+00
0.000e+00
0.000e+00
0.000e+00
0.000e+00
0.000e+00
0.000e+00
0.000e+00
0.000e+00
0.000e+00
0.000e+00
0.000e+00
0.000e+00
0.000e+00
0.000e+00
0.000e+00
0.000e+00
0.000e+00
0.000e+00
6.859e-04
0.000e+00
0.000e+00
0.000e+00
1.372e-03
1.372e-03
2.058e-03
2.058e-03
6.859e-04
0.000e+00
0.000e+00
1.372e-03
1.372e-03
2.743e-03
6.859e-04
1.372e-03
2.058e-03
6.859e-04
6.859e-04
2.058e-03
1.372e-03
6.859e-04
2.743e-03
1.372e-03
1.372e-03
0.000e+00
2.743e-03
2.058e-03
1.372e-03
2.058e-03
6.859e-04
6.859e-04
6.859e-04
2.058e-03
4.801e-03
1.372e-03
4.801e-03
4.801e-03
3.429e-03
1.372e-03
5.487e-03
2.743e-03
5.487e-03
5.487e-03
2.058e-03
4.115e-03
2.743e-03
2.058e-03
2.743e-03
1.372e-03
1.372e-03
2.058e-03
3.429e-03
3.429e-03
2.743e-03
1.372e-03
3.429e-03
3.429e-03
4.801e-03
4.115e-03
4.801e-03
1.029e-02
2.743e-02
2.743e-02
1.447e-01
2.126e-02
2.058e-02
1.097e-02
6.173e-03
3.429e-03
7.545e-03
6.173e-03
4.801e-03
2.058e-03
1.372e-03
2.743e-03
4.801e-03
2.058e-03
1.372e-03
6.173e-03
3.429e-03
1.372e-03
0.000e+00
4.115e-03
2.743e-03
4.115e-03
1.372e-03
4.115e-03
4.115e-03
4.801e-03
3.429e-03
8.230e-03
4.801e-03
2.058e-03
1.372e-03
2.743e-03
6.859e-04
0.000e+00
6.859e-04
1.372e-03
0.000e+00
6.859e-04
6.859e-04
0.000e+00
0.000e+00
2.058e-03
2.743e-03
6.859e-04
2.743e-03
6.859e-04
0.000e+00
6.859e-04
0.000e+00
6.859e-04
2.058e-03
1.372e-03
2.058e-03
0.000e+00
2.743e-03
6.859e-04
2.058e-03
6.859e-04
1.372e-03
2.058e-03
6.859e-04
0.000e+00
6.859e-04
6.859e-04
2.058e-03
0.000e+00
0.000e+00
0.000e+00
0.000e+00
0.000e+00
6.859e-04
0.000e+00
1.372e-03
0.000e+00
6.859e-04
0.000e+00
0.000e+00
0.000e+00
0.000e+00
0.000e+00
0.000e+00
0.000e+00
0.000e+00
0.000e+00
0.000e+00
1.372e-03
0.000e+00
0.000e+00
0.000e+00
0.000e+00
0.000e+00
1.372e-03
6.859e-04
6.859e-04
0.000e+00
0.000e+00
0.000e+00
0.000e+00
6.859e-04
0.000e+00
0.000e+00
6.859e-04
0.000e+00
0.000e+00
0.000e+00
0.000e+00
0.000e+00
0.000e+00
0.000e+00
0.000e+00
6.859e-04
0.000e+00
6.859e-04
0.000e+00
6.859e-04
0.000e+00
0.000e+00
1.372e-03
1.372e-03
1.372e-03
0.000e+00
0.000e+00
1.372e-03
0.000e+00
1.372e-03
1.372e-03
6.859e-04
6.859e-04
6.859e-04
6.859e-04
1.372e-03
1.372e-03
1.372e-03
6.859e-04
1.372e-03
6.859e-04
1.372e-03
0.000e+00
1.372e-03
6.859e-04
2.743e-03
0.000e+00
6.859e-04
0.000e+00
1.372e-03
2.058e-03
2.743e-03
2.058e-03
1.372e-03
2.058e-03
1.372e-03
1.372e-03
2.743e-03
3.429e-03
3.429e-03
4.115e-03
4.801e-03
3.429e-03
3.429e-03
1.372e-03
4.801e-03
3.429e-03
1.372e-03
6.859e-04
1.372e-03
2.743e-03
6.859e-04
2.058e-03
4.801e-03
2.058e-03
3.429e-03
1.372e-03
4.801e-03
3.429e-03
1.372e-03
2.058e-03
6.173e-03
1.166e-02
1.920e-02
2.469e-02
