1.166e-02
1.132e-02
6.859e-03
6.859e-03
6.516e-03
9.602e-03
4.115e-03
6.859e-03
3.429e-03
2.743e-03
3.772e-03
5.144e-03
2.743e-03
3.086e-03
2.743e-03
2.058e-03
2.743e-03
3.086e-03
2.743e-03
2.743e-03
2.058e-03
1.715e-03
1.372e-03
1.372e-03
1.029e-03
1.029e-03
1.715e-03
3.429e-04
1.715e-03
1.029e-03
1.029e-03
0.000e+00
1.715e-03
0.000e+00
6.859e-04
3.429e-04
1.029e-03
0.000e+00
6.859e-04
0.000e+00
6.859e-04
0.000e+00
3.429e-04
0.000e+00
0.000e+00
6.859e-04
0.000e+00
3.429e-04
0.000e+00
3.429e-04
1.029e-03
3.429e-04
6.859e-04
0.000e+00
3.429e-04
3.429e-04
0.000e+00
3.429e-04
3.429e-04
3.429e-04
3.429e-04
6.859e-04
3.429e-04
6.859e-04
1.029e-03
6.859e-04
0.000e+00
3.429e-04
3.429e-04
6.859e-04
3.429e-04
0.000e+00
3.429e-04
3.429e-04
3.429e-04
3.429e-04
0.000e+00
0.000e+00
3.429e-04
0.000e+00
6.859e-04
3.429e-04
3.429e-04
6.859e-04
6.859e-04
6.859e-04
0.000e+00
0.000e+00
0.000e+00
6.859e-04
0.000e+00
0.000e+00
0.000e+00
0.000e+00
3.429e-04
3.429e-04
0.000e+00
0.000e+00
0.000e+00
3.429e-04
3.429e-04
0.000e+00
0.000e+00
0.000e+00
6.859e-04
3.429e-04
3.429e-04
0.000e+00
6.859e-04
3.429e-04
3.429e-04
0.000e+00
3.429e-04
3.429e-04
6.859e-04
3.429e-04
6.859e-04
3.429e-04
1.029e-03
0.000e+00
1.029e-03
6.859e-04
0.000e+00
1.372e-03
6.859e-04
3.429e-04
0.000e+00
0.000e+00
3.429e-04
1.029e-03
6.859e-04
3.429e-04
3.429e-04
1.029e-03
3.429e-04
0.000e+00
0.000e+00
1.029e-03
3.429e-04
1.372e-03
1.029e-03
3.429e-04
6.859e-04
3.429e-04
1.029e-03
1.029e-03
6.859e-04
6.859e-04
3.429e-04
1.372e-03
6.859e-04
1.715e-03
1.715e-03
1.715e-03
0.000e+00
1.715e-03
1.715e-03
6.859e-04
1.029e-03
1.029e-03
1.029e-03
2.058e-03
3.429e-04
2.058e-03
4.458e-03
6.859e-04
3.429e-03
4.458e-03
4.115e-03
2.743e-03
3.086e-03
3.429e-03
4.115e-03
5.144e-03
4.801e-03
5.830e-03
6.859e-03
9.602e-03
5.830e-03
4.801e-03
7.545e-03
1.097e-02
7.545e-03
7.545e-03
5.830e-03
6.516e-03
5.830e-03
5.144e-03
5.830e-03
3.429e-03
2.743e-03
1.715e-03
1.715e-03
1.372e-03
3.772e-03
1.715e-03
1.029e-03
1.029e-03
1.715e-03
1.029e-03
6.859e-04
2.743e-03
1.372e-03
2.743e-03
3.429e-04
6.859e-04
2.058e-03
2.058e-03
6.859e-04
3.429e-04
3.429e-04
6.859e-04
6.859e-04
1.372e-03
0.000e+00
3.429e-04
1.029e-03
2.401e-03
6.859e-04
1.372e-03
1.029e-03
0.000e+00
6.859e-04
3.429e-04
3.429e-04
0.000e+00
0.000e+00
1.029e-03
3.429e-04
6.859e-04
3.429e-04
0.000e+00
3.429e-04
0.000e+00
3.429e-04
0.000e+00
0.000e+00
3.429e-04
3.429e-04
0.000e+00
6.859e-04
0.000e+00
6.859e-04
6.859e-04
3.429e-04
0.000e+00
3.429e-04
3.429e-04
0.000e+00
3.429e-04
3.429e-04
6.859e-04
0.000e+00
6.859e-04
0.000e+00
0.000e+00
0.000e+00
6.859e-04
0.000e+00
0.000e+00
3.429e-04
3.429e-04
0.000e+00
1.029e-03
0.000e+00
6.859e-04
0.000e+00
3.429e-04
0.000e+00
0.000e+00
0.000e+00
3.429e-04
1.029e-03
3.429e-04
0.000e+00
3.429e-04
1.372e-03
0.000e+00
0.000e+00
3.429e-04
0.000e+00
3.429e-04
3.429e-04
1.372e-03
0.000e+00
0.000e+00
3.429e-04
3.429e-04
6.859e-04
0.000e+00
6.859e-04
0.000e+00
0.000e+00
3.429e-04
0.000e+00
6.859e-04
0.000e+00
3.429e-04
1.029e-03
3.429e-04
0.000e+00
0.000e+00
3.429e-04
0.000e+00
0.000e+00
6.859e-04
6.859e-04
3.429e-04
3.429e-04
6.859e-04
1.372e-03
3.429e-04
0.000e+00
3.429e-04
6.859e-04
3.429e-04
6.859e-04
3.429e-04
3.429e-04
3.429e-04
1.029e-03
0.000e+00
6.859e-04
3.429e-04
6.859e-04
6.859e-04
3.429e-04
6.859e-04
2.401e-03
6.859e-04
1.372e-03
1.715e-03
3.429e-04
1.372e-03
1.372e-03
1.372e-03
1.029e-03
6.859e-04
2.401e-03
6.859e-04
2.401e-03
2.401e-03
1.029e-03
2.058e-03
1.029e-03
3.772e-03
2.401e-03
3.086e-03
4.115e-03
3.086e-03
2.743e-03
3.772e-03
7.888e-03
4.458e-03
4.801e-03
5.144e-03
7.888e-03
8.230e-03
1.029e-02
5.144e-03
