2.516e-02
1.887e-02
1.572e-02
9.434e-03
1.572e-02
1.887e-02
6.289e-03
0.000e+00
3.145e-03
6.289e-03
0.000e+00
0.000e+00
3.145e-03
0.000e+00
3.145e-03
0.000e+00
0.000e+00
0.000e+00
0.000e+00
0.000e+00
3.145e-03
0.000e+00
3.145e-03
0.000e+00
0.000e+00
0.000e+00
0.000e+00
0.000e+00
0.000e+00
0.000e+00
0.000e+00
0.000e+00
0.000e+00
0.000e+00
0.000e+00
3.145e-03
0.000e+00
0.000e+00
0.000e+00
0.000e+00
3.145e-03
0.000e+00
0.000e+00
0.000e+00
0.000e+00
0.000e+00
0.000e+00
3.145e-03
0.000e+00
3.145e-03
0.000e+00
0.000e+00
0.000e+00
3.145e-03
0.000e+00
0.000e+00
0.000e+00
0.000e+00
3.145e-03
0.000e+00
0.000e+00
0.000e+00
0.000e+00
0.000e+00
0.000e+00
0.000e+00
3.145e-03
0.000e+00
0.000e+00
0.000e+00
3.145e-03
0.000e+00
0.000e+00
0.000e+00
3.145e-03
3.145e-03
0.000e+00
0.000e+00
0.000e+00
0.000e+00
0.000e+00
0.000e+00
3.145e-03
0.000e+00
0.000e+00
3.145e-03
0.000e+00
0.000e+00
6.289e-03
0.000e+00
0.000e+00
0.000e+00
0.000e+00
0.000e+00
6.289e-03
0.000e+00
3.145e-03
0.000e+00
0.000e+00
0.000e+00
0.000e+00
0.000e+00
0.000e+00
0.000e+00
0.000e+00
0.000e+00
0.000e+00
0.000e+00
0.000e+00
0.000e+00
3.145e-03
3.145e-03
0.000e+00
0.000e+00
0.000e+00
3.145e-03
0.000e+00
0.000e+00
3.145e-03
0.000e+00
0.000e+00
0.000e+00
3.145e-03
0.000e+00
0.000e+00
0.000e+00
3.145e-03
0.000e+00
0.000e+00
0.000e+00
3.145e-03
0.000e+00
0.000e+00
0.000e+00
0.000e+00
0.000e+00
3.145e-03
0.000e+00
0.000e+00
0.000e+00
0.000e+00
3.145e-03
0.000e+00
0.000e+00
0.000e+00
3.145e-03
0.000e+00
3.145e-03
3.145e-03
0.000e+00
3.145e-03
0.000e+00
0.000e+00
0.000e+00
0.000e+00
3.145e-03
3.145e-03
0.000e+00
0.000e+00
0.000e+00
0.000e+00
0.000e+00
3.145e-03
0.000e+00
0.000e+00
3.145e-03
0.000e+00
3.145e-03
0.000e+00
3.145e-03
0.000e+00
0.000e+00
0.000e+00
6.289e-03
3.145e-03
3.145e-03
0.000e+00
1.258e-02
0.000e+00
3.145e-03
1.258e-02
3.145e-03
9.434e-03
3.145e-03
3.145e-03
0.000e+00
3.145e-03
0.000e+00
0.000e+00
0.000e+00
3.145e-03
0.000e+00
0.000e+00
0.000e+00
0.000e+00
0.000e+00
0.000e+00
0.000e+00
3.145e-03
3.145e-03
3.145e-03
3.145e-03
0.000e+00
0.000e+00
0.000e+00
3.145e-03
0.000e+00
3.145e-03
0.000e+00
3.145e-03
0.000e+00
0.000e+00
0.000e+00
0.000e+00
3.145e-03
0.000e+00
0.000e+00
0.000e+00
0.000e+00
3.145e-03
0.000e+00
0.000e+00
3.145e-03
3.145e-03
3.145e-03
0.000e+00
0.000e+00
0.000e+00
0.000e+00
3.145e-03
3.145e-03
0.000e+00
0.000e+00
0.000e+00
3.145e-03
0.000e+00
0.000e+00
0.000e+00
0.000e+00
0.000e+00
0.000e+00
0.000e+00
0.000e+00
3.145e-03
0.000e+00
0.000e+00
0.000e+00
0.000e+00
3.145e-03
0.000e+00
0.000e+00
3.145e-03
0.000e+00
0.000e+00
0.000e+00
0.000e+00
0.000e+00
0.000e+00
0.000e+00
3.145e-03
0.000e+00
0.000e+00
0.000e+00
0.000e+00
0.000e+00
3.145e-03
3.145e-03
0.000e+00
0.000e+00
0.000e+00
0.000e+00
0.000e+00
0.000e+00
0.000e+00
0.000e+00
0.000e+00
0.000e+00
0.000e+00
0.000e+00
0.000e+00
0.000e+00
0.000e+00
3.145e-03
3.145e-03
0.000e+00
3.145e-03
0.000e+00
0.000e+00
0.000e+00
0.000e+00
0.000e+00
3.145e-03
0.000e+00
6.289e-03
0.000e+00
0.000e+00
0.000e+00
0.000e+00
0.000e+00
0.000e+00
0.000e+00
0.000e+00
0.000e+00
0.000e+00
0.000e+00
3.145e-03
0.000e+00
0.000e+00
0.000e+00
0.000e+00
0.000e+00
3.145e-03
0.000e+00
0.000e+00
0.000e+00
0.000e+00
0.000e+00
3.145e-03
3.145e-03
0.000e+00
0.000e+00
6.289e-03
0.000e+00
0.000e+00
0.000e+00
3.145e-03
3.145e-03
3.145e-03
0.000e+00
3.145e-03
0.000e+00
3.145e-03
0.000e+00
3.145e-03
0.000e+00
0.000e+00
0.000e+00
0.000e+00
0.000e+00
0.000e+00
0.000e+00
0.000e+00
0.000e+00
0.000e+00
0.000e+00
0.000e+00
6.289e-03
0.000e+00
6.289e-03
6.289e-03
0.000e+00
0.000e+00
3.145e-03
9.434e-03
3.145e-03
3.145e-03
9.434e-03
9.434e-03
0.000e+00
9.434e-03
