1.755e-03
1.940e-03
2.587e-03
1.848e-03
1.478e-03
1.940e-03
1.478e-03
1.201e-03
1.571e-03
1.201e-03
7.391e-04
8.315e-04
8.315e-04
4.619e-04
1.109e-03
7.391e-04
6.467e-04
1.016e-03
2.772e-04
8.315e-04
6.467e-04
5.543e-04
8.315e-04
6.467e-04
8.315e-04
1.109e-03
9.239e-04
1.293e-03
4.619e-04
1.293e-03
1.386e-03
9.239e-04
1.293e-03
1.755e-03
1.293e-03
1.109e-03
1.293e-03
1.478e-03
1.293e-03
1.663e-03
1.848e-03
2.125e-03
2.679e-03
1.478e-03
2.125e-03
2.310e-03
2.310e-03
1.940e-03
3.141e-03
2.679e-03
2.402e-03
2.679e-03
1.940e-03
2.494e-03
2.679e-03
2.402e-03
2.310e-03
2.310e-03
2.587e-03
1.201e-03
1.571e-03
1.109e-03
1.386e-03
1.848e-03
1.386e-03
1.663e-03
1.293e-03
1.109e-03
1.109e-03
8.315e-04
4.619e-04
8.315e-04
8.315e-04
1.016e-03
6.467e-04
9.239e-04
7.391e-04
3.695e-04
1.016e-03
3.695e-04
7.391e-04
1.016e-03
8.315e-04
6.467e-04
2.772e-04
9.239e-04
3.695e-04
6.467e-04
5.543e-04
3.695e-04
4.619e-04
7.391e-04
3.695e-04
3.695e-04
4.619e-04
5.543e-04
2.772e-04
5.543e-04
9.239e-04
5.543e-04
4.619e-04
2.772e-04
7.391e-04
4.619e-04
4.619e-04
1.109e-03
3.695e-04
3.695e-04
6.467e-04
4.619e-04
1.016e-03
7.391e-04
1.478e-03
1.016e-03
5.543e-04
1.386e-03
1.386e-03
9.239e-04
1.016e-03
1.940e-03
1.848e-03
2.494e-03
2.864e-03
1.663e-03
1.848e-03
2.217e-03
2.494e-03
3.141e-03
3.418e-03
4.065e-03
2.679e-03
2.587e-03
2.217e-03
2.772e-03
3.234e-03
2.402e-03
3.511e-03
2.772e-03
1.848e-03
2.217e-03
2.125e-03
1.293e-03
2.402e-03
2.310e-03
1.571e-03
2.217e-03
1.663e-03
1.755e-03
1.386e-03
9.239e-04
1.293e-03
1.016e-03
1.293e-03
9.239e-04
1.201e-03
6.467e-04
1.478e-03
1.016e-03
9.239e-04
1.293e-03
5.543e-04
9.239e-04
1.293e-03
1.109e-03
7.391e-04
1.386e-03
7.391e-04
9.239e-04
4.619e-04
7.391e-04
1.293e-03
1.386e-03
1.478e-03
1.478e-03
1.016e-03
2.217e-03
2.033e-03
2.494e-03
2.217e-03
2.402e-03
3.234e-03
2.217e-03
1.386e-03
1.293e-03
2.402e-03
1.940e-03
1.940e-03
1.386e-03
1.478e-03
1.016e-03
3.695e-04
1.201e-03
9.239e-04
9.239e-04
4.619e-04
1.109e-03
8.315e-04
4.619e-04
1.016e-03
6.467e-04
9.239e-04
8.315e-04
1.109e-03
7.391e-04
8.315e-04
1.201e-03
1.016e-03
8.315e-04
1.386e-03
2.033e-03
1.109e-03
1.109e-03
1.663e-03
1.755e-03
1.571e-03
1.109e-03
1.201e-03
1.571e-03
1.940e-03
2.310e-03
1.848e-03
2.125e-03
2.125e-03
2.033e-03
2.679e-03
1.755e-03
2.402e-03
2.310e-03
2.402e-03
2.217e-03
1.940e-03
2.956e-03
1.848e-03
2.310e-03
2.494e-03
2.217e-03
1.293e-03
2.033e-03
2.125e-03
1.109e-03
1.755e-03
1.755e-03
1.478e-03
1.293e-03
9.239e-04
6.467e-04
1.109e-03
1.478e-03
1.109e-03
7.391e-04
9.239e-04
1.016e-03
5.543e-04
7.391e-04
7.391e-04
1.109e-03
8.315e-04
5.543e-04
8.315e-04
8.315e-04
9.239e-05
8.315e-04
5.543e-04
6.467e-04
4.619e-04
4.619e-04
5.543e-04
7.391e-04
9.239e-04
1.848e-04
5.543e-04
4.619e-04
1.848e-04
5.543e-04
9.239e-04
3.695e-04
4.619e-04
1.848e-04
2.772e-04
1.016e-03
8.315e-04
3.695e-04
6.467e-04
6.467e-04
7.391e-04
4.619e-04
8.315e-04
6.467e-04
4.619e-04
7.391e-04
1.016e-03
7.391e-04
1.293e-03
6.467e-04
1.478e-03
1.016e-03
1.109e-03
1.571e-03
1.755e-03
2.125e-03
2.402e-03
1.848e-03
2.310e-03
2.402e-03
3.234e-03
2.402e-03
3.418e-03
3.418e-03
3.511e-03
2.125e-03
2.310e-03
3.418e-03
3.511e-03
3.049e-03
3.234e-03
2.864e-03
1.940e-03
2.679e-03
2.956e-03
1.478e-03
1.293e-03
2.217e-03
1.663e-03
1.940e-03
2.217e-03
1.386e-03
1.016e-03
1.478e-03
6.467e-04
1.663e-03
7.391e-04
1.016e-03
1.201e-03
1.016e-03
1.293e-03
1.478e-03
7.391e-04
9.239e-04
7.391e-04
6.467e-04
9.239e-04
9.239e-04
1.016e-03
8.315e-04
2.772e-04
9.239e-04
7.391e-04
5.543e-04
1.478e-03
1.571e-03
1.016e-03
9.239e-04
1.386e-03
7.391e-04
1.478e-03
2.310e-03
2.217e-03
2.125e-03
2.679e-03
2.310e-03
