2.679e-02
6.467e-03
4.250e-03
1.848e-03
1.848e-03
1.848e-03
9.239e-04
5.543e-04
1.478e-03
5.543e-04
1.109e-03
1.109e-03
1.848e-03
9.239e-04
1.848e-04
1.109e-03
5.543e-04
9.239e-04
7.391e-04
5.543e-04
9.239e-04
5.543e-04
1.293e-03
1.109e-03
1.663e-03
1.109e-03
9.239e-04
1.478e-03
1.293e-03
9.239e-04
2.402e-03
1.848e-03
2.217e-03
3.511e-03
2.587e-03
3.141e-03
4.989e-03
4.804e-03
5.543e-03
5.174e-03
4.619e-03
5.543e-03
4.804e-03
8.315e-03
7.206e-03
1.312e-02
1.589e-02
4.435e-03
5.728e-03
4.989e-03
3.880e-03
6.282e-03
4.619e-03
4.804e-03
4.250e-03
2.772e-03
3.511e-03
2.402e-03
4.065e-03
1.478e-03
2.033e-03
2.217e-03
1.663e-03
3.141e-03
1.848e-03
1.848e-03
1.848e-03
3.695e-04
1.478e-03
3.695e-04
1.109e-03
9.239e-04
9.239e-04
1.663e-03
5.543e-04
1.293e-03
5.543e-04
9.239e-04
0.000e+00
7.391e-04
1.848e-04
9.239e-04
3.695e-04
0.000e+00
9.239e-04
7.391e-04
5.543e-04
9.239e-04
7.391e-04
5.543e-04
2.033e-03
1.478e-03
1.109e-03
9.239e-04
3.695e-04
5.543e-04
5.543e-04
7.391e-04
9.239e-04
3.695e-04
3.695e-04
3.695e-04
1.848e-04
7.391e-04
9.239e-04
1.848e-03
1.109e-03
1.293e-03
7.391e-04
1.109e-03
3.695e-04
9.239e-04
1.478e-03
1.109e-03
1.848e-03
5.543e-04
7.391e-04
7.391e-04
2.217e-03
2.402e-03
1.848e-03
1.848e-03
1.663e-03
2.402e-03
3.695e-03
3.880e-03
3.511e-03
3.880e-03
3.141e-03
5.358e-03
6.467e-03
3.141e-03
5.728e-03
4.435e-03
4.989e-03
6.652e-03
2.125e-02
1.737e-02
9.239e-03
5.728e-03
6.652e-03
4.250e-03
8.315e-03
7.945e-03
5.174e-03
5.358e-03
4.619e-03
4.804e-03
4.250e-03
3.880e-03
3.511e-03
3.141e-03
2.033e-03
2.033e-03
2.033e-03
9.239e-04
9.239e-04
2.402e-03
1.848e-03
2.402e-03
1.663e-03
5.543e-04
7.391e-04
9.239e-04
1.478e-03
1.109e-03
9.239e-04
9.239e-04
1.109e-03
1.478e-03
1.109e-03
1.109e-03
3.695e-04
2.217e-03
1.478e-03
1.293e-03
1.293e-03
1.663e-03
3.511e-03
5.358e-03
2.661e-02
5.358e-03
3.695e-03
2.956e-03
2.772e-03
9.239e-04
1.109e-03
2.033e-03
7.391e-04
5.543e-04
1.848e-03
9.239e-04
3.695e-04
1.293e-03
9.239e-04
5.543e-04
1.293e-03
3.695e-04
9.239e-04
9.239e-04
9.239e-04
1.293e-03
1.293e-03
1.293e-03
1.478e-03
1.109e-03
7.391e-04
2.402e-03
7.391e-04
1.848e-03
3.326e-03
3.141e-03
2.402e-03
3.511e-03
4.250e-03
5.358e-03
4.804e-03
5.913e-03
4.435e-03
5.543e-03
4.989e-03
5.543e-03
8.869e-03
1.293e-02
1.515e-02
7.021e-03
4.065e-03
4.250e-03
4.435e-03
4.250e-03
6.837e-03
2.956e-03
4.619e-03
3.326e-03
3.695e-03
3.695e-03
3.695e-03
1.478e-03
2.402e-03
1.848e-03
1.109e-03
1.848e-03
2.956e-03
2.033e-03
9.239e-04
1.478e-03
1.663e-03
9.239e-04
9.239e-04
3.695e-04
1.293e-03
9.239e-04
7.391e-04
2.402e-03
3.695e-04
1.293e-03
7.391e-04
3.695e-04
5.543e-04
9.239e-04
3.695e-04
3.695e-04
5.543e-04
5.543e-04
5.543e-04
5.543e-04
1.293e-03
1.293e-03
1.478e-03
1.293e-03
7.391e-04
9.239e-04
1.293e-03
7.391e-04
1.848e-04
9.239e-04
7.391e-04
1.848e-04
0.000e+00
3.695e-04
3.695e-04
3.695e-04
7.391e-04
1.109e-03
1.293e-03
1.109e-03
7.391e-04
5.543e-04
1.478e-03
1.848e-04
1.478e-03
7.391e-04
7.391e-04
1.109e-03
1.109e-03
2.033e-03
1.663e-03
2.956e-03
1.293e-03
1.663e-03
1.293e-03
3.326e-03
2.217e-03
4.619e-03
2.217e-03
3.141e-03
3.695e-03
4.989e-03
6.282e-03
4.065e-03
6.282e-03
4.065e-03
6.282e-03
6.837e-03
2.033e-02
2.014e-02
9.054e-03
5.913e-03
5.913e-03
5.358e-03
6.652e-03
7.206e-03
5.174e-03
6.652e-03
5.913e-03
3.880e-03
4.065e-03
2.772e-03
4.065e-03
2.217e-03
2.772e-03
2.772e-03
1.663e-03
9.239e-04
1.848e-03
5.543e-04
2.033e-03
1.848e-03
2.217e-03
1.293e-03
9.239e-04
7.391e-04
1.109e-03
9.239e-04
9.239e-04
1.478e-03
1.478e-03
9.239e-04
9.239e-04
7.391e-04
5.543e-04
9.239e-04
1.478e-03
1.293e-03
9.239e-04
1.848e-03
5.543e-04
1.293e-03
3.326e-03
5.728e-03
