6.977e-03
6.859e-03
6.031e-03
4.494e-03
5.203e-03
5.558e-03
4.730e-03
4.021e-03
4.612e-03
3.903e-03
2.602e-03
2.838e-03
1.774e-03
2.365e-03
1.892e-03
2.010e-03
1.656e-03
2.129e-03
1.656e-03
1.301e-03
2.010e-03
1.183e-03
1.892e-03
1.419e-03
9.461e-04
1.419e-03
1.064e-03
1.301e-03
1.064e-03
7.096e-04
2.129e-03
5.913e-04
1.537e-03
9.461e-04
5.913e-04
1.301e-03
1.774e-03
1.064e-03
7.096e-04
3.548e-04
1.183e-03
1.419e-03
1.419e-03
7.096e-04
8.278e-04
1.183e-03
1.656e-03
8.278e-04
2.365e-04
7.096e-04
9.461e-04
4.730e-04
5.913e-04
2.010e-03
1.064e-03
1.183e-03
5.913e-04
4.730e-04
1.064e-03
4.730e-04
7.096e-04
5.913e-04
3.548e-04
5.913e-04
3.548e-04
4.730e-04
2.365e-04
9.461e-04
4.730e-04
5.913e-04
8.278e-04
2.365e-04
1.183e-03
3.548e-04
2.365e-04
5.913e-04
8.278e-04
2.365e-04
2.365e-04
4.730e-04
2.365e-04
2.365e-04
4.730e-04
2.365e-04
1.183e-04
1.183e-04
1.183e-04
1.183e-04
0.000e+00
1.183e-04
4.730e-04
1.183e-04
1.183e-04
2.365e-04
4.730e-04
2.365e-04
2.365e-04
1.183e-04
2.365e-04
4.730e-04
3.548e-04
2.365e-04
0.000e+00
2.365e-04
3.548e-04
4.730e-04
7.096e-04
1.183e-04
4.730e-04
4.730e-04
3.548e-04
4.730e-04
1.183e-03
9.461e-04
8.278e-04
5.913e-04
8.278e-04
3.548e-04
9.461e-04
4.730e-04
8.278e-04
2.365e-04
5.913e-04
9.461e-04
5.913e-04
2.365e-04
7.096e-04
8.278e-04
8.278e-04
9.461e-04
8.278e-04
7.096e-04
1.419e-03
1.419e-03
1.064e-03
3.548e-04
7.096e-04
9.461e-04
1.301e-03
8.278e-04
1.064e-03
7.096e-04
1.064e-03
1.301e-03
1.064e-03
1.064e-03
1.183e-03
1.892e-03
1.183e-03
8.278e-04
1.183e-03
1.537e-03
1.419e-03
1.419e-03
2.365e-03
1.774e-03
1.301e-03
1.183e-03
2.247e-03
7.096e-04
7.096e-04
1.537e-03
1.774e-03
1.656e-03
1.656e-03
2.010e-03
2.602e-03
2.365e-03
1.774e-03
2.602e-03
3.548e-03
3.193e-03
3.430e-03
5.203e-03
4.021e-03
5.440e-03
3.784e-03
5.085e-03
6.977e-03
6.504e-03
8.042e-03
5.913e-03
6.268e-03
5.085e-03
4.730e-03
4.376e-03
5.913e-03
4.612e-03
3.430e-03
5.203e-03
2.483e-03
2.247e-03
1.183e-03
2.720e-03
2.602e-03
1.774e-03
1.656e-03
1.419e-03
2.010e-03
2.602e-03
1.064e-03
9.461e-04
1.892e-03
8.278e-04
9.461e-04
9.461e-04
1.656e-03
7.096e-04
1.183e-03
1.419e-03
1.419e-03
1.183e-03
1.537e-03
9.461e-04
1.537e-03
1.064e-03
7.096e-04
7.096e-04
9.461e-04
1.301e-03
7.096e-04
9.461e-04
7.096e-04
7.096e-04
1.656e-03
1.301e-03
5.913e-04
1.183e-03
1.064e-03
1.301e-03
1.064e-03
8.278e-04
1.064e-03
8.278e-04
1.183e-03
7.096e-04
4.730e-04
8.278e-04
7.096e-04
5.913e-04
8.278e-04
1.064e-03
5.913e-04
3.548e-04
1.183e-04
8.278e-04
9.461e-04
3.548e-04
7.096e-04
4.730e-04
2.365e-04
1.301e-03
5.913e-04
4.730e-04
3.548e-04
3.548e-04
2.365e-04
1.183e-04
3.548e-04
4.730e-04
4.730e-04
2.365e-04
2.365e-04
0.000e+00
1.183e-04
2.365e-04
2.365e-04
1.183e-04
0.000e+00
0.000e+00
5.913e-04
2.365e-04
2.365e-04
4.730e-04
0.000e+00
2.365e-04
3.548e-04
1.183e-04
2.365e-04
3.548e-04
2.365e-04
1.183e-04
8.278e-04
1.183e-04
3.548e-04
4.730e-04
3.548e-04
1.183e-04
9.461e-04
1.183e-04
8.278e-04
9.461e-04
4.730e-04
7.096e-04
7.096e-04
4.730e-04
8.278e-04
3.548e-04
5.913e-04
9.461e-04
5.913e-04
4.730e-04
1.064e-03
2.365e-04
8.278e-04
4.730e-04
3.548e-04
8.278e-04
1.537e-03
9.461e-04
5.913e-04
3.548e-04
8.278e-04
7.096e-04
7.096e-04
9.461e-04
8.278e-04
9.461e-04
9.461e-04
9.461e-04
5.913e-04
1.419e-03
1.064e-03
1.183e-03
8.278e-04
1.537e-03
1.419e-03
1.419e-03
1.419e-03
1.892e-03
1.537e-03
1.774e-03
1.301e-03
1.419e-03
2.010e-03
1.419e-03
1.537e-03
1.774e-03
1.419e-03
7.096e-04
1.183e-03
3.548e-04
1.892e-03
2.247e-03
2.129e-03
2.247e-03
2.483e-03
1.774e-03
2.720e-03
2.129e-03
2.365e-03
4.021e-03
4.257e-03
3.430e-03
3.903e-03
6.386e-03
5.322e-03
5.322e-03
6.386e-03
5.440e-03
