7.119e-02
2.815e-02
1.254e-02
8.515e-03
4.021e-03
5.203e-03
3.548e-03
3.075e-03
2.838e-03
4.730e-03
3.075e-03
2.129e-03
2.129e-03
1.656e-03
2.838e-03
2.365e-03
1.892e-03
1.892e-03
3.075e-03
1.183e-03
1.892e-03
4.021e-03
1.183e-03
2.129e-03
4.021e-03
2.838e-03
2.129e-03
2.365e-03
1.892e-03
2.365e-03
9.461e-04
3.075e-03
4.021e-03
5.203e-03
6.149e-03
5.440e-03
4.021e-03
2.602e-03
3.075e-03
2.365e-03
3.784e-03
2.365e-03
3.075e-03
3.311e-03
2.365e-03
1.892e-03
2.838e-03
2.365e-03
2.838e-03
2.602e-03
3.311e-03
2.838e-03
1.892e-03
3.784e-03
2.838e-03
2.602e-03
1.892e-03
9.461e-04
4.730e-04
9.461e-04
1.656e-03
2.365e-04
4.730e-04
9.461e-04
7.096e-04
0.000e+00
0.000e+00
1.183e-03
0.000e+00
4.730e-04
0.000e+00
0.000e+00
7.096e-04
7.096e-04
2.365e-04
2.365e-04
2.365e-04
4.730e-04
4.730e-04
4.730e-04
2.365e-04
2.365e-04
7.096e-04
2.365e-04
2.365e-04
0.000e+00
0.000e+00
0.000e+00
1.183e-03
7.096e-04
0.000e+00
7.096e-04
1.183e-03
2.365e-04
0.000e+00
2.365e-04
2.365e-04
4.730e-04
2.365e-04
2.365e-04
0.000e+00
2.365e-04
0.000e+00
2.365e-04
2.365e-04
4.730e-04
0.000e+00
2.365e-04
4.730e-04
4.730e-04
7.096e-04
4.730e-04
4.730e-04
1.183e-03
2.365e-04
7.096e-04
7.096e-04
1.183e-03
9.461e-04
9.461e-04
1.183e-03
9.461e-04
1.183e-03
2.129e-03
2.129e-03
1.419e-03
2.129e-03
2.838e-03
1.419e-03
3.784e-03
1.892e-03
3.075e-03
4.021e-03
2.838e-03
3.784e-03
2.365e-03
3.548e-03
3.311e-03
2.129e-03
3.548e-03
3.784e-03
1.419e-03
3.311e-03
4.021e-03
6.149e-03
6.149e-03
5.203e-03
4.257e-03
4.730e-03
1.892e-03
2.365e-03
1.892e-03
1.892e-03
9.461e-04
2.129e-03
1.656e-03
2.838e-03
1.892e-03
1.419e-03
3.075e-03
7.096e-04
3.784e-03
2.838e-03
1.656e-03
4.730e-04
1.183e-03
2.838e-03
3.075e-03
2.602e-03
1.419e-03
2.129e-03
1.183e-03
2.602e-03
4.257e-03
4.494e-03
2.129e-03
2.602e-03
5.913e-03
1.443e-02
2.744e-02
7.167e-02
2.791e-02
1.183e-02
7.805e-03
5.203e-03
3.311e-03
4.021e-03
3.075e-03
4.967e-03
3.784e-03
3.075e-03
1.892e-03
1.892e-03
1.419e-03
3.548e-03
1.892e-03
3.311e-03
2.129e-03
2.365e-03
1.892e-03
3.075e-03
2.129e-03
1.892e-03
1.892e-03
4.021e-03
2.838e-03
2.365e-03
1.419e-03
1.419e-03
2.129e-03
3.311e-03
2.602e-03
5.203e-03
4.967e-03
5.440e-03
5.440e-03
3.548e-03
1.656e-03
2.129e-03
2.602e-03
4.257e-03
1.656e-03
3.548e-03
2.838e-03
3.075e-03
1.892e-03
3.311e-03
2.602e-03
3.075e-03
2.602e-03
1.892e-03
1.892e-03
3.548e-03
3.311e-03
2.602e-03
1.419e-03
3.311e-03
4.730e-04
2.365e-04
1.656e-03
1.183e-03
2.365e-04
4.730e-04
9.461e-04
9.461e-04
4.730e-04
2.365e-04
0.000e+00
0.000e+00
2.365e-04
7.096e-04
7.096e-04
2.365e-04
2.365e-04
0.000e+00
2.365e-04
0.000e+00
7.096e-04
7.096e-04
2.365e-04
2.365e-04
7.096e-04
0.000e+00
0.000e+00
2.365e-04
2.365e-04
2.365e-04
9.461e-04
2.365e-04
2.365e-04
0.000e+00
1.656e-03
2.365e-04
7.096e-04
0.000e+00
4.730e-04
2.365e-04
0.000e+00
4.730e-04
2.365e-04
2.365e-04
2.365e-04
2.365e-04
0.000e+00
9.461e-04
4.730e-04
2.365e-04
2.365e-04
4.730e-04
0.000e+00
7.096e-04
7.096e-04
1.183e-03
2.365e-04
0.000e+00
4.730e-04
1.183e-03
9.461e-04
1.419e-03
4.730e-04
4.730e-04
1.183e-03
1.656e-03
2.129e-03
2.602e-03
2.129e-03
1.419e-03
2.838e-03
1.892e-03
3.075e-03
3.784e-03
1.892e-03
2.365e-03
2.129e-03
4.257e-03
3.311e-03
3.784e-03
4.021e-03
2.602e-03
2.838e-03
3.548e-03
2.602e-03
3.548e-03
3.784e-03
6.386e-03
6.386e-03
4.730e-03
4.257e-03
4.021e-03
1.419e-03
1.183e-03
2.838e-03
2.129e-03
1.419e-03
1.892e-03
2.602e-03
1.183e-03
1.656e-03
2.365e-03
2.838e-03
2.365e-03
2.838e-03
1.183e-03
1.656e-03
1.419e-03
1.656e-03
2.602e-03
1.892e-03
2.838e-03
2.129e-03
1.183e-03
1.656e-03
2.838e-03
3.784e-03
4.021e-03
2.129e-03
2.602e-03
7.332e-03
1.443e-02
2.460e-02
