3.403e-03
2.836e-03
3.120e-03
1.134e-03
1.418e-03
8.508e-04
1.418e-03
5.672e-04
2.836e-04
8.508e-04
5.672e-04
2.836e-04
2.836e-04
5.672e-04
8.508e-04
5.672e-04
8.508e-04
1.134e-03
2.836e-04
8.508e-04
5.672e-04
5.672e-04
2.836e-04
2.836e-04
0.000e+00
2.836e-04
0.000e+00
0.000e+00
2.836e-04
2.836e-04
5.672e-04
0.000e+00
0.000e+00
2.836e-04
0.000e+00
0.000e+00
8.508e-04
5.672e-04
2.836e-04
5.672e-04
2.836e-04
0.000e+00
2.836e-04
2.836e-04
2.836e-04
2.836e-04
0.000e+00
5.672e-04
2.836e-04
5.672e-04
2.836e-04
5.672e-04
1.134e-03
8.508e-04
5.672e-04
5.672e-04
2.836e-04
1.418e-03
2.552e-03
5.672e-04
1.702e-03
5.672e-04
5.672e-04
1.134e-03
0.000e+00
2.836e-04
2.836e-04
1.134e-03
8.508e-04
5.672e-04
2.836e-04
5.672e-04
2.836e-04
5.672e-04
2.836e-04
5.672e-04
5.672e-04
1.702e-03
8.508e-04
0.000e+00
0.000e+00
0.000e+00
0.000e+00
0.000e+00
0.000e+00
0.000e+00
8.508e-04
0.000e+00
0.000e+00
2.836e-04
2.836e-04
0.000e+00
0.000e+00
2.836e-04
0.000e+00
2.836e-04
2.836e-04
0.000e+00
2.836e-04
8.508e-04
2.836e-04
0.000e+00
2.836e-04
2.836e-04
2.836e-04
0.000e+00
2.836e-04
2.836e-04
0.000e+00
0.000e+00
2.836e-04
0.000e+00
0.000e+00
2.836e-04
0.000e+00
2.836e-04
0.000e+00
0.000e+00
2.836e-04
2.836e-04
0.000e+00
5.672e-04
2.836e-04
5.672e-04
2.836e-04
5.672e-04
1.134e-03
5.672e-04
5.672e-04
0.000e+00
5.672e-04
1.418e-03
5.672e-04
1.418e-03
2.836e-04
5.672e-04
8.508e-04
0.000e+00
5.672e-04
1.134e-03
2.836e-04
0.000e+00
0.000e+00
8.508e-04
2.836e-04
0.000e+00
2.836e-04
2.836e-04
5.672e-04
0.000e+00
2.836e-04
0.000e+00
0.000e+00
1.134e-03
2.836e-04
1.134e-03
8.508e-04
5.672e-04
0.000e+00
8.508e-04
1.134e-03
8.508e-04
5.672e-04
5.672e-04
1.134e-03
1.418e-03
8.508e-04
1.134e-03
1.702e-03
2.836e-03
4.538e-03
6.807e-03
7.374e-03
1.021e-02
1.446e-02
1.758e-02
1.985e-02
3.290e-02
5.615e-02
9.983e-02
2.904e-01
9.756e-02
4.935e-02
3.006e-02
2.070e-02
1.645e-02
1.106e-02
1.078e-02
7.941e-03
5.389e-03
3.120e-03
2.836e-03
3.120e-03
1.418e-03
2.269e-03
1.134e-03
1.134e-03
5.672e-04
1.134e-03
0.000e+00
8.508e-04
1.134e-03
1.134e-03
0.000e+00
5.672e-04
5.672e-04
5.672e-04
2.836e-04
5.672e-04
0.000e+00
2.836e-04
0.000e+00
2.836e-04
8.508e-04
2.836e-04
8.508e-04
2.836e-04
2.836e-04
8.508e-04
5.672e-04
5.672e-04
8.508e-04
2.836e-04
5.672e-04
1.985e-03
8.508e-04
1.134e-03
5.672e-04
1.418e-03
1.702e-03
5.672e-04
5.672e-04
5.672e-04
2.836e-04
0.000e+00
5.672e-04
0.000e+00
5.672e-04
2.836e-04
2.836e-04
2.836e-04
5.672e-04
5.672e-04
2.836e-04
2.836e-04
0.000e+00
2.836e-04
0.000e+00
0.000e+00
0.000e+00
2.836e-04
0.000e+00
0.000e+00
0.000e+00
5.672e-04
2.836e-04
0.000e+00
0.000e+00
2.836e-04
8.508e-04
2.836e-04
0.000e+00
0.000e+00
0.000e+00
2.836e-04
2.836e-04
0.000e+00
0.000e+00
5.672e-04
0.000e+00
2.836e-04
2.836e-04
0.000e+00
0.000e+00
5.672e-04
0.000e+00
2.836e-04
2.836e-04
0.000e+00
0.000e+00
0.000e+00
8.508e-04
2.836e-04
5.672e-04
0.000e+00
2.836e-04
2.836e-04
0.000e+00
5.672e-04
8.508e-04
1.134e-03
0.000e+00
1.702e-03
8.508e-04
2.836e-04
1.134e-03
8.508e-04
1.418e-03
2.269e-03
1.134e-03
1.702e-03
1.134e-03
1.702e-03
1.134e-03
8.508e-04
0.000e+00
2.836e-04
8.508e-04
5.672e-04
1.134e-03
2.836e-04
1.134e-03
2.836e-04
5.672e-04
5.672e-04
0.000e+00
0.000e+00
2.836e-04
0.000e+00
0.000e+00
2.836e-04
0.000e+00
0.000e+00
2.836e-04
5.672e-04
0.000e+00
0.000e+00
0.000e+00
0.000e+00
0.000e+00
0.000e+00
0.000e+00
0.000e+00
1.134e-03
5.672e-04
0.000e+00
0.000e+00
2.836e-04
5.672e-04
5.672e-04
2.836e-04
0.000e+00
5.672e-04
2.836e-04
8.508e-04
5.672e-04
5.672e-04
8.508e-04
2.836e-04
1.702e-03
1.134e-03
8.508e-04
1.985e-03
1.418e-03
5.672e-04
5.672e-04
8.508e-04
1.134e-03
2.269e-03
3.971e-03
