0.000e+00
0.000e+00
0.000e+00
0.000e+00
0.000e+00
0.000e+00
0.000e+00
0.000e+00
0.000e+00
0.000e+00
0.000e+00
0.000e+00
0.000e+00
0.000e+00
0.000e+00
0.000e+00
0.000e+00
0.000e+00
0.000e+00
0.000e+00
0.000e+00
0.000e+00
0.000e+00
0.000e+00
0.000e+00
0.000e+00
0.000e+00
0.000e+00
0.000e+00
0.000e+00
0.000e+00
0.000e+00
0.000e+00
0.000e+00
0.000e+00
0.000e+00
0.000e+00
0.000e+00
0.000e+00
0.000e+00
0.000e+00
0.000e+00
0.000e+00
0.000e+00
0.000e+00
0.000e+00
0.000e+00
0.000e+00
0.000e+00
0.000e+00
0.000e+00
0.000e+00
0.000e+00
2.000e+00
0.000e+00
0.000e+00
0.000e+00
0.000e+00
0.000e+00
0.000e+00
0.000e+00
1.000e+00
1.000e+00
0.000e+00
1.000e+00
2.000e+00
0.000e+00
5.000e+00
1.000e+00
2.000e+00
3.000e+00
1.000e+00
2.000e+00
2.000e+00
5.000e+00
3.000e+00
6.000e+00
5.000e+00
2.000e+00
5.000e+00
5.000e+00
6.000e+00
5.000e+00
2.000e+00
3.000e+00
5.000e+00
5.000e+00
1.000e+00
3.000e+00
8.000e+00
4.000e+00
1.000e+00
1.000e+00
1.000e+00
4.000e+00
2.000e+00
1.000e+00
2.000e+00
5.000e+00
1.000e+00
1.000e+00
6.000e+00
0.000e+00
0.000e+00
1.000e+00
1.000e+00
2.000e+00
1.000e+00
1.000e+00
4.000e+00
3.000e+00
0.000e+00
2.000e+00
1.000e+00
4.000e+00
1.000e+00
1.000e+00
1.000e+00
1.000e+00
1.000e+00
3.000e+00
2.000e+00
3.000e+00
4.000e+00
1.000e+00
2.000e+00
0.000e+00
2.000e+00
0.000e+00
2.000e+00
1.000e+00
0.000e+00
1.000e+00
2.000e+00
0.000e+00
1.000e+00
1.000e+00
0.000e+00
0.000e+00
2.000e+00
0.000e+00
1.000e+00
0.000e+00
1.000e+00
2.000e+00
1.000e+00
2.000e+00
2.000e+00
1.000e+00
2.000e+00
0.000e+00
3.000e+00
0.000e+00
4.000e+00
4.000e+00
2.000e+00
2.000e+00
2.000e+00
5.000e+00
4.000e+00
6.000e+00
1.300e+01
1.600e+01
9.000e+00
2.400e+01
2.800e+01
2.800e+01
3.300e+01
5.000e+01
5.200e+01
5.200e+01
8.500e+01
9.600e+01
1.180e+02
1.070e+02
1.340e+02
1.650e+02
2.200e+02
2.270e+02
2.310e+02
2.180e+02
2.080e+02
2.040e+02
1.970e+02
1.910e+02
1.340e+02
1.330e+02
1.090e+02
1.030e+02
7.600e+01
6.600e+01
5.600e+01
4.400e+01
2.500e+01
2.900e+01
2.300e+01
2.200e+01
1.300e+01
1.600e+01
9.000e+00
7.000e+00
6.000e+00
7.000e+00
5.000e+00
2.000e+00
4.000e+00
1.000e+00
6.000e+00
0.000e+00
2.000e+00
1.000e+00
0.000e+00
0.000e+00
1.000e+00
1.000e+00
2.000e+00
2.000e+00
0.000e+00
0.000e+00
2.000e+00
3.000e+00
0.000e+00
1.000e+00
0.000e+00
0.000e+00
1.000e+00
1.000e+00
3.000e+00
1.000e+00
1.000e+00
1.000e+00
1.000e+00
0.000e+00
0.000e+00
2.000e+00
1.000e+00
1.000e+00
1.000e+00
3.000e+00
0.000e+00
2.000e+00
2.000e+00
2.000e+00
2.000e+00
2.000e+00
2.000e+00
5.000e+00
0.000e+00
3.000e+00
0.000e+00
2.000e+00
5.000e+00
0.000e+00
1.000e+00
4.000e+00
0.000e+00
1.000e+00
0.000e+00
2.000e+00
1.000e+00
1.000e+00
1.000e+00
4.000e+00
0.000e+00
1.000e+00
1.000e+00
1.000e+00
3.000e+00
3.000e+00
3.000e+00
5.000e+00
5.000e+00
4.000e+00
8.000e+00
1.000e+00
4.000e+00
5.000e+00
3.000e+00
4.000e+00
5.000e+00
3.000e+00
5.000e+00
0.000e+00
6.000e+00
5.000e+00
5.000e+00
3.000e+00
3.000e+00
3.000e+00
2.000e+00
2.000e+00
1.000e+00
5.000e+00
3.000e+00
2.000e+00
1.000e+00
1.000e+00
1.000e+00
1.000e+00
0.000e+00
0.000e+00
0.000e+00
2.000e+00
0.000e+00
0.000e+00
0.000e+00
0.000e+00
1.000e+00
1.000e+00
0.000e+00
0.000e+00
0.000e+00
0.000e+00
0.000e+00
0.000e+00
0.000e+00
0.000e+00
0.000e+00
0.000e+00
0.000e+00
0.000e+00
0.000e+00
0.000e+00
0.000e+00
0.000e+00
0.000e+00
0.000e+00
0.000e+00
0.000e+00
0.000e+00
0.000e+00
0.000e+00
0.000e+00
0.000e+00
0.000e+00
0.000e+00
0.000e+00
0.000e+00
0.000e+00
0.000e+00
0.000e+00
0.000e+00
0.000e+00
0.000e+00
0.000e+00
0.000e+00
0.000e+00
0.000e+00
0.000e+00
0.000e+00
0.000e+00
0.000e+00
0.000e+00
0.000e+00
0.000e+00
0.000e+00
0.000e+00
0.000e+00
0.000e+00
0.000e+00
