2.766e-01
8.717e-02
2.303e-02
7.401e-03
5.757e-03
2.741e-03
3.289e-03
1.645e-03
8.224e-04
1.096e-03
1.645e-03
5.482e-04
8.224e-04
2.741e-04
0.000e+00
0.000e+00
2.741e-04
5.482e-04
0.000e+00
2.741e-04
2.741e-04
2.741e-04
5.482e-04
0.000e+00
0.000e+00
8.224e-04
2.741e-04
2.741e-04
0.000e+00
8.224e-04
2.741e-04
2.741e-04
5.482e-04
1.096e-03
1.096e-03
1.371e-03
1.096e-03
8.224e-04
3.015e-03
5.482e-04
1.096e-03
8.224e-04
1.096e-03
1.371e-03
1.371e-03
8.224e-04
5.482e-04
5.482e-04
2.741e-04
0.000e+00
0.000e+00
2.741e-04
5.482e-04
0.000e+00
0.000e+00
0.000e+00
0.000e+00
0.000e+00
0.000e+00
0.000e+00
0.000e+00
0.000e+00
0.000e+00
0.000e+00
0.000e+00
0.000e+00
0.000e+00
2.741e-04
0.000e+00
0.000e+00
0.000e+00
2.741e-04
0.000e+00
0.000e+00
0.000e+00
0.000e+00
0.000e+00
0.000e+00
0.000e+00
0.000e+00
0.000e+00
0.000e+00
2.741e-04
0.000e+00
2.741e-04
2.741e-04
0.000e+00
2.741e-04
2.741e-04
0.000e+00
2.741e-04
5.482e-04
1.096e-03
8.224e-04
2.741e-04
0.000e+00
0.000e+00
0.000e+00
0.000e+00
0.000e+00
2.741e-04
0.000e+00
0.000e+00
0.000e+00
0.000e+00
0.000e+00
0.000e+00
0.000e+00
0.000e+00
0.000e+00
0.000e+00
0.000e+00
0.000e+00
0.000e+00
0.000e+00
0.000e+00
0.000e+00
0.000e+00
0.000e+00
0.000e+00
0.000e+00
2.741e-04
0.000e+00
0.000e+00
0.000e+00
0.000e+00
0.000e+00
5.482e-04
0.000e+00
0.000e+00
0.000e+00
2.741e-04
1.645e-03
0.000e+00
2.741e-04
2.741e-04
2.741e-04
5.482e-04
5.482e-04
5.482e-04
1.096e-03
2.467e-03
5.482e-04
1.919e-03
5.482e-04
2.467e-03
1.371e-03
8.224e-04
2.741e-04
1.371e-03
8.224e-04
5.482e-04
5.482e-04
2.741e-04
5.482e-04
2.741e-04
2.741e-04
5.482e-04
2.741e-04
2.741e-04
2.741e-04
0.000e+00
5.482e-04
0.000e+00
5.482e-04
0.000e+00
8.224e-04
2.741e-04
8.224e-04
8.224e-04
0.000e+00
5.482e-04
8.224e-04
1.919e-03
2.467e-03
2.193e-03
2.741e-03
6.579e-03
8.498e-03
5.263e-02
1.913e-01
5.976e-02
1.288e-02
6.031e-03
2.193e-03
1.919e-03
1.096e-03
5.482e-04
8.224e-04
2.193e-03
8.224e-04
5.482e-04
2.741e-04
8.224e-04
0.000e+00
2.741e-04
2.741e-04
0.000e+00
0.000e+00
5.482e-04
2.741e-04
8.224e-04
0.000e+00
0.000e+00
2.741e-04
2.741e-04
2.741e-04
2.741e-04
2.741e-04
5.482e-04
1.371e-03
2.741e-04
2.741e-04
8.224e-04
0.000e+00
1.919e-03
1.919e-03
1.919e-03
5.482e-04
2.467e-03
1.096e-03
5.482e-04
8.224e-04
8.224e-04
5.482e-04
0.000e+00
2.741e-04
0.000e+00
5.482e-04
0.000e+00
2.741e-04
2.741e-04
0.000e+00
2.741e-04
0.000e+00
2.741e-04
0.000e+00
0.000e+00
0.000e+00
0.000e+00
0.000e+00
0.000e+00
0.000e+00
0.000e+00
0.000e+00
0.000e+00
0.000e+00
0.000e+00
0.000e+00
0.000e+00
0.000e+00
0.000e+00
0.000e+00
0.000e+00
0.000e+00
2.741e-04
2.741e-04
0.000e+00
0.000e+00
0.000e+00
0.000e+00
2.741e-04
0.000e+00
0.000e+00
0.000e+00
0.000e+00
2.741e-04
2.741e-04
5.482e-04
8.224e-04
5.482e-04
2.741e-04
5.482e-04
2.741e-04
0.000e+00
2.741e-04
2.741e-04
0.000e+00
0.000e+00
2.741e-04
0.000e+00
2.741e-04
2.741e-04
2.741e-04
0.000e+00
2.741e-04
2.741e-04
0.000e+00
0.000e+00
2.741e-04
2.741e-04
0.000e+00
0.000e+00
0.000e+00
0.000e+00
0.000e+00
0.000e+00
0.000e+00
0.000e+00
2.741e-04
0.000e+00
0.000e+00
0.000e+00
0.000e+00
0.000e+00
0.000e+00
2.741e-04
2.741e-04
2.741e-04
0.000e+00
0.000e+00
2.741e-04
0.000e+00
5.482e-04
2.741e-04
2.741e-04
5.482e-04
1.371e-03
1.371e-03
1.645e-03
8.224e-04
1.919e-03
1.371e-03
1.645e-03
1.371e-03
5.482e-04
5.482e-04
8.224e-04
2.741e-04
1.096e-03
2.741e-04
0.000e+00
0.000e+00
2.741e-04
2.741e-04
2.741e-04
0.000e+00
2.741e-04
2.741e-04
8.224e-04
2.741e-04
0.000e+00
0.000e+00
0.000e+00
8.224e-04
8.224e-04
5.482e-04
8.224e-04
8.224e-04
2.741e-04
1.096e-03
8.224e-04
1.096e-03
2.193e-03
1.919e-03
4.660e-03
5.208e-03
9.046e-03
1.974e-02
7.346e-02
