1.425e-02
1.357e-02
1.425e-02
1.549e-02
1.384e-02
1.329e-02
8.498e-03
6.990e-03
6.031e-03
3.838e-03
3.838e-03
2.878e-03
2.604e-03
1.782e-03
1.371e-03
9.594e-04
1.096e-03
9.594e-04
1.096e-03
6.853e-04
1.371e-04
4.112e-04
2.741e-04
1.371e-04
2.741e-04
0.000e+00
0.000e+00
0.000e+00
2.741e-04
2.741e-04
1.371e-04
0.000e+00
1.371e-04
0.000e+00
1.371e-04
0.000e+00
0.000e+00
1.371e-04
0.000e+00
0.000e+00
0.000e+00
1.371e-04
0.000e+00
1.371e-04
0.000e+00
1.371e-04
0.000e+00
2.741e-04
0.000e+00
1.371e-04
1.371e-04
0.000e+00
1.371e-04
2.741e-04
6.853e-04
5.482e-04
0.000e+00
2.741e-04
4.112e-04
1.371e-04
2.741e-04
4.112e-04
1.371e-04
4.112e-04
1.371e-04
6.853e-04
0.000e+00
1.371e-04
6.853e-04
4.112e-04
1.371e-04
1.371e-04
1.371e-04
1.371e-04
0.000e+00
5.482e-04
1.371e-04
0.000e+00
2.741e-04
1.371e-04
1.371e-04
4.112e-04
2.741e-04
4.112e-04
1.371e-04
2.741e-04
1.371e-04
5.482e-04
6.853e-04
8.224e-04
6.853e-04
1.371e-04
2.741e-04
1.234e-03
5.482e-04
1.371e-04
0.000e+00
4.112e-04
1.371e-04
4.112e-04
2.741e-04
1.371e-04
5.482e-04
2.741e-04
2.741e-04
0.000e+00
2.741e-04
2.741e-04
2.741e-04
0.000e+00
9.594e-04
1.371e-04
4.112e-04
1.371e-04
1.371e-04
0.000e+00
1.371e-04
2.741e-04
6.853e-04
1.234e-03
1.371e-04
0.000e+00
0.000e+00
2.741e-04
0.000e+00
6.853e-04
5.482e-04
0.000e+00
1.371e-04
2.741e-04
1.371e-04
0.000e+00
0.000e+00
0.000e+00
2.741e-04
0.000e+00
0.000e+00
0.000e+00
0.000e+00
1.371e-04
0.000e+00
0.000e+00
1.371e-04
0.000e+00
0.000e+00
0.000e+00
5.482e-04
1.371e-04
0.000e+00
0.000e+00
0.000e+00
0.000e+00
0.000e+00
1.371e-04
2.741e-04
1.371e-04
1.371e-04
1.371e-04
1.371e-04
2.741e-04
1.371e-04
2.741e-04
4.112e-04
1.371e-04
1.782e-03
1.919e-03
1.919e-03
1.508e-03
2.193e-03
2.878e-03
2.330e-03
4.112e-03
6.442e-03
4.934e-03
8.909e-03
8.224e-03
1.014e-02
1.165e-02
1.055e-02
1.398e-02
1.398e-02
1.220e-02
1.179e-02
1.247e-02
9.320e-03
9.457e-03
8.498e-03
6.031e-03
5.208e-03
4.249e-03
2.878e-03
2.467e-03
1.782e-03
1.508e-03
2.878e-03
1.234e-03
4.112e-04
1.371e-04
1.371e-04
1.371e-04
2.741e-04
0.000e+00
1.371e-04
2.741e-04
0.000e+00
1.371e-04
4.112e-04
0.000e+00
0.000e+00
0.000e+00
1.371e-04
1.371e-04
2.741e-04
1.371e-04
0.000e+00
0.000e+00
1.371e-04
1.371e-04
0.000e+00
2.741e-04
1.371e-04
4.112e-04
4.112e-04
0.000e+00
2.741e-04
5.482e-04
1.371e-04
2.741e-04
1.371e-04
1.371e-04
2.741e-04
5.482e-04
1.371e-04
0.000e+00
2.741e-04
9.594e-04
0.000e+00
1.371e-04
0.000e+00
6.853e-04
4.112e-04
2.741e-04
6.853e-04
2.741e-04
2.741e-04
4.112e-04
2.741e-04
8.224e-04
2.741e-04
1.371e-04
0.000e+00
8.224e-04
4.112e-04
1.371e-04
8.224e-04
2.741e-04
5.482e-04
1.371e-04
6.853e-04
2.741e-04
2.741e-04
0.000e+00
5.482e-04
1.371e-04
2.741e-04
4.112e-04
2.741e-04
1.371e-04
6.853e-04
6.853e-04
4.112e-04
2.741e-04
1.371e-04
2.741e-04
1.371e-04
2.741e-04
0.000e+00
4.112e-04
2.741e-04
1.371e-04
5.482e-04
2.741e-04
2.741e-04
2.741e-04
2.741e-04
2.741e-04
1.371e-04
2.741e-04
2.741e-04
2.741e-04
2.741e-04
5.482e-04
4.112e-04
0.000e+00
4.112e-04
2.741e-04
4.112e-04
1.371e-04
2.741e-04
4.112e-04
6.853e-04
5.482e-04
2.741e-04
2.741e-04
1.371e-04
2.741e-04
1.371e-04
0.000e+00
2.741e-04
5.482e-04
2.741e-04
0.000e+00
1.371e-04
1.371e-04
2.741e-04
0.000e+00
0.000e+00
0.000e+00
0.000e+00
0.000e+00
0.000e+00
0.000e+00
0.000e+00
0.000e+00
0.000e+00
1.371e-04
0.000e+00
0.000e+00
1.371e-04
1.371e-04
0.000e+00
0.000e+00
0.000e+00
2.741e-04
2.741e-04
1.371e-04
2.741e-04
4.112e-04
5.482e-04
2.741e-04
1.371e-04
4.112e-04
5.482e-04
1.096e-03
4.112e-04
8.224e-04
1.782e-03
2.193e-03
2.056e-03
3.564e-03
3.427e-03
4.934e-03
3.975e-03
7.675e-03
7.812e-03
9.868e-03
1.083e-02
1.261e-02
1.576e-02
1.768e-02
