4.768e-03
2.725e-03
4.768e-03
0.000e+00
0.000e+00
6.812e-04
6.812e-04
0.000e+00
6.812e-04
6.812e-04
2.044e-03
6.812e-04
0.000e+00
6.812e-04
1.362e-03
6.812e-04
6.812e-04
6.812e-04
6.812e-04
0.000e+00
0.000e+00
6.812e-04
6.812e-04
1.362e-03
6.812e-04
2.044e-03
6.812e-04
6.812e-04
1.362e-03
3.406e-03
2.044e-03
2.044e-03
2.725e-03
3.406e-03
4.087e-03
3.406e-03
6.812e-03
4.768e-03
1.090e-02
7.493e-03
1.022e-02
5.450e-03
1.022e-02
8.856e-03
7.493e-03
8.856e-03
5.450e-03
5.450e-03
4.087e-03
4.768e-03
2.725e-03
5.450e-03
5.450e-03
6.131e-03
4.768e-03
2.044e-03
2.725e-03
4.768e-03
6.131e-03
4.768e-03
5.450e-03
4.768e-03
1.362e-03
2.725e-03
1.362e-03
2.044e-03
2.725e-03
2.725e-03
2.725e-03
2.044e-03
2.725e-03
2.725e-03
2.044e-03
1.362e-03
1.362e-03
2.044e-03
1.362e-03
2.725e-03
6.812e-04
1.362e-03
0.000e+00
0.000e+00
6.812e-04
0.000e+00
0.000e+00
6.812e-04
6.812e-04
1.362e-03
6.812e-04
0.000e+00
1.362e-03
0.000e+00
6.812e-04
6.812e-04
6.812e-04
6.812e-04
6.812e-04
0.000e+00
6.812e-04
2.044e-03
1.362e-03
1.362e-03
2.725e-03
6.812e-04
3.406e-03
2.044e-03
6.812e-04
2.044e-03
2.044e-03
1.362e-03
2.044e-03
2.044e-03
2.725e-03
4.768e-03
1.362e-03
4.087e-03
1.362e-03
4.768e-03
6.812e-04
4.768e-03
4.087e-03
4.768e-03
4.768e-03
2.725e-03
4.768e-03
4.768e-03
4.768e-03
4.768e-03
2.044e-03
4.087e-03
2.725e-03
4.087e-03
6.131e-03
5.450e-03
3.406e-03
2.725e-03
3.406e-03
4.087e-03
3.406e-03
4.768e-03
6.812e-03
9.537e-03
3.406e-03
9.537e-03
7.493e-03
9.537e-03
8.174e-03
6.812e-03
4.087e-03
5.450e-03
3.406e-03
2.725e-03
3.406e-03
3.406e-03
1.362e-03
2.044e-03
6.812e-04
2.044e-03
1.362e-03
2.044e-03
2.044e-03
1.362e-03
2.044e-03
0.000e+00
0.000e+00
0.000e+00
1.362e-03
6.812e-04
2.044e-03
6.812e-04
0.000e+00
1.362e-03
0.000e+00
0.000e+00
1.362e-03
2.044e-03
3.406e-03
2.044e-03
1.362e-03
6.812e-04
5.450e-03
4.087e-03
3.406e-03
0.000e+00
0.000e+00
1.362e-03
0.000e+00
6.812e-04
0.000e+00
2.044e-03
0.000e+00
6.812e-04
0.000e+00
1.362e-03
6.812e-04
1.362e-03
1.362e-03
6.812e-04
0.000e+00
6.812e-04
6.812e-04
2.725e-03
6.812e-04
6.812e-04
1.362e-03
1.362e-03
2.044e-03
2.725e-03
2.044e-03
1.362e-03
4.087e-03
4.087e-03
4.768e-03
6.131e-03
2.725e-03
1.362e-02
7.493e-03
7.493e-03
7.493e-03
8.856e-03
8.174e-03
6.812e-03
4.768e-03
6.812e-03
6.812e-03
4.768e-03
5.450e-03
2.044e-03
6.812e-03
5.450e-03
4.768e-03
4.768e-03
2.044e-03
4.087e-03
2.725e-03
3.406e-03
6.131e-03
5.450e-03
4.768e-03
2.044e-03
1.362e-03
5.450e-03
1.362e-03
3.406e-03
1.362e-03
4.087e-03
2.044e-03
2.725e-03
0.000e+00
3.406e-03
3.406e-03
6.812e-04
2.044e-03
0.000e+00
2.044e-03
2.044e-03
2.044e-03
1.362e-03
0.000e+00
1.362e-03
0.000e+00
0.000e+00
1.362e-03
1.362e-03
0.000e+00
0.000e+00
6.812e-04
1.362e-03
6.812e-04
6.812e-04
0.000e+00
6.812e-04
0.000e+00
6.812e-04
6.812e-04
6.812e-04
6.812e-04
1.362e-03
6.812e-04
6.812e-04
1.362e-03
2.725e-03
2.725e-03
1.362e-03
4.087e-03
6.812e-04
2.725e-03
0.000e+00
1.362e-03
1.362e-03
7.493e-03
1.362e-03
2.044e-03
2.725e-03
0.000e+00
5.450e-03
1.362e-03
3.406e-03
4.087e-03
6.812e-03
4.768e-03
5.450e-03
5.450e-03
4.768e-03
4.087e-03
3.406e-03
2.044e-03
5.450e-03
1.362e-03
5.450e-03
4.768e-03
5.450e-03
4.087e-03
3.406e-03
4.087e-03
3.406e-03
4.087e-03
8.856e-03
1.090e-02
5.450e-03
6.131e-03
5.450e-03
1.158e-02
8.856e-03
6.131e-03
3.406e-03
4.768e-03
4.768e-03
2.044e-03
4.087e-03
1.362e-03
2.044e-03
2.725e-03
2.044e-03
2.044e-03
2.725e-03
0.000e+00
2.044e-03
6.812e-04
2.044e-03
1.362e-03
0.000e+00
0.000e+00
0.000e+00
6.812e-04
1.362e-03
0.000e+00
2.044e-03
6.812e-04
0.000e+00
1.362e-03
0.000e+00
0.000e+00
6.812e-04
6.812e-04
2.725e-03
2.044e-03
2.725e-03
6.812e-04
2.044e-03
