0.000e+00
6.812e-04
6.812e-04
0.000e+00
0.000e+00
3.406e-04
0.000e+00
0.000e+00
0.000e+00
6.812e-04
3.406e-04
0.000e+00
0.000e+00
0.000e+00
0.000e+00
3.406e-04
0.000e+00
3.406e-04
0.000e+00
0.000e+00
3.406e-04
0.000e+00
0.000e+00
0.000e+00
0.000e+00
0.000e+00
0.000e+00
0.000e+00
0.000e+00
0.000e+00
0.000e+00
0.000e+00
0.000e+00
0.000e+00
0.000e+00
0.000e+00
0.000e+00
3.406e-04
0.000e+00
0.000e+00
0.000e+00
3.406e-04
0.000e+00
0.000e+00
3.406e-04
6.812e-04
6.812e-04
1.022e-03
6.812e-04
6.812e-04
1.022e-03
1.703e-03
6.812e-04
2.044e-03
2.384e-03
1.703e-03
6.812e-04
2.044e-03
1.703e-03
1.362e-03
2.384e-03
2.384e-03
1.703e-03
2.384e-03
1.022e-03
4.087e-03
2.384e-03
3.747e-03
2.725e-03
3.406e-03
4.087e-03
2.384e-03
2.384e-03
2.725e-03
3.065e-03
4.768e-03
3.747e-03
1.703e-03
3.747e-03
3.065e-03
3.406e-03
3.406e-03
4.768e-03
3.406e-03
3.747e-03
3.406e-03
3.065e-03
3.065e-03
2.384e-03
5.450e-03
2.725e-03
2.725e-03
2.725e-03
5.450e-03
3.065e-03
3.747e-03
4.428e-03
3.747e-03
5.790e-03
3.747e-03
2.044e-03
4.428e-03
3.065e-03
3.406e-03
2.725e-03
2.384e-03
4.768e-03
2.725e-03
2.725e-03
2.725e-03
6.131e-03
2.725e-03
2.044e-03
1.362e-03
3.065e-03
1.362e-03
1.703e-03
2.725e-03
2.725e-03
3.747e-03
2.725e-03
1.703e-03
1.703e-03
3.406e-03
6.812e-04
4.087e-03
2.725e-03
1.022e-03
1.703e-03
1.703e-03
1.362e-03
0.000e+00
1.022e-03
1.022e-03
6.812e-04
3.406e-04
1.022e-03
3.406e-04
1.022e-03
3.406e-04
3.406e-04
3.406e-04
0.000e+00
3.406e-04
3.406e-04
0.000e+00
6.812e-04
0.000e+00
3.406e-04
0.000e+00
0.000e+00
0.000e+00
0.000e+00
0.000e+00
0.000e+00
0.000e+00
0.000e+00
0.000e+00
0.000e+00
3.406e-04
0.000e+00
3.406e-04
0.000e+00
3.406e-04
0.000e+00
6.812e-04
0.000e+00
0.000e+00
0.000e+00
6.812e-04
3.406e-04
0.000e+00
0.000e+00
3.406e-04
0.000e+00
0.000e+00
3.406e-04
3.406e-04
0.000e+00
1.703e-03
0.000e+00
3.406e-04
0.000e+00
0.000e+00
0.000e+00
3.406e-04
0.000e+00
0.000e+00
1.022e-03
0.000e+00
0.000e+00
0.000e+00
0.000e+00
0.000e+00
3.406e-04
3.406e-04
0.000e+00
0.000e+00
0.000e+00
0.000e+00
0.000e+00
0.000e+00
3.406e-04
0.000e+00
0.000e+00
0.000e+00
0.000e+00
0.000e+00
0.000e+00
0.000e+00
0.000e+00
0.000e+00
0.000e+00
3.406e-04
0.000e+00
0.000e+00
0.000e+00
0.000e+00
3.406e-04
3.406e-04
3.406e-04
1.703e-03
1.022e-03
0.000e+00
1.022e-03
1.022e-03
6.812e-04
2.725e-03
6.812e-04
1.703e-03
3.406e-04
3.747e-03
6.812e-04
0.000e+00
2.384e-03
3.747e-03
1.022e-03
6.812e-04
1.703e-03
3.065e-03
3.747e-03
2.725e-03
4.087e-03
2.384e-03
3.747e-03
1.703e-03
3.406e-03
2.384e-03
3.406e-03
1.362e-03
2.725e-03
4.428e-03
3.065e-03
3.406e-03
4.428e-03
3.406e-03
4.768e-03
1.362e-03
3.747e-03
2.725e-03
4.087e-03
2.384e-03
5.109e-03
2.384e-03
2.725e-03
4.087e-03
3.406e-03
3.406e-03
3.747e-03
4.087e-03
5.790e-03
2.384e-03
2.044e-03
5.109e-03
2.725e-03
4.087e-03
5.790e-03
2.725e-03
3.406e-03
3.065e-03
3.747e-03
3.406e-03
1.703e-03
3.065e-03
4.768e-03
4.768e-03
3.065e-03
3.406e-03
2.384e-03
1.703e-03
1.362e-03
2.044e-03
2.044e-03
2.725e-03
2.384e-03
3.747e-03
4.768e-03
6.812e-04
2.044e-03
2.044e-03
3.406e-03
2.384e-03
2.044e-03
1.362e-03
6.812e-04
2.384e-03
6.812e-04
1.022e-03
1.362e-03
1.362e-03
1.022e-03
0.000e+00
3.406e-04
1.022e-03
1.022e-03
0.000e+00
0.000e+00
0.000e+00
3.406e-04
0.000e+00
0.000e+00
0.000e+00
0.000e+00
3.406e-04
0.000e+00
0.000e+00
3.406e-04
0.000e+00
0.000e+00
0.000e+00
0.000e+00
0.000e+00
0.000e+00
0.000e+00
0.000e+00
3.406e-04
0.000e+00
3.406e-04
0.000e+00
6.812e-04
0.000e+00
0.000e+00
0.000e+00
0.000e+00
3.406e-04
0.000e+00
6.812e-04
0.000e+00
0.000e+00
0.000e+00
3.406e-04
0.000e+00
3.406e-04
0.000e+00
3.406e-04
0.000e+00
0.000e+00
6.812e-04
0.000e+00
3.406e-04
