1.060e-02
3.181e-03
1.060e-03
2.121e-03
2.121e-03
2.121e-03
4.242e-03
0.000e+00
0.000e+00
1.060e-03
1.060e-03
0.000e+00
1.060e-03
2.121e-03
1.060e-03
2.121e-03
1.060e-03
2.121e-03
1.060e-03
1.060e-03
3.181e-03
1.060e-03
2.121e-03
4.242e-03
4.242e-03
0.000e+00
3.181e-03
2.121e-03
2.121e-03
1.060e-03
1.060e-03
3.181e-03
2.121e-03
0.000e+00
3.181e-03
4.242e-03
0.000e+00
1.060e-03
2.121e-03
0.000e+00
3.181e-03
1.060e-03
3.181e-03
2.121e-03
2.121e-03
2.121e-03
0.000e+00
2.121e-03
0.000e+00
0.000e+00
0.000e+00
1.060e-03
2.121e-03
0.000e+00
3.181e-03
5.302e-03
2.121e-03
4.242e-03
3.181e-03
3.181e-03
1.060e-03
0.000e+00
3.181e-03
3.181e-03
5.302e-03
2.121e-03
2.121e-03
7.423e-03
5.302e-03
3.181e-03
0.000e+00
3.181e-03
5.302e-03
1.060e-03
3.181e-03
4.242e-03
4.242e-03
3.181e-03
4.242e-03
2.121e-03
2.121e-03
2.121e-03
3.181e-03
5.302e-03
3.181e-03
4.242e-03
4.242e-03
2.121e-03
5.302e-03
4.242e-03
6.363e-03
8.484e-03
9.544e-03
1.166e-02
2.121e-03
3.181e-03
6.363e-03
4.242e-03
3.181e-03
5.302e-03
4.242e-03
2.121e-03
6.363e-03
3.181e-03
4.242e-03
3.181e-03
2.121e-03
4.242e-03
2.121e-03
1.060e-03
1.060e-03
7.423e-03
3.181e-03
2.121e-03
5.302e-03
1.060e-03
3.181e-03
8.484e-03
1.060e-03
4.242e-03
4.242e-03
2.121e-03
4.242e-03
1.060e-03
3.181e-03
3.181e-03
1.060e-03
4.242e-03
1.060e-03
3.181e-03
0.000e+00
1.060e-03
4.242e-03
0.000e+00
6.363e-03
1.060e-03
0.000e+00
2.121e-03
3.181e-03
1.060e-03
1.060e-03
1.060e-03
2.121e-03
4.242e-03
0.000e+00
1.060e-03
4.242e-03
2.121e-03
2.121e-03
1.060e-03
2.121e-03
2.121e-03
1.060e-03
1.060e-03
4.242e-03
2.121e-03
2.121e-03
6.363e-03
4.242e-03
3.181e-03
2.121e-03
4.242e-03
0.000e+00
2.121e-03
0.000e+00
0.000e+00
3.181e-03
2.121e-03
2.121e-03
3.181e-03
3.181e-03
2.121e-03
1.060e-03
0.000e+00
1.060e-03
1.060e-03
3.181e-03
4.242e-03
3.181e-03
6.363e-03
1.803e-02
4.242e-03
4.242e-03
6.363e-03
2.121e-03
2.121e-03
1.060e-03
3.181e-03
2.121e-03
2.121e-03
0.000e+00
1.060e-03
0.000e+00
1.060e-03
0.000e+00
2.121e-03
2.121e-03
1.060e-03
2.121e-03
4.242e-03
2.121e-03
3.181e-03
3.181e-03
2.121e-03
1.060e-03
2.121e-03
4.242e-03
2.121e-03
5.302e-03
0.000e+00
0.000e+00
3.181e-03
2.121e-03
0.000e+00
2.121e-03
2.121e-03
2.121e-03
2.121e-03
3.181e-03
0.000e+00
0.000e+00
0.000e+00
2.121e-03
2.121e-03
1.060e-03
4.242e-03
1.060e-03
1.060e-03
0.000e+00
0.000e+00
1.060e-03
0.000e+00
1.060e-03
2.121e-03
2.121e-03
1.060e-03
0.000e+00
2.121e-03
2.121e-03
6.363e-03
6.363e-03
4.242e-03
3.181e-03
6.363e-03
2.121e-03
8.484e-03
3.181e-03
5.302e-03
2.121e-03
9.544e-03
2.121e-03
6.363e-03
4.242e-03
5.302e-03
1.060e-03
0.000e+00
1.060e-03
1.060e-03
1.060e-03
2.121e-03
4.242e-03
2.121e-03
6.363e-03
7.423e-03
2.121e-03
8.484e-03
3.181e-03
5.302e-03
6.363e-03
7.423e-03
1.166e-02
4.242e-03
6.363e-03
5.302e-03
4.242e-03
6.363e-03
2.121e-03
2.121e-03
2.121e-03
2.121e-03
1.060e-03
4.242e-03
6.363e-03
3.181e-03
1.060e-03
5.302e-03
4.242e-03
4.242e-03
1.060e-03
1.060e-03
9.544e-03
3.181e-03
3.181e-03
6.363e-03
4.242e-03
1.060e-02
5.302e-03
0.000e+00
9.544e-03
3.181e-03
2.121e-03
1.060e-03
1.060e-03
1.060e-02
3.181e-03
4.242e-03
0.000e+00
3.181e-03
0.000e+00
0.000e+00
2.121e-03
0.000e+00
0.000e+00
0.000e+00
3.181e-03
0.000e+00
2.121e-03
1.060e-03
1.060e-03
0.000e+00
0.000e+00
1.060e-03
2.121e-03
1.060e-03
1.060e-03
1.060e-03
1.060e-03
3.181e-03
2.121e-03
4.242e-03
3.181e-03
1.060e-03
1.060e-03
2.121e-03
4.242e-03
4.242e-03
0.000e+00
5.302e-03
2.121e-03
3.181e-03
2.121e-03
3.181e-03
2.121e-03
1.060e-03
3.181e-03
1.060e-03
1.060e-03
3.181e-03
2.121e-03
3.181e-03
2.121e-03
1.060e-03
3.181e-03
0.000e+00
1.060e-03
0.000e+00
2.121e-03
2.121e-03
2.121e-03
3.181e-03
