0.000e+00
5.302e-04
0.000e+00
0.000e+00
0.000e+00
0.000e+00
0.000e+00
0.000e+00
0.000e+00
0.000e+00
0.000e+00
0.000e+00
0.000e+00
0.000e+00
0.000e+00
5.302e-04
0.000e+00
0.000e+00
0.000e+00
0.000e+00
0.000e+00
0.000e+00
5.302e-04
0.000e+00
0.000e+00
0.000e+00
5.302e-04
0.000e+00
0.000e+00
0.000e+00
0.000e+00
0.000e+00
0.000e+00
0.000e+00
0.000e+00
0.000e+00
0.000e+00
0.000e+00
0.000e+00
0.000e+00
0.000e+00
5.302e-04
0.000e+00
0.000e+00
0.000e+00
0.000e+00
0.000e+00
0.000e+00
5.302e-04
0.000e+00
5.302e-04
0.000e+00
0.000e+00
0.000e+00
5.302e-04
5.302e-04
5.302e-04
0.000e+00
5.302e-04
0.000e+00
0.000e+00
5.302e-04
5.302e-04
5.302e-04
0.000e+00
5.302e-04
2.121e-03
2.651e-03
2.121e-03
2.651e-03
2.651e-03
5.302e-04
2.651e-03
1.060e-03
3.181e-03
4.242e-03
4.772e-03
2.651e-03
2.121e-03
4.772e-03
4.772e-03
4.242e-03
5.302e-03
5.302e-03
3.712e-03
5.832e-03
4.242e-03
7.423e-03
6.363e-03
6.363e-03
6.363e-03
7.423e-03
7.953e-03
5.832e-03
6.363e-03
4.242e-03
1.113e-02
3.712e-03
8.484e-03
5.832e-03
2.121e-03
6.893e-03
5.832e-03
5.302e-03
5.832e-03
4.772e-03
3.181e-03
4.772e-03
2.121e-03
1.591e-03
2.651e-03
4.242e-03
1.591e-03
3.181e-03
2.121e-03
1.060e-03
2.121e-03
1.591e-03
2.121e-03
2.121e-03
2.121e-03
2.651e-03
2.651e-03
2.121e-03
0.000e+00
2.121e-03
1.591e-03
0.000e+00
1.060e-03
5.302e-04
0.000e+00
1.060e-03
5.302e-04
0.000e+00
0.000e+00
5.302e-04
2.121e-03
0.000e+00
5.302e-04
0.000e+00
0.000e+00
0.000e+00
5.302e-04
0.000e+00
0.000e+00
0.000e+00
0.000e+00
0.000e+00
1.060e-03
0.000e+00
5.302e-04
0.000e+00
0.000e+00
0.000e+00
0.000e+00
5.302e-04
0.000e+00
0.000e+00
0.000e+00
1.060e-03
0.000e+00
0.000e+00
0.000e+00
0.000e+00
0.000e+00
0.000e+00
0.000e+00
0.000e+00
5.302e-04
0.000e+00
0.000e+00
5.302e-04
0.000e+00
0.000e+00
5.302e-04
5.302e-04
0.000e+00
0.000e+00
1.060e-03
0.000e+00
0.000e+00
5.302e-04
0.000e+00
0.000e+00
5.302e-04
0.000e+00
5.302e-04
0.000e+00
0.000e+00
0.000e+00
0.000e+00
0.000e+00
0.000e+00
0.000e+00
0.000e+00
5.302e-04
0.000e+00
0.000e+00
0.000e+00
0.000e+00
0.000e+00
1.060e-03
0.000e+00
0.000e+00
5.302e-04
0.000e+00
0.000e+00
0.000e+00
0.000e+00
0.000e+00
0.000e+00
1.060e-03
1.060e-03
0.000e+00
0.000e+00
0.000e+00
0.000e+00
5.302e-04
0.000e+00
0.000e+00
5.302e-04
5.302e-04
0.000e+00
0.000e+00
5.302e-04
0.000e+00
5.302e-04
0.000e+00
5.302e-04
5.302e-04
0.000e+00
1.060e-03
5.302e-04
5.302e-04
0.000e+00
2.121e-03
2.121e-03
1.060e-03
0.000e+00
1.060e-03
1.060e-03
1.060e-03
2.121e-03
2.121e-03
1.060e-03
2.121e-03
1.060e-03
2.651e-03
1.591e-03
4.242e-03
4.242e-03
4.242e-03
3.181e-03
2.651e-03
3.181e-03
4.242e-03
4.772e-03
4.242e-03
1.060e-03
7.953e-03
4.772e-03
3.181e-03
6.363e-03
4.772e-03
5.832e-03
6.893e-03
4.772e-03
3.712e-03
5.832e-03
2.121e-03
1.007e-02
5.832e-03
9.014e-03
5.832e-03
5.302e-03
4.242e-03
4.772e-03
4.772e-03
3.181e-03
5.302e-03
4.772e-03
5.302e-03
2.651e-03
3.712e-03
2.651e-03
3.181e-03
3.712e-03
2.651e-03
1.591e-03
2.651e-03
2.121e-03
2.121e-03
1.060e-03
1.060e-03
2.121e-03
1.060e-03
2.121e-03
5.302e-04
1.060e-03
0.000e+00
1.060e-03
0.000e+00
0.000e+00
2.121e-03
5.302e-04
5.302e-04
0.000e+00
5.302e-04
0.000e+00
5.302e-04
0.000e+00
0.000e+00
5.302e-04
0.000e+00
5.302e-04
0.000e+00
5.302e-04
0.000e+00
0.000e+00
0.000e+00
0.000e+00
1.060e-03
0.000e+00
0.000e+00
0.000e+00
0.000e+00
0.000e+00
0.000e+00
0.000e+00
0.000e+00
0.000e+00
0.000e+00
0.000e+00
5.302e-04
0.000e+00
0.000e+00
0.000e+00
0.000e+00
0.000e+00
0.000e+00
0.000e+00
0.000e+00
0.000e+00
0.000e+00
0.000e+00
0.000e+00
5.302e-04
0.000e+00
0.000e+00
0.000e+00
0.000e+00
0.000e+00
0.000e+00
5.302e-04
0.000e+00
1.591e-03
0.000e+00
0.000e+00
5.302e-04
0.000e+00
