2.120e+02
5.500e+01
3.500e+01
1.900e+01
1.800e+01
2.100e+01
2.000e+01
9.000e+00
1.000e+01
9.000e+00
7.000e+00
6.000e+00
4.000e+00
5.000e+00
6.000e+00
5.000e+00
5.000e+00
1.200e+01
7.000e+00
7.000e+00
6.000e+00
7.000e+00
5.000e+00
6.000e+00
9.000e+00
2.000e+00
4.000e+00
5.000e+00
6.000e+00
6.000e+00
6.000e+00
3.000e+00
4.000e+00
3.000e+00
6.000e+00
5.000e+00
6.000e+00
7.000e+00
5.000e+00
5.000e+00
5.000e+00
6.000e+00
7.000e+00
6.000e+00
4.000e+00
7.000e+00
1.000e+00
1.200e+01
2.000e+00
5.000e+00
4.000e+00
7.000e+00
8.000e+00
7.000e+00
6.000e+00
9.000e+00
9.000e+00
1.300e+01
1.200e+01
9.000e+00
1.000e+01
7.000e+00
1.100e+01
1.200e+01
1.100e+01
1.200e+01
9.000e+00
1.700e+01
1.100e+01
9.000e+00
8.000e+00
9.000e+00
1.400e+01
8.000e+00
9.000e+00
8.000e+00
8.000e+00
1.100e+01
9.000e+00
5.000e+00
3.000e+00
6.000e+00
7.000e+00
8.000e+00
8.000e+00
1.000e+01
1.600e+01
1.100e+01
1.300e+01
9.000e+00
1.700e+01
1.300e+01
1.400e+01
2.300e+01
5.000e+00
8.000e+00
1.100e+01
9.000e+00
1.300e+01
1.200e+01
1.000e+01
8.000e+00
1.400e+01
7.000e+00
9.000e+00
7.000e+00
6.000e+00
8.000e+00
7.000e+00
4.000e+00
4.000e+00
1.300e+01
7.000e+00
8.000e+00
1.400e+01
9.000e+00
8.000e+00
1.000e+01
9.000e+00
1.100e+01
1.500e+01
9.000e+00
6.000e+00
6.000e+00
5.000e+00
1.100e+01
1.300e+01
9.000e+00
5.000e+00
7.000e+00
3.000e+00
8.000e+00
8.000e+00
6.000e+00
1.100e+01
8.000e+00
4.000e+00
6.000e+00
7.000e+00
7.000e+00
6.000e+00
7.000e+00
3.000e+00
1.400e+01
3.000e+00
6.000e+00
8.000e+00
6.000e+00
8.000e+00
6.000e+00
8.000e+00
9.000e+00
4.000e+00
1.700e+01
1.200e+01
1.300e+01
1.200e+01
1.300e+01
8.000e+00
1.000e+01
8.000e+00
1.400e+01
7.000e+00
6.000e+00
1.200e+01
1.000e+01
8.000e+00
7.000e+00
1.200e+01
1.900e+01
2.900e+01
3.200e+01
3.200e+01
4.300e+01
5.900e+01
6.700e+01
8.500e+01
1.360e+02
2.130e+02
3.820e+02
1.168e+03
3.730e+02
1.960e+02
1.280e+02
9.000e+01
7.300e+01
4.700e+01
4.800e+01
3.800e+01
2.400e+01
1.400e+01
1.400e+01
1.500e+01
7.000e+00
1.100e+01
1.300e+01
1.000e+01
8.000e+00
1.200e+01
1.000e+01
9.000e+00
1.100e+01
2.000e+01
9.000e+00
7.000e+00
9.000e+00
1.300e+01
9.000e+00
1.100e+01
7.000e+00
1.100e+01
6.000e+00
7.000e+00
8.000e+00
6.000e+00
9.000e+00
6.000e+00
7.000e+00
1.300e+01
4.000e+00
8.000e+00
9.000e+00
6.000e+00
8.000e+00
1.300e+01
8.000e+00
7.000e+00
5.000e+00
5.000e+00
7.000e+00
8.000e+00
8.000e+00
8.000e+00
4.000e+00
8.000e+00
8.000e+00
3.000e+00
7.000e+00
5.000e+00
9.000e+00
9.000e+00
1.300e+01
9.000e+00
1.000e+01
5.000e+00
1.500e+01
1.100e+01
9.000e+00
4.000e+00
1.000e+01
7.000e+00
1.000e+01
6.000e+00
9.000e+00
8.000e+00
5.000e+00
7.000e+00
5.000e+00
4.000e+00
7.000e+00
9.000e+00
8.000e+00
8.000e+00
1.100e+01
1.200e+01
1.600e+01
5.000e+00
8.000e+00
1.400e+01
2.000e+01
2.100e+01
1.500e+01
1.000e+01
9.000e+00
1.000e+01
1.300e+01
7.000e+00
1.100e+01
6.000e+00
6.000e+00
6.000e+00
9.000e+00
9.000e+00
9.000e+00
9.000e+00
8.000e+00
1.100e+01
5.000e+00
6.000e+00
7.000e+00
1.700e+01
9.000e+00
1.300e+01
1.600e+01
1.100e+01
1.600e+01
1.400e+01
8.000e+00
2.100e+01
1.500e+01
1.200e+01
9.000e+00
9.000e+00
1.400e+01
1.200e+01
8.000e+00
5.000e+00
7.000e+00
7.000e+00
7.000e+00
7.000e+00
5.000e+00
9.000e+00
2.000e+00
1.000e+01
2.000e+00
4.000e+00
6.000e+00
7.000e+00
5.000e+00
4.000e+00
6.000e+00
6.000e+00
4.000e+00
6.000e+00
6.000e+00
2.000e+00
5.000e+00
4.000e+00
5.000e+00
7.000e+00
3.000e+00
4.000e+00
7.000e+00
9.000e+00
8.000e+00
5.000e+00
1.100e+01
1.000e+01
7.000e+00
4.000e+00
4.000e+00
5.000e+00
2.000e+00
6.000e+00
8.000e+00
7.000e+00
9.000e+00
6.000e+00
1.500e+01
1.200e+01
1.200e+01
1.700e+01
1.200e+01
9.000e+00
1.600e+01
1.800e+01
2.600e+01
2.600e+01
5.400e+01
