2.358e-03
2.891e-03
2.435e-03
1.293e-03
1.750e-03
1.674e-03
1.065e-03
6.086e-04
9.890e-04
3.804e-04
1.522e-04
4.565e-04
3.804e-04
0.000e+00
1.522e-04
3.043e-04
3.043e-04
2.282e-04
2.282e-04
1.522e-04
7.608e-05
7.608e-05
7.608e-05
2.282e-04
0.000e+00
0.000e+00
1.522e-04
0.000e+00
0.000e+00
0.000e+00
0.000e+00
7.608e-05
1.522e-04
7.608e-05
0.000e+00
7.608e-05
1.522e-04
0.000e+00
0.000e+00
7.608e-05
0.000e+00
7.608e-05
0.000e+00
0.000e+00
1.522e-04
0.000e+00
0.000e+00
0.000e+00
2.282e-04
0.000e+00
1.522e-04
0.000e+00
0.000e+00
2.282e-04
1.522e-04
7.608e-05
3.043e-04
7.608e-05
3.043e-04
7.608e-05
7.608e-05
3.804e-04
6.086e-04
3.804e-04
3.043e-04
3.804e-04
7.608e-04
9.890e-04
6.847e-04
6.847e-04
9.130e-04
7.608e-04
1.369e-03
7.608e-04
1.522e-03
1.369e-03
1.750e-03
1.598e-03
9.890e-04
1.826e-03
1.978e-03
1.522e-03
1.978e-03
1.902e-03
1.522e-03
2.130e-03
2.282e-03
2.130e-03
2.206e-03
2.054e-03
1.674e-03
1.826e-03
2.358e-03
2.054e-03
2.587e-03
1.598e-03
3.119e-03
1.902e-03
2.206e-03
1.902e-03
6.847e-04
2.130e-03
2.282e-03
1.750e-03
1.369e-03
1.293e-03
8.369e-04
1.522e-03
1.293e-03
1.065e-03
1.217e-03
1.369e-03
8.369e-04
9.890e-04
9.130e-04
3.043e-04
6.847e-04
6.086e-04
6.847e-04
8.369e-04
9.890e-04
9.130e-04
6.086e-04
1.065e-03
7.608e-05
1.065e-03
3.804e-04
2.282e-04
1.522e-04
2.282e-04
1.522e-04
3.043e-04
3.043e-04
4.565e-04
7.608e-05
1.522e-04
4.565e-04
1.522e-04
2.282e-04
3.043e-04
2.282e-04
1.522e-04
1.522e-04
2.282e-04
1.522e-04
7.608e-05
1.522e-04
3.043e-04
3.043e-04
3.043e-04
2.282e-04
4.565e-04
0.000e+00
3.804e-04
3.043e-04
3.804e-04
3.043e-04
7.608e-05
3.804e-04
8.369e-04
6.086e-04
9.130e-04
1.141e-03
7.608e-04
1.826e-03
2.358e-03
1.902e-03
2.739e-03
3.500e-03
3.880e-03
3.880e-03
6.239e-03
7.608e-03
8.217e-03
8.065e-03
1.035e-02
1.301e-02
1.659e-02
1.689e-02
1.750e-02
1.636e-02
1.567e-02
1.529e-02
1.423e-02
1.430e-02
1.050e-02
1.050e-02
7.456e-03
7.075e-03
5.706e-03
4.565e-03
4.413e-03
2.739e-03
1.978e-03
2.358e-03
2.130e-03
1.826e-03
1.141e-03
1.293e-03
6.847e-04
6.086e-04
4.565e-04
6.847e-04
5.326e-04
4.565e-04
4.565e-04
3.804e-04
5.326e-04
0.000e+00
1.522e-04
3.043e-04
2.282e-04
1.522e-04
3.804e-04
3.043e-04
1.522e-04
3.043e-04
7.608e-05
7.608e-05
7.608e-05
3.804e-04
3.043e-04
3.043e-04
3.043e-04
2.282e-04
3.043e-04
2.282e-04
2.282e-04
3.804e-04
2.282e-04
3.043e-04
4.565e-04
2.282e-04
3.043e-04
2.282e-04
4.565e-04
4.565e-04
2.282e-04
4.565e-04
3.804e-04
5.326e-04
4.565e-04
8.369e-04
6.086e-04
6.847e-04
7.608e-04
9.890e-04
7.608e-04
7.608e-04
1.217e-03
1.065e-03
1.674e-03
9.890e-04
1.065e-03
1.369e-03
1.522e-03
1.826e-03
1.446e-03
1.369e-03
2.130e-03
1.598e-03
1.065e-03
2.206e-03
1.598e-03
1.369e-03
2.206e-03
1.902e-03
1.826e-03
2.358e-03
2.435e-03
2.815e-03
2.130e-03
2.891e-03
2.511e-03
2.206e-03
2.206e-03
2.054e-03
1.522e-03
1.522e-03
1.826e-03
1.750e-03
2.054e-03
1.293e-03
1.902e-03
1.141e-03
1.598e-03
1.293e-03
9.130e-04
1.065e-03
6.847e-04
8.369e-04
8.369e-04
9.130e-04
6.086e-04
9.130e-04
8.369e-04
9.130e-04
5.326e-04
7.608e-04
2.282e-04
3.043e-04
1.522e-04
3.043e-04
3.804e-04
2.282e-04
3.804e-04
1.522e-04
3.043e-04
1.522e-04
1.522e-04
1.522e-04
0.000e+00
1.522e-04
7.608e-05
7.608e-05
1.522e-04
7.608e-05
0.000e+00
7.608e-05
0.000e+00
0.000e+00
1.522e-04
0.000e+00
0.000e+00
0.000e+00
7.608e-05
1.522e-04
1.522e-04
7.608e-05
1.522e-04
0.000e+00
0.000e+00
7.608e-05
7.608e-05
0.000e+00
1.522e-04
7.608e-05
7.608e-05
7.608e-05
7.608e-05
1.522e-04
0.000e+00
0.000e+00
2.282e-04
1.522e-04
7.608e-05
1.522e-04
3.043e-04
1.522e-04
3.804e-04
3.043e-04
1.141e-03
3.043e-04
9.130e-04
9.130e-04
1.369e-03
9.890e-04
2.130e-03
1.902e-03
3.271e-03
