0.000e+00
0.000e+00
0.000e+00
0.000e+00
0.000e+00
0.000e+00
1.647e-04
0.000e+00
0.000e+00
0.000e+00
0.000e+00
0.000e+00
3.294e-04
1.647e-04
0.000e+00
0.000e+00
0.000e+00
0.000e+00
0.000e+00
1.647e-04
1.647e-04
1.647e-04
1.647e-04
1.647e-04
1.647e-04
3.294e-04
3.294e-04
3.294e-04
1.647e-04
4.941e-04
1.647e-04
1.647e-04
3.294e-04
6.588e-04
6.588e-04
3.294e-04
1.647e-04
3.294e-04
1.647e-04
3.294e-04
4.941e-04
1.482e-03
1.647e-04
4.941e-04
1.318e-03
4.941e-04
4.941e-04
9.881e-04
6.588e-04
6.588e-04
1.153e-03
9.881e-04
3.294e-03
3.458e-03
3.294e-03
3.788e-03
6.752e-03
1.285e-02
1.318e-02
1.630e-02
2.553e-02
6.126e-02
6.011e-02
2.717e-02
1.318e-02
1.235e-02
6.423e-03
8.235e-03
5.435e-03
3.623e-03
4.282e-03
3.129e-03
1.976e-03
1.976e-03
2.306e-03
1.647e-03
2.306e-03
1.482e-03
1.153e-03
1.812e-03
6.588e-04
8.235e-04
9.881e-04
4.941e-04
6.588e-04
3.294e-04
6.588e-04
3.294e-04
1.647e-04
3.294e-04
3.294e-04
1.647e-04
4.941e-04
0.000e+00
0.000e+00
1.647e-04
1.647e-04
4.941e-04
0.000e+00
1.647e-04
1.647e-04
0.000e+00
0.000e+00
0.000e+00
0.000e+00
1.647e-04
0.000e+00
1.647e-04
0.000e+00
3.294e-04
1.647e-04
0.000e+00
1.647e-04
0.000e+00
1.647e-04
0.000e+00
1.647e-04
0.000e+00
1.647e-04
0.000e+00
0.000e+00
1.647e-04
1.647e-04
0.000e+00
0.000e+00
0.000e+00
0.000e+00
0.000e+00
0.000e+00
1.647e-04
1.647e-04
1.647e-04
0.000e+00
0.000e+00
3.294e-04
0.000e+00
4.941e-04
1.647e-04
0.000e+00
3.294e-04
1.647e-04
4.941e-04
0.000e+00
0.000e+00
4.941e-04
6.588e-04
1.647e-04
3.294e-04
0.000e+00
1.647e-04
0.000e+00
1.647e-04
0.000e+00
6.588e-04
3.294e-04
4.941e-04
1.647e-04
4.941e-04
6.588e-04
9.881e-04
4.941e-04
1.153e-03
8.235e-04
1.482e-03
6.588e-04
9.881e-04
1.153e-03
1.482e-03
1.647e-03
1.812e-03
2.964e-03
2.964e-03
4.117e-03
4.776e-03
4.447e-03
8.564e-03
1.268e-02
9.387e-03
2.042e-02
3.426e-02
8.070e-02
3.986e-02
1.779e-02
1.054e-02
9.058e-03
5.929e-03
5.929e-03
4.447e-03
2.470e-03
2.635e-03
2.306e-03
3.294e-03
2.964e-03
8.235e-04
1.976e-03
2.470e-03
9.881e-04
9.881e-04
9.881e-04
1.482e-03
9.881e-04
1.482e-03
4.941e-04
6.588e-04
1.647e-04
6.588e-04
4.941e-04
1.647e-04
3.294e-04
4.941e-04
4.941e-04
3.294e-04
1.647e-04
1.647e-04
1.647e-04
3.294e-04
4.941e-04
0.000e+00
3.294e-04
1.647e-04
1.647e-04
0.000e+00
3.294e-04
1.647e-04
0.000e+00
1.647e-04
1.647e-04
6.588e-04
0.000e+00
0.000e+00
0.000e+00
0.000e+00
0.000e+00
1.647e-04
1.647e-04
1.647e-04
0.000e+00
0.000e+00
1.647e-04
0.000e+00
0.000e+00
0.000e+00
1.647e-04
0.000e+00
0.000e+00
0.000e+00
0.000e+00
4.941e-04
0.000e+00
0.000e+00
0.000e+00
0.000e+00
0.000e+00
1.647e-04
1.647e-04
0.000e+00
0.000e+00
3.294e-04
4.941e-04
1.647e-04
0.000e+00
0.000e+00
3.294e-04
3.294e-04
0.000e+00
1.647e-04
3.294e-04
1.647e-04
0.000e+00
3.294e-04
1.647e-04
1.647e-04
9.881e-04
9.881e-04
8.235e-04
3.294e-04
6.588e-04
1.647e-04
9.881e-04
3.294e-04
1.647e-04
9.881e-04
8.235e-04
1.647e-03
8.235e-04
1.318e-03
2.635e-03
2.306e-03
3.623e-03
3.294e-03
2.141e-03
3.788e-03
4.117e-03
7.576e-03
7.905e-03
1.070e-02
1.334e-02
2.586e-02
6.176e-02
6.225e-02
2.750e-02
1.499e-02
1.350e-02
8.729e-03
6.258e-03
5.270e-03
4.117e-03
2.964e-03
1.976e-03
2.635e-03
1.318e-03
2.306e-03
1.812e-03
1.153e-03
1.812e-03
1.647e-03
4.941e-04
8.235e-04
1.647e-04
6.588e-04
6.588e-04
4.941e-04
1.647e-04
4.941e-04
1.153e-03
0.000e+00
4.941e-04
4.941e-04
3.294e-04
1.647e-04
1.647e-04
1.647e-04
0.000e+00
0.000e+00
0.000e+00
0.000e+00
0.000e+00
1.647e-04
1.647e-04
0.000e+00
3.294e-04
1.647e-04
0.000e+00
0.000e+00
0.000e+00
3.294e-04
0.000e+00
3.294e-04
0.000e+00
0.000e+00
1.647e-04
1.647e-04
1.647e-04
0.000e+00
0.000e+00
1.647e-04
0.000e+00
0.000e+00
0.000e+00
0.000e+00
