0.000e+00
0.000e+00
0.000e+00
1.000e+00
0.000e+00
0.000e+00
0.000e+00
1.000e+00
0.000e+00
1.000e+00
1.000e+00
0.000e+00
2.000e+00
0.000e+00
1.000e+00
0.000e+00
0.000e+00
0.000e+00
1.000e+00
1.000e+00
1.000e+00
0.000e+00
0.000e+00
1.000e+00
0.000e+00
0.000e+00
0.000e+00
0.000e+00
4.000e+00
1.000e+00
0.000e+00
1.000e+00
1.000e+00
0.000e+00
1.000e+00
4.000e+00
2.000e+00
2.000e+00
3.000e+00
3.000e+00
4.000e+00
1.000e+00
2.000e+00
1.000e+00
4.000e+00
1.000e+01
9.000e+00
8.000e+00
1.200e+01
1.200e+01
9.000e+00
1.500e+01
1.400e+01
2.800e+01
3.400e+01
4.700e+01
6.600e+01
7.000e+01
1.080e+02
1.200e+02
1.370e+02
1.460e+02
1.580e+02
1.710e+02
1.580e+02
1.270e+02
8.500e+01
9.200e+01
5.800e+01
4.500e+01
3.400e+01
3.600e+01
2.900e+01
2.100e+01
1.700e+01
1.100e+01
1.000e+01
8.000e+00
1.500e+01
7.000e+00
7.000e+00
5.000e+00
3.000e+00
3.000e+00
6.000e+00
3.000e+00
1.000e+00
4.000e+00
3.000e+00
1.000e+00
1.000e+00
0.000e+00
1.000e+00
0.000e+00
1.000e+00
1.000e+00
3.000e+00
0.000e+00
0.000e+00
0.000e+00
2.000e+00
1.000e+00
0.000e+00
1.000e+00
0.000e+00
0.000e+00
3.000e+00
0.000e+00
2.000e+00
0.000e+00
0.000e+00
0.000e+00
0.000e+00
0.000e+00
0.000e+00
0.000e+00
0.000e+00
0.000e+00
0.000e+00
1.000e+00
0.000e+00
0.000e+00
0.000e+00
0.000e+00
0.000e+00
1.000e+00
0.000e+00
0.000e+00
0.000e+00
2.000e+00
1.000e+00
2.000e+00
0.000e+00
2.000e+00
0.000e+00
0.000e+00
3.000e+00
1.000e+00
0.000e+00
1.000e+00
1.000e+00
0.000e+00
0.000e+00
0.000e+00
1.000e+00
2.000e+00
1.000e+00
2.000e+00
1.000e+00
1.000e+00
0.000e+00
2.000e+00
1.000e+00
0.000e+00
3.000e+00
0.000e+00
1.000e+00
4.000e+00
3.000e+00
3.000e+00
3.000e+00
4.000e+00
5.000e+00
6.000e+00
1.100e+01
7.000e+00
1.300e+01
1.100e+01
1.100e+01
1.800e+01
1.500e+01
3.200e+01
2.900e+01
4.300e+01
6.400e+01
8.400e+01
1.080e+02
1.160e+02
1.500e+02
1.580e+02
1.510e+02
1.490e+02
1.470e+02
1.170e+02
1.180e+02
7.900e+01
5.700e+01
4.200e+01
3.400e+01
3.300e+01
1.200e+01
2.200e+01
1.600e+01
1.100e+01
1.000e+01
8.000e+00
6.000e+00
4.000e+00
1.000e+01
6.000e+00
9.000e+00
3.000e+00
2.000e+00
3.000e+00
2.000e+00
3.000e+00
1.000e+00
5.000e+00
1.000e+00
3.000e+00
2.000e+00
4.000e+00
5.000e+00
5.000e+00
2.000e+00
0.000e+00
0.000e+00
1.000e+00
2.000e+00
1.000e+00
1.000e+00
2.000e+00
1.000e+00
1.000e+00
0.000e+00
1.000e+00
0.000e+00
0.000e+00
1.000e+00
1.000e+00
0.000e+00
0.000e+00
1.000e+00
0.000e+00
1.000e+00
0.000e+00
0.000e+00
0.000e+00
0.000e+00
0.000e+00
0.000e+00
1.000e+00
0.000e+00
0.000e+00
0.000e+00
0.000e+00
2.000e+00
0.000e+00
2.000e+00
1.000e+00
0.000e+00
0.000e+00
0.000e+00
0.000e+00
0.000e+00
0.000e+00
0.000e+00
2.000e+00
0.000e+00
0.000e+00
0.000e+00
0.000e+00
0.000e+00
0.000e+00
0.000e+00
0.000e+00
0.000e+00
3.000e+00
1.000e+00
2.000e+00
0.000e+00
2.000e+00
4.000e+00
2.000e+00
5.000e+00
1.000e+00
0.000e+00
2.000e+00
2.000e+00
4.000e+00
7.000e+00
1.200e+01
1.400e+01
1.000e+01
1.300e+01
6.000e+00
1.200e+01
1.800e+01
2.100e+01
2.400e+01
3.000e+01
3.400e+01
6.300e+01
9.600e+01
9.400e+01
1.340e+02
1.450e+02
1.450e+02
1.810e+02
1.660e+02
1.570e+02
9.700e+01
9.500e+01
7.500e+01
6.200e+01
4.300e+01
3.500e+01
3.000e+01
3.100e+01
3.200e+01
1.400e+01
1.100e+01
6.000e+00
7.000e+00
7.000e+00
8.000e+00
5.000e+00
4.000e+00
3.000e+00
2.000e+00
5.000e+00
2.000e+00
3.000e+00
2.000e+00
1.000e+00
2.000e+00
2.000e+00
2.000e+00
1.000e+00
0.000e+00
2.000e+00
0.000e+00
1.000e+00
0.000e+00
1.000e+00
2.000e+00
0.000e+00
1.000e+00
1.000e+00
2.000e+00
0.000e+00
0.000e+00
1.000e+00
2.000e+00
0.000e+00
1.000e+00
0.000e+00
0.000e+00
1.000e+00
0.000e+00
4.000e+00
0.000e+00
0.000e+00
0.000e+00
0.000e+00
0.000e+00
0.000e+00
0.000e+00
0.000e+00
0.000e+00
