5.655e-03
7.984e-03
5.323e-03
4.325e-03
2.329e-03
5.988e-03
6.653e-03
4.325e-03
4.990e-03
4.657e-03
4.657e-03
5.655e-03
3.327e-03
5.988e-03
4.990e-03
3.659e-03
5.988e-03
5.988e-03
6.986e-03
6.321e-03
7.651e-03
4.990e-03
9.315e-03
5.323e-03
6.986e-03
5.988e-03
7.319e-03
9.315e-03
9.647e-03
1.397e-02
6.986e-03
7.651e-03
8.317e-03
8.982e-03
9.980e-03
8.649e-03
1.464e-02
1.098e-02
1.198e-02
1.031e-02
7.984e-03
1.164e-02
1.098e-02
1.198e-02
1.031e-02
1.364e-02
1.164e-02
1.464e-02
9.315e-03
9.315e-03
7.984e-03
1.031e-02
1.065e-02
8.982e-03
1.065e-02
1.065e-02
7.651e-03
6.986e-03
7.651e-03
3.659e-03
2.329e-03
1.996e-03
1.663e-03
1.331e-03
1.331e-03
1.663e-03
1.996e-03
1.663e-03
6.653e-04
9.980e-04
9.980e-04
9.980e-04
3.327e-04
0.000e+00
0.000e+00
0.000e+00
6.653e-04
0.000e+00
3.327e-04
6.653e-04
3.327e-04
3.327e-04
0.000e+00
3.327e-04
0.000e+00
3.327e-04
0.000e+00
0.000e+00
0.000e+00
0.000e+00
0.000e+00
0.000e+00
0.000e+00
3.327e-04
0.000e+00
0.000e+00
0.000e+00
0.000e+00
0.000e+00
0.000e+00
0.000e+00
0.000e+00
0.000e+00
0.000e+00
3.327e-04
0.000e+00
0.000e+00
0.000e+00
0.000e+00
0.000e+00
0.000e+00
0.000e+00
0.000e+00
0.000e+00
0.000e+00
0.000e+00
0.000e+00
0.000e+00
0.000e+00
0.000e+00
0.000e+00
0.000e+00
0.000e+00
0.000e+00
0.000e+00
0.000e+00
0.000e+00
0.000e+00
0.000e+00
0.000e+00
0.000e+00
0.000e+00
0.000e+00
0.000e+00
0.000e+00
0.000e+00
3.327e-04
0.000e+00
0.000e+00
0.000e+00
0.000e+00
0.000e+00
0.000e+00
0.000e+00
0.000e+00
0.000e+00
3.327e-04
0.000e+00
0.000e+00
3.327e-04
0.000e+00
0.000e+00
0.000e+00
0.000e+00
6.653e-04
0.000e+00
0.000e+00
0.000e+00
0.000e+00
6.653e-04
0.000e+00
3.327e-04
9.980e-04
6.653e-04
6.653e-04
0.000e+00
3.327e-04
9.980e-04
0.000e+00
0.000e+00
6.653e-04
3.327e-04
1.331e-03
3.327e-04
3.327e-04
1.331e-03
9.980e-04
1.996e-03
2.994e-03
3.659e-03
5.655e-03
2.661e-03
2.661e-03
9.980e-04
1.331e-03
6.653e-04
9.980e-04
6.653e-04
3.327e-04
1.663e-03
0.000e+00
6.653e-04
0.000e+00
0.000e+00
3.327e-04
1.331e-03
6.653e-04
9.980e-04
6.653e-04
3.327e-04
0.000e+00
6.653e-04
9.980e-04
0.000e+00
0.000e+00
0.000e+00
3.327e-04
0.000e+00
0.000e+00
0.000e+00
0.000e+00
0.000e+00
3.327e-04
0.000e+00
0.000e+00
0.000e+00
0.000e+00
0.000e+00
0.000e+00
0.000e+00
0.000e+00
0.000e+00
0.000e+00
0.000e+00
0.000e+00
0.000e+00
0.000e+00
0.000e+00
0.000e+00
0.000e+00
0.000e+00
0.000e+00
3.327e-04
0.000e+00
0.000e+00
0.000e+00
0.000e+00
0.000e+00
3.327e-04
0.000e+00
0.000e+00
0.000e+00
0.000e+00
0.000e+00
0.000e+00
3.327e-04
0.000e+00
0.000e+00
0.000e+00
0.000e+00
0.000e+00
0.000e+00
0.000e+00
0.000e+00
0.000e+00
0.000e+00
3.327e-04
0.000e+00
0.000e+00
0.000e+00
0.000e+00
0.000e+00
0.000e+00
0.000e+00
0.000e+00
0.000e+00
0.000e+00
0.000e+00
0.000e+00
3.327e-04
0.000e+00
0.000e+00
0.000e+00
0.000e+00
0.000e+00
0.000e+00
0.000e+00
0.000e+00
0.000e+00
3.327e-04
3.327e-04
0.000e+00
0.000e+00
0.000e+00
6.653e-04
0.000e+00
1.663e-03
3.327e-04
9.980e-04
3.327e-04
3.327e-04
9.980e-04
0.000e+00
3.327e-04
6.653e-04
1.331e-03
1.663e-03
1.996e-03
9.980e-04
1.663e-03
3.992e-03
3.327e-03
5.988e-03
3.659e-03
4.990e-03
1.131e-02
6.321e-03
1.031e-02
1.331e-02
9.647e-03
1.331e-02
1.264e-02
7.984e-03
9.315e-03
8.649e-03
9.980e-03
1.065e-02
1.231e-02
1.131e-02
1.031e-02
1.098e-02
6.653e-03
1.065e-02
7.319e-03
9.980e-03
1.231e-02
1.031e-02
9.315e-03
1.065e-02
9.315e-03
1.065e-02
1.530e-02
8.317e-03
5.655e-03
3.992e-03
8.982e-03
7.651e-03
5.655e-03
3.659e-03
4.990e-03
7.984e-03
4.990e-03
3.992e-03
4.325e-03
5.655e-03
2.661e-03
3.992e-03
2.661e-03
2.661e-03
5.988e-03
2.994e-03
2.994e-03
5.988e-03
3.992e-03
3.327e-03
2.661e-03
3.659e-03
4.990e-03
5.323e-03
2.994e-03
