0.000e+00
0.000e+00
0.000e+00
0.000e+00
0.000e+00
0.000e+00
0.000e+00
0.000e+00
0.000e+00
0.000e+00
0.000e+00
0.000e+00
0.000e+00
0.000e+00
0.000e+00
0.000e+00
0.000e+00
0.000e+00
0.000e+00
0.000e+00
0.000e+00
0.000e+00
0.000e+00
0.000e+00
0.000e+00
0.000e+00
0.000e+00
0.000e+00
0.000e+00
0.000e+00
0.000e+00
0.000e+00
1.001e-03
0.000e+00
0.000e+00
0.000e+00
0.000e+00
0.000e+00
0.000e+00
0.000e+00
0.000e+00
0.000e+00
0.000e+00
0.000e+00
0.000e+00
0.000e+00
0.000e+00
1.001e-03
1.001e-03
0.000e+00
1.001e-03
0.000e+00
2.002e-03
0.000e+00
0.000e+00
3.003e-03
3.003e-03
2.002e-03
0.000e+00
0.000e+00
0.000e+00
4.004e-03
5.005e-03
7.007e-03
5.005e-03
4.004e-03
5.005e-03
7.007e-03
5.005e-03
4.004e-03
5.005e-03
6.006e-03
1.001e-02
4.004e-03
5.005e-03
8.008e-03
1.401e-02
6.006e-03
7.007e-03
7.007e-03
1.001e-03
2.002e-03
1.001e-03
2.002e-03
2.002e-03
1.001e-03
1.001e-03
0.000e+00
0.000e+00
0.000e+00
1.001e-03
0.000e+00
3.003e-03
0.000e+00
0.000e+00
0.000e+00
0.000e+00
0.000e+00
0.000e+00
1.001e-03
0.000e+00
0.000e+00
1.001e-03
0.000e+00
0.000e+00
0.000e+00
2.002e-03
0.000e+00
1.001e-03
0.000e+00
0.000e+00
0.000e+00
0.000e+00
2.002e-03
1.001e-03
0.000e+00
0.000e+00
0.000e+00
1.001e-03
0.000e+00
1.001e-03
0.000e+00
0.000e+00
0.000e+00
0.000e+00
0.000e+00
1.001e-03
0.000e+00
0.000e+00
2.002e-03
0.000e+00
1.001e-03
0.000e+00
0.000e+00
0.000e+00
0.000e+00
0.000e+00
0.000e+00
0.000e+00
0.000e+00
1.001e-03
0.000e+00
1.001e-03
0.000e+00
0.000e+00
1.001e-03
0.000e+00
0.000e+00
0.000e+00
0.000e+00
1.001e-03
1.001e-03
0.000e+00
1.001e-03
0.000e+00
1.001e-03
0.000e+00
3.003e-03
2.002e-03
3.003e-03
3.003e-03
2.002e-03
1.001e-03
2.002e-03
1.001e-03
4.004e-03
3.003e-03
4.004e-03
1.001e-03
1.001e-03
6.006e-03
4.004e-03
7.007e-03
6.006e-03
5.005e-03
8.008e-03
1.602e-02
2.102e-02
4.404e-02
7.508e-02
2.322e-01
6.907e-02
3.804e-02
2.503e-02
1.602e-02
1.502e-02
1.802e-02
6.006e-03
9.009e-03
7.007e-03
4.004e-03
3.003e-03
2.002e-03
5.005e-03
3.003e-03
1.001e-03
1.001e-03
2.002e-03
4.004e-03
1.001e-03
2.002e-03
2.002e-03
0.000e+00
0.000e+00
3.003e-03
1.001e-03
0.000e+00
1.001e-03
0.000e+00
1.001e-03
0.000e+00
1.001e-03
0.000e+00
0.000e+00
0.000e+00
0.000e+00
0.000e+00
2.002e-03
0.000e+00
0.000e+00
0.000e+00
0.000e+00
0.000e+00
0.000e+00
0.000e+00
0.000e+00
1.001e-03
2.002e-03
0.000e+00
1.001e-03
1.001e-03
0.000e+00
0.000e+00
0.000e+00
0.000e+00
0.000e+00
0.000e+00
0.000e+00
0.000e+00
1.001e-03
0.000e+00
0.000e+00
0.000e+00
0.000e+00
0.000e+00
0.000e+00
0.000e+00
0.000e+00
0.000e+00
0.000e+00
0.000e+00
1.001e-03
0.000e+00
0.000e+00
0.000e+00
0.000e+00
1.001e-03
0.000e+00
0.000e+00
0.000e+00
0.000e+00
1.001e-03
1.001e-03
0.000e+00
2.002e-03
0.000e+00
0.000e+00
1.001e-03
0.000e+00
1.001e-03
0.000e+00
3.003e-03
0.000e+00
0.000e+00
0.000e+00
0.000e+00
1.001e-03
3.003e-03
1.001e-03
1.001e-03
3.003e-03
2.002e-03
3.003e-03
5.005e-03
7.007e-03
5.005e-03
5.005e-03
4.004e-03
2.002e-03
1.001e-03
6.006e-03
7.007e-03
1.101e-02
4.004e-03
3.003e-03
4.004e-03
1.001e-02
5.005e-03
3.003e-03
3.003e-03
1.001e-03
2.002e-03
2.002e-03
2.002e-03
0.000e+00
0.000e+00
0.000e+00
1.001e-03
0.000e+00
1.001e-03
1.001e-03
1.001e-03
2.002e-03
0.000e+00
0.000e+00
1.001e-03
1.001e-03
0.000e+00
2.002e-03
0.000e+00
0.000e+00
0.000e+00
0.000e+00
1.001e-03
0.000e+00
0.000e+00
1.001e-03
0.000e+00
0.000e+00
1.001e-03
0.000e+00
0.000e+00
0.000e+00
0.000e+00
0.000e+00
0.000e+00
0.000e+00
0.000e+00
0.000e+00
0.000e+00
0.000e+00
0.000e+00
0.000e+00
0.000e+00
0.000e+00
0.000e+00
0.000e+00
0.000e+00
0.000e+00
0.000e+00
0.000e+00
0.000e+00
0.000e+00
0.000e+00
0.000e+00
0.000e+00
0.000e+00
0.000e+00
0.000e+00
0.000e+00
