0.000e+00
0.000e+00
0.000e+00
0.000e+00
0.000e+00
0.000e+00
0.000e+00
0.000e+00
0.000e+00
0.000e+00
0.000e+00
0.000e+00
0.000e+00
0.000e+00
0.000e+00
0.000e+00
0.000e+00
0.000e+00
0.000e+00
0.000e+00
0.000e+00
0.000e+00
0.000e+00
0.000e+00
0.000e+00
0.000e+00
0.000e+00
0.000e+00
0.000e+00
0.000e+00
0.000e+00
0.000e+00
0.000e+00
0.000e+00
0.000e+00
0.000e+00
0.000e+00
0.000e+00
0.000e+00
0.000e+00
0.000e+00
0.000e+00
0.000e+00
0.000e+00
0.000e+00
0.000e+00
0.000e+00
0.000e+00
0.000e+00
0.000e+00
0.000e+00
0.000e+00
0.000e+00
0.000e+00
5.005e-04
0.000e+00
1.001e-03
0.000e+00
0.000e+00
0.000e+00
0.000e+00
0.000e+00
0.000e+00
5.005e-04
0.000e+00
5.005e-04
0.000e+00
0.000e+00
0.000e+00
1.502e-03
2.002e-03
2.503e-03
1.502e-03
1.001e-03
5.005e-04
3.504e-03
2.002e-03
1.502e-03
4.505e-03
2.002e-03
1.001e-03
1.001e-03
0.000e+00
0.000e+00
2.002e-03
1.001e-03
5.005e-04
5.005e-04
0.000e+00
0.000e+00
0.000e+00
5.005e-04
0.000e+00
1.001e-03
1.001e-03
5.005e-04
1.001e-03
0.000e+00
0.000e+00
0.000e+00
0.000e+00
5.005e-04
0.000e+00
0.000e+00
0.000e+00
0.000e+00
1.001e-03
0.000e+00
0.000e+00
5.005e-04
5.005e-04
0.000e+00
0.000e+00
0.000e+00
0.000e+00
0.000e+00
0.000e+00
0.000e+00
0.000e+00
0.000e+00
0.000e+00
0.000e+00
0.000e+00
0.000e+00
0.000e+00
0.000e+00
0.000e+00
5.005e-04
0.000e+00
5.005e-04
0.000e+00
0.000e+00
0.000e+00
0.000e+00
0.000e+00
0.000e+00
0.000e+00
0.000e+00
0.000e+00
0.000e+00
0.000e+00
5.005e-04
0.000e+00
1.001e-03
0.000e+00
0.000e+00
0.000e+00
0.000e+00
0.000e+00
0.000e+00
5.005e-04
5.005e-04
5.005e-04
0.000e+00
0.000e+00
5.005e-04
0.000e+00
1.001e-03
1.001e-03
1.001e-03
0.000e+00
1.502e-03
2.002e-03
1.001e-03
2.503e-03
1.001e-03
4.004e-03
7.007e-03
4.505e-03
5.506e-03
1.051e-02
9.510e-03
1.351e-02
1.001e-02
1.602e-02
1.602e-02
1.502e-02
1.852e-02
2.853e-02
2.603e-02
2.753e-02
2.302e-02
2.703e-02
2.352e-02
1.852e-02
1.602e-02
1.001e-02
1.502e-02
8.008e-03
7.007e-03
8.509e-03
6.006e-03
3.504e-03
5.506e-03
2.002e-03
3.504e-03
2.002e-03
2.002e-03
2.503e-03
3.003e-03
2.503e-03
1.502e-03
5.005e-04
2.002e-03
1.001e-03
1.001e-03
0.000e+00
5.005e-04
0.000e+00
1.001e-03
1.001e-03
0.000e+00
0.000e+00
0.000e+00
1.001e-03
0.000e+00
0.000e+00
0.000e+00
0.000e+00
0.000e+00
0.000e+00
1.001e-03
0.000e+00
0.000e+00
0.000e+00
0.000e+00
0.000e+00
0.000e+00
0.000e+00
0.000e+00
0.000e+00
0.000e+00
0.000e+00
0.000e+00
0.000e+00
0.000e+00
0.000e+00
0.000e+00
5.005e-04
0.000e+00
0.000e+00
0.000e+00
5.005e-04
0.000e+00
0.000e+00
0.000e+00
0.000e+00
0.000e+00
0.000e+00
0.000e+00
5.005e-04
5.005e-04
5.005e-04
0.000e+00
0.000e+00
1.001e-03
0.000e+00
0.000e+00
1.001e-03
0.000e+00
1.001e-03
0.000e+00
0.000e+00
0.000e+00
0.000e+00
0.000e+00
0.000e+00
0.000e+00
5.005e-04
1.001e-03
0.000e+00
1.001e-03
0.000e+00
5.005e-04
5.005e-04
1.502e-03
1.502e-03
5.005e-04
1.001e-03
1.502e-03
5.005e-04
1.001e-03
2.503e-03
2.002e-03
2.002e-03
2.002e-03
0.000e+00
0.000e+00
1.001e-03
2.002e-03
5.005e-04
1.001e-03
1.502e-03
0.000e+00
1.001e-03
1.001e-03
5.005e-04
0.000e+00
5.005e-04
5.005e-04
0.000e+00
0.000e+00
0.000e+00
5.005e-04
0.000e+00
0.000e+00
0.000e+00
0.000e+00
0.000e+00
0.000e+00
0.000e+00
0.000e+00
0.000e+00
0.000e+00
0.000e+00
0.000e+00
0.000e+00
0.000e+00
0.000e+00
0.000e+00
0.000e+00
0.000e+00
0.000e+00
0.000e+00
0.000e+00
0.000e+00
0.000e+00
0.000e+00
0.000e+00
0.000e+00
0.000e+00
0.000e+00
0.000e+00
0.000e+00
0.000e+00
0.000e+00
0.000e+00
0.000e+00
0.000e+00
0.000e+00
0.000e+00
0.000e+00
0.000e+00
0.000e+00
0.000e+00
0.000e+00
0.000e+00
0.000e+00
0.000e+00
0.000e+00
0.000e+00
0.000e+00
0.000e+00
0.000e+00
0.000e+00
0.000e+00
0.000e+00
0.000e+00
0.000e+00
0.000e+00
