0.000e+00
0.000e+00
0.000e+00
0.000e+00
0.000e+00
0.000e+00
0.000e+00
0.000e+00
0.000e+00
0.000e+00
0.000e+00
0.000e+00
0.000e+00
0.000e+00
0.000e+00
0.000e+00
0.000e+00
0.000e+00
0.000e+00
0.000e+00
0.000e+00
0.000e+00
0.000e+00
0.000e+00
0.000e+00
0.000e+00
0.000e+00
0.000e+00
0.000e+00
0.000e+00
0.000e+00
0.000e+00
0.000e+00
0.000e+00
0.000e+00
0.000e+00
0.000e+00
0.000e+00
0.000e+00
0.000e+00
0.000e+00
0.000e+00
0.000e+00
0.000e+00
0.000e+00
0.000e+00
0.000e+00
0.000e+00
0.000e+00
1.287e-03
0.000e+00
2.574e-03
2.574e-03
0.000e+00
0.000e+00
0.000e+00
3.861e-03
1.287e-03
0.000e+00
1.287e-03
1.287e-03
5.148e-03
9.009e-03
1.287e-03
5.148e-03
3.861e-03
3.861e-03
6.435e-03
1.030e-02
9.009e-03
7.722e-03
3.861e-03
9.009e-03
5.148e-03
1.287e-03
5.148e-03
2.574e-03
2.574e-03
5.148e-03
2.574e-03
2.574e-03
0.000e+00
3.861e-03
1.287e-03
0.000e+00
5.148e-03
1.287e-03
9.009e-03
2.574e-03
3.861e-03
3.861e-03
3.861e-03
5.148e-03
5.148e-03
6.435e-03
3.861e-03
1.287e-03
1.287e-03
0.000e+00
1.287e-03
0.000e+00
2.574e-03
0.000e+00
1.287e-03
2.574e-03
1.287e-03
1.287e-03
3.861e-03
2.574e-03
1.287e-03
2.574e-03
1.287e-03
3.861e-03
0.000e+00
0.000e+00
0.000e+00
0.000e+00
0.000e+00
1.287e-03
0.000e+00
1.287e-03
0.000e+00
3.861e-03
1.287e-03
1.287e-03
2.574e-03
1.287e-03
0.000e+00
0.000e+00
1.287e-03
0.000e+00
0.000e+00
0.000e+00
0.000e+00
1.287e-03
1.287e-03
0.000e+00
0.000e+00
1.287e-03
1.287e-03
1.287e-03
0.000e+00
0.000e+00
2.574e-03
2.574e-03
0.000e+00
0.000e+00
1.287e-03
0.000e+00
2.574e-03
1.287e-03
2.574e-03
3.861e-03
3.861e-03
1.287e-03
0.000e+00
3.861e-03
2.574e-03
5.148e-03
3.861e-03
3.861e-03
5.148e-03
1.287e-03
6.435e-03
3.861e-03
7.722e-03
7.722e-03
2.574e-03
1.544e-02
6.435e-03
9.009e-03
7.722e-03
2.188e-02
1.158e-02
1.544e-02
1.802e-02
1.673e-02
1.931e-02
1.931e-02
3.218e-02
3.218e-02
2.574e-02
1.416e-02
1.931e-02
7.722e-03
1.416e-02
1.030e-02
9.009e-03
9.009e-03
1.287e-02
7.722e-03
9.009e-03
5.148e-03
6.435e-03
7.722e-03
5.148e-03
9.009e-03
6.435e-03
3.861e-03
0.000e+00
2.574e-03
0.000e+00
0.000e+00
1.030e-02
2.574e-03
3.861e-03
2.574e-03
2.574e-03
0.000e+00
3.861e-03
0.000e+00
1.287e-03
2.574e-03
2.574e-03
0.000e+00
0.000e+00
1.287e-03
1.287e-03
1.287e-03
3.861e-03
1.287e-03
0.000e+00
5.148e-03
1.287e-03
0.000e+00
1.287e-03
0.000e+00
2.574e-03
0.000e+00
0.000e+00
0.000e+00
1.287e-03
3.861e-03
0.000e+00
2.574e-03
2.574e-03
0.000e+00
1.287e-03
1.287e-03
0.000e+00
0.000e+00
0.000e+00
0.000e+00
0.000e+00
0.000e+00
0.000e+00
0.000e+00
0.000e+00
0.000e+00
2.574e-03
3.861e-03
0.000e+00
1.287e-03
2.574e-03
2.574e-03
5.148e-03
3.861e-03
5.148e-03
3.861e-03
2.574e-03
2.574e-03
2.574e-03
3.861e-03
2.574e-03
2.574e-03
6.435e-03
6.435e-03
7.722e-03
9.009e-03
6.435e-03
1.287e-03
1.287e-03
0.000e+00
5.148e-03
3.861e-03
0.000e+00
0.000e+00
0.000e+00
5.148e-03
2.574e-03
5.148e-03
1.287e-03
5.148e-03
1.287e-03
1.287e-03
5.148e-03
6.435e-03
5.148e-03
9.009e-03
6.435e-03
1.030e-02
3.861e-03
9.009e-03
7.722e-03
6.435e-03
6.435e-03
1.030e-02
6.435e-03
1.287e-03
5.148e-03
2.574e-03
1.287e-03
0.000e+00
0.000e+00
1.287e-03
2.574e-03
1.287e-03
0.000e+00
1.287e-03
0.000e+00
1.287e-03
1.287e-03
0.000e+00
0.000e+00
0.000e+00
0.000e+00
0.000e+00
0.000e+00
0.000e+00
0.000e+00
0.000e+00
0.000e+00
0.000e+00
0.000e+00
0.000e+00
0.000e+00
0.000e+00
0.000e+00
0.000e+00
0.000e+00
0.000e+00
0.000e+00
0.000e+00
0.000e+00
0.000e+00
0.000e+00
0.000e+00
0.000e+00
0.000e+00
0.000e+00
0.000e+00
0.000e+00
0.000e+00
0.000e+00
0.000e+00
0.000e+00
0.000e+00
0.000e+00
0.000e+00
0.000e+00
0.000e+00
0.000e+00
0.000e+00
0.000e+00
0.000e+00
0.000e+00
0.000e+00
0.000e+00
0.000e+00
0.000e+00
