0.000e+00
0.000e+00
0.000e+00
0.000e+00
0.000e+00
0.000e+00
0.000e+00
0.000e+00
0.000e+00
0.000e+00
0.000e+00
0.000e+00
0.000e+00
0.000e+00
0.000e+00
0.000e+00
0.000e+00
0.000e+00
0.000e+00
0.000e+00
0.000e+00
0.000e+00
0.000e+00
0.000e+00
0.000e+00
0.000e+00
0.000e+00
0.000e+00
0.000e+00
0.000e+00
0.000e+00
0.000e+00
0.000e+00
0.000e+00
0.000e+00
0.000e+00
0.000e+00
0.000e+00
0.000e+00
0.000e+00
0.000e+00
0.000e+00
0.000e+00
0.000e+00
0.000e+00
0.000e+00
0.000e+00
0.000e+00
0.000e+00
0.000e+00
0.000e+00
0.000e+00
0.000e+00
0.000e+00
0.000e+00
0.000e+00
0.000e+00
0.000e+00
1.931e-03
6.435e-04
0.000e+00
0.000e+00
1.931e-03
6.435e-04
6.435e-04
0.000e+00
6.435e-04
0.000e+00
6.435e-04
1.287e-03
3.861e-03
0.000e+00
1.287e-03
3.861e-03
1.287e-03
1.287e-03
0.000e+00
1.931e-03
6.435e-04
1.931e-03
2.574e-03
1.287e-03
6.435e-04
3.218e-03
1.287e-03
1.287e-03
2.574e-03
1.931e-03
6.435e-04
6.435e-04
1.287e-03
6.435e-04
3.861e-03
2.574e-03
1.931e-03
6.435e-04
1.287e-03
1.287e-03
1.287e-03
6.435e-04
0.000e+00
0.000e+00
0.000e+00
1.287e-03
0.000e+00
6.435e-04
0.000e+00
0.000e+00
0.000e+00
6.435e-04
0.000e+00
0.000e+00
0.000e+00
1.287e-03
0.000e+00
0.000e+00
0.000e+00
0.000e+00
0.000e+00
0.000e+00
0.000e+00
6.435e-04
0.000e+00
0.000e+00
6.435e-04
0.000e+00
0.000e+00
1.287e-03
6.435e-04
0.000e+00
1.287e-03
0.000e+00
0.000e+00
0.000e+00
1.287e-03
0.000e+00
0.000e+00
0.000e+00
0.000e+00
0.000e+00
0.000e+00
6.435e-04
0.000e+00
0.000e+00
6.435e-04
6.435e-04
1.287e-03
6.435e-04
0.000e+00
1.287e-03
1.931e-03
6.435e-04
0.000e+00
2.574e-03
1.287e-03
2.574e-03
3.218e-03
1.287e-03
1.287e-03
1.931e-03
3.218e-03
2.574e-03
1.287e-03
1.931e-03
2.574e-03
3.218e-03
3.861e-03
6.435e-03
6.435e-03
6.435e-03
7.079e-03
5.792e-03
7.722e-03
1.158e-02
7.079e-03
1.416e-02
1.480e-02
1.866e-02
1.416e-02
1.030e-02
2.510e-02
1.480e-02
8.366e-03
1.866e-02
9.009e-03
1.223e-02
9.653e-03
1.287e-02
7.722e-03
1.030e-02
5.148e-03
4.505e-03
1.094e-02
3.218e-03
4.505e-03
4.505e-03
2.574e-03
1.931e-03
3.218e-03
5.792e-03
1.931e-03
2.574e-03
6.435e-04
1.287e-03
3.218e-03
1.931e-03
6.435e-04
6.435e-04
6.435e-04
1.287e-03
6.435e-04
6.435e-04
1.287e-03
6.435e-04
0.000e+00
0.000e+00
6.435e-04
0.000e+00
0.000e+00
0.000e+00
1.287e-03
6.435e-04
0.000e+00
0.000e+00
0.000e+00
0.000e+00
0.000e+00
6.435e-04
0.000e+00
0.000e+00
0.000e+00
6.435e-04
0.000e+00
0.000e+00
0.000e+00
0.000e+00
0.000e+00
0.000e+00
0.000e+00
0.000e+00
0.000e+00
6.435e-04
0.000e+00
6.435e-04
6.435e-04
6.435e-04
0.000e+00
6.435e-04
0.000e+00
0.000e+00
1.287e-03
6.435e-04
6.435e-04
6.435e-04
1.287e-03
6.435e-04
1.931e-03
3.861e-03
0.000e+00
6.435e-04
0.000e+00
6.435e-04
0.000e+00
0.000e+00
1.931e-03
6.435e-04
1.287e-03
1.931e-03
2.574e-03
0.000e+00
2.574e-03
0.000e+00
0.000e+00
6.435e-04
1.931e-03
1.931e-03
1.931e-03
2.574e-03
1.287e-03
1.931e-03
1.287e-03
6.435e-04
1.287e-03
4.505e-03
1.931e-03
6.435e-04
6.435e-04
1.931e-03
1.287e-03
6.435e-04
1.287e-03
1.931e-03
0.000e+00
1.287e-03
2.574e-03
1.287e-03
1.287e-03
0.000e+00
6.435e-04
1.287e-03
0.000e+00
6.435e-04
0.000e+00
6.435e-04
0.000e+00
0.000e+00
0.000e+00
0.000e+00
0.000e+00
0.000e+00
0.000e+00
0.000e+00
0.000e+00
0.000e+00
0.000e+00
0.000e+00
0.000e+00
0.000e+00
0.000e+00
0.000e+00
0.000e+00
0.000e+00
0.000e+00
0.000e+00
0.000e+00
0.000e+00
0.000e+00
0.000e+00
0.000e+00
0.000e+00
0.000e+00
0.000e+00
0.000e+00
0.000e+00
0.000e+00
0.000e+00
0.000e+00
0.000e+00
0.000e+00
0.000e+00
0.000e+00
0.000e+00
0.000e+00
0.000e+00
0.000e+00
0.000e+00
0.000e+00
0.000e+00
0.000e+00
0.000e+00
0.000e+00
0.000e+00
0.000e+00
0.000e+00
0.000e+00
0.000e+00
0.000e+00
0.000e+00
0.000e+00
0.000e+00
