1.480e+02
1.560e+02
1.660e+02
1.280e+02
1.330e+02
1.130e+02
1.080e+02
1.260e+02
1.210e+02
1.290e+02
1.160e+02
1.240e+02
1.190e+02
1.130e+02
1.200e+02
1.160e+02
1.330e+02
1.060e+02
1.210e+02
1.170e+02
1.320e+02
1.020e+02
1.170e+02
1.010e+02
8.700e+01
9.500e+01
9.200e+01
9.000e+01
7.700e+01
9.300e+01
8.600e+01
8.200e+01
8.200e+01
7.300e+01
7.100e+01
8.800e+01
8.000e+01
8.000e+01
8.400e+01
1.040e+02
1.060e+02
9.400e+01
9.400e+01
1.080e+02
9.800e+01
9.700e+01
9.500e+01
1.040e+02
9.300e+01
1.120e+02
9.200e+01
1.100e+02
1.290e+02
1.340e+02
1.780e+02
1.460e+02
2.030e+02
2.670e+02
2.800e+02
2.330e+02
1.780e+02
1.380e+02
1.300e+02
1.100e+02
9.100e+01
8.300e+01
7.600e+01
6.100e+01
6.400e+01
7.100e+01
7.600e+01
4.900e+01
3.700e+01
3.200e+01
5.000e+01
5.100e+01
5.100e+01
4.700e+01
3.900e+01
3.900e+01
3.100e+01
3.900e+01
4.600e+01
3.100e+01
3.600e+01
3.500e+01
3.400e+01
3.600e+01
3.200e+01
3.000e+01
2.500e+01
3.000e+01
4.000e+01
2.500e+01
2.900e+01
2.800e+01
3.800e+01
2.900e+01
2.500e+01
3.100e+01
2.200e+01
2.400e+01
2.500e+01
2.800e+01
2.700e+01
2.400e+01
2.100e+01
3.000e+01
3.300e+01
2.400e+01
2.600e+01
2.100e+01
2.900e+01
3.300e+01
2.800e+01
2.700e+01
3.700e+01
2.800e+01
2.300e+01
2.800e+01
3.600e+01
2.600e+01
4.000e+01
2.200e+01
1.900e+01
2.400e+01
3.100e+01
2.300e+01
1.600e+01
2.900e+01
2.200e+01
3.200e+01
2.200e+01
3.100e+01
2.400e+01
2.500e+01
2.400e+01
1.900e+01
3.300e+01
2.900e+01
2.500e+01
2.700e+01
3.000e+01
2.900e+01
2.900e+01
2.100e+01
3.600e+01
3.700e+01
3.500e+01
2.700e+01
4.100e+01
3.700e+01
3.000e+01
3.200e+01
4.100e+01
3.600e+01
3.900e+01
4.300e+01
4.000e+01
4.500e+01
4.400e+01
4.600e+01
4.200e+01
4.200e+01
2.700e+01
4.300e+01
4.200e+01
4.300e+01
4.600e+01
4.800e+01
4.100e+01
4.000e+01
3.500e+01
4.600e+01
4.100e+01
4.200e+01
4.100e+01
4.300e+01
4.600e+01
4.600e+01
5.300e+01
3.700e+01
5.400e+01
4.600e+01
3.600e+01
3.400e+01
3.700e+01
4.500e+01
4.200e+01
4.700e+01
5.000e+01
5.200e+01
4.300e+01
5.000e+01
4.000e+01
3.400e+01
4.500e+01
3.700e+01
3.800e+01
3.400e+01
4.200e+01
3.200e+01
3.900e+01
4.300e+01
3.800e+01
4.000e+01
2.800e+01
3.700e+01
2.400e+01
3.900e+01
3.400e+01
3.400e+01
3.900e+01
2.800e+01
2.000e+01
1.900e+01
3.200e+01
1.900e+01
2.700e+01
2.900e+01
2.000e+01
2.700e+01
2.300e+01
2.300e+01
1.700e+01
2.500e+01
2.300e+01
1.700e+01
2.200e+01
2.000e+01
2.200e+01
1.900e+01
2.400e+01
2.500e+01
2.400e+01
3.300e+01
2.200e+01
2.800e+01
2.600e+01
3.300e+01
3.300e+01
2.800e+01
2.200e+01
2.400e+01
3.700e+01
3.800e+01
2.500e+01
2.900e+01
2.700e+01
2.400e+01
3.000e+01
2.900e+01
5.000e+01
2.200e+01
2.100e+01
3.000e+01
3.200e+01
2.200e+01
2.600e+01
3.000e+01
2.000e+01
1.900e+01
3.000e+01
4.700e+01
2.600e+01
2.900e+01
3.300e+01
2.700e+01
3.800e+01
3.300e+01
2.600e+01
3.600e+01
2.900e+01
3.500e+01
4.400e+01
2.500e+01
3.500e+01
3.000e+01
4.500e+01
3.300e+01
3.100e+01
4.400e+01
4.100e+01
4.100e+01
3.300e+01
4.900e+01
4.800e+01
4.300e+01
5.100e+01
3.900e+01
4.900e+01
7.000e+01
5.200e+01
6.600e+01
7.300e+01
7.700e+01
7.700e+01
1.040e+02
1.370e+02
1.470e+02
2.060e+02
2.570e+02
2.740e+02
2.160e+02
2.310e+02
1.670e+02
1.830e+02
1.370e+02
1.240e+02
1.220e+02
1.240e+02
1.000e+02
8.400e+01
8.900e+01
8.700e+01
1.090e+02
9.900e+01
1.130e+02
9.900e+01
8.300e+01
8.400e+01
8.500e+01
9.700e+01
9.300e+01
8.600e+01
8.600e+01
7.600e+01
9.000e+01
6.900e+01
8.300e+01
9.900e+01
7.300e+01
9.000e+01
8.900e+01
8.900e+01
1.080e+02
8.000e+01
9.400e+01
9.100e+01
8.000e+01
1.000e+02
1.200e+02
1.070e+02
1.150e+02
1.140e+02
1.340e+02
1.130e+02
1.100e+02
1.180e+02
1.080e+02
1.150e+02
1.090e+02
1.220e+02
1.190e+02
1.210e+02
1.130e+02
1.030e+02
1.490e+02
1.370e+02
1.490e+02
