0.000e+00
0.000e+00
0.000e+00
0.000e+00
0.000e+00
0.000e+00
0.000e+00
0.000e+00
0.000e+00
0.000e+00
0.000e+00
0.000e+00
0.000e+00
0.000e+00
0.000e+00
0.000e+00
0.000e+00
0.000e+00
0.000e+00
0.000e+00
0.000e+00
0.000e+00
0.000e+00
0.000e+00
0.000e+00
0.000e+00
0.000e+00
0.000e+00
0.000e+00
0.000e+00
0.000e+00
0.000e+00
0.000e+00
0.000e+00
0.000e+00
0.000e+00
0.000e+00
0.000e+00
0.000e+00
0.000e+00
0.000e+00
0.000e+00
0.000e+00
0.000e+00
0.000e+00
0.000e+00
0.000e+00
0.000e+00
0.000e+00
0.000e+00
0.000e+00
0.000e+00
0.000e+00
3.293e-04
3.293e-04
0.000e+00
6.585e-04
3.293e-04
3.293e-04
0.000e+00
3.293e-04
6.585e-04
9.878e-04
1.317e-03
3.293e-04
1.646e-03
1.646e-03
2.305e-03
1.976e-03
1.976e-03
3.951e-03
2.634e-03
2.963e-03
3.293e-03
4.281e-03
4.939e-03
3.622e-03
6.256e-03
4.939e-03
5.598e-03
8.561e-03
9.220e-03
2.470e-02
4.116e-02
2.799e-02
1.317e-02
4.939e-03
5.268e-03
2.963e-03
2.305e-03
2.963e-03
2.963e-03
6.585e-04
2.634e-03
1.976e-03
1.976e-03
1.976e-03
2.305e-03
3.293e-03
2.305e-03
1.976e-03
2.634e-03
1.976e-03
1.976e-03
1.646e-03
6.585e-04
1.646e-03
1.317e-03
2.634e-03
1.317e-03
6.585e-04
1.317e-03
1.317e-03
1.646e-03
2.305e-03
3.293e-04
1.317e-03
9.878e-04
6.585e-04
9.878e-04
3.293e-04
3.293e-04
6.585e-04
6.585e-04
6.585e-04
9.878e-04
6.585e-04
6.585e-04
3.293e-04
3.293e-04
6.585e-04
9.878e-04
6.585e-04
6.585e-04
9.878e-04
9.878e-04
1.646e-03
1.317e-03
9.878e-04
1.976e-03
6.585e-04
3.293e-04
1.646e-03
9.878e-04
1.317e-03
1.976e-03
3.293e-04
1.646e-03
2.305e-03
9.878e-04
1.646e-03
9.878e-04
3.622e-03
1.646e-03
2.305e-03
2.305e-03
1.976e-03
2.963e-03
2.634e-03
6.585e-04
1.317e-03
1.646e-03
5.598e-03
4.610e-03
4.610e-03
2.305e-03
5.598e-03
4.939e-03
4.939e-03
6.256e-03
6.585e-03
4.281e-03
6.915e-03
1.120e-02
1.054e-02
1.350e-02
1.515e-02
1.712e-02
2.173e-02
3.622e-02
4.774e-02
3.062e-02
2.667e-02
1.877e-02
1.383e-02
1.054e-02
9.549e-03
7.244e-03
5.268e-03
7.244e-03
7.573e-03
5.927e-03
5.268e-03
6.256e-03
2.634e-03
4.281e-03
4.610e-03
2.963e-03
3.622e-03
3.293e-03
1.317e-03
2.634e-03
9.878e-04
2.305e-03
2.305e-03
1.976e-03
1.317e-03
3.293e-04
1.317e-03
1.317e-03
6.585e-04
2.305e-03
9.878e-04
1.976e-03
1.976e-03
1.317e-03
9.878e-04
0.000e+00
9.878e-04
1.976e-03
0.000e+00
9.878e-04
1.317e-03
1.317e-03
6.585e-04
6.585e-04
6.585e-04
9.878e-04
9.878e-04
9.878e-04
6.585e-04
9.878e-04
9.878e-04
6.585e-04
3.293e-04
6.585e-04
3.293e-04
6.585e-04
6.585e-04
1.317e-03
1.646e-03
3.293e-04
1.646e-03
1.976e-03
6.585e-04
6.585e-04
1.976e-03
1.317e-03
2.305e-03
1.976e-03
3.293e-03
2.963e-03
9.878e-04
2.634e-03
2.634e-03
1.976e-03
1.976e-03
1.317e-03
1.976e-03
1.646e-03
1.317e-03
1.646e-03
1.646e-03
1.646e-03
2.305e-03
2.963e-03
1.646e-03
3.293e-03
1.646e-03
2.634e-03
1.976e-03
1.976e-03
3.293e-03
1.976e-03
6.915e-03
9.549e-03
2.832e-02
4.379e-02
2.173e-02
1.712e-02
8.561e-03
2.963e-03
3.622e-03
4.939e-03
5.927e-03
3.293e-03
2.305e-03
1.646e-03
1.646e-03
2.634e-03
1.317e-03
2.305e-03
2.305e-03
1.976e-03
6.585e-04
1.646e-03
1.646e-03
6.585e-04
3.293e-04
9.878e-04
6.585e-04
6.585e-04
3.293e-04
3.293e-04
0.000e+00
0.000e+00
0.000e+00
0.000e+00
0.000e+00
0.000e+00
0.000e+00
0.000e+00
0.000e+00
0.000e+00
0.000e+00
0.000e+00
0.000e+00
0.000e+00
0.000e+00
0.000e+00
0.000e+00
0.000e+00
0.000e+00
0.000e+00
0.000e+00
0.000e+00
0.000e+00
0.000e+00
0.000e+00
0.000e+00
0.000e+00
0.000e+00
0.000e+00
0.000e+00
0.000e+00
0.000e+00
0.000e+00
0.000e+00
0.000e+00
0.000e+00
0.000e+00
0.000e+00
0.000e+00
0.000e+00
0.000e+00
0.000e+00
0.000e+00
0.000e+00
0.000e+00
0.000e+00
0.000e+00
0.000e+00
0.000e+00
0.000e+00
0.000e+00
0.000e+00
0.000e+00
0.000e+00
0.000e+00
0.000e+00
