0.000e+00
0.000e+00
0.000e+00
0.000e+00
0.000e+00
0.000e+00
0.000e+00
0.000e+00
0.000e+00
0.000e+00
0.000e+00
0.000e+00
0.000e+00
0.000e+00
0.000e+00
0.000e+00
0.000e+00
0.000e+00
0.000e+00
0.000e+00
0.000e+00
0.000e+00
0.000e+00
0.000e+00
0.000e+00
0.000e+00
0.000e+00
0.000e+00
0.000e+00
0.000e+00
0.000e+00
0.000e+00
0.000e+00
0.000e+00
0.000e+00
0.000e+00
0.000e+00
0.000e+00
0.000e+00
0.000e+00
0.000e+00
0.000e+00
0.000e+00
0.000e+00
0.000e+00
0.000e+00
0.000e+00
0.000e+00
0.000e+00
0.000e+00
0.000e+00
0.000e+00
0.000e+00
0.000e+00
0.000e+00
0.000e+00
0.000e+00
0.000e+00
0.000e+00
1.646e-04
0.000e+00
0.000e+00
0.000e+00
0.000e+00
0.000e+00
0.000e+00
1.646e-04
3.293e-04
1.646e-04
3.293e-04
6.585e-04
3.293e-04
4.939e-04
9.878e-04
4.939e-04
4.939e-04
1.317e-03
1.317e-03
1.976e-03
2.140e-03
2.470e-03
2.963e-03
3.951e-03
2.305e-03
2.799e-03
3.293e-03
2.963e-03
1.317e-03
1.646e-03
1.976e-03
1.317e-03
1.317e-03
1.811e-03
1.152e-03
9.878e-04
3.293e-04
8.232e-04
6.585e-04
4.939e-04
1.152e-03
1.152e-03
4.939e-04
3.293e-04
4.939e-04
3.293e-04
9.878e-04
1.646e-04
3.293e-04
1.152e-03
6.585e-04
3.293e-04
4.939e-04
1.646e-03
4.939e-04
3.293e-04
1.646e-04
8.232e-04
3.293e-04
1.646e-04
1.646e-04
6.585e-04
3.293e-04
4.939e-04
6.585e-04
4.939e-04
0.000e+00
3.293e-04
4.939e-04
8.232e-04
1.646e-04
4.939e-04
1.646e-04
4.939e-04
1.646e-04
6.585e-04
0.000e+00
9.878e-04
6.585e-04
3.293e-04
8.232e-04
9.878e-04
6.585e-04
0.000e+00
3.293e-04
1.152e-03
9.878e-04
1.646e-04
4.939e-04
8.232e-04
1.152e-03
6.585e-04
1.482e-03
1.152e-03
1.317e-03
1.317e-03
1.976e-03
1.811e-03
1.152e-03
2.470e-03
2.963e-03
1.482e-03
1.976e-03
3.293e-03
2.799e-03
5.268e-03
3.951e-03
6.092e-03
5.762e-03
5.433e-03
4.610e-03
9.549e-03
8.067e-03
8.890e-03
1.021e-02
1.169e-02
9.549e-03
1.449e-02
1.350e-02
1.268e-02
1.630e-02
1.581e-02
1.416e-02
1.366e-02
1.087e-02
1.103e-02
1.251e-02
9.878e-03
1.004e-02
7.903e-03
7.573e-03
6.585e-03
9.055e-03
5.104e-03
5.104e-03
3.951e-03
3.787e-03
2.963e-03
3.787e-03
2.140e-03
2.140e-03
1.976e-03
2.470e-03
2.305e-03
2.305e-03
1.317e-03
1.811e-03
9.878e-04
9.878e-04
1.317e-03
4.939e-04
9.878e-04
4.939e-04
9.878e-04
4.939e-04
3.293e-04
3.293e-04
6.585e-04
6.585e-04
1.317e-03
4.939e-04
1.152e-03
3.293e-04
6.585e-04
8.232e-04
9.878e-04
0.000e+00
6.585e-04
8.232e-04
1.646e-04
3.293e-04
8.232e-04
1.646e-04
4.939e-04
1.317e-03
3.293e-04
6.585e-04
4.939e-04
3.293e-04
6.585e-04
4.939e-04
6.585e-04
1.152e-03
4.939e-04
4.939e-04
3.293e-04
8.232e-04
0.000e+00
3.293e-04
0.000e+00
4.939e-04
4.939e-04
6.585e-04
8.232e-04
9.878e-04
9.878e-04
1.152e-03
9.878e-04
6.585e-04
3.293e-04
1.646e-03
9.878e-04
6.585e-04
1.482e-03
9.878e-04
6.585e-04
6.585e-04
1.482e-03
1.482e-03
1.152e-03
1.152e-03
2.140e-03
3.293e-03
9.878e-04
2.634e-03
2.634e-03
1.811e-03
2.305e-03
2.470e-03
2.799e-03
2.963e-03
1.646e-03
2.963e-03
9.878e-04
1.646e-03
1.646e-03
4.939e-04
6.585e-04
6.585e-04
1.646e-04
3.293e-04
3.293e-04
1.646e-04
3.293e-04
3.293e-04
0.000e+00
0.000e+00
1.646e-04
1.646e-04
3.293e-04
0.000e+00
0.000e+00
1.646e-04
0.000e+00
0.000e+00
0.000e+00
0.000e+00
0.000e+00
0.000e+00
0.000e+00
0.000e+00
0.000e+00
0.000e+00
0.000e+00
0.000e+00
0.000e+00
0.000e+00
1.646e-04
0.000e+00
0.000e+00
0.000e+00
0.000e+00
0.000e+00
0.000e+00
0.000e+00
0.000e+00
0.000e+00
0.000e+00
0.000e+00
0.000e+00
0.000e+00
0.000e+00
0.000e+00
0.000e+00
0.000e+00
0.000e+00
0.000e+00
0.000e+00
0.000e+00
0.000e+00
0.000e+00
0.000e+00
0.000e+00
0.000e+00
0.000e+00
0.000e+00
0.000e+00
0.000e+00
0.000e+00
0.000e+00
0.000e+00
0.000e+00
0.000e+00
0.000e+00
0.000e+00
0.000e+00
0.000e+00
0.000e+00
0.000e+00
0.000e+00
0.000e+00
