4.895e-03
2.797e-03
4.895e-03
0.000e+00
0.000e+00
6.993e-04
0.000e+00
0.000e+00
6.993e-04
6.993e-04
2.098e-03
6.993e-04
0.000e+00
6.993e-04
1.399e-03
0.000e+00
6.993e-04
6.993e-04
6.993e-04
0.000e+00
0.000e+00
6.993e-04
6.993e-04
1.399e-03
0.000e+00
2.098e-03
6.993e-04
6.993e-04
6.993e-04
3.497e-03
2.098e-03
2.098e-03
2.797e-03
3.497e-03
4.196e-03
3.497e-03
6.993e-03
4.895e-03
1.119e-02
7.692e-03
9.790e-03
5.594e-03
1.049e-02
9.091e-03
7.692e-03
9.091e-03
5.594e-03
5.594e-03
4.196e-03
4.196e-03
2.797e-03
5.594e-03
5.594e-03
6.294e-03
4.895e-03
2.098e-03
2.797e-03
4.196e-03
5.594e-03
4.895e-03
5.594e-03
4.895e-03
1.399e-03
2.797e-03
1.399e-03
2.098e-03
2.797e-03
2.797e-03
2.797e-03
2.098e-03
2.797e-03
2.098e-03
2.098e-03
1.399e-03
1.399e-03
2.098e-03
1.399e-03
2.098e-03
6.993e-04
1.399e-03
0.000e+00
0.000e+00
6.993e-04
0.000e+00
0.000e+00
6.993e-04
6.993e-04
1.399e-03
6.993e-04
0.000e+00
1.399e-03
0.000e+00
6.993e-04
6.993e-04
6.993e-04
6.993e-04
6.993e-04
0.000e+00
6.993e-04
2.098e-03
1.399e-03
1.399e-03
2.797e-03
6.993e-04
3.497e-03
2.098e-03
6.993e-04
2.098e-03
2.098e-03
1.399e-03
2.098e-03
2.098e-03
2.797e-03
4.895e-03
1.399e-03
4.196e-03
1.399e-03
4.895e-03
6.993e-04
4.895e-03
4.196e-03
4.895e-03
4.196e-03
2.797e-03
4.895e-03
4.895e-03
4.196e-03
4.895e-03
2.098e-03
4.196e-03
2.797e-03
4.196e-03
4.895e-03
5.594e-03
3.497e-03
2.797e-03
3.497e-03
4.196e-03
3.497e-03
4.895e-03
6.993e-03
9.790e-03
3.497e-03
8.392e-03
7.692e-03
9.790e-03
8.392e-03
6.993e-03
4.196e-03
5.594e-03
3.497e-03
2.797e-03
3.497e-03
2.797e-03
1.399e-03
2.098e-03
6.993e-04
2.098e-03
6.993e-04
2.098e-03
2.098e-03
1.399e-03
2.098e-03
0.000e+00
0.000e+00
0.000e+00
1.399e-03
6.993e-04
2.098e-03
6.993e-04
0.000e+00
1.399e-03
0.000e+00
0.000e+00
6.993e-04
2.098e-03
3.497e-03
2.098e-03
1.399e-03
6.993e-04
5.594e-03
4.196e-03
3.497e-03
0.000e+00
0.000e+00
6.993e-04
0.000e+00
6.993e-04
0.000e+00
2.098e-03
0.000e+00
6.993e-04
0.000e+00
6.993e-04
6.993e-04
1.399e-03
1.399e-03
6.993e-04
0.000e+00
6.993e-04
6.993e-04
2.797e-03
6.993e-04
6.993e-04
6.993e-04
6.993e-04
2.098e-03
2.797e-03
2.098e-03
1.399e-03
4.196e-03
4.196e-03
4.895e-03
6.294e-03
2.797e-03
1.399e-02
6.993e-03
7.692e-03
7.692e-03
9.091e-03
8.392e-03
6.993e-03
4.895e-03
6.993e-03
6.294e-03
4.895e-03
5.594e-03
2.098e-03
6.993e-03
5.594e-03
4.895e-03
4.895e-03
2.098e-03
3.497e-03
2.797e-03
2.797e-03
6.294e-03
5.594e-03
4.895e-03
2.098e-03
1.399e-03
5.594e-03
1.399e-03
3.497e-03
1.399e-03
4.196e-03
2.098e-03
2.797e-03
0.000e+00
3.497e-03
2.797e-03
6.993e-04
2.098e-03
0.000e+00
1.399e-03
2.098e-03
2.098e-03
1.399e-03
0.000e+00
1.399e-03
0.000e+00
0.000e+00
1.399e-03
1.399e-03
0.000e+00
0.000e+00
6.993e-04
1.399e-03
6.993e-04
6.993e-04
0.000e+00
6.993e-04
0.000e+00
6.993e-04
6.993e-04
6.993e-04
6.993e-04
1.399e-03
6.993e-04
6.993e-04
1.399e-03
2.797e-03
2.797e-03
1.399e-03
4.196e-03
6.993e-04
2.797e-03
0.000e+00
1.399e-03
1.399e-03
7.692e-03
1.399e-03
2.098e-03
2.797e-03
0.000e+00
5.594e-03
1.399e-03
3.497e-03
4.196e-03
6.294e-03
4.895e-03
5.594e-03
4.895e-03
4.895e-03
4.196e-03
3.497e-03
2.098e-03
4.895e-03
6.993e-04
5.594e-03
4.895e-03
5.594e-03
4.196e-03
3.497e-03
4.196e-03
3.497e-03
4.196e-03
9.091e-03
1.119e-02
4.196e-03
6.294e-03
5.594e-03
1.189e-02
9.091e-03
6.294e-03
3.497e-03
4.895e-03
4.895e-03
2.098e-03
4.196e-03
1.399e-03
2.098e-03
2.098e-03
2.098e-03
2.098e-03
2.098e-03
0.000e+00
2.098e-03
6.993e-04
2.098e-03
1.399e-03
0.000e+00
0.000e+00
0.000e+00
6.993e-04
1.399e-03
0.000e+00
2.098e-03
6.993e-04
0.000e+00
1.399e-03
0.000e+00
0.000e+00
6.993e-04
6.993e-04
2.797e-03
1.399e-03
2.797e-03
6.993e-04
2.098e-03
