0.000e+00
6.993e-04
6.993e-04
0.000e+00
0.000e+00
3.497e-04
0.000e+00
0.000e+00
0.000e+00
0.000e+00
3.497e-04
0.000e+00
0.000e+00
0.000e+00
0.000e+00
3.497e-04
0.000e+00
0.000e+00
0.000e+00
0.000e+00
3.497e-04
0.000e+00
0.000e+00
0.000e+00
0.000e+00
0.000e+00
0.000e+00
0.000e+00
0.000e+00
0.000e+00
0.000e+00
0.000e+00
0.000e+00
0.000e+00
0.000e+00
0.000e+00
0.000e+00
3.497e-04
0.000e+00
0.000e+00
0.000e+00
3.497e-04
0.000e+00
0.000e+00
3.497e-04
6.993e-04
6.993e-04
1.049e-03
3.497e-04
6.993e-04
1.049e-03
1.748e-03
6.993e-04
2.098e-03
2.448e-03
1.748e-03
6.993e-04
2.098e-03
1.748e-03
1.399e-03
2.448e-03
2.098e-03
1.748e-03
2.448e-03
1.049e-03
4.196e-03
2.448e-03
3.846e-03
2.797e-03
3.497e-03
4.196e-03
2.448e-03
2.098e-03
2.797e-03
3.147e-03
4.895e-03
3.846e-03
1.748e-03
3.497e-03
3.147e-03
3.497e-03
3.147e-03
4.895e-03
3.497e-03
3.497e-03
3.497e-03
3.147e-03
3.147e-03
2.448e-03
5.594e-03
2.797e-03
2.448e-03
2.797e-03
5.594e-03
3.147e-03
3.846e-03
4.545e-03
3.846e-03
5.944e-03
3.846e-03
2.098e-03
4.545e-03
3.147e-03
3.497e-03
2.797e-03
2.448e-03
4.895e-03
2.797e-03
2.797e-03
2.448e-03
5.944e-03
2.797e-03
2.098e-03
1.399e-03
3.147e-03
1.399e-03
1.748e-03
2.797e-03
2.797e-03
3.846e-03
2.797e-03
1.748e-03
1.399e-03
3.497e-03
6.993e-04
4.196e-03
2.448e-03
1.049e-03
1.748e-03
1.748e-03
1.399e-03
0.000e+00
1.049e-03
1.049e-03
6.993e-04
3.497e-04
1.049e-03
3.497e-04
1.049e-03
3.497e-04
3.497e-04
3.497e-04
0.000e+00
3.497e-04
3.497e-04
0.000e+00
3.497e-04
0.000e+00
3.497e-04
0.000e+00
0.000e+00
0.000e+00
0.000e+00
0.000e+00
0.000e+00
0.000e+00
0.000e+00
0.000e+00
0.000e+00
3.497e-04
0.000e+00
3.497e-04
0.000e+00
0.000e+00
0.000e+00
6.993e-04
0.000e+00
0.000e+00
0.000e+00
3.497e-04
0.000e+00
0.000e+00
0.000e+00
3.497e-04
0.000e+00
0.000e+00
0.000e+00
3.497e-04
0.000e+00
1.748e-03
0.000e+00
3.497e-04
0.000e+00
0.000e+00
0.000e+00
3.497e-04
0.000e+00
0.000e+00
3.497e-04
0.000e+00
0.000e+00
0.000e+00
0.000e+00
0.000e+00
3.497e-04
0.000e+00
0.000e+00
0.000e+00
0.000e+00
0.000e+00
0.000e+00
0.000e+00
3.497e-04
0.000e+00
0.000e+00
0.000e+00
0.000e+00
0.000e+00
0.000e+00
0.000e+00
0.000e+00
0.000e+00
0.000e+00
3.497e-04
0.000e+00
0.000e+00
0.000e+00
0.000e+00
3.497e-04
3.497e-04
3.497e-04
1.748e-03
1.049e-03
0.000e+00
6.993e-04
1.049e-03
6.993e-04
2.797e-03
6.993e-04
1.748e-03
3.497e-04
3.846e-03
6.993e-04
0.000e+00
2.448e-03
3.846e-03
1.049e-03
3.497e-04
1.748e-03
3.147e-03
3.846e-03
2.797e-03
4.196e-03
2.098e-03
3.846e-03
1.748e-03
3.497e-03
2.448e-03
3.497e-03
1.399e-03
2.797e-03
4.196e-03
3.147e-03
3.497e-03
4.545e-03
3.497e-03
4.545e-03
1.399e-03
3.846e-03
2.797e-03
3.846e-03
2.448e-03
5.245e-03
2.448e-03
2.797e-03
4.196e-03
3.147e-03
3.497e-03
3.846e-03
4.196e-03
5.944e-03
2.448e-03
2.098e-03
5.245e-03
2.797e-03
4.196e-03
5.944e-03
2.797e-03
3.497e-03
3.147e-03
3.846e-03
3.497e-03
1.748e-03
2.797e-03
4.545e-03
4.895e-03
3.147e-03
3.497e-03
2.448e-03
1.748e-03
1.399e-03
2.098e-03
2.098e-03
2.797e-03
2.098e-03
3.846e-03
4.895e-03
6.993e-04
2.098e-03
2.098e-03
3.147e-03
2.448e-03
2.098e-03
1.399e-03
6.993e-04
2.448e-03
6.993e-04
1.049e-03
1.399e-03
1.399e-03
1.049e-03
0.000e+00
3.497e-04
1.049e-03
1.049e-03
0.000e+00
0.000e+00
0.000e+00
3.497e-04
0.000e+00
0.000e+00
0.000e+00
0.000e+00
0.000e+00
0.000e+00
0.000e+00
3.497e-04
0.000e+00
0.000e+00
0.000e+00
0.000e+00
0.000e+00
0.000e+00
0.000e+00
0.000e+00
3.497e-04
0.000e+00
3.497e-04
0.000e+00
3.497e-04
0.000e+00
0.000e+00
0.000e+00
0.000e+00
3.497e-04
0.000e+00
3.497e-04
0.000e+00
0.000e+00
0.000e+00
0.000e+00
0.000e+00
3.497e-04
0.000e+00
0.000e+00
0.000e+00
0.000e+00
6.993e-04
0.000e+00
3.497e-04
