7.340e+02
6.610e+02
5.650e+02
4.770e+02
4.130e+02
3.630e+02
3.270e+02
3.090e+02
2.900e+02
2.800e+02
2.440e+02
2.210e+02
2.000e+02
1.870e+02
1.870e+02
1.810e+02
1.880e+02
1.560e+02
1.650e+02
1.500e+02
1.570e+02
1.240e+02
1.370e+02
1.170e+02
9.800e+01
1.050e+02
1.030e+02
9.500e+01
8.100e+01
1.040e+02
9.300e+01
9.100e+01
8.900e+01
7.900e+01
7.500e+01
9.300e+01
8.600e+01
8.600e+01
8.700e+01
1.100e+02
1.130e+02
9.800e+01
9.500e+01
1.120e+02
1.020e+02
9.800e+01
9.600e+01
1.040e+02
9.400e+01
1.130e+02
9.300e+01
1.110e+02
1.310e+02
1.350e+02
1.800e+02
1.480e+02
2.070e+02
2.700e+02
2.830e+02
2.370e+02
1.840e+02
1.390e+02
1.300e+02
1.130e+02
9.100e+01
8.300e+01
7.600e+01
6.100e+01
6.400e+01
7.100e+01
8.000e+01
4.900e+01
3.700e+01
3.200e+01
5.100e+01
5.200e+01
5.100e+01
4.700e+01
3.900e+01
3.900e+01
3.100e+01
3.900e+01
4.600e+01
3.100e+01
3.600e+01
3.500e+01
3.400e+01
3.700e+01
3.200e+01
3.000e+01
2.600e+01
3.100e+01
4.000e+01
2.500e+01
2.900e+01
2.800e+01
3.800e+01
2.900e+01
2.500e+01
3.100e+01
2.200e+01
2.500e+01
2.500e+01
2.800e+01
2.900e+01
2.400e+01
2.200e+01
3.000e+01
3.300e+01
2.400e+01
2.600e+01
2.100e+01
3.100e+01
3.300e+01
2.800e+01
2.800e+01
3.800e+01
2.800e+01
2.400e+01
2.800e+01
3.700e+01
2.600e+01
4.000e+01
2.200e+01
1.900e+01
2.700e+01
3.100e+01
2.400e+01
1.700e+01
3.000e+01
2.300e+01
3.200e+01
2.300e+01
3.200e+01
2.700e+01
2.700e+01
2.600e+01
2.100e+01
3.400e+01
2.900e+01
3.300e+01
3.000e+01
3.200e+01
3.300e+01
3.400e+01
3.200e+01
4.100e+01
3.900e+01
4.300e+01
3.200e+01
5.100e+01
5.100e+01
4.400e+01
3.900e+01
5.300e+01
4.500e+01
4.800e+01
5.500e+01
5.400e+01
6.800e+01
5.200e+01
5.900e+01
5.400e+01
6.000e+01
4.600e+01
6.000e+01
6.500e+01
6.900e+01
7.400e+01
6.800e+01
6.200e+01
5.900e+01
5.000e+01
7.200e+01
6.800e+01
7.200e+01
6.100e+01
7.600e+01
7.700e+01
7.600e+01
9.400e+01
7.300e+01
9.300e+01
7.800e+01
6.800e+01
5.800e+01
6.600e+01
8.300e+01
7.100e+01
7.700e+01
8.300e+01
7.300e+01
7.200e+01
7.300e+01
5.200e+01
5.100e+01
5.800e+01
5.300e+01
5.600e+01
4.100e+01
4.700e+01
4.400e+01
5.100e+01
5.400e+01
5.200e+01
6.100e+01
3.900e+01
5.000e+01
3.400e+01
5.000e+01
4.400e+01
3.800e+01
4.300e+01
3.300e+01
2.300e+01
2.400e+01
3.500e+01
1.900e+01
3.400e+01
3.100e+01
2.500e+01
3.200e+01
2.500e+01
2.400e+01
1.900e+01
2.600e+01
2.400e+01
1.800e+01
2.200e+01
2.300e+01
2.300e+01
2.100e+01
2.400e+01
2.600e+01
2.400e+01
3.400e+01
2.300e+01
2.900e+01
2.600e+01
3.300e+01
3.300e+01
3.000e+01
2.400e+01
2.600e+01
3.700e+01
3.800e+01
2.500e+01
3.000e+01
2.700e+01
2.400e+01
3.000e+01
3.100e+01
5.000e+01
2.200e+01
2.100e+01
3.000e+01
3.200e+01
2.300e+01
2.600e+01
3.000e+01
2.000e+01
1.900e+01
3.000e+01
4.700e+01
2.600e+01
2.900e+01
3.300e+01
2.700e+01
3.800e+01
3.400e+01
2.700e+01
3.600e+01
2.900e+01
3.500e+01
4.400e+01
2.500e+01
3.500e+01
3.000e+01
4.500e+01
3.300e+01
3.200e+01
4.400e+01
4.100e+01
4.100e+01
3.300e+01
4.900e+01
4.800e+01
4.400e+01
5.100e+01
3.900e+01
4.900e+01
7.100e+01
5.300e+01
6.800e+01
7.300e+01
7.800e+01
7.700e+01
1.050e+02
1.390e+02
1.510e+02
2.060e+02
2.620e+02
2.790e+02
2.220e+02
2.320e+02
1.710e+02
1.850e+02
1.370e+02
1.250e+02
1.230e+02
1.260e+02
1.010e+02
8.400e+01
9.300e+01
9.300e+01
1.100e+02
1.040e+02
1.170e+02
1.030e+02
8.600e+01
8.900e+01
8.800e+01
1.020e+02
9.600e+01
9.500e+01
9.100e+01
8.400e+01
9.400e+01
7.300e+01
9.100e+01
1.110e+02
8.200e+01
9.800e+01
1.050e+02
1.050e+02
1.190e+02
9.500e+01
1.130e+02
1.050e+02
1.070e+02
1.140e+02
1.500e+02
1.430e+02
1.550e+02
1.840e+02
1.940e+02
1.730e+02
1.920e+02
2.220e+02
2.220e+02
2.540e+02
2.310e+02
2.800e+02
2.950e+02
3.450e+02
3.370e+02
3.790e+02
5.080e+02
5.860e+02
6.350e+02
