0.000e+00
0.000e+00
0.000e+00
0.000e+00
0.000e+00
0.000e+00
0.000e+00
0.000e+00
0.000e+00
0.000e+00
0.000e+00
0.000e+00
0.000e+00
0.000e+00
0.000e+00
0.000e+00
0.000e+00
0.000e+00
0.000e+00
0.000e+00
0.000e+00
0.000e+00
0.000e+00
0.000e+00
0.000e+00
0.000e+00
0.000e+00
0.000e+00
0.000e+00
0.000e+00
0.000e+00
0.000e+00
0.000e+00
0.000e+00
0.000e+00
0.000e+00
0.000e+00
0.000e+00
0.000e+00
0.000e+00
0.000e+00
0.000e+00
0.000e+00
0.000e+00
0.000e+00
0.000e+00
0.000e+00
0.000e+00
0.000e+00
0.000e+00
0.000e+00
0.000e+00
3.745e-03
0.000e+00
0.000e+00
0.000e+00
7.491e-03
0.000e+00
3.745e-03
0.000e+00
0.000e+00
3.745e-03
0.000e+00
7.491e-03
1.124e-02
1.873e-02
1.498e-02
2.622e-02
7.491e-03
1.124e-02
0.000e+00
7.491e-03
3.745e-03
0.000e+00
0.000e+00
7.491e-03
0.000e+00
1.498e-02
3.745e-03
0.000e+00
3.745e-03
0.000e+00
0.000e+00
0.000e+00
3.745e-03
3.745e-03
0.000e+00
0.000e+00
0.000e+00
0.000e+00
3.745e-03
0.000e+00
0.000e+00
0.000e+00
0.000e+00
0.000e+00
0.000e+00
0.000e+00
0.000e+00
0.000e+00
0.000e+00
0.000e+00
0.000e+00
0.000e+00
0.000e+00
0.000e+00
0.000e+00
0.000e+00
3.745e-03
0.000e+00
0.000e+00
0.000e+00
0.000e+00
0.000e+00
0.000e+00
0.000e+00
0.000e+00
0.000e+00
0.000e+00
0.000e+00
0.000e+00
3.745e-03
0.000e+00
0.000e+00
0.000e+00
0.000e+00
0.000e+00
0.000e+00
0.000e+00
0.000e+00
0.000e+00
3.745e-03
0.000e+00
0.000e+00
0.000e+00
0.000e+00
0.000e+00
0.000e+00
0.000e+00
0.000e+00
3.745e-03
0.000e+00
0.000e+00
0.000e+00
0.000e+00
3.745e-03
0.000e+00
0.000e+00
3.745e-03
0.000e+00
3.745e-03
0.000e+00
3.745e-03
0.000e+00
3.745e-03
0.000e+00
3.745e-03
0.000e+00
7.491e-03
3.745e-03
7.491e-03
7.491e-03
7.491e-03
0.000e+00
0.000e+00
0.000e+00
7.491e-03
1.124e-02
3.745e-03
3.745e-03
0.000e+00
3.745e-03
7.491e-03
1.873e-02
3.745e-03
1.124e-02
3.745e-03
2.247e-02
5.618e-02
7.116e-02
1.273e-01
1.011e-01
4.869e-02
1.498e-02
1.873e-02
7.491e-03
1.124e-02
3.745e-03
7.491e-03
3.745e-03
3.745e-03
1.498e-02
0.000e+00
0.000e+00
0.000e+00
0.000e+00
0.000e+00
0.000e+00
3.745e-03
0.000e+00
0.000e+00
0.000e+00
0.000e+00
0.000e+00
3.745e-03
3.745e-03
7.491e-03
3.745e-03
0.000e+00
0.000e+00
3.745e-03
0.000e+00
0.000e+00
0.000e+00
0.000e+00
0.000e+00
0.000e+00
0.000e+00
0.000e+00
0.000e+00
0.000e+00
0.000e+00
0.000e+00
0.000e+00
0.000e+00
0.000e+00
0.000e+00
0.000e+00
0.000e+00
0.000e+00
0.000e+00
0.000e+00
0.000e+00
0.000e+00
0.000e+00
0.000e+00
0.000e+00
0.000e+00
0.000e+00
0.000e+00
0.000e+00
0.000e+00
0.000e+00
0.000e+00
0.000e+00
0.000e+00
0.000e+00
0.000e+00
0.000e+00
0.000e+00
0.000e+00
0.000e+00
0.000e+00
0.000e+00
0.000e+00
0.000e+00
0.000e+00
0.000e+00
0.000e+00
0.000e+00
3.745e-03
0.000e+00
0.000e+00
0.000e+00
0.000e+00
0.000e+00
0.000e+00
0.000e+00
0.000e+00
0.000e+00
0.000e+00
0.000e+00
0.000e+00
3.745e-03
0.000e+00
0.000e+00
0.000e+00
0.000e+00
0.000e+00
0.000e+00
3.745e-03
3.745e-03
3.745e-03
0.000e+00
0.000e+00
3.745e-03
7.491e-03
0.000e+00
1.124e-02
0.000e+00
3.745e-03
0.000e+00
2.622e-02
1.498e-02
3.745e-03
1.124e-02
3.745e-03
3.745e-03
3.745e-03
1.124e-02
3.745e-03
0.000e+00
0.000e+00
0.000e+00
0.000e+00
0.000e+00
0.000e+00
0.000e+00
3.745e-03
0.000e+00
7.491e-03
0.000e+00
0.000e+00
0.000e+00
0.000e+00
3.745e-03
0.000e+00
0.000e+00
0.000e+00
0.000e+00
0.000e+00
3.745e-03
0.000e+00
0.000e+00
0.000e+00
0.000e+00
0.000e+00
0.000e+00
0.000e+00
0.000e+00
0.000e+00
0.000e+00
0.000e+00
0.000e+00
0.000e+00
0.000e+00
0.000e+00
0.000e+00
0.000e+00
0.000e+00
0.000e+00
0.000e+00
0.000e+00
0.000e+00
0.000e+00
0.000e+00
0.000e+00
0.000e+00
0.000e+00
0.000e+00
0.000e+00
0.000e+00
0.000e+00
0.000e+00
0.000e+00
0.000e+00
0.000e+00
0.000e+00
0.000e+00
0.000e+00
