0.000e+00
0.000e+00
0.000e+00
0.000e+00
0.000e+00
0.000e+00
0.000e+00
0.000e+00
0.000e+00
0.000e+00
0.000e+00
0.000e+00
0.000e+00
0.000e+00
0.000e+00
0.000e+00
0.000e+00
0.000e+00
0.000e+00
0.000e+00
0.000e+00
0.000e+00
0.000e+00
0.000e+00
0.000e+00
0.000e+00
0.000e+00
0.000e+00
0.000e+00
0.000e+00
0.000e+00
0.000e+00
7.716e-04
0.000e+00
0.000e+00
0.000e+00
0.000e+00
0.000e+00
0.000e+00
0.000e+00
0.000e+00
0.000e+00
0.000e+00
0.000e+00
0.000e+00
0.000e+00
0.000e+00
7.716e-04
7.716e-04
0.000e+00
7.716e-04
0.000e+00
2.315e-03
0.000e+00
0.000e+00
2.315e-03
3.858e-03
1.543e-03
7.716e-04
7.716e-04
0.000e+00
3.858e-03
3.858e-03
7.716e-03
6.173e-03
6.944e-03
8.488e-03
1.312e-02
7.716e-03
6.173e-03
3.858e-03
6.944e-03
8.488e-03
3.858e-03
3.858e-03
7.716e-03
1.080e-02
7.716e-03
7.716e-03
5.401e-03
1.543e-03
3.086e-03
7.716e-04
1.543e-03
2.315e-03
1.543e-03
7.716e-04
0.000e+00
0.000e+00
0.000e+00
1.543e-03
0.000e+00
2.315e-03
0.000e+00
0.000e+00
0.000e+00
0.000e+00
0.000e+00
7.716e-04
7.716e-04
0.000e+00
0.000e+00
7.716e-04
0.000e+00
0.000e+00
0.000e+00
1.543e-03
0.000e+00
1.543e-03
0.000e+00
0.000e+00
0.000e+00
0.000e+00
1.543e-03
7.716e-04
0.000e+00
0.000e+00
0.000e+00
7.716e-04
0.000e+00
7.716e-04
7.716e-04
0.000e+00
0.000e+00
0.000e+00
0.000e+00
7.716e-04
0.000e+00
0.000e+00
1.543e-03
0.000e+00
1.543e-03
0.000e+00
0.000e+00
0.000e+00
0.000e+00
0.000e+00
0.000e+00
0.000e+00
0.000e+00
1.543e-03
0.000e+00
7.716e-04
0.000e+00
0.000e+00
1.543e-03
0.000e+00
0.000e+00
7.716e-04
0.000e+00
1.543e-03
7.716e-04
7.716e-04
7.716e-04
7.716e-04
7.716e-04
7.716e-04
2.315e-03
3.086e-03
3.086e-03
3.858e-03
3.086e-03
2.315e-03
1.543e-03
7.716e-04
3.086e-03
3.858e-03
5.401e-03
1.543e-03
2.315e-03
4.630e-03
3.858e-03
6.944e-03
8.488e-03
4.630e-03
9.259e-03
1.312e-02
2.083e-02
4.552e-02
7.253e-02
2.052e-01
7.407e-02
3.935e-02
2.238e-02
1.620e-02
1.312e-02
1.620e-02
5.401e-03
8.488e-03
6.173e-03
3.858e-03
5.401e-03
1.543e-03
3.858e-03
2.315e-03
7.716e-04
7.716e-04
1.543e-03
3.858e-03
7.716e-04
1.543e-03
1.543e-03
0.000e+00
0.000e+00
3.086e-03
1.543e-03
1.543e-03
1.543e-03
0.000e+00
7.716e-04
7.716e-04
7.716e-04
0.000e+00
0.000e+00
0.000e+00
0.000e+00
0.000e+00
1.543e-03
0.000e+00
0.000e+00
0.000e+00
0.000e+00
0.000e+00
0.000e+00
0.000e+00
0.000e+00
7.716e-04
1.543e-03
0.000e+00
7.716e-04
7.716e-04
0.000e+00
0.000e+00
0.000e+00
0.000e+00
0.000e+00
0.000e+00
0.000e+00
0.000e+00
7.716e-04
0.000e+00
0.000e+00
0.000e+00
0.000e+00
0.000e+00
0.000e+00
0.000e+00
0.000e+00
0.000e+00
0.000e+00
0.000e+00
7.716e-04
0.000e+00
0.000e+00
0.000e+00
0.000e+00
7.716e-04
7.716e-04
0.000e+00
0.000e+00
7.716e-04
7.716e-04
7.716e-04
0.000e+00
1.543e-03
0.000e+00
0.000e+00
7.716e-04
0.000e+00
7.716e-04
0.000e+00
2.315e-03
0.000e+00
7.716e-04
0.000e+00
0.000e+00
7.716e-04
2.315e-03
7.716e-04
7.716e-04
3.086e-03
3.086e-03
3.086e-03
3.858e-03
5.401e-03
4.630e-03
5.401e-03
3.086e-03
5.401e-03
7.716e-04
6.944e-03
6.173e-03
1.389e-02
6.173e-03
4.630e-03
5.401e-03
8.488e-03
5.401e-03
3.086e-03
4.630e-03
1.543e-03
1.543e-03
1.543e-03
1.543e-03
0.000e+00
0.000e+00
0.000e+00
7.716e-04
7.716e-04
7.716e-04
2.315e-03
7.716e-04
1.543e-03
0.000e+00
0.000e+00
1.543e-03
7.716e-04
0.000e+00
1.543e-03
0.000e+00
0.000e+00
7.716e-04
0.000e+00
7.716e-04
0.000e+00
0.000e+00
7.716e-04
0.000e+00
0.000e+00
7.716e-04
0.000e+00
0.000e+00
0.000e+00
0.000e+00
0.000e+00
0.000e+00
0.000e+00
0.000e+00
0.000e+00
0.000e+00
0.000e+00
0.000e+00
0.000e+00
0.000e+00
0.000e+00
0.000e+00
0.000e+00
0.000e+00
0.000e+00
0.000e+00
0.000e+00
0.000e+00
0.000e+00
0.000e+00
0.000e+00
0.000e+00
0.000e+00
0.000e+00
0.000e+00
0.000e+00
