0.000e+00
0.000e+00
0.000e+00
0.000e+00
0.000e+00
0.000e+00
0.000e+00
0.000e+00
0.000e+00
0.000e+00
0.000e+00
0.000e+00
0.000e+00
0.000e+00
0.000e+00
0.000e+00
0.000e+00
0.000e+00
0.000e+00
0.000e+00
0.000e+00
0.000e+00
0.000e+00
0.000e+00
0.000e+00
0.000e+00
0.000e+00
0.000e+00
0.000e+00
0.000e+00
0.000e+00
0.000e+00
0.000e+00
0.000e+00
0.000e+00
0.000e+00
0.000e+00
0.000e+00
0.000e+00
0.000e+00
0.000e+00
0.000e+00
0.000e+00
0.000e+00
0.000e+00
0.000e+00
0.000e+00
0.000e+00
0.000e+00
0.000e+00
0.000e+00
0.000e+00
0.000e+00
0.000e+00
3.858e-04
0.000e+00
7.716e-04
0.000e+00
0.000e+00
0.000e+00
0.000e+00
0.000e+00
0.000e+00
3.858e-04
3.858e-04
3.858e-04
1.543e-03
7.716e-04
0.000e+00
1.543e-03
2.701e-03
2.701e-03
1.929e-03
1.543e-03
1.543e-03
3.472e-03
3.086e-03
1.543e-03
3.472e-03
3.086e-03
1.157e-03
1.543e-03
1.157e-03
0.000e+00
1.929e-03
1.157e-03
3.858e-04
3.858e-04
3.858e-04
0.000e+00
0.000e+00
3.858e-04
0.000e+00
7.716e-04
7.716e-04
3.858e-04
7.716e-04
3.858e-04
0.000e+00
0.000e+00
0.000e+00
3.858e-04
0.000e+00
0.000e+00
0.000e+00
0.000e+00
7.716e-04
3.858e-04
0.000e+00
3.858e-04
3.858e-04
3.858e-04
0.000e+00
0.000e+00
0.000e+00
0.000e+00
0.000e+00
0.000e+00
0.000e+00
0.000e+00
0.000e+00
0.000e+00
0.000e+00
0.000e+00
0.000e+00
0.000e+00
0.000e+00
3.858e-04
0.000e+00
3.858e-04
0.000e+00
0.000e+00
0.000e+00
0.000e+00
0.000e+00
0.000e+00
0.000e+00
0.000e+00
0.000e+00
0.000e+00
0.000e+00
3.858e-04
0.000e+00
7.716e-04
0.000e+00
3.858e-04
0.000e+00
0.000e+00
0.000e+00
3.858e-04
3.858e-04
7.716e-04
3.858e-04
0.000e+00
0.000e+00
3.858e-04
0.000e+00
7.716e-04
1.157e-03
7.716e-04
7.716e-04
1.543e-03
2.315e-03
1.157e-03
1.929e-03
1.157e-03
3.858e-03
5.787e-03
4.244e-03
5.401e-03
1.003e-02
1.042e-02
1.235e-02
1.080e-02
1.582e-02
1.505e-02
1.736e-02
1.775e-02
2.585e-02
2.508e-02
2.585e-02
2.238e-02
2.739e-02
2.160e-02
1.775e-02
1.312e-02
8.873e-03
1.582e-02
8.488e-03
8.102e-03
8.488e-03
6.559e-03
4.630e-03
5.401e-03
2.315e-03
3.086e-03
2.315e-03
2.701e-03
2.315e-03
2.701e-03
1.929e-03
1.543e-03
7.716e-04
1.543e-03
1.157e-03
1.543e-03
0.000e+00
7.716e-04
0.000e+00
7.716e-04
7.716e-04
0.000e+00
0.000e+00
0.000e+00
7.716e-04
0.000e+00
0.000e+00
0.000e+00
0.000e+00
0.000e+00
0.000e+00
7.716e-04
0.000e+00
0.000e+00
0.000e+00
0.000e+00
0.000e+00
0.000e+00
0.000e+00
0.000e+00
0.000e+00
0.000e+00
0.000e+00
0.000e+00
0.000e+00
0.000e+00
0.000e+00
0.000e+00
3.858e-04
0.000e+00
0.000e+00
0.000e+00
3.858e-04
0.000e+00
0.000e+00
0.000e+00
0.000e+00
0.000e+00
0.000e+00
0.000e+00
3.858e-04
3.858e-04
3.858e-04
0.000e+00
0.000e+00
7.716e-04
0.000e+00
0.000e+00
7.716e-04
0.000e+00
7.716e-04
0.000e+00
0.000e+00
0.000e+00
0.000e+00
0.000e+00
0.000e+00
0.000e+00
3.858e-04
7.716e-04
0.000e+00
1.157e-03
0.000e+00
3.858e-04
3.858e-04
1.543e-03
1.543e-03
3.858e-04
1.157e-03
1.929e-03
1.157e-03
1.543e-03
2.315e-03
1.543e-03
1.543e-03
1.543e-03
0.000e+00
3.858e-04
1.157e-03
2.315e-03
1.157e-03
1.543e-03
1.157e-03
7.716e-04
1.543e-03
7.716e-04
3.858e-04
0.000e+00
7.716e-04
3.858e-04
0.000e+00
0.000e+00
0.000e+00
3.858e-04
0.000e+00
0.000e+00
0.000e+00
0.000e+00
0.000e+00
0.000e+00
0.000e+00
0.000e+00
0.000e+00
0.000e+00
0.000e+00
0.000e+00
0.000e+00
0.000e+00
0.000e+00
0.000e+00
0.000e+00
0.000e+00
0.000e+00
0.000e+00
0.000e+00
0.000e+00
0.000e+00
0.000e+00
0.000e+00
0.000e+00
0.000e+00
0.000e+00
0.000e+00
0.000e+00
0.000e+00
0.000e+00
0.000e+00
0.000e+00
0.000e+00
0.000e+00
0.000e+00
0.000e+00
0.000e+00
0.000e+00
0.000e+00
0.000e+00
0.000e+00
0.000e+00
0.000e+00
0.000e+00
0.000e+00
0.000e+00
0.000e+00
0.000e+00
0.000e+00
0.000e+00
0.000e+00
0.000e+00
0.000e+00
0.000e+00
