0.000e+00
0.000e+00
0.000e+00
0.000e+00
0.000e+00
0.000e+00
0.000e+00
0.000e+00
0.000e+00
0.000e+00
0.000e+00
0.000e+00
0.000e+00
0.000e+00
0.000e+00
0.000e+00
0.000e+00
0.000e+00
0.000e+00
0.000e+00
0.000e+00
0.000e+00
0.000e+00
0.000e+00
0.000e+00
0.000e+00
0.000e+00
0.000e+00
0.000e+00
0.000e+00
0.000e+00
0.000e+00
0.000e+00
0.000e+00
0.000e+00
0.000e+00
0.000e+00
0.000e+00
0.000e+00
0.000e+00
0.000e+00
0.000e+00
0.000e+00
0.000e+00
0.000e+00
0.000e+00
0.000e+00
0.000e+00
0.000e+00
2.514e-04
0.000e+00
5.029e-04
5.029e-04
2.514e-04
5.029e-04
0.000e+00
1.257e-03
5.029e-04
2.514e-04
5.029e-04
1.006e-03
1.760e-03
2.514e-03
1.257e-03
2.012e-03
3.520e-03
4.275e-03
5.280e-03
4.023e-03
5.029e-03
6.538e-03
3.269e-03
6.789e-03
4.275e-03
3.772e-03
5.532e-03
3.772e-03
5.280e-03
4.777e-03
4.777e-03
7.292e-03
7.292e-03
1.986e-02
3.193e-02
2.137e-02
1.106e-02
4.023e-03
5.783e-03
2.766e-03
2.514e-03
3.017e-03
3.017e-03
1.509e-03
3.017e-03
2.766e-03
2.263e-03
1.760e-03
2.012e-03
2.514e-03
2.012e-03
1.509e-03
2.766e-03
1.509e-03
1.760e-03
1.760e-03
7.543e-04
1.509e-03
1.760e-03
2.514e-03
1.257e-03
1.006e-03
1.257e-03
1.760e-03
1.257e-03
1.760e-03
2.514e-04
1.006e-03
7.543e-04
7.543e-04
7.543e-04
5.029e-04
2.514e-04
1.257e-03
7.543e-04
7.543e-04
1.257e-03
7.543e-04
5.029e-04
2.514e-04
5.029e-04
5.029e-04
7.543e-04
5.029e-04
5.029e-04
1.006e-03
1.006e-03
1.257e-03
1.006e-03
1.006e-03
1.760e-03
7.543e-04
2.514e-04
1.257e-03
1.257e-03
1.509e-03
1.509e-03
2.514e-04
1.509e-03
1.760e-03
1.257e-03
1.509e-03
1.257e-03
3.520e-03
2.012e-03
2.012e-03
1.760e-03
2.263e-03
2.766e-03
3.017e-03
1.257e-03
1.760e-03
2.263e-03
4.526e-03
5.029e-03
4.275e-03
3.269e-03
5.783e-03
4.275e-03
6.789e-03
6.538e-03
6.789e-03
4.777e-03
9.555e-03
1.081e-02
1.106e-02
1.383e-02
1.509e-02
1.685e-02
2.037e-02
3.395e-02
4.275e-02
2.841e-02
2.313e-02
1.810e-02
1.257e-02
1.081e-02
9.555e-03
7.292e-03
5.783e-03
8.298e-03
7.292e-03
6.286e-03
5.029e-03
6.035e-03
3.520e-03
4.275e-03
5.280e-03
3.772e-03
3.520e-03
2.514e-03
1.509e-03
2.012e-03
7.543e-04
3.772e-03
2.263e-03
2.263e-03
1.509e-03
7.543e-04
1.006e-03
1.760e-03
5.029e-04
2.012e-03
1.257e-03
2.012e-03
1.760e-03
1.006e-03
1.006e-03
2.514e-04
1.257e-03
2.263e-03
2.514e-04
7.543e-04
2.012e-03
1.257e-03
5.029e-04
7.543e-04
5.029e-04
1.257e-03
7.543e-04
7.543e-04
5.029e-04
1.006e-03
1.509e-03
5.029e-04
7.543e-04
1.006e-03
2.514e-04
7.543e-04
7.543e-04
1.006e-03
1.257e-03
2.514e-04
1.257e-03
1.509e-03
5.029e-04
5.029e-04
1.509e-03
1.006e-03
1.760e-03
2.012e-03
3.269e-03
2.263e-03
1.006e-03
2.514e-03
2.514e-03
2.514e-03
2.263e-03
2.012e-03
2.514e-03
1.760e-03
1.509e-03
1.760e-03
2.263e-03
1.760e-03
2.263e-03
3.520e-03
2.514e-03
4.023e-03
3.269e-03
3.269e-03
1.760e-03
1.760e-03
2.514e-03
2.514e-03
6.035e-03
7.292e-03
2.162e-02
3.344e-02
1.760e-02
1.358e-02
7.543e-03
2.766e-03
4.526e-03
4.275e-03
5.029e-03
3.772e-03
3.520e-03
3.269e-03
3.520e-03
4.526e-03
4.275e-03
4.777e-03
4.526e-03
4.777e-03
3.017e-03
3.772e-03
4.526e-03
2.263e-03
1.006e-03
2.514e-03
1.509e-03
7.543e-04
2.514e-04
2.514e-04
5.029e-04
5.029e-04
2.514e-04
0.000e+00
5.029e-04
2.514e-04
2.514e-04
2.514e-04
0.000e+00
0.000e+00
0.000e+00
0.000e+00
0.000e+00
0.000e+00
0.000e+00
0.000e+00
0.000e+00
0.000e+00
0.000e+00
0.000e+00
0.000e+00
0.000e+00
0.000e+00
0.000e+00
0.000e+00
0.000e+00
2.514e-04
0.000e+00
0.000e+00
0.000e+00
0.000e+00
0.000e+00
0.000e+00
0.000e+00
0.000e+00
0.000e+00
0.000e+00
0.000e+00
0.000e+00
0.000e+00
0.000e+00
0.000e+00
0.000e+00
0.000e+00
0.000e+00
0.000e+00
0.000e+00
0.000e+00
0.000e+00
0.000e+00
0.000e+00
0.000e+00
0.000e+00
0.000e+00
0.000e+00
0.000e+00
