4.130e+02
1.860e+02
1.220e+02
1.040e+02
9.400e+01
8.800e+01
8.500e+01
8.000e+01
9.000e+01
9.100e+01
8.400e+01
9.500e+01
1.140e+02
8.700e+01
1.050e+02
1.100e+02
1.430e+02
1.030e+02
9.600e+01
1.020e+02
9.700e+01
1.230e+02
9.000e+01
1.000e+02
9.600e+01
7.500e+01
8.000e+01
8.000e+01
6.900e+01
9.500e+01
7.600e+01
8.300e+01
5.900e+01
9.300e+01
6.900e+01
8.000e+01
8.300e+01
5.800e+01
4.900e+01
5.800e+01
3.300e+01
3.900e+01
3.400e+01
2.400e+01
1.200e+01
1.000e+01
1.600e+01
8.000e+00
1.700e+01
2.000e+01
4.500e+01
3.000e+01
2.800e+01
1.200e+01
8.000e+00
1.700e+01
3.700e+01
2.500e+01
2.500e+01
2.800e+01
1.200e+01
1.200e+01
4.000e+00
5.000e+00
3.000e+00
4.000e+00
4.000e+00
4.000e+00
6.000e+00
6.000e+00
7.000e+00
9.000e+00
1.200e+01
1.400e+01
1.500e+01
1.800e+01
2.000e+01
1.900e+01
2.600e+01
2.300e+01
1.200e+01
1.700e+01
2.100e+01
1.100e+01
1.100e+01
1.500e+01
2.200e+01
2.800e+01
2.800e+01
2.600e+01
2.700e+01
2.100e+01
1.800e+01
1.700e+01
3.100e+01
1.600e+01
2.700e+01
1.900e+01
1.700e+01
1.300e+01
2.900e+01
2.600e+01
2.300e+01
3.100e+01
2.400e+01
2.700e+01
2.200e+01
2.200e+01
1.500e+01
2.200e+01
2.000e+01
1.400e+01
2.100e+01
1.100e+01
2.100e+01
1.400e+01
2.500e+01
3.000e+01
2.000e+01
2.500e+01
2.100e+01
2.400e+01
2.000e+01
1.900e+01
1.700e+01
1.000e+01
1.600e+01
1.700e+01
1.800e+01
2.200e+01
1.600e+01
1.500e+01
1.700e+01
1.800e+01
1.700e+01
1.700e+01
1.500e+01
1.500e+01
1.700e+01
2.200e+01
2.200e+01
1.800e+01
1.400e+01
1.700e+01
1.100e+01
2.300e+01
7.000e+00
1.800e+01
2.000e+01
1.700e+01
1.500e+01
2.000e+01
1.500e+01
1.400e+01
8.000e+00
1.300e+01
1.100e+01
8.000e+00
7.000e+00
1.300e+01
9.000e+00
5.000e+00
4.000e+00
9.000e+00
3.000e+00
3.000e+00
6.000e+00
2.000e+00
1.000e+00
5.000e+00
7.000e+00
4.000e+00
7.000e+00
7.000e+00
1.000e+00
1.000e+00
3.000e+00
2.000e+00
3.000e+00
1.000e+00
2.000e+00
1.000e+00
4.000e+00
3.000e+00
2.000e+00
6.000e+00
4.000e+00
3.000e+00
3.000e+00
5.000e+00
3.000e+00
2.000e+00
3.000e+00
5.000e+00
3.000e+00
5.000e+00
1.000e+00
4.000e+00
8.000e+00
1.100e+01
5.000e+00
1.200e+01
1.300e+01
1.600e+01
8.000e+00
1.000e+01
1.600e+01
1.400e+01
1.600e+01
1.300e+01
3.000e+01
3.000e+01
1.400e+01
1.500e+01
2.400e+01
9.000e+00
1.800e+01
1.400e+01
1.600e+01
1.600e+01
2.100e+01
1.300e+01
1.500e+01
1.200e+01
1.700e+01
1.100e+01
1.600e+01
1.500e+01
1.600e+01
8.000e+00
1.200e+01
2.400e+01
2.600e+01
1.300e+01
1.900e+01
1.600e+01
2.000e+01
2.100e+01
1.900e+01
2.300e+01
2.200e+01
1.800e+01
1.700e+01
2.000e+01
1.400e+01
1.500e+01
1.900e+01
2.300e+01
2.100e+01
2.400e+01
1.700e+01
1.700e+01
2.400e+01
1.700e+01
2.500e+01
2.300e+01
2.300e+01
2.100e+01
2.200e+01
2.000e+01
2.600e+01
1.500e+01
2.000e+01
2.600e+01
1.500e+01
1.600e+01
2.500e+01
3.200e+01
1.400e+01
2.100e+01
3.000e+01
2.200e+01
2.500e+01
1.300e+01
1.200e+01
1.500e+01
1.100e+01
1.200e+01
1.000e+01
1.000e+01
1.000e+01
1.300e+01
1.900e+01
1.300e+01
1.400e+01
2.200e+01
1.300e+01
2.000e+01
4.900e+01
1.300e+01
8.000e+00
1.100e+01
1.000e+01
4.000e+00
9.000e+00
5.000e+00
1.000e+00
1.000e+00
2.000e+00
1.600e+01
2.200e+01
3.000e+01
2.300e+01
1.900e+01
2.600e+01
1.700e+01
1.600e+01
1.600e+01
2.400e+01
3.200e+01
3.900e+01
1.600e+01
8.000e+00
1.000e+01
1.200e+01
1.700e+01
2.300e+01
2.300e+01
2.800e+01
4.700e+01
3.700e+01
4.000e+01
4.800e+01
5.200e+01
5.600e+01
6.000e+01
8.500e+01
7.900e+01
8.700e+01
9.300e+01
8.700e+01
9.500e+01
7.500e+01
8.400e+01
7.600e+01
8.400e+01
7.900e+01
7.300e+01
8.000e+01
8.600e+01
9.100e+01
1.160e+02
9.900e+01
1.110e+02
1.140e+02
1.110e+02
9.000e+01
6.600e+01
9.100e+01
8.300e+01
8.200e+01
9.000e+01
9.000e+01
9.000e+01
9.400e+01
8.800e+01
1.010e+02
1.300e+02
1.490e+02
2.060e+02
