1.800e+02
1.420e+02
1.100e+02
9.500e+01
8.800e+01
9.100e+01
1.050e+02
9.500e+01
1.020e+02
8.500e+01
7.300e+01
7.900e+01
9.000e+01
9.300e+01
9.300e+01
8.200e+01
9.000e+01
9.700e+01
1.170e+02
1.130e+02
1.200e+02
1.170e+02
1.300e+02
1.320e+02
1.130e+02
1.200e+02
9.700e+01
9.100e+01
9.200e+01
9.100e+01
8.700e+01
7.300e+01
6.600e+01
7.600e+01
1.130e+02
9.200e+01
8.300e+01
6.900e+01
7.700e+01
5.900e+01
5.800e+01
6.200e+01
3.900e+01
3.900e+01
3.200e+01
1.900e+01
2.100e+01
1.200e+01
2.000e+01
2.200e+01
3.100e+01
2.900e+01
2.500e+01
1.200e+01
1.300e+01
1.300e+01
2.500e+01
2.300e+01
2.300e+01
1.800e+01
2.400e+01
2.200e+01
1.000e+01
1.000e+01
6.000e+00
4.000e+00
3.000e+00
3.000e+00
5.000e+00
3.000e+00
4.000e+00
9.000e+00
9.000e+00
1.500e+01
1.700e+01
2.400e+01
1.800e+01
2.000e+01
2.100e+01
2.000e+01
2.600e+01
1.600e+01
1.100e+01
1.100e+01
6.000e+00
8.000e+00
1.600e+01
7.000e+00
2.200e+01
1.900e+01
2.800e+01
2.300e+01
1.800e+01
1.900e+01
2.200e+01
2.600e+01
2.500e+01
1.700e+01
2.000e+01
1.700e+01
2.700e+01
2.900e+01
2.100e+01
1.900e+01
1.500e+01
2.100e+01
2.500e+01
1.900e+01
1.700e+01
1.800e+01
1.800e+01
1.800e+01
1.600e+01
2.200e+01
1.400e+01
2.700e+01
2.000e+01
2.300e+01
2.700e+01
1.900e+01
1.200e+01
2.100e+01
1.900e+01
1.700e+01
1.800e+01
1.300e+01
2.100e+01
1.200e+01
2.300e+01
1.800e+01
3.000e+01
1.300e+01
2.200e+01
2.200e+01
1.700e+01
1.700e+01
2.000e+01
1.800e+01
2.200e+01
1.900e+01
2.200e+01
1.400e+01
1.800e+01
1.900e+01
1.700e+01
2.200e+01
2.200e+01
1.500e+01
2.000e+01
1.900e+01
1.700e+01
1.700e+01
2.200e+01
2.200e+01
1.300e+01
1.900e+01
1.200e+01
1.100e+01
1.300e+01
1.400e+01
8.000e+00
1.100e+01
1.000e+01
1.000e+01
1.400e+01
5.000e+00
5.000e+00
4.000e+00
7.000e+00
6.000e+00
1.000e+00
6.000e+00
6.000e+00
5.000e+00
4.000e+00
3.000e+00
1.000e+00
3.000e+00
3.000e+00
0.000e+00
5.000e+00
4.000e+00
4.000e+00
2.000e+00
3.000e+00
2.000e+00
7.000e+00
7.000e+00
3.000e+00
4.000e+00
3.000e+00
1.000e+00
5.000e+00
5.000e+00
3.000e+00
2.000e+00
1.000e+01
8.000e+00
9.000e+00
1.700e+01
1.000e+01
1.300e+01
1.500e+01
1.400e+01
1.100e+01
1.200e+01
1.800e+01
1.500e+01
2.100e+01
1.500e+01
2.500e+01
2.100e+01
1.600e+01
2.000e+01
1.700e+01
1.900e+01
2.100e+01
1.500e+01
9.000e+00
2.100e+01
9.000e+00
2.000e+01
1.900e+01
1.900e+01
1.500e+01
1.900e+01
1.500e+01
1.400e+01
3.200e+01
2.000e+01
9.000e+00
2.600e+01
1.900e+01
1.600e+01
2.900e+01
1.800e+01
2.200e+01
1.500e+01
2.400e+01
2.200e+01
3.000e+01
2.200e+01
2.100e+01
1.300e+01
1.400e+01
1.800e+01
1.400e+01
9.000e+00
2.000e+01
1.300e+01
2.100e+01
1.700e+01
1.500e+01
1.600e+01
1.300e+01
1.600e+01
2.400e+01
1.200e+01
1.700e+01
2.100e+01
1.900e+01
3.000e+01
2.000e+01
2.200e+01
2.500e+01
2.500e+01
2.600e+01
2.700e+01
2.400e+01
1.800e+01
2.400e+01
1.600e+01
1.500e+01
8.000e+00
8.000e+00
5.000e+00
1.300e+01
9.000e+00
1.200e+01
8.000e+00
1.700e+01
2.100e+01
1.200e+01
1.400e+01
2.400e+01
2.100e+01
3.100e+01
3.200e+01
1.900e+01
1.500e+01
1.100e+01
5.000e+00
1.100e+01
4.000e+00
3.000e+00
0.000e+00
1.000e+00
9.000e+00
1.200e+01
2.400e+01
2.400e+01
2.000e+01
1.800e+01
2.100e+01
2.400e+01
1.300e+01
1.100e+01
1.900e+01
1.900e+01
3.700e+01
3.000e+01
2.100e+01
9.000e+00
1.400e+01
1.100e+01
2.000e+01
2.600e+01
3.600e+01
6.400e+01
5.800e+01
5.500e+01
7.300e+01
6.000e+01
7.300e+01
7.400e+01
8.500e+01
8.300e+01
7.600e+01
7.200e+01
6.600e+01
6.900e+01
7.700e+01
9.700e+01
6.400e+01
8.700e+01
1.000e+02
9.000e+01
1.150e+02
1.110e+02
1.120e+02
8.900e+01
1.010e+02
1.070e+02
8.200e+01
1.090e+02
8.000e+01
1.060e+02
7.700e+01
1.070e+02
7.500e+01
8.100e+01
8.600e+01
1.020e+02
8.100e+01
8.800e+01
1.050e+02
1.150e+02
1.340e+02
1.230e+02
1.320e+02
