0.000e+00
0.000e+00
0.000e+00
0.000e+00
0.000e+00
0.000e+00
0.000e+00
0.000e+00
0.000e+00
0.000e+00
0.000e+00
0.000e+00
0.000e+00
0.000e+00
0.000e+00
0.000e+00
0.000e+00
0.000e+00
0.000e+00
0.000e+00
0.000e+00
0.000e+00
0.000e+00
0.000e+00
0.000e+00
0.000e+00
0.000e+00
0.000e+00
0.000e+00
0.000e+00
0.000e+00
0.000e+00
0.000e+00
0.000e+00
0.000e+00
0.000e+00
0.000e+00
0.000e+00
0.000e+00
0.000e+00
0.000e+00
0.000e+00
0.000e+00
0.000e+00
0.000e+00
0.000e+00
0.000e+00
0.000e+00
0.000e+00
0.000e+00
0.000e+00
0.000e+00
0.000e+00
0.000e+00
0.000e+00
0.000e+00
0.000e+00
0.000e+00
5.029e-04
2.514e-04
1.257e-04
1.257e-04
6.286e-04
2.514e-04
3.772e-04
5.029e-04
1.760e-03
1.006e-03
7.543e-04
1.132e-03
1.634e-03
6.286e-04
1.760e-03
2.012e-03
1.006e-03
1.006e-03
1.257e-03
1.634e-03
1.886e-03
2.263e-03
2.389e-03
2.514e-03
3.269e-03
2.640e-03
2.389e-03
2.892e-03
2.892e-03
1.383e-03
1.383e-03
1.634e-03
1.257e-03
1.132e-03
2.137e-03
1.383e-03
1.132e-03
3.772e-04
8.801e-04
8.801e-04
6.286e-04
1.006e-03
8.801e-04
3.772e-04
2.514e-04
6.286e-04
2.514e-04
8.801e-04
1.257e-04
2.514e-04
8.801e-04
6.286e-04
2.514e-04
3.772e-04
1.257e-03
6.286e-04
2.514e-04
1.257e-04
6.286e-04
2.514e-04
1.257e-04
1.257e-04
5.029e-04
3.772e-04
3.772e-04
5.029e-04
5.029e-04
0.000e+00
2.514e-04
6.286e-04
7.543e-04
1.257e-04
7.543e-04
1.257e-04
3.772e-04
1.257e-04
7.543e-04
0.000e+00
7.543e-04
5.029e-04
2.514e-04
6.286e-04
7.543e-04
6.286e-04
0.000e+00
2.514e-04
1.006e-03
8.801e-04
3.772e-04
5.029e-04
6.286e-04
1.132e-03
8.801e-04
1.257e-03
8.801e-04
1.509e-03
1.383e-03
2.012e-03
2.012e-03
1.132e-03
2.137e-03
2.640e-03
1.886e-03
2.012e-03
2.766e-03
2.514e-03
4.526e-03
3.646e-03
5.406e-03
5.658e-03
5.406e-03
4.777e-03
8.675e-03
7.292e-03
8.298e-03
1.006e-02
1.031e-02
1.006e-02
1.396e-02
1.396e-02
1.245e-02
1.446e-02
1.697e-02
1.396e-02
1.207e-02
1.194e-02
1.018e-02
1.194e-02
9.429e-03
1.018e-02
7.543e-03
7.795e-03
6.035e-03
7.795e-03
6.035e-03
4.652e-03
3.897e-03
3.772e-03
2.892e-03
3.269e-03
2.263e-03
2.766e-03
1.886e-03
2.389e-03
1.886e-03
2.012e-03
1.634e-03
1.886e-03
8.801e-04
8.801e-04
1.132e-03
6.286e-04
8.801e-04
5.029e-04
1.006e-03
5.029e-04
2.514e-04
2.514e-04
6.286e-04
5.029e-04
1.006e-03
3.772e-04
1.132e-03
3.772e-04
5.029e-04
6.286e-04
7.543e-04
0.000e+00
5.029e-04
7.543e-04
1.257e-04
2.514e-04
6.286e-04
2.514e-04
5.029e-04
1.006e-03
2.514e-04
5.029e-04
3.772e-04
2.514e-04
5.029e-04
3.772e-04
5.029e-04
1.006e-03
3.772e-04
5.029e-04
3.772e-04
7.543e-04
0.000e+00
3.772e-04
0.000e+00
3.772e-04
6.286e-04
6.286e-04
7.543e-04
8.801e-04
1.006e-03
1.006e-03
1.132e-03
1.257e-03
2.514e-04
1.383e-03
7.543e-04
6.286e-04
1.132e-03
7.543e-04
1.006e-03
6.286e-04
1.509e-03
1.509e-03
1.383e-03
8.801e-04
2.137e-03
2.514e-03
7.543e-04
2.389e-03
2.389e-03
1.760e-03
2.137e-03
2.640e-03
2.514e-03
2.766e-03
1.634e-03
2.514e-03
1.257e-03
2.389e-03
2.263e-03
1.006e-03
1.132e-03
1.257e-03
6.286e-04
8.801e-04
1.006e-03
1.383e-03
5.029e-04
1.257e-03
8.801e-04
8.801e-04
6.286e-04
3.772e-04
7.543e-04
5.029e-04
1.257e-04
2.514e-04
1.257e-04
1.257e-04
1.257e-04
0.000e+00
0.000e+00
0.000e+00
1.257e-04
0.000e+00
0.000e+00
0.000e+00
0.000e+00
0.000e+00
0.000e+00
0.000e+00
1.257e-04
0.000e+00
0.000e+00
0.000e+00
0.000e+00
0.000e+00
0.000e+00
0.000e+00
0.000e+00
0.000e+00
0.000e+00
0.000e+00
0.000e+00
0.000e+00
0.000e+00
0.000e+00
0.000e+00
0.000e+00
0.000e+00
0.000e+00
0.000e+00
0.000e+00
0.000e+00
0.000e+00
0.000e+00
0.000e+00
0.000e+00
0.000e+00
0.000e+00
0.000e+00
0.000e+00
0.000e+00
0.000e+00
0.000e+00
0.000e+00
0.000e+00
0.000e+00
0.000e+00
0.000e+00
0.000e+00
0.000e+00
0.000e+00
0.000e+00
0.000e+00
