0.000e+00
0.000e+00
0.000e+00
0.000e+00
0.000e+00
0.000e+00
0.000e+00
0.000e+00
0.000e+00
0.000e+00
0.000e+00
0.000e+00
0.000e+00
0.000e+00
0.000e+00
0.000e+00
0.000e+00
0.000e+00
0.000e+00
0.000e+00
0.000e+00
0.000e+00
0.000e+00
0.000e+00
0.000e+00
0.000e+00
0.000e+00
0.000e+00
0.000e+00
0.000e+00
0.000e+00
0.000e+00
0.000e+00
0.000e+00
0.000e+00
0.000e+00
0.000e+00
0.000e+00
0.000e+00
0.000e+00
0.000e+00
0.000e+00
0.000e+00
0.000e+00
0.000e+00
0.000e+00
9.017e-04
0.000e+00
0.000e+00
9.017e-04
9.017e-04
1.803e-03
2.705e-03
0.000e+00
0.000e+00
0.000e+00
4.509e-03
1.803e-03
9.017e-04
9.017e-04
9.017e-04
5.410e-03
6.312e-03
3.607e-03
7.214e-03
7.214e-03
6.312e-03
1.082e-02
9.017e-03
9.919e-03
5.410e-03
5.410e-03
7.214e-03
3.607e-03
9.017e-04
5.410e-03
2.705e-03
6.312e-03
4.509e-03
2.705e-03
3.607e-03
0.000e+00
4.509e-03
9.017e-04
9.017e-04
4.509e-03
9.017e-04
6.312e-03
1.803e-03
2.705e-03
3.607e-03
2.705e-03
3.607e-03
3.607e-03
4.509e-03
2.705e-03
9.017e-04
9.017e-04
0.000e+00
9.017e-04
0.000e+00
1.803e-03
0.000e+00
9.017e-04
1.803e-03
9.017e-04
9.017e-04
2.705e-03
2.705e-03
9.017e-04
1.803e-03
9.017e-04
3.607e-03
0.000e+00
0.000e+00
0.000e+00
0.000e+00
0.000e+00
9.017e-04
0.000e+00
9.017e-04
9.017e-04
2.705e-03
1.803e-03
9.017e-04
1.803e-03
9.017e-04
0.000e+00
0.000e+00
9.017e-04
0.000e+00
9.017e-04
9.017e-04
0.000e+00
9.017e-04
9.017e-04
0.000e+00
0.000e+00
9.017e-04
9.017e-04
1.803e-03
0.000e+00
0.000e+00
1.803e-03
1.803e-03
9.017e-04
0.000e+00
9.017e-04
9.017e-04
1.803e-03
1.803e-03
1.803e-03
3.607e-03
2.705e-03
1.803e-03
0.000e+00
3.607e-03
1.803e-03
5.410e-03
3.607e-03
4.509e-03
6.312e-03
2.705e-03
4.509e-03
2.705e-03
5.410e-03
7.214e-03
4.509e-03
1.172e-02
6.312e-03
7.214e-03
8.115e-03
1.894e-02
1.443e-02
1.172e-02
1.533e-02
1.353e-02
1.984e-02
2.795e-02
4.058e-02
5.410e-02
4.328e-02
2.254e-02
1.713e-02
1.172e-02
1.172e-02
9.919e-03
8.115e-03
8.115e-03
9.919e-03
7.214e-03
1.082e-02
4.509e-03
4.509e-03
5.410e-03
4.509e-03
6.312e-03
4.509e-03
4.509e-03
0.000e+00
1.803e-03
1.803e-03
9.017e-04
7.214e-03
2.705e-03
3.607e-03
4.509e-03
4.509e-03
0.000e+00
2.705e-03
1.803e-03
9.017e-04
1.803e-03
1.803e-03
0.000e+00
0.000e+00
9.017e-04
9.017e-04
9.017e-04
2.705e-03
9.017e-04
0.000e+00
3.607e-03
9.017e-04
0.000e+00
9.017e-04
0.000e+00
1.803e-03
0.000e+00
0.000e+00
0.000e+00
9.017e-04
2.705e-03
0.000e+00
1.803e-03
1.803e-03
0.000e+00
9.017e-04
9.017e-04
0.000e+00
0.000e+00
0.000e+00
0.000e+00
0.000e+00
0.000e+00
0.000e+00
0.000e+00
0.000e+00
0.000e+00
1.803e-03
2.705e-03
0.000e+00
9.017e-04
1.803e-03
1.803e-03
3.607e-03
2.705e-03
3.607e-03
2.705e-03
1.803e-03
2.705e-03
1.803e-03
2.705e-03
1.803e-03
1.803e-03
4.509e-03
4.509e-03
5.410e-03
6.312e-03
4.509e-03
9.017e-04
9.017e-04
0.000e+00
4.509e-03
2.705e-03
0.000e+00
0.000e+00
9.017e-04
3.607e-03
1.803e-03
4.509e-03
3.607e-03
5.410e-03
1.803e-03
3.607e-03
5.410e-03
7.214e-03
3.607e-03
9.017e-03
4.509e-03
8.115e-03
2.705e-03
1.262e-02
9.017e-03
5.410e-03
7.214e-03
9.017e-03
7.214e-03
1.803e-03
6.312e-03
3.607e-03
9.017e-04
0.000e+00
0.000e+00
1.803e-03
1.803e-03
9.017e-04
9.017e-04
2.705e-03
0.000e+00
2.705e-03
9.017e-04
0.000e+00
0.000e+00
0.000e+00
9.017e-04
0.000e+00
0.000e+00
0.000e+00
0.000e+00
0.000e+00
9.017e-04
0.000e+00
0.000e+00
0.000e+00
0.000e+00
0.000e+00
0.000e+00
0.000e+00
0.000e+00
0.000e+00
0.000e+00
0.000e+00
0.000e+00
0.000e+00
0.000e+00
0.000e+00
0.000e+00
0.000e+00
0.000e+00
0.000e+00
0.000e+00
0.000e+00
0.000e+00
0.000e+00
0.000e+00
0.000e+00
0.000e+00
0.000e+00
0.000e+00
0.000e+00
0.000e+00
0.000e+00
0.000e+00
0.000e+00
0.000e+00
0.000e+00
0.000e+00
0.000e+00
0.000e+00
