0.000e+00
0.000e+00
0.000e+00
0.000e+00
0.000e+00
0.000e+00
0.000e+00
0.000e+00
0.000e+00
0.000e+00
0.000e+00
0.000e+00
0.000e+00
0.000e+00
0.000e+00
0.000e+00
0.000e+00
0.000e+00
0.000e+00
0.000e+00
0.000e+00
0.000e+00
0.000e+00
0.000e+00
0.000e+00
0.000e+00
0.000e+00
0.000e+00
0.000e+00
0.000e+00
0.000e+00
0.000e+00
0.000e+00
0.000e+00
0.000e+00
0.000e+00
0.000e+00
0.000e+00
0.000e+00
0.000e+00
0.000e+00
0.000e+00
0.000e+00
0.000e+00
0.000e+00
0.000e+00
0.000e+00
0.000e+00
0.000e+00
0.000e+00
0.000e+00
0.000e+00
0.000e+00
0.000e+00
0.000e+00
0.000e+00
0.000e+00
0.000e+00
1.353e-03
4.509e-04
0.000e+00
0.000e+00
1.353e-03
4.509e-04
9.017e-04
0.000e+00
9.017e-04
0.000e+00
4.509e-04
1.803e-03
3.607e-03
9.017e-04
1.803e-03
4.959e-03
1.803e-03
1.353e-03
1.353e-03
1.803e-03
9.017e-04
1.803e-03
2.705e-03
1.353e-03
1.353e-03
2.705e-03
9.017e-04
1.353e-03
1.803e-03
1.353e-03
9.017e-04
4.509e-04
9.017e-04
4.509e-04
2.705e-03
1.803e-03
1.353e-03
4.509e-04
9.017e-04
1.353e-03
9.017e-04
4.509e-04
0.000e+00
0.000e+00
0.000e+00
9.017e-04
0.000e+00
4.509e-04
0.000e+00
0.000e+00
4.509e-04
4.509e-04
0.000e+00
4.509e-04
0.000e+00
9.017e-04
0.000e+00
0.000e+00
0.000e+00
0.000e+00
0.000e+00
0.000e+00
0.000e+00
4.509e-04
0.000e+00
0.000e+00
4.509e-04
0.000e+00
0.000e+00
9.017e-04
4.509e-04
0.000e+00
9.017e-04
0.000e+00
0.000e+00
0.000e+00
9.017e-04
0.000e+00
0.000e+00
0.000e+00
0.000e+00
0.000e+00
0.000e+00
4.509e-04
0.000e+00
0.000e+00
4.509e-04
9.017e-04
9.017e-04
4.509e-04
0.000e+00
1.353e-03
1.803e-03
9.017e-04
0.000e+00
1.803e-03
9.017e-04
1.803e-03
2.254e-03
1.803e-03
1.353e-03
1.353e-03
3.156e-03
2.254e-03
1.803e-03
1.803e-03
2.254e-03
2.705e-03
3.607e-03
5.410e-03
5.410e-03
6.312e-03
8.566e-03
7.665e-03
7.665e-03
1.217e-02
9.017e-03
1.353e-02
1.713e-02
1.803e-02
1.443e-02
1.443e-02
2.299e-02
1.713e-02
1.443e-02
1.849e-02
1.037e-02
9.919e-03
9.017e-03
1.578e-02
8.566e-03
1.037e-02
6.763e-03
5.410e-03
9.919e-03
2.705e-03
4.058e-03
4.058e-03
3.156e-03
2.705e-03
2.705e-03
4.509e-03
1.803e-03
2.254e-03
9.017e-04
1.353e-03
2.705e-03
2.254e-03
4.509e-04
9.017e-04
4.509e-04
1.353e-03
4.509e-04
4.509e-04
9.017e-04
4.509e-04
0.000e+00
0.000e+00
4.509e-04
0.000e+00
0.000e+00
0.000e+00
9.017e-04
4.509e-04
0.000e+00
0.000e+00
0.000e+00
0.000e+00
0.000e+00
4.509e-04
0.000e+00
0.000e+00
0.000e+00
4.509e-04
0.000e+00
0.000e+00
0.000e+00
0.000e+00
0.000e+00
0.000e+00
0.000e+00
0.000e+00
0.000e+00
4.509e-04
0.000e+00
4.509e-04
4.509e-04
4.509e-04
0.000e+00
4.509e-04
0.000e+00
0.000e+00
9.017e-04
4.509e-04
4.509e-04
4.509e-04
9.017e-04
4.509e-04
1.353e-03
2.705e-03
0.000e+00
4.509e-04
0.000e+00
4.509e-04
0.000e+00
0.000e+00
1.353e-03
4.509e-04
9.017e-04
1.353e-03
1.803e-03
0.000e+00
1.803e-03
4.509e-04
4.509e-04
4.509e-04
1.353e-03
1.353e-03
1.803e-03
1.803e-03
1.353e-03
3.607e-03
1.803e-03
9.017e-04
1.353e-03
3.156e-03
1.353e-03
1.353e-03
9.017e-04
2.254e-03
1.803e-03
1.803e-03
1.353e-03
2.705e-03
4.509e-04
9.017e-04
1.803e-03
9.017e-04
1.353e-03
0.000e+00
9.017e-04
9.017e-04
0.000e+00
4.509e-04
0.000e+00
4.509e-04
0.000e+00
0.000e+00
0.000e+00
0.000e+00
0.000e+00
0.000e+00
0.000e+00
0.000e+00
0.000e+00
0.000e+00
0.000e+00
0.000e+00
0.000e+00
0.000e+00
0.000e+00
0.000e+00
0.000e+00
0.000e+00
0.000e+00
0.000e+00
0.000e+00
0.000e+00
0.000e+00
0.000e+00
0.000e+00
0.000e+00
0.000e+00
0.000e+00
0.000e+00
0.000e+00
0.000e+00
0.000e+00
0.000e+00
0.000e+00
0.000e+00
0.000e+00
0.000e+00
0.000e+00
0.000e+00
0.000e+00
0.000e+00
0.000e+00
0.000e+00
0.000e+00
0.000e+00
0.000e+00
0.000e+00
0.000e+00
0.000e+00
0.000e+00
0.000e+00
0.000e+00
0.000e+00
0.000e+00
0.000e+00
0.000e+00
