4.220e+02
1.880e+02
1.290e+02
1.130e+02
1.020e+02
9.700e+01
9.500e+01
9.000e+01
1.020e+02
9.800e+01
9.100e+01
1.070e+02
1.270e+02
9.400e+01
1.090e+02
1.170e+02
1.470e+02
1.160e+02
1.040e+02
1.100e+02
1.090e+02
1.400e+02
1.090e+02
1.180e+02
1.120e+02
9.200e+01
9.900e+01
1.000e+02
9.700e+01
1.220e+02
1.110e+02
1.090e+02
8.400e+01
1.340e+02
9.600e+01
1.140e+02
1.270e+02
9.100e+01
8.300e+01
9.900e+01
7.700e+01
8.400e+01
8.300e+01
7.800e+01
7.600e+01
7.500e+01
7.900e+01
6.700e+01
8.000e+01
8.300e+01
1.030e+02
8.200e+01
8.000e+01
7.300e+01
8.000e+01
8.200e+01
1.180e+02
1.430e+02
1.960e+02
1.960e+02
1.350e+02
1.210e+02
9.700e+01
8.900e+01
7.000e+01
4.700e+01
5.400e+01
6.600e+01
5.900e+01
3.200e+01
3.000e+01
2.800e+01
3.300e+01
2.600e+01
3.300e+01
3.100e+01
3.000e+01
3.100e+01
3.200e+01
2.600e+01
2.000e+01
2.100e+01
2.500e+01
1.600e+01
1.900e+01
2.700e+01
2.700e+01
3.700e+01
3.300e+01
3.200e+01
3.400e+01
2.800e+01
2.500e+01
2.100e+01
3.200e+01
2.000e+01
3.100e+01
2.200e+01
1.700e+01
1.400e+01
3.500e+01
2.700e+01
2.300e+01
3.500e+01
2.500e+01
3.000e+01
2.400e+01
2.300e+01
1.500e+01
2.400e+01
2.100e+01
1.500e+01
2.500e+01
1.100e+01
2.200e+01
1.400e+01
2.500e+01
3.100e+01
2.100e+01
2.600e+01
2.200e+01
2.500e+01
2.100e+01
2.000e+01
1.800e+01
1.100e+01
1.700e+01
1.900e+01
2.000e+01
2.400e+01
1.600e+01
1.700e+01
1.800e+01
1.900e+01
1.800e+01
1.900e+01
2.000e+01
1.600e+01
1.800e+01
2.800e+01
2.600e+01
2.000e+01
1.600e+01
1.900e+01
1.300e+01
2.700e+01
9.000e+00
1.900e+01
2.400e+01
1.800e+01
2.200e+01
2.500e+01
2.100e+01
1.500e+01
1.500e+01
1.900e+01
1.600e+01
1.500e+01
1.000e+01
2.000e+01
1.300e+01
8.000e+00
1.000e+01
1.900e+01
1.000e+01
1.600e+01
1.500e+01
1.600e+01
9.000e+00
1.100e+01
1.800e+01
1.200e+01
2.600e+01
2.300e+01
6.000e+00
1.200e+01
1.500e+01
1.400e+01
3.000e+01
2.300e+01
2.700e+01
1.600e+01
2.300e+01
2.800e+01
1.700e+01
2.000e+01
1.600e+01
1.600e+01
2.000e+01
2.100e+01
1.600e+01
1.100e+01
1.800e+01
2.000e+01
1.300e+01
1.500e+01
6.000e+00
1.500e+01
1.200e+01
1.400e+01
1.300e+01
1.800e+01
1.700e+01
2.200e+01
1.400e+01
1.900e+01
2.400e+01
1.900e+01
2.300e+01
1.700e+01
3.200e+01
3.300e+01
1.900e+01
1.700e+01
2.700e+01
1.100e+01
1.800e+01
1.600e+01
1.600e+01
1.700e+01
2.200e+01
1.500e+01
1.900e+01
1.500e+01
1.700e+01
1.200e+01
1.800e+01
1.600e+01
1.800e+01
9.000e+00
1.200e+01
2.400e+01
2.700e+01
1.300e+01
2.100e+01
1.700e+01
2.100e+01
2.100e+01
1.900e+01
2.300e+01
2.200e+01
1.900e+01
1.800e+01
2.100e+01
1.500e+01
1.500e+01
1.900e+01
2.400e+01
2.400e+01
2.500e+01
2.000e+01
1.800e+01
2.700e+01
2.000e+01
2.700e+01
2.900e+01
2.800e+01
2.500e+01
2.400e+01
2.400e+01
3.000e+01
1.900e+01
2.200e+01
3.400e+01
1.900e+01
2.100e+01
3.300e+01
3.700e+01
2.100e+01
2.900e+01
4.500e+01
2.800e+01
2.800e+01
1.400e+01
1.800e+01
1.800e+01
1.800e+01
1.800e+01
1.500e+01
1.200e+01
1.700e+01
2.000e+01
2.300e+01
2.000e+01
2.200e+01
3.600e+01
3.100e+01
3.900e+01
6.500e+01
4.000e+01
2.600e+01
3.200e+01
5.800e+01
4.600e+01
5.500e+01
4.100e+01
7.000e+01
9.300e+01
8.100e+01
1.180e+02
1.420e+02
1.920e+02
2.220e+02
1.250e+02
9.600e+01
8.800e+01
7.500e+01
7.600e+01
7.900e+01
7.000e+01
9.200e+01
7.400e+01
7.000e+01
8.300e+01
8.100e+01
9.300e+01
7.700e+01
7.800e+01
8.700e+01
9.700e+01
7.600e+01
8.400e+01
9.100e+01
9.400e+01
8.600e+01
9.600e+01
1.310e+02
1.140e+02
1.220e+02
1.270e+02
1.250e+02
1.180e+02
9.400e+01
1.050e+02
9.800e+01
1.030e+02
9.700e+01
9.000e+01
9.000e+01
1.030e+02
9.900e+01
1.240e+02
1.070e+02
1.190e+02
1.230e+02
1.170e+02
1.020e+02
7.400e+01
9.700e+01
9.600e+01
9.600e+01
1.030e+02
9.900e+01
1.000e+02
1.050e+02
9.100e+01
1.060e+02
1.370e+02
1.540e+02
2.160e+02
