0.000e+00
0.000e+00
0.000e+00
0.000e+00
0.000e+00
0.000e+00
0.000e+00
0.000e+00
0.000e+00
0.000e+00
0.000e+00
0.000e+00
0.000e+00
0.000e+00
0.000e+00
0.000e+00
0.000e+00
0.000e+00
0.000e+00
0.000e+00
0.000e+00
0.000e+00
0.000e+00
0.000e+00
0.000e+00
0.000e+00
0.000e+00
0.000e+00
0.000e+00
0.000e+00
0.000e+00
0.000e+00
2.296e-04
0.000e+00
0.000e+00
0.000e+00
0.000e+00
0.000e+00
0.000e+00
0.000e+00
0.000e+00
2.296e-04
0.000e+00
0.000e+00
2.296e-04
0.000e+00
2.296e-04
2.296e-04
4.591e-04
0.000e+00
2.296e-04
0.000e+00
4.591e-04
2.296e-04
2.296e-04
1.148e-03
1.148e-03
1.148e-03
2.296e-04
0.000e+00
4.591e-04
1.377e-03
1.837e-03
2.984e-03
1.607e-03
2.296e-03
2.525e-03
3.214e-03
2.755e-03
3.214e-03
4.362e-03
3.673e-03
5.051e-03
3.444e-03
4.132e-03
5.280e-03
6.887e-03
6.428e-03
5.510e-03
6.657e-03
6.887e-03
7.346e-03
1.768e-02
3.007e-02
2.066e-02
1.056e-02
4.591e-03
4.591e-03
2.525e-03
2.066e-03
2.984e-03
2.525e-03
1.607e-03
2.296e-03
1.837e-03
1.837e-03
1.607e-03
1.607e-03
2.755e-03
2.066e-03
1.607e-03
2.296e-03
2.066e-03
1.837e-03
1.607e-03
9.183e-04
1.837e-03
9.183e-04
2.296e-03
1.148e-03
4.591e-04
9.183e-04
9.183e-04
1.607e-03
2.296e-03
2.296e-04
9.183e-04
9.183e-04
9.183e-04
6.887e-04
4.591e-04
2.296e-04
4.591e-04
9.183e-04
6.887e-04
6.887e-04
6.887e-04
6.887e-04
6.887e-04
6.887e-04
6.887e-04
9.183e-04
9.183e-04
6.887e-04
9.183e-04
1.148e-03
1.837e-03
9.183e-04
1.148e-03
1.837e-03
6.887e-04
2.296e-04
1.607e-03
9.183e-04
1.148e-03
1.837e-03
4.591e-04
1.148e-03
1.837e-03
9.183e-04
1.377e-03
1.377e-03
2.525e-03
1.607e-03
1.837e-03
2.066e-03
1.607e-03
2.755e-03
2.984e-03
1.377e-03
2.296e-03
1.607e-03
4.591e-03
4.132e-03
3.444e-03
2.984e-03
4.591e-03
4.591e-03
3.903e-03
4.821e-03
6.428e-03
4.132e-03
6.657e-03
9.183e-03
8.494e-03
1.148e-02
1.469e-02
1.722e-02
2.548e-02
4.293e-02
8.747e-02
3.765e-02
2.732e-02
1.928e-02
1.354e-02
1.171e-02
1.102e-02
6.657e-03
6.428e-03
7.117e-03
6.198e-03
5.051e-03
4.132e-03
5.969e-03
2.525e-03
3.214e-03
3.903e-03
2.755e-03
3.673e-03
2.755e-03
1.377e-03
2.525e-03
1.148e-03
1.607e-03
2.296e-03
1.607e-03
1.148e-03
9.183e-04
1.148e-03
1.377e-03
4.591e-04
1.837e-03
6.887e-04
1.837e-03
2.296e-03
9.183e-04
1.148e-03
4.591e-04
1.377e-03
1.377e-03
4.591e-04
9.183e-04
9.183e-04
9.183e-04
6.887e-04
4.591e-04
6.887e-04
1.148e-03
9.183e-04
9.183e-04
1.148e-03
6.887e-04
9.183e-04
4.591e-04
2.296e-04
4.591e-04
2.296e-04
9.183e-04
4.591e-04
1.148e-03
1.148e-03
2.296e-04
1.607e-03
1.837e-03
4.591e-04
6.887e-04
1.837e-03
1.148e-03
1.607e-03
1.607e-03
2.755e-03
2.525e-03
1.377e-03
2.066e-03
1.837e-03
1.607e-03
2.066e-03
1.148e-03
1.377e-03
1.377e-03
9.183e-04
1.837e-03
1.377e-03
1.377e-03
2.525e-03
2.066e-03
1.148e-03
2.984e-03
1.377e-03
2.296e-03
1.837e-03
2.066e-03
2.525e-03
1.837e-03
5.969e-03
7.117e-03
2.066e-02
3.168e-02
1.607e-02
1.309e-02
6.657e-03
3.673e-03
4.591e-03
5.969e-03
6.657e-03
3.444e-03
2.984e-03
2.755e-03
2.066e-03
2.296e-03
2.296e-03
3.214e-03
4.591e-03
2.525e-03
1.148e-03
2.525e-03
3.673e-03
1.837e-03
9.183e-04
1.377e-03
9.183e-04
1.377e-03
6.887e-04
9.183e-04
2.296e-04
0.000e+00
0.000e+00
2.296e-04
2.296e-04
2.296e-04
2.296e-04
2.296e-04
4.591e-04
0.000e+00
0.000e+00
2.296e-04
2.296e-04
0.000e+00
4.591e-04
0.000e+00
0.000e+00
0.000e+00
0.000e+00
2.296e-04
0.000e+00
0.000e+00
2.296e-04
0.000e+00
0.000e+00
2.296e-04
0.000e+00
0.000e+00
0.000e+00
0.000e+00
0.000e+00
0.000e+00
0.000e+00
0.000e+00
0.000e+00
0.000e+00
0.000e+00
0.000e+00
0.000e+00
0.000e+00
0.000e+00
0.000e+00
0.000e+00
0.000e+00
0.000e+00
0.000e+00
0.000e+00
0.000e+00
0.000e+00
0.000e+00
0.000e+00
0.000e+00
0.000e+00
0.000e+00
0.000e+00
0.000e+00
