0.000e+00
0.000e+00
0.000e+00
0.000e+00
0.000e+00
0.000e+00
0.000e+00
0.000e+00
0.000e+00
0.000e+00
0.000e+00
0.000e+00
0.000e+00
0.000e+00
0.000e+00
0.000e+00
0.000e+00
0.000e+00
0.000e+00
0.000e+00
0.000e+00
0.000e+00
0.000e+00
0.000e+00
0.000e+00
0.000e+00
0.000e+00
0.000e+00
0.000e+00
0.000e+00
0.000e+00
0.000e+00
0.000e+00
0.000e+00
0.000e+00
0.000e+00
0.000e+00
0.000e+00
0.000e+00
0.000e+00
0.000e+00
0.000e+00
0.000e+00
0.000e+00
0.000e+00
0.000e+00
0.000e+00
0.000e+00
0.000e+00
0.000e+00
0.000e+00
0.000e+00
0.000e+00
0.000e+00
1.148e-04
0.000e+00
2.296e-04
0.000e+00
0.000e+00
1.148e-04
0.000e+00
0.000e+00
0.000e+00
1.148e-04
0.000e+00
1.148e-04
1.148e-04
2.296e-04
2.296e-04
5.739e-04
9.183e-04
8.035e-04
8.035e-04
9.183e-04
4.591e-04
1.263e-03
1.492e-03
1.492e-03
2.410e-03
2.066e-03
2.066e-03
2.296e-03
2.870e-03
1.722e-03
2.410e-03
2.640e-03
2.181e-03
1.033e-03
1.263e-03
1.377e-03
1.033e-03
1.148e-03
1.263e-03
1.033e-03
9.183e-04
4.591e-04
8.035e-04
4.591e-04
3.444e-04
8.035e-04
8.035e-04
4.591e-04
4.591e-04
3.444e-04
2.296e-04
6.887e-04
3.444e-04
3.444e-04
9.183e-04
5.739e-04
3.444e-04
3.444e-04
1.377e-03
4.591e-04
3.444e-04
4.591e-04
5.739e-04
5.739e-04
4.591e-04
4.591e-04
6.887e-04
2.296e-04
3.444e-04
4.591e-04
3.444e-04
0.000e+00
2.296e-04
4.591e-04
5.739e-04
3.444e-04
4.591e-04
2.296e-04
3.444e-04
2.296e-04
4.591e-04
1.148e-04
8.035e-04
5.739e-04
2.296e-04
6.887e-04
6.887e-04
5.739e-04
2.296e-04
6.887e-04
8.035e-04
6.887e-04
4.591e-04
3.444e-04
6.887e-04
9.183e-04
9.183e-04
1.263e-03
1.263e-03
1.033e-03
1.263e-03
1.722e-03
1.492e-03
1.148e-03
2.181e-03
2.296e-03
1.492e-03
1.951e-03
2.984e-03
2.755e-03
4.477e-03
3.099e-03
6.084e-03
5.969e-03
5.510e-03
4.706e-03
9.068e-03
8.264e-03
9.871e-03
9.642e-03
1.240e-02
1.113e-02
1.400e-02
1.435e-02
1.596e-02
1.791e-02
1.791e-02
1.584e-02
1.676e-02
1.320e-02
1.228e-02
1.297e-02
9.757e-03
1.125e-02
7.461e-03
7.231e-03
7.231e-03
7.805e-03
4.706e-03
5.280e-03
3.214e-03
4.017e-03
2.755e-03
3.329e-03
2.296e-03
2.296e-03
2.410e-03
2.296e-03
1.951e-03
2.296e-03
1.263e-03
2.066e-03
9.183e-04
8.035e-04
1.033e-03
5.739e-04
1.033e-03
5.739e-04
8.035e-04
4.591e-04
8.035e-04
2.296e-04
9.183e-04
6.887e-04
1.033e-03
4.591e-04
9.183e-04
6.887e-04
5.739e-04
6.887e-04
8.035e-04
1.148e-04
5.739e-04
8.035e-04
2.296e-04
2.296e-04
6.887e-04
1.148e-04
4.591e-04
9.183e-04
3.444e-04
5.739e-04
3.444e-04
3.444e-04
6.887e-04
5.739e-04
4.591e-04
9.183e-04
4.591e-04
3.444e-04
3.444e-04
9.183e-04
2.296e-04
2.296e-04
3.444e-04
4.591e-04
5.739e-04
6.887e-04
6.887e-04
6.887e-04
6.887e-04
1.263e-03
8.035e-04
5.739e-04
4.591e-04
1.263e-03
9.183e-04
5.739e-04
1.148e-03
6.887e-04
4.591e-04
4.591e-04
1.033e-03
1.148e-03
1.033e-03
1.033e-03
1.492e-03
2.525e-03
6.887e-04
1.951e-03
2.066e-03
1.722e-03
2.066e-03
1.951e-03
2.296e-03
2.525e-03
1.377e-03
2.525e-03
1.377e-03
1.607e-03
1.722e-03
1.033e-03
6.887e-04
4.591e-04
4.591e-04
6.887e-04
5.739e-04
3.444e-04
6.887e-04
2.296e-04
3.444e-04
3.444e-04
2.296e-04
1.148e-04
3.444e-04
1.148e-04
1.148e-04
1.148e-04
0.000e+00
1.148e-04
0.000e+00
0.000e+00
0.000e+00
0.000e+00
0.000e+00
0.000e+00
0.000e+00
0.000e+00
0.000e+00
0.000e+00
0.000e+00
0.000e+00
1.148e-04
0.000e+00
0.000e+00
0.000e+00
0.000e+00
0.000e+00
0.000e+00
0.000e+00
0.000e+00
0.000e+00
0.000e+00
0.000e+00
0.000e+00
0.000e+00
0.000e+00
0.000e+00
0.000e+00
0.000e+00
0.000e+00
0.000e+00
0.000e+00
0.000e+00
0.000e+00
0.000e+00
0.000e+00
0.000e+00
0.000e+00
0.000e+00
0.000e+00
0.000e+00
0.000e+00
0.000e+00
0.000e+00
0.000e+00
0.000e+00
0.000e+00
0.000e+00
0.000e+00
0.000e+00
0.000e+00
0.000e+00
0.000e+00
0.000e+00
0.000e+00
