0.000e+00
0.000e+00
0.000e+00
0.000e+00
0.000e+00
0.000e+00
0.000e+00
0.000e+00
0.000e+00
0.000e+00
0.000e+00
0.000e+00
0.000e+00
0.000e+00
0.000e+00
0.000e+00
0.000e+00
0.000e+00
0.000e+00
0.000e+00
0.000e+00
0.000e+00
0.000e+00
0.000e+00
0.000e+00
0.000e+00
0.000e+00
0.000e+00
0.000e+00
0.000e+00
0.000e+00
0.000e+00
1.766e-04
0.000e+00
0.000e+00
0.000e+00
0.000e+00
0.000e+00
0.000e+00
0.000e+00
0.000e+00
1.766e-04
0.000e+00
0.000e+00
1.766e-04
0.000e+00
3.531e-04
1.766e-04
3.531e-04
1.766e-04
3.531e-04
3.531e-04
8.828e-04
1.766e-04
3.531e-04
8.828e-04
1.766e-03
1.236e-03
3.531e-04
5.297e-04
8.828e-04
2.295e-03
2.648e-03
3.178e-03
3.178e-03
4.237e-03
5.120e-03
6.886e-03
4.767e-03
6.003e-03
5.826e-03
4.414e-03
7.239e-03
4.061e-03
3.708e-03
5.650e-03
6.179e-03
6.179e-03
5.473e-03
5.650e-03
6.179e-03
6.179e-03
1.465e-02
2.348e-02
1.607e-02
9.004e-03
3.708e-03
4.767e-03
2.295e-03
2.119e-03
3.001e-03
2.472e-03
1.942e-03
2.472e-03
2.295e-03
1.942e-03
1.412e-03
1.412e-03
2.295e-03
1.766e-03
1.236e-03
2.295e-03
1.589e-03
1.589e-03
1.589e-03
8.828e-04
1.589e-03
1.236e-03
2.295e-03
1.059e-03
7.062e-04
8.828e-04
1.412e-03
1.236e-03
1.766e-03
1.766e-04
7.062e-04
7.062e-04
8.828e-04
5.297e-04
5.297e-04
3.531e-04
8.828e-04
1.059e-03
7.062e-04
8.828e-04
7.062e-04
5.297e-04
5.297e-04
7.062e-04
5.297e-04
8.828e-04
8.828e-04
5.297e-04
8.828e-04
1.059e-03
1.412e-03
7.062e-04
1.059e-03
1.589e-03
8.828e-04
1.766e-04
1.236e-03
1.059e-03
1.236e-03
1.589e-03
3.531e-04
1.059e-03
1.766e-03
1.059e-03
1.412e-03
1.412e-03
2.648e-03
1.766e-03
1.766e-03
1.589e-03
1.942e-03
2.472e-03
3.355e-03
1.766e-03
2.648e-03
2.472e-03
4.061e-03
4.237e-03
3.178e-03
3.355e-03
4.944e-03
4.414e-03
5.297e-03
5.473e-03
6.356e-03
4.767e-03
8.828e-03
9.887e-03
9.004e-03
1.201e-02
1.412e-02
1.713e-02
2.507e-02
4.096e-02
7.786e-02
3.743e-02
2.542e-02
1.819e-02
1.306e-02
1.130e-02
1.059e-02
6.709e-03
6.532e-03
7.592e-03
6.179e-03
6.003e-03
4.061e-03
5.473e-03
3.001e-03
3.355e-03
4.237e-03
3.178e-03
3.708e-03
2.119e-03
1.412e-03
2.295e-03
1.059e-03
2.648e-03
2.295e-03
1.942e-03
1.766e-03
1.589e-03
8.828e-04
1.589e-03
7.062e-04
1.589e-03
8.828e-04
1.766e-03
1.942e-03
7.062e-04
1.059e-03
5.297e-04
1.412e-03
1.589e-03
5.297e-04
7.062e-04
1.412e-03
8.828e-04
5.297e-04
5.297e-04
5.297e-04
1.236e-03
7.062e-04
7.062e-04
8.828e-04
7.062e-04
1.236e-03
3.531e-04
5.297e-04
7.062e-04
1.766e-04
8.828e-04
5.297e-04
8.828e-04
8.828e-04
1.766e-04
1.236e-03
1.412e-03
3.531e-04
5.297e-04
1.412e-03
8.828e-04
1.236e-03
1.589e-03
2.648e-03
1.942e-03
1.236e-03
1.942e-03
1.766e-03
1.942e-03
2.119e-03
1.766e-03
1.766e-03
1.412e-03
1.236e-03
1.766e-03
1.766e-03
1.412e-03
2.295e-03
2.472e-03
1.766e-03
3.355e-03
2.472e-03
2.648e-03
1.589e-03
1.766e-03
1.942e-03
2.295e-03
5.120e-03
5.473e-03
1.589e-02
2.454e-02
1.306e-02
1.042e-02
6.003e-03
3.884e-03
5.120e-03
5.120e-03
6.003e-03
3.884e-03
4.061e-03
3.531e-03
4.061e-03
3.531e-03
4.590e-03
4.944e-03
6.709e-03
4.944e-03
3.178e-03
4.237e-03
5.473e-03
3.355e-03
1.412e-03
2.825e-03
1.766e-03
1.236e-03
5.297e-04
7.062e-04
7.062e-04
3.531e-04
1.766e-04
3.531e-04
8.828e-04
3.531e-04
7.062e-04
3.531e-04
3.531e-04
0.000e+00
0.000e+00
3.531e-04
1.766e-04
0.000e+00
3.531e-04
0.000e+00
0.000e+00
1.766e-04
0.000e+00
1.766e-04
0.000e+00
0.000e+00
1.766e-04
0.000e+00
0.000e+00
1.766e-04
1.766e-04
0.000e+00
0.000e+00
0.000e+00
0.000e+00
0.000e+00
0.000e+00
0.000e+00
0.000e+00
0.000e+00
0.000e+00
0.000e+00
0.000e+00
0.000e+00
0.000e+00
0.000e+00
0.000e+00
0.000e+00
0.000e+00
0.000e+00
0.000e+00
0.000e+00
0.000e+00
0.000e+00
0.000e+00
0.000e+00
0.000e+00
0.000e+00
0.000e+00
0.000e+00
