0.000e+00
0.000e+00
0.000e+00
0.000e+00
0.000e+00
0.000e+00
0.000e+00
0.000e+00
0.000e+00
0.000e+00
0.000e+00
0.000e+00
0.000e+00
0.000e+00
0.000e+00
0.000e+00
0.000e+00
0.000e+00
0.000e+00
0.000e+00
0.000e+00
0.000e+00
0.000e+00
0.000e+00
0.000e+00
0.000e+00
0.000e+00
0.000e+00
0.000e+00
0.000e+00
0.000e+00
0.000e+00
0.000e+00
0.000e+00
0.000e+00
0.000e+00
0.000e+00
0.000e+00
0.000e+00
0.000e+00
0.000e+00
0.000e+00
0.000e+00
0.000e+00
0.000e+00
0.000e+00
0.000e+00
0.000e+00
0.000e+00
0.000e+00
0.000e+00
0.000e+00
0.000e+00
0.000e+00
8.828e-05
0.000e+00
1.766e-04
0.000e+00
3.531e-04
1.766e-04
8.828e-05
8.828e-05
4.414e-04
2.648e-04
3.531e-04
4.414e-04
1.589e-03
8.828e-04
6.179e-04
1.236e-03
1.766e-03
1.059e-03
1.854e-03
2.119e-03
1.059e-03
1.589e-03
1.677e-03
1.677e-03
2.295e-03
2.472e-03
2.207e-03
2.119e-03
2.648e-03
2.030e-03
2.119e-03
2.383e-03
2.119e-03
1.059e-03
1.148e-03
1.148e-03
1.059e-03
9.710e-04
1.501e-03
1.148e-03
9.710e-04
4.414e-04
7.945e-04
7.062e-04
4.414e-04
7.062e-04
6.179e-04
3.531e-04
3.531e-04
4.414e-04
1.766e-04
6.179e-04
2.648e-04
3.531e-04
7.945e-04
5.297e-04
2.648e-04
3.531e-04
1.059e-03
5.297e-04
2.648e-04
3.531e-04
4.414e-04
4.414e-04
3.531e-04
3.531e-04
5.297e-04
2.648e-04
2.648e-04
3.531e-04
3.531e-04
0.000e+00
1.766e-04
5.297e-04
5.297e-04
2.648e-04
6.179e-04
1.766e-04
2.648e-04
1.766e-04
5.297e-04
8.828e-05
6.179e-04
4.414e-04
1.766e-04
5.297e-04
5.297e-04
5.297e-04
1.766e-04
5.297e-04
7.062e-04
7.062e-04
6.179e-04
3.531e-04
5.297e-04
9.710e-04
1.059e-03
1.148e-03
9.710e-04
1.148e-03
1.236e-03
1.677e-03
1.589e-03
1.236e-03
1.942e-03
2.030e-03
1.854e-03
1.942e-03
2.648e-03
2.472e-03
3.884e-03
2.913e-03
5.385e-03
5.650e-03
5.297e-03
4.855e-03
8.651e-03
7.857e-03
9.181e-03
9.887e-03
1.130e-02
1.121e-02
1.412e-02
1.457e-02
1.510e-02
1.660e-02
1.827e-02
1.571e-02
1.571e-02
1.377e-02
1.148e-02
1.192e-02
9.269e-03
1.174e-02
7.415e-03
7.592e-03
6.886e-03
7.062e-03
5.561e-03
4.855e-03
3.266e-03
3.884e-03
2.825e-03
3.090e-03
2.295e-03
2.648e-03
2.207e-03
2.207e-03
1.677e-03
2.030e-03
1.501e-03
2.119e-03
7.945e-04
7.945e-04
8.828e-04
7.062e-04
8.828e-04
5.297e-04
7.945e-04
4.414e-04
6.179e-04
1.766e-04
7.945e-04
5.297e-04
7.945e-04
3.531e-04
8.828e-04
6.179e-04
4.414e-04
5.297e-04
6.179e-04
8.828e-05
4.414e-04
7.062e-04
1.766e-04
1.766e-04
5.297e-04
1.766e-04
4.414e-04
7.062e-04
2.648e-04
4.414e-04
2.648e-04
2.648e-04
5.297e-04
4.414e-04
3.531e-04
7.945e-04
3.531e-04
3.531e-04
3.531e-04
7.945e-04
1.766e-04
2.648e-04
2.648e-04
3.531e-04
6.179e-04
6.179e-04
6.179e-04
6.179e-04
7.062e-04
1.059e-03
8.828e-04
9.710e-04
3.531e-04
1.059e-03
7.062e-04
5.297e-04
8.828e-04
5.297e-04
7.062e-04
4.414e-04
1.059e-03
1.148e-03
1.148e-03
7.945e-04
1.589e-03
2.030e-03
6.179e-04
1.766e-03
1.854e-03
1.677e-03
1.942e-03
2.030e-03
2.119e-03
2.737e-03
1.501e-03
2.295e-03
1.501e-03
2.030e-03
2.030e-03
1.412e-03
1.059e-03
1.059e-03
8.828e-04
1.236e-03
1.236e-03
1.412e-03
7.945e-04
1.059e-03
1.059e-03
8.828e-04
6.179e-04
2.648e-04
7.062e-04
4.414e-04
1.766e-04
1.766e-04
8.828e-05
1.766e-04
8.828e-05
0.000e+00
0.000e+00
0.000e+00
8.828e-05
0.000e+00
0.000e+00
0.000e+00
0.000e+00
0.000e+00
0.000e+00
0.000e+00
8.828e-05
0.000e+00
0.000e+00
0.000e+00
0.000e+00
0.000e+00
0.000e+00
0.000e+00
0.000e+00
0.000e+00
0.000e+00
0.000e+00
0.000e+00
0.000e+00
0.000e+00
0.000e+00
0.000e+00
0.000e+00
0.000e+00
0.000e+00
0.000e+00
0.000e+00
0.000e+00
0.000e+00
0.000e+00
0.000e+00
0.000e+00
0.000e+00
0.000e+00
0.000e+00
0.000e+00
0.000e+00
0.000e+00
0.000e+00
0.000e+00
0.000e+00
0.000e+00
0.000e+00
0.000e+00
0.000e+00
0.000e+00
0.000e+00
0.000e+00
0.000e+00
