4.000e+00
2.000e+00
0.000e+00
2.000e+00
1.000e+00
2.000e+00
3.000e+00
1.000e+00
2.000e+00
2.000e+00
3.000e+00
0.000e+00
4.000e+00
3.000e+00
3.000e+00
2.000e+00
1.000e+00
1.000e+00
2.000e+00
3.000e+00
3.000e+00
3.000e+00
4.000e+00
0.000e+00
2.000e+00
2.000e+00
4.000e+00
2.000e+00
0.000e+00
2.000e+00
5.000e+00
8.000e+00
7.000e+00
8.000e+00
5.000e+00
8.000e+00
1.100e+01
1.400e+01
1.100e+01
1.100e+01
1.100e+01
1.300e+01
1.400e+01
1.200e+01
1.800e+01
1.500e+01
2.800e+01
2.900e+01
3.000e+01
2.700e+01
3.200e+01
3.000e+01
3.400e+01
4.100e+01
4.900e+01
5.200e+01
7.100e+01
1.050e+02
1.240e+02
1.500e+02
2.380e+02
3.750e+02
4.200e+02
2.690e+02
2.170e+02
1.320e+02
1.460e+02
1.190e+02
1.320e+02
1.230e+02
1.140e+02
1.160e+02
8.800e+01
1.110e+02
8.400e+01
1.210e+02
1.160e+02
1.240e+02
1.100e+02
9.300e+01
1.160e+02
1.210e+02
1.900e+02
2.230e+02
1.870e+02
1.170e+02
9.700e+01
7.500e+01
7.200e+01
7.000e+01
6.900e+01
6.900e+01
5.600e+01
5.300e+01
5.800e+01
3.900e+01
4.000e+01
2.400e+01
3.800e+01
3.900e+01
3.200e+01
3.400e+01
3.700e+01
2.900e+01
2.900e+01
2.900e+01
3.900e+01
3.900e+01
3.200e+01
1.800e+01
2.000e+01
2.800e+01
1.700e+01
2.200e+01
2.400e+01
3.100e+01
2.100e+01
2.100e+01
1.500e+01
1.400e+01
2.200e+01
1.700e+01
1.700e+01
2.300e+01
2.700e+01
1.400e+01
2.400e+01
1.900e+01
1.300e+01
2.000e+01
2.100e+01
1.900e+01
1.600e+01
1.900e+01
2.000e+01
2.200e+01
2.500e+01
2.600e+01
1.900e+01
2.400e+01
2.400e+01
2.800e+01
4.000e+01
2.400e+01
3.200e+01
3.100e+01
3.900e+01
3.100e+01
2.700e+01
3.300e+01
3.700e+01
4.900e+01
3.700e+01
4.400e+01
4.000e+01
4.500e+01
3.800e+01
5.200e+01
4.300e+01
2.900e+01
4.600e+01
4.000e+01
5.500e+01
5.200e+01
5.600e+01
5.400e+01
6.600e+01
7.000e+01
7.000e+01
6.100e+01
6.200e+01
6.800e+01
6.200e+01
6.800e+01
8.200e+01
9.700e+01
1.290e+02
1.650e+02
2.180e+02
3.220e+02
5.900e+02
3.640e+02
2.450e+02
1.640e+02
1.130e+02
1.040e+02
9.700e+01
7.300e+01
6.900e+01
5.900e+01
7.100e+01
5.600e+01
7.100e+01
7.300e+01
5.300e+01
5.900e+01
5.000e+01
4.300e+01
6.100e+01
5.800e+01
4.500e+01
4.700e+01
4.500e+01
3.800e+01
3.800e+01
5.400e+01
4.800e+01
4.300e+01
3.800e+01
4.500e+01
4.000e+01
3.900e+01
3.300e+01
3.000e+01
2.600e+01
3.300e+01
1.900e+01
2.300e+01
3.400e+01
3.000e+01
2.600e+01
1.300e+01
2.300e+01
1.800e+01
1.600e+01
1.900e+01
2.000e+01
2.600e+01
2.300e+01
2.500e+01
1.300e+01
1.500e+01
2.800e+01
1.800e+01
2.200e+01
1.900e+01
1.200e+01
1.800e+01
1.500e+01
2.500e+01
2.400e+01
1.300e+01
2.400e+01
2.600e+01
2.800e+01
1.700e+01
1.900e+01
2.000e+01
2.400e+01
3.100e+01
3.000e+01
1.500e+01
2.800e+01
2.800e+01
3.100e+01
3.600e+01
3.400e+01
3.000e+01
2.300e+01
3.000e+01
2.200e+01
3.700e+01
3.100e+01
4.900e+01
4.500e+01
6.000e+01
4.500e+01
5.700e+01
5.400e+01
6.000e+01
7.700e+01
5.500e+01
7.600e+01
8.400e+01
8.200e+01
1.020e+02
1.720e+02
2.650e+02
1.940e+02
1.160e+02
8.900e+01
9.300e+01
1.150e+02
1.200e+02
1.330e+02
9.900e+01
1.100e+02
9.300e+01
1.020e+02
9.100e+01
1.060e+02
1.200e+02
1.140e+02
1.420e+02
1.350e+02
1.690e+02
1.810e+02
2.610e+02
3.910e+02
4.130e+02
2.250e+02
1.800e+02
1.070e+02
9.300e+01
7.400e+01
6.400e+01
6.100e+01
3.500e+01
3.400e+01
4.000e+01
1.900e+01
2.600e+01
3.800e+01
2.100e+01
2.600e+01
2.200e+01
1.700e+01
2.000e+01
1.900e+01
1.700e+01
1.200e+01
1.200e+01
1.200e+01
1.000e+01
8.000e+00
1.200e+01
1.500e+01
8.000e+00
7.000e+00
7.000e+00
7.000e+00
4.000e+00
3.000e+00
0.000e+00
5.000e+00
4.000e+00
6.000e+00
7.000e+00
1.000e+00
2.000e+00
1.000e+00
4.000e+00
2.000e+00
2.000e+00
5.000e+00
2.000e+00
1.000e+00
1.000e+00
2.000e+00
0.000e+00
0.000e+00
0.000e+00
0.000e+00
4.000e+00
2.000e+00
1.000e+00
1.000e+00
3.000e+00
2.000e+00
0.000e+00
