0.000e+00
0.000e+00
0.000e+00
2.817e-05
0.000e+00
0.000e+00
0.000e+00
2.817e-05
0.000e+00
2.817e-05
2.817e-05
0.000e+00
5.634e-05
0.000e+00
2.817e-05
0.000e+00
0.000e+00
0.000e+00
2.817e-05
2.817e-05
2.817e-05
0.000e+00
0.000e+00
2.817e-05
0.000e+00
0.000e+00
0.000e+00
0.000e+00
1.127e-04
2.817e-05
0.000e+00
2.817e-05
2.817e-05
0.000e+00
2.817e-05
1.127e-04
5.634e-05
5.634e-05
8.452e-05
1.127e-04
1.690e-04
8.452e-05
5.634e-05
2.817e-05
1.127e-04
2.817e-04
2.817e-04
2.535e-04
3.662e-04
3.381e-04
2.535e-04
4.789e-04
3.944e-04
8.733e-04
1.042e-03
1.437e-03
1.972e-03
2.169e-03
3.212e-03
3.691e-03
4.141e-03
4.339e-03
5.043e-03
5.296e-03
4.986e-03
4.339e-03
3.522e-03
3.634e-03
2.648e-03
2.479e-03
2.395e-03
1.944e-03
2.028e-03
2.057e-03
1.972e-03
2.057e-03
1.690e-03
1.859e-03
2.000e-03
1.916e-03
2.057e-03
1.916e-03
2.000e-03
1.944e-03
1.803e-03
1.775e-03
1.465e-03
1.324e-03
1.324e-03
1.268e-03
7.888e-04
8.170e-04
1.014e-03
8.452e-04
1.240e-03
6.480e-04
9.579e-04
1.014e-03
9.579e-04
1.014e-03
8.733e-04
7.888e-04
5.916e-04
7.325e-04
6.480e-04
7.606e-04
6.761e-04
6.198e-04
9.015e-04
6.761e-04
4.226e-04
5.353e-04
9.579e-04
4.789e-04
6.480e-04
4.789e-04
7.606e-04
7.325e-04
7.888e-04
6.198e-04
4.508e-04
5.071e-04
5.353e-04
5.916e-04
6.198e-04
4.508e-04
7.325e-04
5.916e-04
5.634e-04
5.634e-04
8.170e-04
5.071e-04
7.325e-04
7.325e-04
7.325e-04
5.071e-04
8.452e-04
7.606e-04
8.452e-04
7.043e-04
8.733e-04
9.860e-04
4.789e-04
1.099e-03
5.916e-04
9.297e-04
9.297e-04
8.170e-04
8.452e-04
1.155e-03
9.297e-04
1.268e-03
1.211e-03
1.211e-03
1.775e-03
1.352e-03
1.352e-03
1.465e-03
1.634e-03
1.775e-03
1.719e-03
1.634e-03
1.944e-03
2.057e-03
2.676e-03
2.338e-03
2.902e-03
3.155e-03
2.761e-03
2.958e-03
3.860e-03
3.944e-03
4.592e-03
5.437e-03
6.001e-03
6.367e-03
8.198e-03
8.536e-03
9.466e-03
1.048e-02
1.056e-02
9.522e-03
9.888e-03
8.114e-03
7.437e-03
6.592e-03
5.296e-03
5.578e-03
4.226e-03
4.198e-03
3.324e-03
3.860e-03
3.212e-03
2.817e-03
1.944e-03
2.057e-03
2.338e-03
1.803e-03
2.000e-03
1.803e-03
1.775e-03
2.282e-03
1.578e-03
1.465e-03
1.578e-03
1.352e-03
1.352e-03
1.296e-03
1.211e-03
9.579e-04
1.099e-03
1.014e-03
9.860e-04
1.099e-03
9.860e-04
6.761e-04
7.888e-04
7.325e-04
9.860e-04
8.170e-04
9.860e-04
9.015e-04
8.452e-04
7.325e-04
1.014e-03
5.634e-04
6.198e-04
7.325e-04
5.353e-04
5.353e-04
5.634e-04
5.916e-04
6.761e-04
5.634e-04
5.071e-04
6.198e-04
5.634e-04
6.480e-04
6.198e-04
6.480e-04
6.198e-04
8.733e-04
6.761e-04
3.381e-04
4.789e-04
6.761e-04
6.761e-04
5.634e-04
5.634e-04
5.634e-04
9.015e-04
8.170e-04
6.480e-04
8.733e-04
8.170e-04
7.325e-04
7.606e-04
1.042e-03
6.198e-04
1.071e-03
9.579e-04
9.297e-04
7.606e-04
9.297e-04
8.170e-04
7.325e-04
8.452e-04
1.324e-03
1.042e-03
1.014e-03
1.352e-03
1.719e-03
1.014e-03
1.578e-03
1.634e-03
1.409e-03
1.606e-03
1.775e-03
1.690e-03
2.169e-03
1.662e-03
2.366e-03
2.028e-03
2.282e-03
2.000e-03
1.662e-03
1.719e-03
1.493e-03
1.747e-03
2.113e-03
1.775e-03
2.226e-03
3.043e-03
3.860e-03
3.409e-03
4.564e-03
4.592e-03
4.620e-03
5.691e-03
5.071e-03
4.677e-03
3.014e-03
2.845e-03
2.479e-03
1.859e-03
1.465e-03
1.014e-03
8.733e-04
9.297e-04
9.297e-04
4.226e-04
3.099e-04
1.972e-04
1.972e-04
2.254e-04
2.254e-04
1.690e-04
1.127e-04
8.452e-05
5.634e-05
1.409e-04
5.634e-05
8.452e-05
5.634e-05
2.817e-05
5.634e-05
5.634e-05
5.634e-05
2.817e-05
0.000e+00
5.634e-05
0.000e+00
5.634e-05
0.000e+00
2.817e-05
5.634e-05
0.000e+00
2.817e-05
2.817e-05
5.634e-05
0.000e+00
0.000e+00
2.817e-05
5.634e-05
0.000e+00
2.817e-05
0.000e+00
0.000e+00
2.817e-05
0.000e+00
1.127e-04
0.000e+00
0.000e+00
0.000e+00
0.000e+00
0.000e+00
0.000e+00
0.000e+00
2.817e-05
0.000e+00
