0.000e+00
0.000e+00
0.000e+00
0.000e+00
0.000e+00
0.000e+00
0.000e+00
0.000e+00
0.000e+00
0.000e+00
0.000e+00
0.000e+00
0.000e+00
0.000e+00
0.000e+00
0.000e+00
0.000e+00
0.000e+00
0.000e+00
0.000e+00
0.000e+00
0.000e+00
0.000e+00
0.000e+00
0.000e+00
0.000e+00
0.000e+00
1.664e-03
0.000e+00
0.000e+00
0.000e+00
0.000e+00
0.000e+00
0.000e+00
0.000e+00
0.000e+00
0.000e+00
0.000e+00
0.000e+00
0.000e+00
0.000e+00
0.000e+00
1.664e-03
0.000e+00
1.664e-03
0.000e+00
1.664e-03
0.000e+00
0.000e+00
0.000e+00
0.000e+00
0.000e+00
0.000e+00
0.000e+00
0.000e+00
0.000e+00
1.664e-03
0.000e+00
1.664e-03
1.664e-03
1.664e-03
1.664e-03
0.000e+00
0.000e+00
0.000e+00
3.328e-03
0.000e+00
1.664e-03
3.328e-03
1.664e-03
0.000e+00
0.000e+00
4.992e-03
0.000e+00
4.992e-03
8.319e-03
4.992e-03
1.331e-02
4.992e-03
0.000e+00
1.165e-02
3.328e-03
8.319e-03
1.664e-02
9.983e-03
9.983e-03
1.997e-02
1.498e-02
1.997e-02
2.829e-02
2.829e-02
1.331e-02
1.165e-02
9.983e-03
8.319e-03
1.331e-02
8.319e-03
1.165e-02
4.992e-03
1.664e-03
9.983e-03
8.319e-03
1.165e-02
1.331e-02
1.331e-02
9.983e-03
1.664e-03
1.664e-02
8.319e-03
6.656e-03
4.992e-03
3.328e-03
4.992e-03
6.656e-03
3.328e-03
1.664e-03
8.319e-03
3.328e-03
1.664e-03
0.000e+00
3.328e-03
0.000e+00
8.319e-03
1.664e-03
1.664e-03
0.000e+00
1.664e-03
1.664e-03
0.000e+00
0.000e+00
0.000e+00
0.000e+00
0.000e+00
1.664e-03
0.000e+00
0.000e+00
0.000e+00
0.000e+00
0.000e+00
0.000e+00
0.000e+00
0.000e+00
0.000e+00
0.000e+00
0.000e+00
0.000e+00
0.000e+00
0.000e+00
0.000e+00
0.000e+00
0.000e+00
0.000e+00
0.000e+00
0.000e+00
0.000e+00
0.000e+00
0.000e+00
0.000e+00
0.000e+00
0.000e+00
0.000e+00
0.000e+00
0.000e+00
0.000e+00
0.000e+00
0.000e+00
0.000e+00
0.000e+00
0.000e+00
0.000e+00
0.000e+00
0.000e+00
0.000e+00
0.000e+00
0.000e+00
0.000e+00
0.000e+00
0.000e+00
0.000e+00
0.000e+00
0.000e+00
0.000e+00
0.000e+00
0.000e+00
0.000e+00
0.000e+00
0.000e+00
0.000e+00
0.000e+00
0.000e+00
0.000e+00
0.000e+00
0.000e+00
0.000e+00
0.000e+00
0.000e+00
0.000e+00
0.000e+00
0.000e+00
0.000e+00
0.000e+00
0.000e+00
0.000e+00
0.000e+00
0.000e+00
0.000e+00
0.000e+00
0.000e+00
0.000e+00
0.000e+00
0.000e+00
0.000e+00
0.000e+00
0.000e+00
0.000e+00
0.000e+00
1.664e-03
1.664e-03
0.000e+00
0.000e+00
0.000e+00
0.000e+00
0.000e+00
1.664e-03
1.664e-03
0.000e+00
0.000e+00
0.000e+00
1.664e-03
0.000e+00
0.000e+00
0.000e+00
0.000e+00
3.328e-03
1.664e-03
0.000e+00
4.992e-03
3.328e-03
0.000e+00
1.664e-03
3.328e-03
1.664e-03
1.664e-03
3.328e-03
0.000e+00
3.328e-03
4.992e-03
1.664e-03
1.664e-03
4.992e-03
4.992e-03
4.992e-03
1.664e-03
9.983e-03
3.328e-03
6.656e-03
3.328e-03
1.165e-02
1.830e-02
8.319e-03
8.319e-03
4.992e-03
1.165e-02
6.656e-03
1.165e-02
9.983e-03
1.664e-02
1.498e-02
1.997e-02
8.319e-03
1.830e-02
3.661e-02
1.498e-02
1.830e-02
1.165e-02
1.997e-02
6.656e-03
8.319e-03
8.319e-03
8.319e-03
1.331e-02
1.331e-02
6.656e-03
6.656e-03
1.331e-02
4.992e-03
1.664e-02
4.992e-03
4.992e-03
4.992e-03
3.328e-03
9.983e-03
0.000e+00
0.000e+00
0.000e+00
4.992e-03
0.000e+00
1.664e-03
1.664e-03
1.664e-03
0.000e+00
1.664e-03
1.664e-03
1.664e-03
0.000e+00
0.000e+00
1.664e-03
0.000e+00
0.000e+00
4.992e-03
3.328e-03
0.000e+00
0.000e+00
0.000e+00
0.000e+00
0.000e+00
0.000e+00
0.000e+00
0.000e+00
0.000e+00
0.000e+00
0.000e+00
3.328e-03
1.664e-03
0.000e+00
0.000e+00
0.000e+00
0.000e+00
0.000e+00
0.000e+00
0.000e+00
0.000e+00
0.000e+00
0.000e+00
0.000e+00
0.000e+00
0.000e+00
0.000e+00
0.000e+00
0.000e+00
0.000e+00
0.000e+00
0.000e+00
0.000e+00
0.000e+00
0.000e+00
0.000e+00
0.000e+00
0.000e+00
0.000e+00
0.000e+00
0.000e+00
0.000e+00
0.000e+00
0.000e+00
0.000e+00
0.000e+00
0.000e+00
0.000e+00
0.000e+00
