0.000e+00
0.000e+00
0.000e+00
0.000e+00
0.000e+00
0.000e+00
0.000e+00
0.000e+00
0.000e+00
0.000e+00
0.000e+00
0.000e+00
0.000e+00
0.000e+00
0.000e+00
0.000e+00
0.000e+00
0.000e+00
0.000e+00
0.000e+00
0.000e+00
0.000e+00
0.000e+00
0.000e+00
0.000e+00
0.000e+00
0.000e+00
0.000e+00
0.000e+00
0.000e+00
0.000e+00
0.000e+00
0.000e+00
0.000e+00
0.000e+00
0.000e+00
0.000e+00
0.000e+00
0.000e+00
0.000e+00
0.000e+00
0.000e+00
0.000e+00
8.319e-04
0.000e+00
0.000e+00
0.000e+00
0.000e+00
0.000e+00
0.000e+00
0.000e+00
0.000e+00
0.000e+00
0.000e+00
0.000e+00
0.000e+00
0.000e+00
0.000e+00
0.000e+00
0.000e+00
8.319e-04
0.000e+00
0.000e+00
0.000e+00
0.000e+00
0.000e+00
0.000e+00
0.000e+00
0.000e+00
8.319e-04
0.000e+00
8.319e-04
4.992e-03
1.664e-03
4.992e-03
2.496e-03
1.664e-03
1.664e-03
6.656e-03
6.656e-03
8.319e-03
6.656e-03
4.992e-03
8.319e-03
4.992e-03
7.488e-03
1.165e-02
7.488e-03
6.656e-03
7.488e-03
7.488e-03
5.824e-03
4.992e-03
7.488e-03
4.992e-03
7.488e-03
6.656e-03
7.488e-03
5.824e-03
4.992e-03
3.328e-03
4.992e-03
2.496e-03
2.496e-03
4.992e-03
3.328e-03
4.992e-03
4.160e-03
0.000e+00
0.000e+00
4.992e-03
3.328e-03
8.319e-04
3.328e-03
2.496e-03
0.000e+00
8.319e-04
8.319e-04
3.328e-03
0.000e+00
1.664e-03
3.328e-03
0.000e+00
1.664e-03
0.000e+00
8.319e-04
8.319e-04
8.319e-04
0.000e+00
0.000e+00
1.664e-03
0.000e+00
8.319e-04
0.000e+00
0.000e+00
0.000e+00
0.000e+00
8.319e-04
0.000e+00
0.000e+00
0.000e+00
0.000e+00
0.000e+00
8.319e-04
8.319e-04
0.000e+00
0.000e+00
0.000e+00
0.000e+00
0.000e+00
0.000e+00
0.000e+00
0.000e+00
0.000e+00
0.000e+00
0.000e+00
0.000e+00
8.319e-04
0.000e+00
0.000e+00
0.000e+00
0.000e+00
0.000e+00
0.000e+00
0.000e+00
0.000e+00
0.000e+00
0.000e+00
0.000e+00
0.000e+00
0.000e+00
0.000e+00
0.000e+00
0.000e+00
0.000e+00
0.000e+00
0.000e+00
0.000e+00
0.000e+00
0.000e+00
0.000e+00
0.000e+00
0.000e+00
0.000e+00
0.000e+00
0.000e+00
0.000e+00
0.000e+00
0.000e+00
0.000e+00
0.000e+00
0.000e+00
0.000e+00
0.000e+00
0.000e+00
0.000e+00
0.000e+00
0.000e+00
0.000e+00
0.000e+00
0.000e+00
0.000e+00
0.000e+00
0.000e+00
0.000e+00
0.000e+00
0.000e+00
0.000e+00
0.000e+00
0.000e+00
0.000e+00
0.000e+00
0.000e+00
0.000e+00
0.000e+00
0.000e+00
0.000e+00
0.000e+00
0.000e+00
0.000e+00
8.319e-04
0.000e+00
0.000e+00
1.664e-03
8.319e-04
0.000e+00
0.000e+00
0.000e+00
8.319e-04
0.000e+00
1.664e-03
8.319e-04
0.000e+00
0.000e+00
8.319e-04
0.000e+00
1.664e-03
1.664e-03
1.664e-03
8.319e-04
2.496e-03
8.319e-04
1.664e-03
0.000e+00
1.664e-03
2.496e-03
8.319e-04
2.496e-03
1.664e-03
2.496e-03
8.319e-04
1.664e-03
3.328e-03
3.328e-03
3.328e-03
4.992e-03
3.328e-03
3.328e-03
3.328e-03
6.656e-03
5.824e-03
7.488e-03
5.824e-03
1.165e-02
5.824e-03
4.160e-03
9.151e-03
8.319e-03
7.488e-03
1.331e-02
8.319e-03
7.488e-03
1.165e-02
8.319e-03
5.824e-03
7.488e-03
1.082e-02
6.656e-03
3.328e-03
6.656e-03
4.992e-03
4.992e-03
8.319e-04
4.992e-03
4.160e-03
4.160e-03
1.664e-03
1.664e-03
1.664e-03
3.328e-03
1.664e-03
8.319e-04
2.496e-03
0.000e+00
0.000e+00
8.319e-04
8.319e-04
1.664e-03
0.000e+00
0.000e+00
1.664e-03
0.000e+00
8.319e-04
0.000e+00
0.000e+00
0.000e+00
0.000e+00
0.000e+00
0.000e+00
0.000e+00
0.000e+00
0.000e+00
0.000e+00
0.000e+00
0.000e+00
0.000e+00
0.000e+00
0.000e+00
0.000e+00
0.000e+00
0.000e+00
0.000e+00
0.000e+00
0.000e+00
0.000e+00
0.000e+00
0.000e+00
0.000e+00
0.000e+00
0.000e+00
0.000e+00
0.000e+00
0.000e+00
0.000e+00
0.000e+00
0.000e+00
0.000e+00
0.000e+00
0.000e+00
0.000e+00
0.000e+00
0.000e+00
0.000e+00
0.000e+00
0.000e+00
0.000e+00
0.000e+00
0.000e+00
0.000e+00
0.000e+00
0.000e+00
0.000e+00
0.000e+00
0.000e+00
0.000e+00
0.000e+00
0.000e+00
0.000e+00
0.000e+00
0.000e+00
