0.000e+00
0.000e+00
0.000e+00
0.000e+00
0.000e+00
0.000e+00
0.000e+00
0.000e+00
0.000e+00
0.000e+00
0.000e+00
0.000e+00
0.000e+00
0.000e+00
0.000e+00
0.000e+00
0.000e+00
0.000e+00
0.000e+00
0.000e+00
0.000e+00
0.000e+00
0.000e+00
0.000e+00
0.000e+00
0.000e+00
0.000e+00
0.000e+00
0.000e+00
0.000e+00
0.000e+00
0.000e+00
0.000e+00
0.000e+00
0.000e+00
0.000e+00
0.000e+00
0.000e+00
0.000e+00
0.000e+00
0.000e+00
0.000e+00
0.000e+00
0.000e+00
0.000e+00
0.000e+00
0.000e+00
0.000e+00
0.000e+00
0.000e+00
0.000e+00
0.000e+00
0.000e+00
0.000e+00
1.445e-03
1.445e-03
0.000e+00
0.000e+00
0.000e+00
0.000e+00
1.445e-03
1.445e-03
2.890e-03
0.000e+00
0.000e+00
1.445e-03
0.000e+00
0.000e+00
1.445e-03
4.335e-03
1.445e-03
1.445e-03
2.890e-03
1.445e-03
5.780e-03
7.225e-03
1.445e-03
2.890e-03
2.890e-03
2.890e-03
2.890e-03
8.671e-03
1.445e-03
7.225e-03
5.780e-03
5.780e-03
5.780e-03
1.156e-02
8.671e-03
1.445e-03
1.445e-03
1.445e-03
2.890e-03
5.780e-03
0.000e+00
4.335e-03
4.335e-03
1.445e-03
1.445e-03
5.780e-03
7.225e-03
4.335e-03
2.890e-03
4.335e-03
1.445e-03
4.335e-03
1.445e-03
1.445e-03
4.335e-03
4.335e-03
1.445e-03
5.780e-03
2.890e-03
1.445e-03
2.890e-03
0.000e+00
0.000e+00
0.000e+00
0.000e+00
0.000e+00
0.000e+00
1.445e-03
0.000e+00
1.445e-03
0.000e+00
0.000e+00
1.445e-03
0.000e+00
1.445e-03
1.445e-03
0.000e+00
0.000e+00
0.000e+00
0.000e+00
0.000e+00
1.445e-03
2.890e-03
2.890e-03
0.000e+00
0.000e+00
0.000e+00
1.445e-03
0.000e+00
0.000e+00
0.000e+00
0.000e+00
0.000e+00
0.000e+00
0.000e+00
0.000e+00
2.890e-03
0.000e+00
0.000e+00
0.000e+00
0.000e+00
1.445e-03
2.890e-03
1.445e-03
0.000e+00
0.000e+00
0.000e+00
0.000e+00
4.335e-03
2.890e-03
2.890e-03
0.000e+00
1.445e-03
0.000e+00
0.000e+00
1.445e-03
1.445e-03
2.890e-03
1.445e-03
1.445e-03
1.445e-03
4.335e-03
1.445e-03
4.335e-03
5.780e-03
2.890e-03
2.890e-03
8.671e-03
5.780e-03
7.225e-03
2.890e-03
4.335e-03
0.000e+00
1.445e-03
4.335e-03
1.445e-03
2.890e-03
0.000e+00
1.445e-03
0.000e+00
5.780e-03
1.445e-03
1.445e-03
0.000e+00
2.890e-03
0.000e+00
1.445e-03
2.890e-03
0.000e+00
2.890e-03
1.445e-03
0.000e+00
0.000e+00
0.000e+00
0.000e+00
1.445e-03
1.445e-03
0.000e+00
1.445e-03
0.000e+00
0.000e+00
1.445e-03
0.000e+00
0.000e+00
1.445e-03
1.445e-03
0.000e+00
1.445e-03
2.890e-03
0.000e+00
1.445e-03
0.000e+00
0.000e+00
0.000e+00
0.000e+00
0.000e+00
0.000e+00
0.000e+00
0.000e+00
0.000e+00
1.445e-03
1.445e-03
1.445e-03
0.000e+00
0.000e+00
0.000e+00
1.445e-03
0.000e+00
0.000e+00
0.000e+00
0.000e+00
2.890e-03
1.445e-03
2.890e-03
1.445e-03
1.445e-03
1.445e-03
1.445e-03
2.890e-03
0.000e+00
7.225e-03
4.335e-03
4.335e-03
7.225e-03
2.890e-03
1.445e-03
2.890e-03
7.225e-03
1.445e-03
1.445e-03
1.445e-03
1.445e-03
7.225e-03
2.890e-03
2.890e-03
0.000e+00
2.890e-03
7.225e-03
2.890e-03
1.156e-02
7.225e-03
7.225e-03
4.335e-03
1.156e-02
0.000e+00
5.780e-03
1.445e-03
1.445e-03
0.000e+00
1.445e-03
0.000e+00
5.780e-03
1.445e-03
4.335e-03
0.000e+00
2.890e-03
4.335e-03
0.000e+00
1.445e-03
1.445e-03
0.000e+00
1.445e-03
2.890e-03
0.000e+00
0.000e+00
0.000e+00
1.445e-03
0.000e+00
0.000e+00
1.445e-03
0.000e+00
0.000e+00
0.000e+00
0.000e+00
0.000e+00
0.000e+00
0.000e+00
0.000e+00
0.000e+00
0.000e+00
0.000e+00
0.000e+00
0.000e+00
0.000e+00
0.000e+00
0.000e+00
0.000e+00
0.000e+00
0.000e+00
0.000e+00
0.000e+00
0.000e+00
0.000e+00
0.000e+00
0.000e+00
0.000e+00
0.000e+00
0.000e+00
0.000e+00
0.000e+00
0.000e+00
0.000e+00
0.000e+00
0.000e+00
0.000e+00
0.000e+00
0.000e+00
0.000e+00
0.000e+00
0.000e+00
0.000e+00
0.000e+00
0.000e+00
0.000e+00
0.000e+00
0.000e+00
0.000e+00
0.000e+00
0.000e+00
0.000e+00
0.000e+00
0.000e+00
0.000e+00
0.000e+00
0.000e+00
0.000e+00
