1.500e-02
0.000e+00
1.000e-02
0.000e+00
0.000e+00
0.000e+00
0.000e+00
0.000e+00
0.000e+00
0.000e+00
5.000e-03
0.000e+00
0.000e+00
5.000e-03
0.000e+00
0.000e+00
0.000e+00
0.000e+00
0.000e+00
0.000e+00
5.000e-03
5.000e-03
1.000e-02
1.000e-02
0.000e+00
0.000e+00
5.000e-03
5.000e-03
0.000e+00
5.000e-03
0.000e+00
0.000e+00
0.000e+00
5.000e-03
0.000e+00
0.000e+00
0.000e+00
0.000e+00
0.000e+00
0.000e+00
0.000e+00
2.000e-02
0.000e+00
0.000e+00
0.000e+00
0.000e+00
0.000e+00
5.000e-03
1.000e-02
0.000e+00
5.000e-03
5.000e-03
0.000e+00
0.000e+00
0.000e+00
5.000e-03
0.000e+00
5.000e-03
0.000e+00
0.000e+00
1.000e-02
1.000e-02
1.500e-02
0.000e+00
0.000e+00
0.000e+00
0.000e+00
5.000e-03
5.000e-03
1.000e-02
0.000e+00
0.000e+00
5.000e-03
0.000e+00
5.000e-03
0.000e+00
0.000e+00
0.000e+00
5.000e-03
0.000e+00
0.000e+00
0.000e+00
0.000e+00
0.000e+00
5.000e-03
5.000e-03
0.000e+00
0.000e+00
0.000e+00
5.000e-03
5.000e-03
0.000e+00
0.000e+00
5.000e-03
0.000e+00
0.000e+00
5.000e-03
0.000e+00
0.000e+00
0.000e+00
5.000e-03
5.000e-03
5.000e-03
0.000e+00
0.000e+00
2.000e-02
0.000e+00
5.000e-03
0.000e+00
0.000e+00
5.000e-03
0.000e+00
0.000e+00
5.000e-03
5.000e-03
1.000e-02
0.000e+00
0.000e+00
0.000e+00
5.000e-03
1.000e-02
1.000e-02
0.000e+00
1.500e-02
5.000e-03
1.000e-02
1.000e-02
1.500e-02
5.000e-03
1.500e-02
5.000e-03
0.000e+00
1.000e-02
0.000e+00
0.000e+00
5.000e-03
0.000e+00
5.000e-03
0.000e+00
5.000e-03
0.000e+00
0.000e+00
0.000e+00
0.000e+00
0.000e+00
0.000e+00
0.000e+00
5.000e-03
0.000e+00
0.000e+00
5.000e-03
5.000e-03
0.000e+00
5.000e-03
5.000e-03
0.000e+00
0.000e+00
0.000e+00
0.000e+00
0.000e+00
1.000e-02
0.000e+00
0.000e+00
0.000e+00
0.000e+00
0.000e+00
5.000e-03
0.000e+00
0.000e+00
0.000e+00
0.000e+00
0.000e+00
0.000e+00
0.000e+00
0.000e+00
5.000e-03
0.000e+00
5.000e-03
5.000e-03
0.000e+00
2.000e-02
0.000e+00
0.000e+00
5.000e-03
0.000e+00
0.000e+00
0.000e+00
0.000e+00
5.000e-03
5.000e-03
0.000e+00
0.000e+00
5.000e-03
5.000e-03
0.000e+00
0.000e+00
0.000e+00
5.000e-03
5.000e-03
1.500e-02
5.000e-03
0.000e+00
1.000e-02
1.500e-02
0.000e+00
0.000e+00
0.000e+00
5.000e-03
5.000e-03
5.000e-03
5.000e-03
0.000e+00
0.000e+00
0.000e+00
0.000e+00
0.000e+00
0.000e+00
1.000e-02
5.000e-03
5.000e-03
5.000e-03
0.000e+00
0.000e+00
0.000e+00
5.000e-03
5.000e-03
0.000e+00
5.000e-03
0.000e+00
0.000e+00
0.000e+00
5.000e-03
0.000e+00
0.000e+00
0.000e+00
5.000e-03
5.000e-03
0.000e+00
5.000e-03
0.000e+00
1.500e-02
0.000e+00
5.000e-03
5.000e-03
0.000e+00
5.000e-03
0.000e+00
5.000e-03
1.000e-02
0.000e+00
5.000e-03
0.000e+00
5.000e-03
0.000e+00
0.000e+00
5.000e-03
0.000e+00
5.000e-03
0.000e+00
0.000e+00
0.000e+00
5.000e-03
0.000e+00
0.000e+00
0.000e+00
5.000e-03
0.000e+00
0.000e+00
0.000e+00
0.000e+00
5.000e-03
5.000e-03
5.000e-03
0.000e+00
0.000e+00
0.000e+00
0.000e+00
0.000e+00
5.000e-03
0.000e+00
1.000e-02
0.000e+00
5.000e-03
5.000e-03
5.000e-03
0.000e+00
0.000e+00
1.000e-02
0.000e+00
0.000e+00
5.000e-03
5.000e-03
0.000e+00
0.000e+00
5.000e-03
0.000e+00
1.000e-02
0.000e+00
1.000e-02
1.000e-02
1.500e-02
5.000e-03
3.000e-02
2.500e-02
5.000e-03
5.000e-03
0.000e+00
0.000e+00
0.000e+00
0.000e+00
5.000e-03
1.500e-02
0.000e+00
0.000e+00
5.000e-03
5.000e-03
0.000e+00
0.000e+00
0.000e+00
0.000e+00
0.000e+00
0.000e+00
5.000e-03
0.000e+00
0.000e+00
0.000e+00
0.000e+00
5.000e-03
0.000e+00
0.000e+00
5.000e-03
0.000e+00
5.000e-03
1.000e-02
0.000e+00
0.000e+00
0.000e+00
0.000e+00
0.000e+00
0.000e+00
0.000e+00
0.000e+00
0.000e+00
0.000e+00
0.000e+00
0.000e+00
5.000e-03
0.000e+00
0.000e+00
0.000e+00
0.000e+00
0.000e+00
0.000e+00
0.000e+00
5.000e-03
0.000e+00
0.000e+00
0.000e+00
0.000e+00
0.000e+00
