0.000e+00
4.219e-03
4.219e-03
8.439e-03
0.000e+00
4.219e-03
4.219e-03
0.000e+00
0.000e+00
4.219e-03
8.439e-03
4.219e-03
4.219e-03
4.219e-03
1.266e-02
8.439e-03
4.219e-03
1.688e-02
0.000e+00
8.439e-03
4.219e-03
1.688e-02
1.266e-02
4.219e-03
1.688e-02
2.532e-02
1.688e-02
1.266e-02
8.439e-03
0.000e+00
2.110e-02
4.219e-03
1.688e-02
2.532e-02
1.688e-02
2.110e-02
1.688e-02
1.688e-02
1.266e-02
1.266e-02
1.266e-02
0.000e+00
2.110e-02
4.219e-03
4.219e-03
8.439e-03
8.439e-03
1.266e-02
8.439e-03
4.219e-03
4.219e-03
8.439e-03
1.266e-02
4.219e-03
4.219e-03
0.000e+00
0.000e+00
0.000e+00
4.219e-03
0.000e+00
0.000e+00
4.219e-03
0.000e+00
4.219e-03
0.000e+00
0.000e+00
0.000e+00
4.219e-03
0.000e+00
0.000e+00
0.000e+00
0.000e+00
0.000e+00
0.000e+00
0.000e+00
0.000e+00
0.000e+00
0.000e+00
0.000e+00
0.000e+00
0.000e+00
0.000e+00
0.000e+00
0.000e+00
0.000e+00
0.000e+00
0.000e+00
0.000e+00
0.000e+00
0.000e+00
0.000e+00
0.000e+00
0.000e+00
0.000e+00
0.000e+00
0.000e+00
0.000e+00
0.000e+00
0.000e+00
0.000e+00
0.000e+00
0.000e+00
0.000e+00
0.000e+00
0.000e+00
0.000e+00
0.000e+00
0.000e+00
0.000e+00
0.000e+00
0.000e+00
0.000e+00
0.000e+00
0.000e+00
0.000e+00
0.000e+00
0.000e+00
0.000e+00
0.000e+00
0.000e+00
0.000e+00
0.000e+00
0.000e+00
0.000e+00
0.000e+00
0.000e+00
0.000e+00
0.000e+00
0.000e+00
0.000e+00
0.000e+00
0.000e+00
0.000e+00
0.000e+00
0.000e+00
0.000e+00
0.000e+00
0.000e+00
0.000e+00
0.000e+00
0.000e+00
0.000e+00
0.000e+00
0.000e+00
0.000e+00
0.000e+00
0.000e+00
0.000e+00
0.000e+00
0.000e+00
0.000e+00
0.000e+00
0.000e+00
0.000e+00
4.219e-03
0.000e+00
4.219e-03
0.000e+00
0.000e+00
0.000e+00
4.219e-03
0.000e+00
4.219e-03
0.000e+00
0.000e+00
0.000e+00
0.000e+00
0.000e+00
4.219e-03
0.000e+00
0.000e+00
0.000e+00
0.000e+00
0.000e+00
4.219e-03
0.000e+00
0.000e+00
0.000e+00
4.219e-03
0.000e+00
4.219e-03
0.000e+00
0.000e+00
0.000e+00
0.000e+00
0.000e+00
0.000e+00
0.000e+00
0.000e+00
0.000e+00
4.219e-03
0.000e+00
4.219e-03
0.000e+00
0.000e+00
0.000e+00
0.000e+00
0.000e+00
0.000e+00
4.219e-03
0.000e+00
0.000e+00
0.000e+00
0.000e+00
0.000e+00
0.000e+00
4.219e-03
0.000e+00
0.000e+00
0.000e+00
0.000e+00
0.000e+00
0.000e+00
0.000e+00
4.219e-03
0.000e+00
0.000e+00
0.000e+00
0.000e+00
0.000e+00
0.000e+00
0.000e+00
0.000e+00
0.000e+00
0.000e+00
0.000e+00
0.000e+00
0.000e+00
0.000e+00
0.000e+00
0.000e+00
0.000e+00
0.000e+00
0.000e+00
0.000e+00
0.000e+00
0.000e+00
0.000e+00
0.000e+00
0.000e+00
0.000e+00
0.000e+00
0.000e+00
0.000e+00
0.000e+00
0.000e+00
0.000e+00
0.000e+00
0.000e+00
0.000e+00
0.000e+00
0.000e+00
0.000e+00
0.000e+00
0.000e+00
0.000e+00
0.000e+00
0.000e+00
0.000e+00
0.000e+00
0.000e+00
0.000e+00
0.000e+00
0.000e+00
0.000e+00
0.000e+00
0.000e+00
0.000e+00
0.000e+00
0.000e+00
0.000e+00
0.000e+00
0.000e+00
0.000e+00
0.000e+00
0.000e+00
0.000e+00
0.000e+00
0.000e+00
0.000e+00
0.000e+00
0.000e+00
0.000e+00
0.000e+00
0.000e+00
0.000e+00
0.000e+00
0.000e+00
0.000e+00
0.000e+00
4.219e-03
4.219e-03
0.000e+00
0.000e+00
0.000e+00
0.000e+00
0.000e+00
0.000e+00
0.000e+00
0.000e+00
0.000e+00
0.000e+00
0.000e+00
0.000e+00
0.000e+00
0.000e+00
8.439e-03
4.219e-03
4.219e-03
4.219e-03
0.000e+00
4.219e-03
4.219e-03
1.266e-02
4.219e-03
4.219e-03
0.000e+00
1.266e-02
0.000e+00
8.439e-03
8.439e-03
2.532e-02
2.110e-02
8.439e-03
1.266e-02
1.266e-02
8.439e-03
4.219e-03
1.688e-02
1.688e-02
1.266e-02
0.000e+00
1.266e-02
8.439e-03
4.219e-03
1.688e-02
1.688e-02
2.532e-02
4.219e-03
4.219e-03
1.688e-02
1.688e-02
8.439e-03
8.439e-03
0.000e+00
0.000e+00
8.439e-03
4.219e-03
8.439e-03
4.219e-03
0.000e+00
0.000e+00
0.000e+00
0.000e+00
1.266e-02
4.219e-03
0.000e+00
4.219e-03
4.219e-03
4.219e-03
