1.109e-02
1.256e-02
9.608e-03
8.130e-03
2.217e-03
1.109e-02
8.869e-03
5.174e-03
7.391e-03
6.652e-03
5.913e-03
6.652e-03
3.695e-03
9.608e-03
7.391e-03
5.174e-03
1.035e-02
8.130e-03
1.035e-02
8.869e-03
1.330e-02
6.652e-03
1.404e-02
8.130e-03
1.109e-02
1.109e-02
1.256e-02
1.256e-02
1.552e-02
2.291e-02
9.608e-03
8.130e-03
1.256e-02
1.183e-02
1.478e-02
1.183e-02
2.069e-02
1.256e-02
1.330e-02
8.130e-03
1.035e-02
1.330e-02
5.913e-03
1.035e-02
5.174e-03
9.608e-03
8.130e-03
5.174e-03
1.478e-03
5.913e-03
2.217e-03
7.391e-04
7.391e-04
0.000e+00
5.913e-03
5.913e-03
2.956e-03
2.956e-03
3.695e-03
0.000e+00
1.478e-03
2.217e-03
1.478e-03
1.478e-03
7.391e-04
7.391e-04
7.391e-04
7.391e-04
7.391e-04
0.000e+00
1.478e-03
1.478e-03
0.000e+00
0.000e+00
0.000e+00
0.000e+00
7.391e-04
0.000e+00
7.391e-04
7.391e-04
7.391e-04
0.000e+00
0.000e+00
7.391e-04
0.000e+00
0.000e+00
0.000e+00
0.000e+00
0.000e+00
0.000e+00
0.000e+00
0.000e+00
0.000e+00
0.000e+00
0.000e+00
0.000e+00
0.000e+00
0.000e+00
0.000e+00
0.000e+00
0.000e+00
0.000e+00
0.000e+00
0.000e+00
7.391e-04
0.000e+00
0.000e+00
0.000e+00
0.000e+00
0.000e+00
0.000e+00
0.000e+00
0.000e+00
0.000e+00
0.000e+00
0.000e+00
0.000e+00
0.000e+00
0.000e+00
0.000e+00
0.000e+00
0.000e+00
0.000e+00
0.000e+00
0.000e+00
0.000e+00
0.000e+00
0.000e+00
0.000e+00
0.000e+00
0.000e+00
0.000e+00
0.000e+00
0.000e+00
0.000e+00
0.000e+00
0.000e+00
0.000e+00
0.000e+00
0.000e+00
0.000e+00
0.000e+00
0.000e+00
0.000e+00
0.000e+00
0.000e+00
0.000e+00
0.000e+00
0.000e+00
0.000e+00
0.000e+00
0.000e+00
0.000e+00
0.000e+00
0.000e+00
0.000e+00
0.000e+00
0.000e+00
0.000e+00
0.000e+00
0.000e+00
7.391e-04
0.000e+00
0.000e+00
0.000e+00
0.000e+00
0.000e+00
0.000e+00
0.000e+00
0.000e+00
0.000e+00
0.000e+00
7.391e-04
0.000e+00
0.000e+00
1.478e-03
0.000e+00
0.000e+00
2.217e-03
2.956e-03
3.695e-03
2.956e-03
1.478e-03
7.391e-04
7.391e-04
7.391e-04
7.391e-04
0.000e+00
0.000e+00
0.000e+00
0.000e+00
7.391e-04
0.000e+00
0.000e+00
0.000e+00
2.217e-03
7.391e-04
7.391e-04
0.000e+00
0.000e+00
0.000e+00
7.391e-04
1.478e-03
0.000e+00
0.000e+00
0.000e+00
0.000e+00
0.000e+00
0.000e+00
0.000e+00
0.000e+00
0.000e+00
0.000e+00
0.000e+00
0.000e+00
0.000e+00
0.000e+00
0.000e+00
0.000e+00
0.000e+00
0.000e+00
0.000e+00
0.000e+00
0.000e+00
0.000e+00
0.000e+00
0.000e+00
0.000e+00
0.000e+00
0.000e+00
0.000e+00
0.000e+00
0.000e+00
0.000e+00
0.000e+00
0.000e+00
0.000e+00
0.000e+00
0.000e+00
0.000e+00
0.000e+00
0.000e+00
0.000e+00
0.000e+00
0.000e+00
0.000e+00
0.000e+00
0.000e+00
0.000e+00
0.000e+00
0.000e+00
0.000e+00
0.000e+00
0.000e+00
0.000e+00
0.000e+00
0.000e+00
0.000e+00
0.000e+00
0.000e+00
0.000e+00
0.000e+00
0.000e+00
0.000e+00
0.000e+00
0.000e+00
0.000e+00
0.000e+00
0.000e+00
0.000e+00
0.000e+00
0.000e+00
0.000e+00
0.000e+00
0.000e+00
0.000e+00
0.000e+00
0.000e+00
0.000e+00
0.000e+00
0.000e+00
0.000e+00
0.000e+00
0.000e+00
0.000e+00
0.000e+00
1.478e-03
0.000e+00
2.217e-03
7.391e-04
0.000e+00
7.391e-04
0.000e+00
0.000e+00
0.000e+00
2.217e-03
1.478e-03
1.478e-03
0.000e+00
1.478e-03
3.695e-03
7.391e-04
2.956e-03
2.217e-03
2.217e-03
7.391e-04
7.391e-04
3.695e-03
1.478e-03
1.478e-03
2.217e-03
2.956e-03
1.478e-03
3.695e-03
5.913e-03
1.478e-03
4.435e-03
5.913e-03
1.109e-02
8.869e-03
1.035e-02
5.913e-03
9.608e-03
8.130e-03
1.330e-02
1.922e-02
1.848e-02
1.330e-02
1.404e-02
1.183e-02
1.996e-02
2.291e-02
1.478e-02
7.391e-03
5.913e-03
1.256e-02
1.256e-02
8.869e-03
5.174e-03
8.130e-03
9.608e-03
7.391e-03
6.652e-03
6.652e-03
9.608e-03
2.956e-03
5.174e-03
5.913e-03
5.174e-03
1.109e-02
4.435e-03
3.695e-03
8.130e-03
3.695e-03
4.435e-03
5.174e-03
5.913e-03
9.608e-03
5.174e-03
2.956e-03
