4.960e+02
4.030e+02
3.220e+02
2.590e+02
1.880e+02
1.970e+02
1.560e+02
1.380e+02
1.700e+02
1.270e+02
1.450e+02
1.440e+02
1.520e+02
1.770e+02
1.370e+02
1.560e+02
1.470e+02
1.460e+02
1.320e+02
1.130e+02
1.190e+02
9.400e+01
8.800e+01
7.300e+01
7.200e+01
6.200e+01
6.700e+01
5.700e+01
5.500e+01
4.900e+01
4.800e+01
5.300e+01
6.900e+01
8.900e+01
6.900e+01
5.300e+01
3.000e+01
2.700e+01
1.200e+01
7.000e+00
1.100e+01
1.900e+01
1.800e+01
1.100e+01
1.700e+01
1.700e+01
9.000e+00
7.000e+00
6.000e+00
1.000e+01
1.400e+01
6.000e+00
1.500e+01
1.200e+01
2.000e+01
4.100e+01
3.400e+01
5.400e+01
4.900e+01
4.900e+01
1.500e+01
1.400e+01
3.000e+00
5.000e+00
3.000e+00
3.000e+00
3.000e+00
6.000e+00
1.600e+01
2.300e+01
4.400e+01
3.900e+01
2.500e+01
2.100e+01
1.800e+01
6.000e+00
5.000e+00
9.000e+00
9.000e+00
3.000e+00
3.000e+00
4.000e+00
8.000e+00
3.000e+00
6.000e+00
6.000e+00
3.000e+00
1.100e+01
7.000e+00
7.000e+00
9.000e+00
7.000e+00
7.000e+00
9.000e+00
8.000e+00
4.000e+00
4.000e+00
6.000e+00
4.000e+00
9.000e+00
8.000e+00
1.200e+01
7.000e+00
1.000e+01
1.200e+01
1.100e+01
1.500e+01
1.300e+01
1.500e+01
6.000e+00
1.400e+01
1.700e+01
2.400e+01
1.600e+01
2.500e+01
2.700e+01
3.300e+01
2.400e+01
3.500e+01
3.500e+01
4.100e+01
3.000e+01
3.800e+01
3.000e+01
2.800e+01
4.100e+01
2.600e+01
3.600e+01
3.800e+01
4.100e+01
4.500e+01
2.900e+01
3.400e+01
5.100e+01
3.700e+01
2.700e+01
3.500e+01
2.800e+01
2.000e+01
3.200e+01
2.600e+01
2.300e+01
2.800e+01
2.000e+01
2.400e+01
2.500e+01
2.000e+01
1.700e+01
2.000e+01
2.300e+01
1.200e+01
1.700e+01
1.600e+01
1.300e+01
8.000e+00
1.200e+01
1.200e+01
1.500e+01
1.300e+01
1.200e+01
1.600e+01
1.300e+01
1.900e+01
7.000e+00
9.000e+00
8.000e+00
7.000e+00
1.300e+01
7.000e+00
1.400e+01
9.000e+00
1.400e+01
1.400e+01
1.000e+01
1.300e+01
1.900e+01
2.500e+01
1.600e+01
2.700e+01
3.000e+01
4.200e+01
2.400e+01
2.700e+01
2.400e+01
1.500e+01
1.100e+01
1.600e+01
1.200e+01
8.000e+00
9.000e+00
1.300e+01
1.100e+01
1.100e+01
6.000e+00
9.000e+00
1.800e+01
1.100e+01
1.200e+01
1.300e+01
1.600e+01
2.000e+01
1.200e+01
1.500e+01
1.900e+01
1.100e+01
1.800e+01
9.000e+00
1.100e+01
1.400e+01
2.400e+01
1.400e+01
2.100e+01
1.400e+01
1.600e+01
2.300e+01
2.600e+01
1.600e+01
2.000e+01
3.800e+01
2.600e+01
3.100e+01
2.300e+01
2.700e+01
2.900e+01
3.100e+01
3.800e+01
3.300e+01
2.800e+01
3.100e+01
3.400e+01
3.900e+01
2.800e+01
3.700e+01
3.700e+01
3.500e+01
3.900e+01
1.800e+01
3.800e+01
3.500e+01
2.600e+01
3.600e+01
3.700e+01
4.800e+01
2.900e+01
2.700e+01
2.100e+01
1.400e+01
3.100e+01
2.900e+01
1.800e+01
1.200e+01
1.900e+01
2.700e+01
2.200e+01
1.500e+01
1.200e+01
1.700e+01
1.400e+01
1.500e+01
7.000e+00
4.000e+00
7.000e+00
3.000e+00
6.000e+00
5.000e+00
9.000e+00
1.500e+01
8.000e+00
9.000e+00
5.000e+00
7.000e+00
1.100e+01
5.000e+00
7.000e+00
6.000e+00
8.000e+00
3.000e+00
4.000e+00
4.000e+00
3.000e+00
0.000e+00
7.000e+00
0.000e+00
2.000e+00
3.000e+00
7.000e+00
1.100e+01
1.900e+01
3.300e+01
3.100e+01
4.900e+01
2.700e+01
9.000e+00
6.000e+00
5.000e+00
3.000e+00
1.000e+00
3.000e+00
6.000e+00
1.100e+01
3.100e+01
4.200e+01
4.400e+01
4.400e+01
3.700e+01
4.500e+01
2.000e+01
1.300e+01
1.600e+01
9.000e+00
1.000e+01
1.000e+01
9.000e+00
1.300e+01
8.000e+00
1.100e+01
1.000e+01
6.000e+00
8.000e+00
1.900e+01
1.200e+01
1.600e+01
1.700e+01
2.300e+01
3.300e+01
4.300e+01
7.300e+01
8.700e+01
8.800e+01
6.900e+01
4.300e+01
5.300e+01
4.500e+01
7.000e+01
7.400e+01
5.700e+01
8.600e+01
8.300e+01
9.700e+01
1.030e+02
1.050e+02
1.160e+02
1.360e+02
1.230e+02
1.300e+02
1.530e+02
1.330e+02
1.460e+02
1.530e+02
1.420e+02
1.520e+02
1.440e+02
1.620e+02
1.590e+02
1.660e+02
1.830e+02
2.040e+02
2.720e+02
3.080e+02
4.250e+02
