0.000e+00
0.000e+00
0.000e+00
8.562e-04
0.000e+00
8.562e-04
2.568e-03
1.712e-03
8.562e-04
0.000e+00
2.568e-03
2.568e-03
2.568e-03
1.712e-03
8.562e-04
8.562e-04
1.712e-03
8.562e-04
3.425e-03
4.281e-03
1.712e-03
3.425e-03
2.568e-03
1.712e-03
2.568e-03
5.993e-03
5.137e-03
4.281e-03
3.425e-03
3.425e-03
4.281e-03
2.568e-03
8.562e-04
5.137e-03
4.281e-03
8.562e-04
5.993e-03
6.849e-03
6.849e-03
4.281e-03
4.281e-03
1.712e-03
5.137e-03
5.993e-03
7.705e-03
4.281e-03
8.562e-04
1.712e-03
3.425e-03
4.281e-03
6.849e-03
2.568e-03
1.712e-03
8.562e-04
2.568e-03
2.568e-03
8.562e-04
8.562e-04
4.281e-03
1.712e-03
3.425e-03
1.712e-03
8.562e-04
2.568e-03
1.712e-03
8.562e-04
5.137e-03
5.137e-03
4.281e-03
2.568e-03
2.568e-03
8.562e-04
4.281e-03
4.281e-03
5.993e-03
3.425e-03
1.712e-03
3.425e-03
8.562e-04
8.562e-04
1.712e-03
2.568e-03
2.568e-03
6.849e-03
1.712e-03
0.000e+00
1.712e-03
0.000e+00
1.712e-03
1.712e-03
2.568e-03
3.425e-03
8.562e-04
2.568e-03
4.281e-03
1.712e-03
2.568e-03
5.137e-03
2.568e-03
0.000e+00
8.562e-04
5.993e-03
4.281e-03
2.568e-03
5.137e-03
2.568e-03
3.425e-03
0.000e+00
2.568e-03
1.712e-03
3.425e-03
3.425e-03
1.712e-03
3.425e-03
4.281e-03
1.712e-03
2.568e-03
8.562e-04
0.000e+00
4.281e-03
3.425e-03
2.568e-03
0.000e+00
8.562e-04
3.425e-03
4.281e-03
0.000e+00
2.568e-03
1.712e-03
2.568e-03
8.562e-04
8.562e-04
2.568e-03
5.137e-03
7.705e-03
4.281e-03
4.281e-03
5.993e-03
4.281e-03
3.425e-03
5.993e-03
2.568e-03
7.705e-03
3.425e-03
5.993e-03
4.281e-03
8.562e-03
3.425e-03
2.568e-03
4.281e-03
4.281e-03
5.137e-03
2.568e-03
2.568e-03
1.712e-03
8.562e-04
5.137e-03
4.281e-03
3.425e-03
1.712e-03
2.568e-03
0.000e+00
1.712e-03
0.000e+00
2.568e-03
1.712e-03
0.000e+00
8.562e-04
8.562e-04
2.568e-03
3.425e-03
2.568e-03
3.425e-03
1.712e-03
1.712e-03
2.568e-03
8.562e-04
8.562e-04
1.712e-03
0.000e+00
8.562e-04
8.562e-04
0.000e+00
0.000e+00
8.562e-04
2.568e-03
1.712e-03
8.562e-04
1.712e-03
8.562e-04
4.281e-03
8.562e-04
1.712e-03
8.562e-04
1.712e-03
0.000e+00
4.281e-03
1.712e-03
2.568e-03
1.712e-03
2.568e-03
2.568e-03
3.425e-03
3.425e-03
5.993e-03
3.425e-03
6.849e-03
8.562e-04
4.281e-03
3.425e-03
3.425e-03
8.562e-04
2.568e-03
5.993e-03
3.425e-03
2.568e-03
3.425e-03
7.705e-03
7.705e-03
3.425e-03
2.568e-03
3.425e-03
3.425e-03
5.137e-03
5.137e-03
5.993e-03
3.425e-03
1.712e-03
2.568e-03
7.705e-03
2.568e-03
8.562e-04
3.425e-03
1.712e-03
8.562e-04
8.562e-04
2.568e-03
3.425e-03
8.562e-04
2.568e-03
1.712e-03
1.712e-03
2.568e-03
4.281e-03
8.562e-04
8.562e-04
3.425e-03
3.425e-03
3.425e-03
0.000e+00
2.568e-03
4.281e-03
1.712e-03
2.568e-03
1.712e-03
6.849e-03
1.712e-03
2.568e-03
5.993e-03
3.425e-03
8.562e-04
8.562e-04
1.712e-03
8.562e-04
2.568e-03
5.137e-03
2.568e-03
2.568e-03
0.000e+00
8.562e-04
1.712e-03
2.568e-03
8.562e-04
3.425e-03
2.568e-03
3.425e-03
2.568e-03
2.568e-03
2.568e-03
1.712e-03
2.568e-03
1.712e-03
2.568e-03
3.425e-03
2.568e-03
2.568e-03
5.993e-03
5.137e-03
1.712e-03
5.137e-03
1.712e-03
8.562e-04
5.993e-03
5.993e-03
2.568e-03
8.562e-04
1.712e-03
8.562e-04
2.568e-03
4.281e-03
2.568e-03
8.562e-04
8.562e-04
1.712e-03
2.568e-03
2.568e-03
2.568e-03
1.712e-03
2.568e-03
1.712e-03
8.562e-04
1.712e-03
5.137e-03
5.993e-03
3.425e-03
4.281e-03
5.993e-03
5.993e-03
3.425e-03
8.562e-03
5.137e-03
5.137e-03
2.568e-03
7.705e-03
5.993e-03
4.281e-03
7.705e-03
2.568e-03
4.281e-03
5.993e-03
4.281e-03
3.425e-03
0.000e+00
2.568e-03
2.568e-03
5.993e-03
2.568e-03
2.568e-03
8.562e-04
1.712e-03
1.712e-03
8.562e-04
8.562e-04
8.562e-04
2.568e-03
8.562e-04
0.000e+00
8.562e-04
2.568e-03
5.137e-03
1.712e-03
2.568e-03
0.000e+00
1.712e-03
3.425e-03
1.712e-03
8.562e-04
8.562e-04
0.000e+00
1.712e-03
