0.000e+00
4.281e-04
1.712e-03
1.284e-03
0.000e+00
1.284e-03
4.281e-04
0.000e+00
1.284e-03
4.281e-04
1.284e-03
4.281e-04
2.140e-03
8.562e-04
4.281e-04
1.712e-03
4.281e-04
1.284e-03
8.562e-04
4.281e-04
4.281e-04
1.712e-03
1.284e-03
1.712e-03
8.562e-04
4.281e-04
2.140e-03
8.562e-04
8.562e-04
8.562e-04
4.281e-04
2.140e-03
4.281e-04
8.562e-04
4.281e-04
8.562e-04
0.000e+00
1.284e-03
8.562e-04
8.562e-04
1.284e-03
2.140e-03
1.284e-03
4.281e-04
1.284e-03
1.284e-03
1.284e-03
8.562e-04
2.140e-03
0.000e+00
1.284e-03
8.562e-04
1.712e-03
1.712e-03
0.000e+00
4.281e-04
0.000e+00
0.000e+00
4.281e-04
8.562e-04
8.562e-04
1.284e-03
1.712e-03
4.281e-04
1.712e-03
1.284e-03
4.281e-04
1.712e-03
1.284e-03
2.140e-03
2.997e-03
4.281e-04
2.140e-03
8.562e-04
1.712e-03
4.281e-04
3.425e-03
4.709e-03
8.562e-04
4.709e-03
3.425e-03
2.997e-03
4.709e-03
2.140e-03
2.568e-03
1.284e-03
2.568e-03
5.993e-03
4.281e-03
2.997e-03
2.568e-03
2.140e-03
3.425e-03
2.140e-03
4.709e-03
2.140e-03
3.853e-03
1.284e-03
2.997e-03
2.997e-03
2.997e-03
2.568e-03
1.712e-03
3.853e-03
1.284e-03
2.997e-03
1.712e-03
2.568e-03
1.712e-03
2.568e-03
2.140e-03
2.140e-03
2.568e-03
0.000e+00
2.568e-03
1.284e-03
8.562e-04
2.140e-03
2.140e-03
8.562e-04
2.568e-03
8.562e-04
8.562e-04
4.281e-04
4.281e-04
1.284e-03
1.284e-03
4.281e-04
0.000e+00
4.281e-04
0.000e+00
0.000e+00
8.562e-04
4.281e-04
2.140e-03
1.712e-03
1.284e-03
4.281e-04
1.284e-03
4.281e-04
8.562e-04
4.281e-04
4.281e-04
1.284e-03
1.284e-03
8.562e-04
8.562e-04
1.712e-03
1.284e-03
8.562e-04
4.281e-04
1.712e-03
4.281e-04
1.712e-03
1.712e-03
2.140e-03
0.000e+00
2.140e-03
8.562e-04
3.853e-03
8.562e-04
1.284e-03
2.140e-03
0.000e+00
8.562e-04
4.281e-04
4.281e-04
8.562e-04
0.000e+00
4.281e-04
1.284e-03
1.712e-03
1.284e-03
8.562e-04
8.562e-04
0.000e+00
8.562e-04
0.000e+00
8.562e-04
8.562e-04
0.000e+00
4.281e-04
1.284e-03
1.712e-03
4.281e-04
0.000e+00
8.562e-04
1.284e-03
8.562e-04
8.562e-04
1.284e-03
4.281e-04
1.712e-03
1.284e-03
1.712e-03
4.281e-04
4.281e-04
1.284e-03
1.712e-03
4.281e-04
4.281e-04
1.712e-03
8.562e-04
1.284e-03
2.568e-03
8.562e-04
4.281e-04
8.562e-04
0.000e+00
2.568e-03
8.562e-04
8.562e-04
4.281e-04
8.562e-04
1.284e-03
0.000e+00
1.284e-03
4.281e-04
1.712e-03
2.140e-03
0.000e+00
1.284e-03
4.281e-04
8.562e-04
1.284e-03
2.997e-03
8.562e-04
8.562e-04
8.562e-04
1.712e-03
2.140e-03
4.281e-04
0.000e+00
0.000e+00
4.281e-04
8.562e-04
4.281e-04
8.562e-04
8.562e-04
1.284e-03
8.562e-04
8.562e-04
1.712e-03
1.712e-03
1.712e-03
1.284e-03
2.140e-03
8.562e-04
1.712e-03
1.284e-03
4.281e-04
1.284e-03
8.562e-04
1.712e-03
4.281e-03
2.140e-03
2.997e-03
2.568e-03
2.140e-03
2.997e-03
2.140e-03
4.281e-03
2.140e-03
1.712e-03
3.425e-03
3.853e-03
3.853e-03
3.853e-03
2.997e-03
2.997e-03
2.140e-03
4.709e-03
8.562e-04
5.137e-03
3.425e-03
3.853e-03
8.562e-04
4.281e-03
2.997e-03
1.712e-03
2.568e-03
4.281e-03
2.997e-03
1.712e-03
2.997e-03
2.140e-03
3.425e-03
1.284e-03
1.712e-03
1.284e-03
1.284e-03
2.140e-03
2.568e-03
8.562e-04
1.712e-03
2.997e-03
2.997e-03
1.284e-03
8.562e-04
4.281e-04
4.281e-04
8.562e-04
1.284e-03
4.281e-04
4.281e-04
0.000e+00
4.281e-04
0.000e+00
0.000e+00
8.562e-04
8.562e-04
4.281e-04
4.281e-04
1.284e-03
2.140e-03
1.284e-03
8.562e-04
1.712e-03
0.000e+00
8.562e-04
8.562e-04
0.000e+00
8.562e-04
1.284e-03
2.140e-03
0.000e+00
8.562e-04
1.284e-03
1.284e-03
1.712e-03
2.140e-03
8.562e-04
8.562e-04
2.568e-03
4.281e-04
1.712e-03
1.284e-03
4.281e-04
2.140e-03
4.281e-04
2.140e-03
8.562e-04
1.284e-03
4.281e-04
8.562e-04
8.562e-04
0.000e+00
4.281e-04
0.000e+00
8.562e-04
1.712e-03
1.284e-03
8.562e-04
0.000e+00
1.712e-03
4.281e-04
4.281e-04
4.281e-04
1.284e-03
0.000e+00
