1.447e-02
1.420e-02
1.286e-02
1.233e-02
1.045e-02
1.072e-02
7.771e-03
7.771e-03
6.163e-03
4.823e-03
3.751e-03
3.483e-03
4.287e-03
2.144e-03
2.144e-03
3.483e-03
8.039e-04
2.412e-03
8.039e-04
1.608e-03
5.359e-04
1.340e-03
5.359e-04
5.359e-04
0.000e+00
0.000e+00
5.359e-04
2.680e-04
2.680e-04
0.000e+00
0.000e+00
0.000e+00
2.680e-04
2.680e-04
0.000e+00
0.000e+00
0.000e+00
0.000e+00
0.000e+00
0.000e+00
0.000e+00
0.000e+00
0.000e+00
0.000e+00
0.000e+00
0.000e+00
0.000e+00
0.000e+00
0.000e+00
0.000e+00
0.000e+00
0.000e+00
0.000e+00
0.000e+00
0.000e+00
0.000e+00
0.000e+00
0.000e+00
0.000e+00
0.000e+00
0.000e+00
0.000e+00
0.000e+00
0.000e+00
0.000e+00
0.000e+00
0.000e+00
0.000e+00
0.000e+00
0.000e+00
0.000e+00
0.000e+00
0.000e+00
0.000e+00
0.000e+00
0.000e+00
0.000e+00
0.000e+00
0.000e+00
0.000e+00
0.000e+00
0.000e+00
0.000e+00
0.000e+00
0.000e+00
0.000e+00
0.000e+00
0.000e+00
0.000e+00
0.000e+00
0.000e+00
0.000e+00
0.000e+00
0.000e+00
0.000e+00
0.000e+00
0.000e+00
0.000e+00
0.000e+00
0.000e+00
0.000e+00
0.000e+00
0.000e+00
0.000e+00
0.000e+00
0.000e+00
0.000e+00
0.000e+00
0.000e+00
0.000e+00
0.000e+00
0.000e+00
0.000e+00
0.000e+00
0.000e+00
0.000e+00
0.000e+00
0.000e+00
0.000e+00
0.000e+00
0.000e+00
0.000e+00
0.000e+00
0.000e+00
0.000e+00
0.000e+00
0.000e+00
0.000e+00
0.000e+00
0.000e+00
0.000e+00
0.000e+00
0.000e+00
0.000e+00
0.000e+00
0.000e+00
0.000e+00
0.000e+00
0.000e+00
0.000e+00
0.000e+00
0.000e+00
0.000e+00
0.000e+00
0.000e+00
0.000e+00
0.000e+00
2.680e-04
0.000e+00
0.000e+00
0.000e+00
0.000e+00
0.000e+00
2.680e-04
0.000e+00
2.680e-04
0.000e+00
8.039e-04
1.340e-03
2.680e-04
5.359e-04
8.039e-04
1.608e-03
5.359e-04
1.876e-03
1.876e-03
3.215e-03
5.359e-03
3.751e-03
3.215e-03
4.019e-03
4.823e-03
5.895e-03
7.503e-03
8.307e-03
1.018e-02
1.179e-02
9.378e-03
1.367e-02
1.179e-02
1.715e-02
1.152e-02
9.914e-03
1.125e-02
8.842e-03
7.771e-03
7.771e-03
6.967e-03
6.967e-03
4.555e-03
4.555e-03
4.823e-03
5.359e-03
3.483e-03
2.947e-03
1.876e-03
2.680e-03
1.608e-03
1.608e-03
1.608e-03
1.340e-03
1.608e-03
8.039e-04
5.359e-04
5.359e-04
0.000e+00
5.359e-04
0.000e+00
2.680e-04
2.680e-04
2.680e-04
0.000e+00
0.000e+00
0.000e+00
2.680e-04
0.000e+00
0.000e+00
0.000e+00
0.000e+00
0.000e+00
0.000e+00
0.000e+00
0.000e+00
0.000e+00
0.000e+00
0.000e+00
0.000e+00
0.000e+00
0.000e+00
0.000e+00
0.000e+00
0.000e+00
0.000e+00
0.000e+00
0.000e+00
0.000e+00
0.000e+00
0.000e+00
0.000e+00
0.000e+00
0.000e+00
0.000e+00
0.000e+00
0.000e+00
0.000e+00
0.000e+00
0.000e+00
0.000e+00
0.000e+00
0.000e+00
0.000e+00
0.000e+00
0.000e+00
0.000e+00
0.000e+00
0.000e+00
0.000e+00
0.000e+00
0.000e+00
0.000e+00
0.000e+00
0.000e+00
0.000e+00
0.000e+00
0.000e+00
0.000e+00
0.000e+00
0.000e+00
0.000e+00
0.000e+00
0.000e+00
0.000e+00
0.000e+00
0.000e+00
0.000e+00
0.000e+00
0.000e+00
0.000e+00
0.000e+00
0.000e+00
0.000e+00
0.000e+00
0.000e+00
0.000e+00
0.000e+00
0.000e+00
0.000e+00
0.000e+00
0.000e+00
0.000e+00
0.000e+00
0.000e+00
0.000e+00
0.000e+00
0.000e+00
0.000e+00
0.000e+00
0.000e+00
0.000e+00
0.000e+00
0.000e+00
0.000e+00
0.000e+00
0.000e+00
0.000e+00
0.000e+00
0.000e+00
0.000e+00
0.000e+00
0.000e+00
0.000e+00
0.000e+00
0.000e+00
0.000e+00
0.000e+00
0.000e+00
0.000e+00
0.000e+00
0.000e+00
0.000e+00
0.000e+00
0.000e+00
0.000e+00
0.000e+00
0.000e+00
0.000e+00
0.000e+00
0.000e+00
2.680e-04
5.359e-04
0.000e+00
5.359e-04
0.000e+00
5.359e-04
0.000e+00
2.680e-04
2.680e-04
5.359e-04
8.039e-04
1.072e-03
1.608e-03
8.039e-04
5.359e-04
1.340e-03
1.608e-03
2.144e-03
5.359e-03
4.287e-03
3.483e-03
4.823e-03
4.555e-03
4.555e-03
7.503e-03
1.018e-02
9.378e-03
1.206e-02
1.420e-02
1.072e-02
1.072e-02
1.125e-02
