3.717e-02
8.130e-03
3.484e-03
6.969e-03
1.161e-03
1.161e-03
1.161e-03
0.000e+00
0.000e+00
2.323e-03
4.646e-03
1.161e-03
1.161e-03
5.807e-03
2.323e-03
1.161e-03
3.484e-03
4.646e-03
3.484e-03
3.484e-03
5.807e-03
5.807e-03
5.807e-03
9.292e-03
5.807e-03
1.161e-02
4.646e-03
8.130e-03
5.807e-03
8.130e-03
5.807e-03
3.484e-03
9.292e-03
5.807e-03
2.323e-03
2.323e-03
2.323e-03
2.323e-03
6.969e-03
3.484e-03
2.323e-03
4.646e-03
2.323e-03
3.484e-03
3.484e-03
1.161e-03
1.161e-03
0.000e+00
0.000e+00
3.484e-03
1.161e-03
0.000e+00
0.000e+00
0.000e+00
0.000e+00
0.000e+00
0.000e+00
0.000e+00
0.000e+00
0.000e+00
1.161e-03
0.000e+00
1.161e-03
0.000e+00
0.000e+00
0.000e+00
0.000e+00
0.000e+00
0.000e+00
0.000e+00
0.000e+00
0.000e+00
0.000e+00
0.000e+00
0.000e+00
0.000e+00
0.000e+00
0.000e+00
1.161e-03
1.161e-03
0.000e+00
0.000e+00
0.000e+00
0.000e+00
0.000e+00
0.000e+00
0.000e+00
0.000e+00
0.000e+00
0.000e+00
0.000e+00
1.161e-03
0.000e+00
1.161e-03
0.000e+00
0.000e+00
1.161e-03
0.000e+00
0.000e+00
0.000e+00
1.161e-03
0.000e+00
0.000e+00
0.000e+00
1.161e-03
0.000e+00
0.000e+00
0.000e+00
0.000e+00
0.000e+00
0.000e+00
0.000e+00
1.161e-03
0.000e+00
0.000e+00
1.161e-03
0.000e+00
1.161e-03
0.000e+00
1.161e-03
0.000e+00
1.161e-03
0.000e+00
1.161e-03
1.161e-03
2.323e-03
1.161e-03
0.000e+00
1.161e-03
0.000e+00
0.000e+00
0.000e+00
1.161e-03
0.000e+00
1.161e-03
0.000e+00
0.000e+00
3.484e-03
3.484e-03
2.323e-03
1.161e-02
2.323e-03
3.484e-03
5.807e-03
0.000e+00
3.484e-03
1.161e-03
3.484e-03
6.969e-03
5.807e-03
4.646e-03
1.045e-02
8.130e-03
6.969e-03
1.045e-02
2.323e-03
1.161e-03
6.969e-03
2.323e-03
4.646e-03
1.161e-03
1.161e-03
1.161e-03
1.161e-03
4.646e-03
2.323e-03
2.323e-03
2.323e-03
0.000e+00
6.969e-03
1.161e-03
3.484e-03
4.646e-03
4.646e-03
1.161e-03
3.484e-03
2.323e-03
1.278e-02
1.510e-02
1.858e-02
1.289e-01
2.671e-02
9.292e-03
6.969e-03
5.807e-03
3.484e-03
2.323e-03
3.484e-03
1.161e-03
2.323e-03
1.161e-03
5.807e-03
2.323e-03
0.000e+00
2.323e-03
6.969e-03
3.484e-03
2.323e-03
5.807e-03
8.130e-03
3.484e-03
2.323e-03
6.969e-03
5.807e-03
0.000e+00
4.646e-03
5.807e-03
5.807e-03
2.323e-03
2.323e-03
5.807e-03
5.807e-03
5.807e-03
8.130e-03
8.130e-03
1.161e-03
3.484e-03
3.484e-03
2.323e-03
2.323e-03
1.161e-03
1.161e-03
0.000e+00
1.161e-03
0.000e+00
3.484e-03
1.161e-03
0.000e+00
1.161e-03
0.000e+00
0.000e+00
1.161e-03
0.000e+00
0.000e+00
0.000e+00
0.000e+00
0.000e+00
0.000e+00
0.000e+00
0.000e+00
0.000e+00
1.161e-03
0.000e+00
0.000e+00
0.000e+00
0.000e+00
0.000e+00
1.161e-03
0.000e+00
0.000e+00
0.000e+00
0.000e+00
0.000e+00
0.000e+00
1.161e-03
0.000e+00
0.000e+00
0.000e+00
0.000e+00
1.161e-03
0.000e+00
0.000e+00
0.000e+00
0.000e+00
0.000e+00
0.000e+00
0.000e+00
0.000e+00
0.000e+00
0.000e+00
0.000e+00
1.161e-03
0.000e+00
1.161e-03
0.000e+00
0.000e+00
0.000e+00
0.000e+00
1.161e-03
0.000e+00
0.000e+00
0.000e+00
0.000e+00
0.000e+00
0.000e+00
0.000e+00
0.000e+00
0.000e+00
0.000e+00
0.000e+00
0.000e+00
0.000e+00
1.161e-03
0.000e+00
1.161e-03
0.000e+00
1.161e-03
0.000e+00
0.000e+00
0.000e+00
0.000e+00
0.000e+00
1.161e-03
1.161e-03
1.161e-03
0.000e+00
0.000e+00
1.161e-03
0.000e+00
0.000e+00
0.000e+00
0.000e+00
0.000e+00
0.000e+00
1.161e-03
0.000e+00
0.000e+00
0.000e+00
0.000e+00
3.484e-03
3.484e-03
6.969e-03
3.484e-03
2.323e-03
4.646e-03
6.969e-03
4.646e-03
4.646e-03
6.969e-03
6.969e-03
8.130e-03
4.646e-03
5.807e-03
6.969e-03
1.510e-02
9.292e-03
4.646e-03
9.292e-03
8.130e-03
5.807e-03
9.292e-03
5.807e-03
5.807e-03
4.646e-03
2.323e-03
4.646e-03
2.323e-03
3.484e-03
2.323e-03
1.161e-03
6.969e-03
2.323e-03
0.000e+00
0.000e+00
1.161e-03
0.000e+00
4.646e-03
0.000e+00
4.646e-03
4.646e-03
