4.646e-03
1.742e-03
2.323e-03
1.742e-03
1.742e-03
5.807e-04
5.807e-04
3.484e-03
1.161e-03
5.807e-04
1.161e-03
5.807e-04
1.742e-03
5.807e-04
1.161e-03
2.904e-03
5.807e-04
0.000e+00
2.323e-03
2.323e-03
0.000e+00
1.742e-03
1.742e-03
1.161e-03
5.807e-04
1.742e-03
1.742e-03
2.904e-03
4.065e-03
2.323e-03
2.904e-03
5.807e-04
2.323e-03
1.161e-03
2.904e-03
2.904e-03
1.742e-03
5.807e-04
3.484e-03
2.904e-03
2.323e-03
2.323e-03
1.742e-03
0.000e+00
2.904e-03
1.742e-03
1.161e-03
1.742e-03
2.323e-03
0.000e+00
1.161e-03
5.807e-04
2.904e-03
1.161e-03
1.161e-03
1.161e-03
2.904e-03
5.807e-04
5.807e-04
1.161e-03
0.000e+00
0.000e+00
5.807e-04
5.807e-04
1.161e-03
0.000e+00
0.000e+00
5.807e-04
0.000e+00
5.807e-04
5.807e-04
0.000e+00
5.807e-04
0.000e+00
0.000e+00
0.000e+00
5.807e-04
0.000e+00
1.161e-03
0.000e+00
5.807e-04
5.807e-04
0.000e+00
0.000e+00
0.000e+00
0.000e+00
0.000e+00
0.000e+00
0.000e+00
0.000e+00
5.807e-04
0.000e+00
0.000e+00
0.000e+00
0.000e+00
0.000e+00
0.000e+00
0.000e+00
5.807e-04
0.000e+00
5.807e-04
0.000e+00
5.807e-04
0.000e+00
0.000e+00
0.000e+00
5.807e-04
0.000e+00
5.807e-04
1.161e-03
5.807e-04
0.000e+00
0.000e+00
0.000e+00
0.000e+00
0.000e+00
0.000e+00
5.807e-04
5.807e-04
2.323e-03
5.807e-04
1.161e-03
0.000e+00
5.807e-04
1.742e-03
2.323e-03
0.000e+00
0.000e+00
5.807e-04
5.807e-04
1.742e-03
1.161e-03
1.161e-03
2.904e-03
2.904e-03
2.323e-03
4.065e-03
1.742e-03
1.161e-03
1.161e-03
2.323e-03
2.904e-03
1.161e-03
1.742e-03
4.065e-03
2.323e-03
0.000e+00
1.161e-03
5.807e-04
5.807e-04
1.742e-03
1.161e-03
2.904e-03
1.161e-03
1.161e-03
1.161e-03
1.161e-03
0.000e+00
1.742e-03
5.807e-04
1.742e-03
1.742e-03
1.742e-03
5.807e-04
1.161e-03
1.742e-03
3.484e-03
1.742e-03
1.161e-03
4.065e-03
3.484e-03
2.904e-03
6.388e-03
4.646e-03
5.226e-03
2.904e-03
7.549e-03
1.220e-02
1.220e-02
9.292e-03
9.872e-03
5.807e-03
1.510e-02
6.388e-03
6.388e-03
6.969e-03
2.904e-03
4.065e-03
2.904e-03
1.161e-03
2.323e-03
1.742e-03
3.484e-03
2.323e-03
3.484e-03
1.161e-03
5.807e-04
1.742e-03
1.161e-03
3.484e-03
1.742e-03
1.161e-03
5.807e-04
2.904e-03
5.807e-04
1.742e-03
2.323e-03
2.904e-03
1.161e-03
1.161e-03
3.484e-03
2.323e-03
0.000e+00
5.807e-04
1.742e-03
1.742e-03
2.904e-03
2.323e-03
5.807e-04
5.807e-04
0.000e+00
5.807e-04
1.161e-03
0.000e+00
1.742e-03
5.807e-04
0.000e+00
1.161e-03
0.000e+00
5.807e-04
5.807e-04
0.000e+00
1.161e-03
0.000e+00
1.161e-03
1.161e-03
5.807e-04
0.000e+00
0.000e+00
2.323e-03
5.807e-04
0.000e+00
0.000e+00
1.742e-03
0.000e+00
0.000e+00
5.807e-04
0.000e+00
0.000e+00
0.000e+00
5.807e-04
0.000e+00
0.000e+00
0.000e+00
2.323e-03
0.000e+00
5.807e-04
0.000e+00
0.000e+00
0.000e+00
5.807e-04
5.807e-04
0.000e+00
0.000e+00
5.807e-04
0.000e+00
5.807e-04
0.000e+00
0.000e+00
5.807e-04
0.000e+00
0.000e+00
0.000e+00
0.000e+00
0.000e+00
5.807e-04
0.000e+00
0.000e+00
5.807e-04
0.000e+00
0.000e+00
0.000e+00
0.000e+00
0.000e+00
0.000e+00
1.161e-03
0.000e+00
5.807e-04
0.000e+00
5.807e-04
0.000e+00
5.807e-04
0.000e+00
0.000e+00
0.000e+00
0.000e+00
1.742e-03
5.807e-04
2.323e-03
0.000e+00
1.161e-03
0.000e+00
5.807e-04
5.807e-04
0.000e+00
5.807e-04
5.807e-04
5.807e-04
1.742e-03
1.161e-03
1.161e-03
0.000e+00
1.742e-03
1.161e-03
5.807e-04
2.323e-03
2.323e-03
2.323e-03
5.807e-04
2.323e-03
3.484e-03
3.484e-03
3.484e-03
1.742e-03
1.742e-03
2.323e-03
2.904e-03
2.904e-03
3.484e-03
5.807e-04
2.323e-03
4.065e-03
1.742e-03
2.904e-03
5.807e-04
5.807e-04
1.161e-03
1.742e-03
1.161e-03
2.904e-03
2.904e-03
1.161e-03
1.161e-03
5.807e-04
0.000e+00
1.742e-03
1.161e-03
2.323e-03
1.161e-03
0.000e+00
1.742e-03
2.323e-03
1.742e-03
1.161e-03
5.807e-04
2.323e-03
5.807e-04
5.807e-04
2.323e-03
5.807e-04
