1.001e+03
2.730e+02
9.700e+01
7.000e+01
3.700e+01
2.600e+01
2.400e+01
1.700e+01
4.000e+00
1.000e+01
1.400e+01
1.000e+01
1.200e+01
1.500e+01
8.000e+00
1.000e+01
1.100e+01
8.000e+00
6.000e+00
2.100e+01
1.200e+01
1.100e+01
1.000e+01
9.000e+00
8.000e+00
1.200e+01
1.200e+01
1.100e+01
1.200e+01
1.100e+01
1.600e+01
8.000e+00
1.900e+01
6.000e+00
4.000e+00
4.000e+00
4.000e+00
3.000e+00
1.000e+01
4.000e+00
4.000e+00
8.000e+00
2.000e+00
5.000e+00
4.000e+00
3.000e+00
1.000e+00
0.000e+00
1.000e+00
6.000e+00
3.000e+00
1.000e+00
0.000e+00
1.000e+00
1.000e+00
1.000e+00
0.000e+00
0.000e+00
1.000e+00
0.000e+00
2.000e+00
0.000e+00
1.000e+00
0.000e+00
1.000e+00
0.000e+00
0.000e+00
1.000e+00
1.000e+00
0.000e+00
1.000e+00
1.000e+00
0.000e+00
0.000e+00
0.000e+00
1.000e+00
1.000e+00
0.000e+00
1.000e+00
1.000e+00
0.000e+00
0.000e+00
0.000e+00
0.000e+00
0.000e+00
0.000e+00
0.000e+00
0.000e+00
0.000e+00
0.000e+00
1.000e+00
2.000e+00
0.000e+00
2.000e+00
0.000e+00
0.000e+00
1.000e+00
0.000e+00
0.000e+00
1.000e+00
1.000e+00
0.000e+00
0.000e+00
0.000e+00
1.000e+00
0.000e+00
0.000e+00
0.000e+00
0.000e+00
0.000e+00
0.000e+00
0.000e+00
1.000e+00
1.000e+00
1.000e+00
2.000e+00
1.000e+00
1.000e+00
2.000e+00
1.000e+00
0.000e+00
1.000e+00
0.000e+00
2.000e+00
1.000e+00
2.000e+00
4.000e+00
1.000e+00
4.000e+00
5.000e+00
1.000e+00
2.000e+00
1.000e+00
2.000e+00
1.000e+00
1.000e+00
0.000e+00
3.000e+00
5.000e+00
3.000e+00
1.300e+01
2.000e+00
3.000e+00
7.000e+00
5.000e+00
1.100e+01
7.000e+00
8.000e+00
1.100e+01
1.000e+01
1.000e+01
1.600e+01
1.500e+01
1.400e+01
1.800e+01
1.000e+01
8.000e+00
1.600e+01
1.100e+01
1.500e+01
7.000e+00
4.000e+00
5.000e+00
1.000e+01
8.000e+00
9.000e+00
1.100e+01
9.000e+00
7.000e+00
1.100e+01
1.400e+01
1.300e+01
1.200e+01
1.700e+01
1.200e+01
3.300e+01
4.900e+01
6.500e+01
1.260e+02
2.380e+02
1.017e+03
2.690e+02
1.040e+02
5.300e+01
5.500e+01
2.700e+01
2.100e+01
1.500e+01
5.000e+00
1.000e+01
1.200e+01
1.500e+01
9.000e+00
7.000e+00
1.100e+01
1.200e+01
8.000e+00
1.000e+01
1.100e+01
1.400e+01
1.000e+01
1.900e+01
1.200e+01
1.100e+01
7.000e+00
1.200e+01
1.000e+01
1.500e+01
7.000e+00
8.000e+00
1.200e+01
9.000e+00
1.000e+01
1.400e+01
9.000e+00
1.000e+01
7.000e+00
4.000e+00
5.000e+00
6.000e+00
3.000e+00
2.000e+00
1.000e+00
5.000e+00
1.000e+00
6.000e+00
3.000e+00
0.000e+00
2.000e+00
4.000e+00
0.000e+00
1.000e+00
1.000e+00
2.000e+00
0.000e+00
1.000e+00
2.000e+00
0.000e+00
0.000e+00
1.000e+00
1.000e+00
1.000e+00
0.000e+00
1.000e+00
0.000e+00
0.000e+00
0.000e+00
1.000e+00
1.000e+00
0.000e+00
0.000e+00
0.000e+00
0.000e+00
1.000e+00
1.000e+00
0.000e+00
1.000e+00
0.000e+00
1.000e+00
1.000e+00
0.000e+00
1.000e+00
0.000e+00
0.000e+00
0.000e+00
0.000e+00
0.000e+00
0.000e+00
0.000e+00
0.000e+00
2.000e+00
1.000e+00
0.000e+00
1.000e+00
1.000e+00
0.000e+00
0.000e+00
1.000e+00
1.000e+00
0.000e+00
0.000e+00
1.000e+00
0.000e+00
0.000e+00
0.000e+00
0.000e+00
0.000e+00
1.000e+00
0.000e+00
0.000e+00
0.000e+00
0.000e+00
1.000e+00
1.000e+00
1.000e+00
1.000e+00
2.000e+00
2.000e+00
1.000e+00
0.000e+00
0.000e+00
1.000e+00
1.000e+00
2.000e+00
3.000e+00
3.000e+00
0.000e+00
2.000e+00
1.000e+00
5.000e+00
2.000e+00
3.000e+00
1.000e+00
1.000e+00
1.000e+00
1.000e+00
1.000e+00
0.000e+00
0.000e+00
4.000e+00
6.000e+00
1.000e+01
1.000e+01
5.000e+00
1.100e+01
1.100e+01
6.000e+00
8.000e+00
1.000e+01
8.000e+00
1.100e+01
1.200e+01
1.500e+01
1.400e+01
2.000e+01
1.400e+01
9.000e+00
1.100e+01
1.400e+01
1.000e+01
1.200e+01
1.100e+01
6.000e+00
5.000e+00
7.000e+00
1.200e+01
5.000e+00
1.400e+01
4.000e+00
6.000e+00
2.000e+01
1.000e+01
1.400e+01
1.300e+01
1.500e+01
2.700e+01
4.500e+01
5.900e+01
1.270e+02
2.650e+02
