1.129e-02
1.094e-02
9.191e-03
8.929e-03
9.366e-03
7.616e-03
5.340e-03
5.952e-03
4.902e-03
3.939e-03
4.027e-03
3.326e-03
4.027e-03
2.451e-03
2.013e-03
2.451e-03
7.878e-04
2.188e-03
1.926e-03
1.488e-03
6.127e-04
1.488e-03
1.050e-03
7.003e-04
6.127e-04
6.127e-04
7.878e-04
7.878e-04
1.050e-03
1.225e-03
7.878e-04
3.501e-04
7.003e-04
5.252e-04
1.050e-03
6.127e-04
4.377e-04
1.751e-04
8.754e-04
4.377e-04
3.501e-04
4.377e-04
3.501e-04
2.626e-04
7.003e-04
3.501e-04
1.751e-04
4.377e-04
4.377e-04
8.754e-05
4.377e-04
2.626e-04
4.377e-04
2.626e-04
2.626e-04
3.501e-04
6.127e-04
4.377e-04
3.501e-04
2.626e-04
8.754e-05
1.751e-04
8.754e-05
1.751e-04
1.751e-04
1.751e-04
0.000e+00
1.751e-04
0.000e+00
1.751e-04
8.754e-05
8.754e-05
1.751e-04
8.754e-05
8.754e-05
1.751e-04
1.751e-04
1.751e-04
1.751e-04
8.754e-05
1.751e-04
2.626e-04
1.751e-04
0.000e+00
0.000e+00
2.626e-04
1.751e-04
0.000e+00
8.754e-05
8.754e-05
1.751e-04
0.000e+00
0.000e+00
0.000e+00
8.754e-05
8.754e-05
0.000e+00
0.000e+00
1.751e-04
8.754e-05
1.751e-04
1.751e-04
1.751e-04
0.000e+00
0.000e+00
8.754e-05
8.754e-05
1.751e-04
2.626e-04
1.751e-04
2.626e-04
0.000e+00
0.000e+00
0.000e+00
0.000e+00
0.000e+00
2.626e-04
3.501e-04
3.501e-04
6.127e-04
1.751e-04
2.626e-04
8.754e-05
1.751e-04
5.252e-04
4.377e-04
1.751e-04
1.751e-04
1.751e-04
1.751e-04
4.377e-04
3.501e-04
1.751e-04
7.003e-04
7.003e-04
6.127e-04
1.225e-03
5.252e-04
2.626e-04
5.252e-04
6.127e-04
8.754e-04
7.878e-04
7.003e-04
1.050e-03
7.878e-04
5.252e-04
7.878e-04
5.252e-04
3.501e-04
7.878e-04
6.127e-04
1.050e-03
7.878e-04
2.626e-04
4.377e-04
7.003e-04
7.003e-04
1.488e-03
7.003e-04
9.629e-04
1.138e-03
1.663e-03
9.629e-04
1.576e-03
1.663e-03
3.064e-03
4.114e-03
3.414e-03
3.064e-03
3.501e-03
4.552e-03
5.515e-03
6.215e-03
7.703e-03
8.754e-03
8.403e-03
9.454e-03
1.033e-02
9.629e-03
1.331e-02
8.754e-03
1.015e-02
8.929e-03
9.454e-03
6.915e-03
5.427e-03
6.040e-03
5.690e-03
3.414e-03
2.976e-03
3.326e-03
3.852e-03
2.714e-03
2.976e-03
1.576e-03
2.013e-03
1.663e-03
1.313e-03
1.488e-03
1.751e-03
1.050e-03
7.003e-04
1.050e-03
5.252e-04
7.003e-04
7.878e-04
1.225e-03
5.252e-04
7.003e-04
8.754e-04
7.878e-04
2.626e-04
6.127e-04
5.252e-04
4.377e-04
1.050e-03
7.003e-04
6.127e-04
4.377e-04
1.751e-04
6.127e-04
4.377e-04
3.501e-04
5.252e-04
3.501e-04
3.501e-04
3.501e-04
2.626e-04
4.377e-04
3.501e-04
1.751e-04
5.252e-04
8.754e-05
2.626e-04
5.252e-04
2.626e-04
0.000e+00
8.754e-05
5.252e-04
1.751e-04
2.626e-04
1.751e-04
4.377e-04
8.754e-05
8.754e-05
8.754e-05
1.751e-04
8.754e-05
8.754e-05
1.751e-04
0.000e+00
0.000e+00
8.754e-05
3.501e-04
0.000e+00
2.626e-04
8.754e-05
8.754e-05
2.626e-04
2.626e-04
2.626e-04
8.754e-05
0.000e+00
1.751e-04
8.754e-05
1.751e-04
0.000e+00
8.754e-05
8.754e-05
8.754e-05
0.000e+00
0.000e+00
0.000e+00
1.751e-04
8.754e-05
0.000e+00
0.000e+00
2.626e-04
8.754e-05
0.000e+00
8.754e-05
8.754e-05
8.754e-05
1.751e-04
1.751e-04
8.754e-05
2.626e-04
0.000e+00
8.754e-05
0.000e+00
3.501e-04
0.000e+00
0.000e+00
1.751e-04
8.754e-05
4.377e-04
8.754e-05
4.377e-04
8.754e-05
4.377e-04
8.754e-05
1.751e-04
2.626e-04
2.626e-04
2.626e-04
3.501e-04
2.626e-04
5.252e-04
1.751e-04
4.377e-04
8.754e-05
3.501e-04
3.501e-04
6.127e-04
6.127e-04
7.003e-04
1.225e-03
3.501e-04
5.252e-04
7.878e-04
9.629e-04
9.629e-04
7.003e-04
5.252e-04
5.252e-04
8.754e-04
7.878e-04
7.878e-04
3.501e-04
7.878e-04
1.313e-03
3.501e-04
7.003e-04
6.127e-04
2.626e-04
1.050e-03
1.138e-03
7.003e-04
1.050e-03
1.401e-03
1.050e-03
1.050e-03
7.003e-04
1.401e-03
1.576e-03
3.939e-03
3.764e-03
2.714e-03
3.852e-03
3.326e-03
4.289e-03
4.989e-03
7.265e-03
7.528e-03
8.578e-03
9.279e-03
8.403e-03
9.716e-03
1.042e-02
