1.703e-02
0.000e+00
4.866e-03
2.433e-03
0.000e+00
0.000e+00
2.433e-03
2.433e-03
0.000e+00
0.000e+00
2.433e-03
0.000e+00
0.000e+00
0.000e+00
2.433e-03
0.000e+00
4.866e-03
0.000e+00
0.000e+00
0.000e+00
2.433e-03
2.433e-03
2.433e-03
0.000e+00
0.000e+00
0.000e+00
0.000e+00
2.433e-03
0.000e+00
2.433e-03
2.433e-03
0.000e+00
2.433e-03
0.000e+00
4.866e-03
0.000e+00
0.000e+00
2.433e-03
2.433e-03
2.433e-03
0.000e+00
2.433e-03
0.000e+00
2.433e-03
0.000e+00
7.299e-03
2.433e-03
4.866e-03
0.000e+00
2.433e-03
2.433e-03
0.000e+00
0.000e+00
0.000e+00
1.217e-02
9.732e-03
4.866e-03
4.866e-03
2.433e-02
1.460e-02
9.732e-03
2.433e-03
4.866e-03
4.866e-03
0.000e+00
0.000e+00
7.299e-03
2.433e-03
0.000e+00
2.433e-03
4.866e-03
0.000e+00
0.000e+00
9.732e-03
2.433e-03
0.000e+00
0.000e+00
0.000e+00
0.000e+00
2.433e-03
0.000e+00
4.866e-03
0.000e+00
4.866e-03
2.433e-03
0.000e+00
0.000e+00
0.000e+00
0.000e+00
0.000e+00
9.732e-03
2.433e-03
0.000e+00
0.000e+00
0.000e+00
2.433e-03
0.000e+00
0.000e+00
2.433e-03
0.000e+00
0.000e+00
0.000e+00
0.000e+00
2.433e-03
2.433e-03
2.433e-03
0.000e+00
0.000e+00
2.433e-03
0.000e+00
0.000e+00
0.000e+00
0.000e+00
2.433e-03
2.433e-03
9.732e-03
7.299e-03
2.433e-03
0.000e+00
9.732e-03
1.460e-02
7.299e-03
9.732e-03
7.299e-03
7.299e-03
7.299e-03
7.299e-03
7.299e-03
1.217e-02
0.000e+00
0.000e+00
0.000e+00
0.000e+00
0.000e+00
4.866e-03
2.433e-03
2.433e-03
7.299e-03
7.299e-03
4.866e-03
7.299e-03
7.299e-03
2.433e-03
0.000e+00
0.000e+00
0.000e+00
0.000e+00
0.000e+00
4.866e-03
2.433e-03
4.866e-03
0.000e+00
0.000e+00
0.000e+00
2.433e-03
0.000e+00
0.000e+00
2.433e-03
0.000e+00
2.433e-03
2.433e-03
4.866e-03
0.000e+00
0.000e+00
2.433e-03
2.433e-03
2.433e-03
0.000e+00
0.000e+00
2.433e-03
2.433e-03
0.000e+00
0.000e+00
0.000e+00
0.000e+00
2.433e-03
2.433e-03
9.732e-03
0.000e+00
2.433e-03
7.299e-03
7.299e-03
2.433e-03
0.000e+00
2.433e-03
1.217e-02
0.000e+00
0.000e+00
0.000e+00
0.000e+00
2.433e-03
4.866e-03
0.000e+00
2.433e-03
4.866e-03
2.433e-03
0.000e+00
0.000e+00
0.000e+00
2.433e-03
0.000e+00
2.433e-03
0.000e+00
0.000e+00
0.000e+00
0.000e+00
2.433e-03
0.000e+00
0.000e+00
0.000e+00
4.866e-03
0.000e+00
0.000e+00
2.433e-03
0.000e+00
0.000e+00
0.000e+00
0.000e+00
2.433e-03
2.433e-03
2.433e-03
7.299e-03
2.433e-03
2.433e-03
4.866e-03
9.732e-03
2.433e-03
2.433e-03
2.433e-03
0.000e+00
0.000e+00
0.000e+00
9.732e-03
1.460e-02
1.217e-02
2.433e-03
1.703e-02
1.703e-02
9.732e-03
0.000e+00
2.433e-03
4.866e-03
2.433e-03
0.000e+00
4.866e-03
4.866e-03
2.433e-03
2.433e-03
7.299e-03
0.000e+00
4.866e-03
0.000e+00
7.299e-03
4.866e-03
4.866e-03
4.866e-03
2.433e-03
2.433e-03
0.000e+00
0.000e+00
2.433e-03
4.866e-03
2.433e-03
7.299e-03
0.000e+00
0.000e+00
0.000e+00
4.866e-03
0.000e+00
2.433e-03
0.000e+00
7.299e-03
2.433e-03
0.000e+00
0.000e+00
0.000e+00
0.000e+00
0.000e+00
0.000e+00
4.866e-03
0.000e+00
2.433e-03
4.866e-03
2.433e-03
2.433e-03
4.866e-03
2.433e-03
0.000e+00
2.433e-03
0.000e+00
2.433e-03
2.433e-03
2.433e-03
7.299e-03
2.433e-03
4.866e-03
0.000e+00
7.299e-03
4.866e-03
9.732e-03
1.460e-02
0.000e+00
1.460e-02
1.703e-02
7.299e-03
9.732e-03
9.732e-03
4.866e-03
2.433e-03
2.433e-03
0.000e+00
2.433e-03
4.866e-03
0.000e+00
7.299e-03
7.299e-03
4.866e-03
4.866e-03
9.732e-03
0.000e+00
0.000e+00
2.433e-03
2.433e-03
0.000e+00
0.000e+00
2.433e-03
0.000e+00
4.866e-03
0.000e+00
4.866e-03
2.433e-03
0.000e+00
0.000e+00
2.433e-03
0.000e+00
0.000e+00
0.000e+00
0.000e+00
2.433e-03
2.433e-03
0.000e+00
2.433e-03
0.000e+00
0.000e+00
0.000e+00
0.000e+00
0.000e+00
4.866e-03
2.433e-03
0.000e+00
0.000e+00
2.433e-03
2.433e-03
0.000e+00
0.000e+00
0.000e+00
2.433e-03
2.433e-03
0.000e+00
2.433e-03
