1.217e-03
1.217e-03
0.000e+00
2.433e-03
4.866e-03
0.000e+00
0.000e+00
0.000e+00
1.217e-03
0.000e+00
0.000e+00
0.000e+00
0.000e+00
0.000e+00
0.000e+00
0.000e+00
0.000e+00
0.000e+00
0.000e+00
0.000e+00
0.000e+00
0.000e+00
0.000e+00
0.000e+00
0.000e+00
0.000e+00
0.000e+00
1.217e-03
0.000e+00
0.000e+00
0.000e+00
1.217e-03
0.000e+00
0.000e+00
1.217e-03
0.000e+00
0.000e+00
0.000e+00
0.000e+00
0.000e+00
0.000e+00
0.000e+00
1.217e-03
0.000e+00
0.000e+00
1.217e-03
1.217e-03
1.217e-03
0.000e+00
2.433e-03
1.217e-03
4.866e-03
2.433e-03
0.000e+00
1.217e-03
0.000e+00
0.000e+00
2.433e-03
0.000e+00
1.217e-03
1.217e-03
0.000e+00
1.217e-03
2.433e-03
6.083e-03
1.217e-03
4.866e-03
4.866e-03
2.433e-03
2.433e-03
2.433e-03
2.433e-03
1.217e-03
7.299e-03
2.433e-03
0.000e+00
4.866e-03
1.217e-03
3.650e-03
2.433e-03
1.217e-03
1.217e-03
2.433e-03
3.650e-03
0.000e+00
3.650e-03
3.650e-03
0.000e+00
1.217e-03
0.000e+00
3.650e-03
1.217e-03
2.433e-03
0.000e+00
0.000e+00
3.650e-03
1.217e-03
2.433e-03
7.299e-03
2.433e-03
2.433e-03
2.433e-03
3.650e-03
3.650e-03
2.433e-03
3.650e-03
3.650e-03
3.650e-03
6.083e-03
1.217e-03
2.433e-03
3.650e-03
3.650e-03
4.866e-03
6.083e-03
1.217e-03
4.866e-03
2.433e-03
1.217e-03
2.433e-03
2.433e-03
0.000e+00
1.217e-03
4.866e-03
0.000e+00
0.000e+00
1.217e-03
0.000e+00
0.000e+00
1.217e-03
0.000e+00
1.217e-03
0.000e+00
2.433e-03
0.000e+00
1.217e-03
0.000e+00
0.000e+00
0.000e+00
1.217e-03
2.433e-03
0.000e+00
1.217e-03
0.000e+00
1.217e-03
0.000e+00
0.000e+00
0.000e+00
0.000e+00
1.217e-03
2.433e-03
1.217e-03
1.217e-03
1.217e-03
0.000e+00
0.000e+00
0.000e+00
0.000e+00
0.000e+00
0.000e+00
0.000e+00
0.000e+00
0.000e+00
0.000e+00
1.217e-03
0.000e+00
1.217e-03
0.000e+00
0.000e+00
0.000e+00
1.217e-03
2.433e-03
1.217e-03
1.217e-03
1.217e-03
0.000e+00
2.433e-03
2.433e-03
3.650e-03
0.000e+00
2.433e-03
2.433e-03
0.000e+00
4.866e-03
2.433e-03
0.000e+00
2.433e-03
0.000e+00
0.000e+00
0.000e+00
2.433e-03
0.000e+00
0.000e+00
1.217e-03
0.000e+00
1.217e-03
0.000e+00
0.000e+00
1.217e-03
1.217e-03
0.000e+00
0.000e+00
0.000e+00
0.000e+00
0.000e+00
0.000e+00
0.000e+00
0.000e+00
0.000e+00
0.000e+00
0.000e+00
0.000e+00
0.000e+00
0.000e+00
0.000e+00
1.217e-03
1.217e-03
0.000e+00
1.217e-03
0.000e+00
0.000e+00
0.000e+00
0.000e+00
0.000e+00
0.000e+00
1.217e-03
0.000e+00
1.217e-03
2.433e-03
2.433e-03
1.217e-03
1.217e-03
3.650e-03
2.433e-03
3.650e-03
2.433e-03
3.650e-03
0.000e+00
0.000e+00
2.433e-03
0.000e+00
3.650e-03
3.650e-03
3.650e-03
3.650e-03
2.433e-03
4.866e-03
2.433e-03
0.000e+00
2.433e-03
4.866e-03
3.650e-03
4.866e-03
3.650e-03
1.217e-03
3.650e-03
2.433e-03
3.650e-03
2.433e-03
4.866e-03
1.217e-03
4.866e-03
1.217e-03
1.217e-03
0.000e+00
3.650e-03
3.650e-03
2.433e-03
0.000e+00
3.650e-03
2.433e-03
3.650e-03
2.433e-03
7.299e-03
1.217e-03
4.866e-03
1.217e-03
2.433e-03
2.433e-03
2.433e-03
3.650e-03
1.217e-03
4.866e-03
1.217e-03
7.299e-03
2.433e-03
2.433e-03
1.217e-03
3.650e-03
2.433e-03
0.000e+00
0.000e+00
6.083e-03
3.650e-03
3.650e-03
2.433e-03
3.650e-03
2.433e-03
1.217e-03
2.433e-03
0.000e+00
1.217e-03
2.433e-03
2.433e-03
0.000e+00
0.000e+00
1.217e-03
0.000e+00
3.650e-03
3.650e-03
1.217e-03
1.217e-03
0.000e+00
0.000e+00
0.000e+00
0.000e+00
0.000e+00
0.000e+00
0.000e+00
0.000e+00
1.217e-03
1.217e-03
0.000e+00
1.217e-03
0.000e+00
1.217e-03
0.000e+00
0.000e+00
0.000e+00
0.000e+00
0.000e+00
0.000e+00
0.000e+00
1.217e-03
0.000e+00
0.000e+00
0.000e+00
0.000e+00
0.000e+00
1.217e-03
0.000e+00
0.000e+00
1.217e-03
0.000e+00
0.000e+00
0.000e+00
0.000e+00
1.217e-03
0.000e+00
2.433e-03
0.000e+00
0.000e+00
0.000e+00
0.000e+00
0.000e+00
0.000e+00
0.000e+00
1.217e-03
0.000e+00
1.217e-03
