2.196e-03
7.321e-04
2.196e-03
7.321e-04
7.321e-04
7.321e-04
0.000e+00
7.321e-04
0.000e+00
7.321e-04
0.000e+00
0.000e+00
0.000e+00
7.321e-04
0.000e+00
0.000e+00
0.000e+00
1.464e-03
2.928e-03
7.321e-04
7.321e-04
0.000e+00
7.321e-04
7.321e-04
0.000e+00
1.464e-03
0.000e+00
1.464e-03
1.464e-03
7.321e-04
0.000e+00
0.000e+00
0.000e+00
2.196e-03
7.321e-04
7.321e-04
7.321e-04
0.000e+00
2.196e-03
4.392e-03
3.660e-03
0.000e+00
1.464e-03
1.464e-03
1.464e-03
0.000e+00
2.196e-03
2.196e-03
2.928e-03
7.321e-04
0.000e+00
2.196e-03
2.196e-03
7.321e-04
3.660e-03
2.196e-03
2.196e-03
1.464e-03
7.321e-04
7.321e-04
0.000e+00
4.392e-03
1.464e-03
7.321e-04
4.392e-03
7.321e-04
7.321e-04
0.000e+00
0.000e+00
7.321e-04
0.000e+00
0.000e+00
7.321e-04
0.000e+00
0.000e+00
7.321e-04
0.000e+00
7.321e-04
0.000e+00
7.321e-04
0.000e+00
0.000e+00
0.000e+00
0.000e+00
0.000e+00
0.000e+00
0.000e+00
0.000e+00
7.321e-04
0.000e+00
0.000e+00
0.000e+00
0.000e+00
0.000e+00
0.000e+00
0.000e+00
0.000e+00
0.000e+00
0.000e+00
0.000e+00
0.000e+00
0.000e+00
0.000e+00
0.000e+00
0.000e+00
0.000e+00
0.000e+00
0.000e+00
0.000e+00
0.000e+00
0.000e+00
0.000e+00
7.321e-04
0.000e+00
0.000e+00
0.000e+00
0.000e+00
0.000e+00
0.000e+00
0.000e+00
0.000e+00
0.000e+00
0.000e+00
7.321e-04
0.000e+00
0.000e+00
0.000e+00
0.000e+00
0.000e+00
0.000e+00
0.000e+00
0.000e+00
0.000e+00
7.321e-04
0.000e+00
0.000e+00
7.321e-04
0.000e+00
0.000e+00
7.321e-04
7.321e-04
2.196e-03
2.928e-03
2.928e-03
1.464e-03
2.928e-03
2.928e-03
2.196e-03
1.464e-03
2.196e-03
1.464e-03
1.464e-03
1.464e-03
2.196e-03
3.660e-03
5.124e-03
5.857e-03
5.124e-03
4.392e-03
5.124e-03
5.857e-03
4.392e-03
5.857e-03
8.785e-03
3.660e-03
5.124e-03
9.517e-03
5.124e-03
5.124e-03
8.053e-03
1.171e-02
1.098e-02
1.025e-02
1.245e-02
1.391e-02
1.903e-02
1.757e-02
1.684e-02
3.734e-02
4.685e-02
1.911e-01
5.857e-02
2.123e-02
1.977e-02
1.757e-02
1.245e-02
1.464e-02
1.318e-02
1.245e-02
8.785e-03
8.785e-03
1.025e-02
1.025e-02
1.025e-02
7.321e-03
3.660e-03
6.589e-03
8.785e-03
7.321e-03
5.857e-03
6.589e-03
5.124e-03
6.589e-03
2.928e-03
2.928e-03
2.196e-03
5.124e-03
4.392e-03
2.196e-03
1.464e-03
2.196e-03
2.196e-03
1.464e-03
2.928e-03
2.196e-03
3.660e-03
7.321e-04
5.124e-03
7.321e-04
7.321e-04
7.321e-04
1.464e-03
7.321e-04
7.321e-04
0.000e+00
0.000e+00
7.321e-04
0.000e+00
7.321e-04
0.000e+00
7.321e-04
0.000e+00
0.000e+00
0.000e+00
1.464e-03
0.000e+00
0.000e+00
0.000e+00
0.000e+00
0.000e+00
0.000e+00
0.000e+00
7.321e-04
0.000e+00
7.321e-04
7.321e-04
0.000e+00
0.000e+00
0.000e+00
0.000e+00
0.000e+00
0.000e+00
0.000e+00
0.000e+00
7.321e-04
0.000e+00
0.000e+00
0.000e+00
7.321e-04
0.000e+00
0.000e+00
0.000e+00
1.464e-03
0.000e+00
0.000e+00
0.000e+00
0.000e+00
0.000e+00
7.321e-04
0.000e+00
0.000e+00
0.000e+00
0.000e+00
0.000e+00
7.321e-04
0.000e+00
0.000e+00
0.000e+00
0.000e+00
7.321e-04
7.321e-04
0.000e+00
0.000e+00
0.000e+00
7.321e-04
7.321e-04
7.321e-04
0.000e+00
7.321e-04
0.000e+00
0.000e+00
0.000e+00
7.321e-04
7.321e-04
7.321e-04
2.196e-03
4.392e-03
0.000e+00
2.928e-03
7.321e-04
0.000e+00
2.928e-03
2.196e-03
6.589e-03
8.053e-03
5.124e-03
7.321e-04
7.321e-04
0.000e+00
7.321e-04
2.196e-03
1.464e-03
1.464e-03
7.321e-04
1.464e-03
2.196e-03
2.196e-03
7.321e-04
2.196e-03
7.321e-04
7.321e-04
2.928e-03
7.321e-04
7.321e-04
0.000e+00
7.321e-04
0.000e+00
1.464e-03
0.000e+00
0.000e+00
7.321e-04
0.000e+00
1.464e-03
0.000e+00
0.000e+00
0.000e+00
7.321e-04
7.321e-04
0.000e+00
0.000e+00
0.000e+00
0.000e+00
0.000e+00
7.321e-04
0.000e+00
0.000e+00
0.000e+00
0.000e+00
0.000e+00
0.000e+00
0.000e+00
0.000e+00
0.000e+00
0.000e+00
7.321e-04
7.321e-04
0.000e+00
0.000e+00
7.321e-04
7.321e-04
