0.000e+00
3.660e-04
0.000e+00
0.000e+00
0.000e+00
0.000e+00
0.000e+00
0.000e+00
3.660e-04
0.000e+00
0.000e+00
0.000e+00
0.000e+00
0.000e+00
0.000e+00
0.000e+00
0.000e+00
0.000e+00
0.000e+00
0.000e+00
0.000e+00
0.000e+00
0.000e+00
0.000e+00
0.000e+00
0.000e+00
0.000e+00
0.000e+00
0.000e+00
0.000e+00
0.000e+00
0.000e+00
0.000e+00
0.000e+00
3.660e-04
0.000e+00
0.000e+00
0.000e+00
3.660e-04
0.000e+00
0.000e+00
0.000e+00
0.000e+00
0.000e+00
3.660e-04
7.321e-04
3.660e-04
1.098e-03
3.660e-04
1.098e-03
7.321e-04
7.321e-04
3.660e-04
3.660e-04
0.000e+00
1.098e-03
3.660e-04
3.660e-04
1.098e-03
0.000e+00
0.000e+00
7.321e-04
1.098e-03
0.000e+00
1.464e-03
1.464e-03
3.660e-04
3.660e-04
3.660e-04
0.000e+00
3.660e-04
0.000e+00
0.000e+00
0.000e+00
0.000e+00
0.000e+00
1.098e-03
0.000e+00
3.660e-04
3.660e-04
7.321e-04
0.000e+00
3.660e-04
3.660e-04
3.660e-04
3.660e-04
3.660e-04
0.000e+00
3.660e-04
1.098e-03
3.660e-04
3.660e-04
0.000e+00
3.660e-04
0.000e+00
3.660e-04
3.660e-04
0.000e+00
0.000e+00
0.000e+00
3.660e-04
3.660e-04
0.000e+00
0.000e+00
1.098e-03
0.000e+00
3.660e-04
0.000e+00
7.321e-04
3.660e-04
0.000e+00
7.321e-04
7.321e-04
3.660e-04
0.000e+00
1.098e-03
7.321e-04
1.464e-03
3.660e-04
1.464e-03
1.098e-03
0.000e+00
0.000e+00
7.321e-04
1.830e-03
1.098e-03
3.660e-04
3.660e-04
1.830e-03
1.830e-03
2.928e-03
1.464e-03
3.660e-04
2.928e-03
2.196e-03
1.830e-03
2.196e-03
2.562e-03
4.026e-03
3.660e-03
1.830e-03
1.830e-03
1.830e-03
2.562e-03
1.830e-03
1.830e-03
1.830e-03
1.464e-03
1.830e-03
3.294e-03
2.196e-03
3.294e-03
2.196e-03
0.000e+00
7.321e-04
3.660e-03
1.830e-03
5.124e-03
2.196e-03
1.830e-03
1.464e-03
2.562e-03
1.098e-03
3.660e-03
4.026e-03
3.294e-03
4.758e-03
6.223e-03
6.223e-03
6.223e-03
4.758e-03
9.151e-03
5.857e-03
4.758e-03
6.223e-03
9.151e-03
1.135e-02
1.318e-02
1.537e-02
1.061e-02
1.171e-02
1.061e-02
1.025e-02
9.883e-03
1.098e-02
9.151e-03
7.321e-03
6.955e-03
5.124e-03
5.857e-03
2.928e-03
4.026e-03
6.955e-03
4.758e-03
3.660e-03
4.758e-03
3.294e-03
3.660e-03
4.758e-03
2.928e-03
3.294e-03
2.928e-03
1.830e-03
3.294e-03
1.464e-03
3.294e-03
4.026e-03
2.928e-03
1.830e-03
2.928e-03
4.026e-03
2.562e-03
1.830e-03
2.562e-03
1.098e-03
2.562e-03
3.660e-03
1.098e-03
2.562e-03
3.294e-03
1.464e-03
2.196e-03
3.294e-03
3.294e-03
2.928e-03
3.294e-03
2.562e-03
1.464e-03
1.098e-03
7.321e-04
1.464e-03
2.196e-03
2.196e-03
2.562e-03
1.464e-03
1.464e-03
1.830e-03
1.098e-03
7.321e-04
1.098e-03
3.660e-04
7.321e-04
0.000e+00
3.660e-04
1.464e-03
3.660e-04
3.660e-04
0.000e+00
7.321e-04
3.660e-04
3.660e-04
3.660e-04
1.464e-03
0.000e+00
7.321e-04
0.000e+00
1.098e-03
7.321e-04
3.660e-04
0.000e+00
0.000e+00
3.660e-04
3.660e-04
0.000e+00
7.321e-04
0.000e+00
0.000e+00
0.000e+00
3.660e-04
3.660e-04
7.321e-04
0.000e+00
3.660e-04
3.660e-04
3.660e-04
0.000e+00
7.321e-04
0.000e+00
0.000e+00
3.660e-04
1.098e-03
0.000e+00
1.464e-03
1.098e-03
0.000e+00
7.321e-04
7.321e-04
7.321e-04
1.098e-03
3.660e-04
7.321e-04
7.321e-04
0.000e+00
7.321e-04
1.098e-03
1.098e-03
7.321e-04
7.321e-04
7.321e-04
3.660e-04
1.098e-03
3.660e-04
1.464e-03
3.660e-04
7.321e-04
7.321e-04
7.321e-04
0.000e+00
0.000e+00
0.000e+00
3.660e-04
3.660e-04
0.000e+00
3.660e-04
3.660e-04
0.000e+00
0.000e+00
0.000e+00
0.000e+00
0.000e+00
0.000e+00
0.000e+00
3.660e-04
0.000e+00
3.660e-04
0.000e+00
0.000e+00
0.000e+00
0.000e+00
0.000e+00
0.000e+00
0.000e+00
0.000e+00
0.000e+00
0.000e+00
0.000e+00
0.000e+00
0.000e+00
0.000e+00
0.000e+00
0.000e+00
0.000e+00
0.000e+00
0.000e+00
0.000e+00
0.000e+00
0.000e+00
0.000e+00
0.000e+00
0.000e+00
0.000e+00
3.660e-04
0.000e+00
0.000e+00
0.000e+00
0.000e+00
0.000e+00
3.660e-04
0.000e+00
0.000e+00
