1.621e-01
3.174e-02
1.558e-02
1.443e-02
1.327e-02
8.656e-03
4.039e-03
4.039e-03
0.000e+00
3.462e-03
1.731e-03
2.308e-03
3.462e-03
1.731e-03
2.308e-03
3.462e-03
1.731e-03
5.770e-03
4.039e-03
6.924e-03
3.462e-03
2.308e-03
5.193e-03
2.308e-03
2.885e-03
1.096e-02
2.308e-03
1.731e-03
6.347e-03
3.462e-03
3.462e-03
5.193e-03
4.039e-03
4.039e-03
1.731e-03
1.731e-03
1.731e-03
1.154e-03
0.000e+00
1.154e-03
0.000e+00
5.770e-04
5.770e-04
1.154e-03
0.000e+00
1.154e-03
0.000e+00
5.770e-04
0.000e+00
0.000e+00
1.154e-03
0.000e+00
0.000e+00
0.000e+00
0.000e+00
0.000e+00
0.000e+00
0.000e+00
0.000e+00
0.000e+00
0.000e+00
0.000e+00
0.000e+00
0.000e+00
0.000e+00
0.000e+00
0.000e+00
0.000e+00
0.000e+00
0.000e+00
0.000e+00
0.000e+00
0.000e+00
0.000e+00
0.000e+00
0.000e+00
0.000e+00
0.000e+00
0.000e+00
0.000e+00
0.000e+00
0.000e+00
0.000e+00
0.000e+00
0.000e+00
0.000e+00
0.000e+00
0.000e+00
0.000e+00
0.000e+00
0.000e+00
0.000e+00
0.000e+00
0.000e+00
0.000e+00
0.000e+00
0.000e+00
0.000e+00
0.000e+00
0.000e+00
0.000e+00
0.000e+00
0.000e+00
0.000e+00
0.000e+00
0.000e+00
0.000e+00
0.000e+00
0.000e+00
0.000e+00
0.000e+00
0.000e+00
0.000e+00
0.000e+00
0.000e+00
0.000e+00
0.000e+00
0.000e+00
0.000e+00
0.000e+00
0.000e+00
0.000e+00
0.000e+00
0.000e+00
0.000e+00
0.000e+00
0.000e+00
0.000e+00
0.000e+00
0.000e+00
0.000e+00
5.770e-04
5.770e-04
0.000e+00
5.770e-04
0.000e+00
0.000e+00
0.000e+00
0.000e+00
5.770e-04
0.000e+00
0.000e+00
0.000e+00
0.000e+00
0.000e+00
1.154e-03
0.000e+00
1.731e-03
5.770e-04
1.154e-03
1.731e-03
2.885e-03
2.308e-03
4.039e-03
2.308e-03
2.885e-03
3.462e-03
2.885e-03
4.039e-03
4.616e-03
4.616e-03
5.770e-04
5.770e-04
2.885e-03
4.039e-03
4.039e-03
4.039e-03
4.039e-03
4.616e-03
1.154e-03
4.039e-03
3.462e-03
4.039e-03
1.154e-03
2.308e-03
6.924e-03
4.616e-03
1.616e-02
1.789e-02
3.058e-02
1.466e-01
2.597e-02
1.039e-02
1.731e-02
9.233e-03
5.193e-03
4.616e-03
4.616e-03
2.885e-03
3.462e-03
5.770e-03
1.731e-03
2.885e-03
4.039e-03
1.731e-03
5.770e-03
5.193e-03
1.154e-03
1.731e-03
2.308e-03
2.885e-03
5.770e-04
2.885e-03
3.462e-03
1.154e-03
3.462e-03
2.308e-03
2.885e-03
2.885e-03
1.731e-03
3.462e-03
1.154e-03
1.731e-03
5.770e-04
1.731e-03
0.000e+00
5.770e-04
5.770e-04
0.000e+00
5.770e-04
0.000e+00
0.000e+00
5.770e-04
0.000e+00
0.000e+00
0.000e+00
0.000e+00
0.000e+00
0.000e+00
5.770e-04
0.000e+00
0.000e+00
0.000e+00
0.000e+00
5.770e-04
0.000e+00
0.000e+00
0.000e+00
0.000e+00
0.000e+00
0.000e+00
0.000e+00
0.000e+00
0.000e+00
0.000e+00
0.000e+00
0.000e+00
0.000e+00
5.770e-04
0.000e+00
0.000e+00
0.000e+00
0.000e+00
0.000e+00
0.000e+00
0.000e+00
0.000e+00
0.000e+00
0.000e+00
0.000e+00
0.000e+00
0.000e+00
0.000e+00
0.000e+00
0.000e+00
0.000e+00
0.000e+00
0.000e+00
0.000e+00
0.000e+00
0.000e+00
0.000e+00
0.000e+00
0.000e+00
0.000e+00
0.000e+00
0.000e+00
0.000e+00
0.000e+00
0.000e+00
0.000e+00
0.000e+00
0.000e+00
0.000e+00
0.000e+00
0.000e+00
5.770e-04
0.000e+00
0.000e+00
0.000e+00
0.000e+00
0.000e+00
0.000e+00
0.000e+00
0.000e+00
0.000e+00
0.000e+00
0.000e+00
0.000e+00
0.000e+00
0.000e+00
0.000e+00
0.000e+00
0.000e+00
0.000e+00
0.000e+00
0.000e+00
0.000e+00
0.000e+00
0.000e+00
0.000e+00
0.000e+00
0.000e+00
0.000e+00
0.000e+00
5.770e-04
0.000e+00
1.154e-03
1.154e-03
1.154e-03
1.154e-03
5.770e-04
2.308e-03
1.731e-03
1.731e-03
2.308e-03
2.308e-03
2.885e-03
1.154e-03
4.039e-03
2.308e-03
2.885e-03
2.308e-03
3.462e-03
3.462e-03
4.616e-03
4.616e-03
5.193e-03
2.885e-03
1.731e-03
4.616e-03
2.885e-03
4.039e-03
3.462e-03
5.193e-03
4.039e-03
1.731e-03
5.770e-04
2.308e-03
3.462e-03
1.731e-03
2.308e-03
3.462e-03
2.308e-03
4.039e-03
4.616e-03
1.096e-02
1.269e-02
1.616e-02
3.058e-02
