3.751e-03
5.482e-03
5.193e-03
2.308e-03
4.905e-03
3.174e-03
4.616e-03
3.174e-03
4.328e-03
1.443e-03
3.462e-03
2.308e-03
2.308e-03
3.174e-03
1.154e-03
2.885e-03
3.174e-03
1.731e-03
3.462e-03
1.443e-03
2.308e-03
1.154e-03
1.154e-03
8.656e-04
2.308e-03
2.020e-03
2.020e-03
1.731e-03
1.731e-03
2.020e-03
1.731e-03
5.770e-04
1.443e-03
1.443e-03
2.885e-03
8.656e-04
2.020e-03
1.443e-03
8.656e-04
8.656e-04
1.154e-03
1.731e-03
1.731e-03
2.020e-03
2.597e-03
1.443e-03
1.154e-03
1.154e-03
2.597e-03
1.154e-03
1.731e-03
8.656e-04
8.656e-04
0.000e+00
5.770e-04
1.443e-03
2.885e-04
8.656e-04
1.154e-03
5.770e-04
2.885e-04
1.443e-03
0.000e+00
8.656e-04
8.656e-04
0.000e+00
0.000e+00
0.000e+00
5.770e-04
0.000e+00
2.885e-04
0.000e+00
0.000e+00
0.000e+00
5.770e-04
0.000e+00
0.000e+00
0.000e+00
0.000e+00
0.000e+00
0.000e+00
2.885e-04
0.000e+00
2.885e-04
2.885e-04
2.885e-04
2.885e-04
5.770e-04
0.000e+00
2.885e-04
2.885e-04
5.770e-04
2.885e-04
0.000e+00
0.000e+00
2.885e-04
5.770e-04
8.656e-04
2.885e-04
0.000e+00
2.885e-04
0.000e+00
0.000e+00
0.000e+00
0.000e+00
0.000e+00
0.000e+00
2.885e-04
2.885e-04
0.000e+00
0.000e+00
2.885e-04
0.000e+00
0.000e+00
0.000e+00
2.885e-04
0.000e+00
0.000e+00
2.885e-04
2.885e-04
1.154e-03
0.000e+00
2.885e-04
8.656e-04
2.885e-04
0.000e+00
5.770e-04
0.000e+00
1.154e-03
1.443e-03
1.443e-03
1.154e-03
1.154e-03
2.308e-03
5.770e-04
2.308e-03
1.154e-03
2.885e-04
2.020e-03
2.308e-03
5.770e-04
0.000e+00
1.731e-03
2.308e-03
1.443e-03
1.154e-03
2.308e-03
3.174e-03
2.308e-03
1.443e-03
2.308e-03
2.885e-03
1.154e-03
2.308e-03
5.770e-04
1.731e-03
2.308e-03
5.770e-04
2.885e-04
2.308e-03
3.462e-03
1.731e-03
3.462e-03
2.020e-03
1.731e-03
2.308e-03
3.751e-03
2.308e-03
2.597e-03
2.308e-03
3.174e-03
4.039e-03
2.885e-03
3.751e-03
4.905e-03
4.328e-03
3.462e-03
2.597e-03
2.885e-03
3.174e-03
5.770e-03
5.193e-03
4.328e-03
1.731e-03
5.482e-03
4.328e-03
4.905e-03
3.462e-03
3.462e-03
2.885e-03
2.597e-03
3.174e-03
4.905e-03
2.308e-03
2.308e-03
1.443e-03
1.443e-03
1.443e-03
8.656e-04
1.443e-03
2.597e-03
1.443e-03
2.885e-04
2.020e-03
8.656e-04
1.443e-03
8.656e-04
1.154e-03
2.597e-03
1.443e-03
2.597e-03
1.154e-03
2.308e-03
2.020e-03
3.174e-03
2.020e-03
2.597e-03
1.731e-03
1.443e-03
8.656e-04
1.154e-03
2.597e-03
1.731e-03
2.020e-03
2.308e-03
1.443e-03
1.443e-03
2.885e-04
8.656e-04
2.885e-04
8.656e-04
0.000e+00
5.770e-04
1.443e-03
8.656e-04
5.770e-04
1.154e-03
5.770e-04
1.443e-03
1.443e-03
0.000e+00
1.154e-03
0.000e+00
5.770e-04
0.000e+00
5.770e-04
0.000e+00
0.000e+00
2.885e-04
0.000e+00
5.770e-04
2.885e-04
2.885e-04
2.885e-04
0.000e+00
0.000e+00
0.000e+00
0.000e+00
0.000e+00
0.000e+00
2.885e-04
0.000e+00
0.000e+00
2.885e-04
0.000e+00
2.885e-04
2.885e-04
0.000e+00
5.770e-04
5.770e-04
0.000e+00
0.000e+00
2.885e-04
5.770e-04
0.000e+00
0.000e+00
0.000e+00
0.000e+00
2.885e-04
8.656e-04
5.770e-04
0.000e+00
0.000e+00
2.885e-04
0.000e+00
2.885e-04
2.885e-04
5.770e-04
1.443e-03
2.885e-04
2.885e-04
0.000e+00
5.770e-04
2.885e-04
2.885e-04
0.000e+00
0.000e+00
1.154e-03
2.885e-04
5.770e-04
8.656e-04
2.885e-04
8.656e-04
8.656e-04
1.154e-03
8.656e-04
5.770e-04
5.770e-04
5.770e-04
2.885e-03
1.443e-03
1.154e-03
1.154e-03
1.443e-03
2.885e-03
5.770e-04
1.154e-03
1.443e-03
5.770e-04
1.731e-03
2.308e-03
1.154e-03
1.731e-03
1.443e-03
1.731e-03
2.308e-03
2.020e-03
1.443e-03
1.731e-03
8.656e-04
2.308e-03
8.656e-04
5.770e-04
2.597e-03
2.020e-03
2.597e-03
2.308e-03
3.174e-03
2.597e-03
2.020e-03
2.597e-03
8.656e-04
1.731e-03
1.154e-03
2.020e-03
2.597e-03
2.597e-03
2.885e-03
3.462e-03
4.616e-03
2.597e-03
2.597e-03
2.885e-03
2.885e-03
2.597e-03
4.616e-03
3.462e-03
4.039e-03
1.731e-03
3.751e-03
