0.000e+00
0.000e+00
0.000e+00
0.000e+00
0.000e+00
0.000e+00
0.000e+00
0.000e+00
0.000e+00
0.000e+00
0.000e+00
0.000e+00
0.000e+00
0.000e+00
0.000e+00
0.000e+00
0.000e+00
0.000e+00
0.000e+00
0.000e+00
0.000e+00
0.000e+00
0.000e+00
0.000e+00
0.000e+00
0.000e+00
0.000e+00
0.000e+00
0.000e+00
0.000e+00
0.000e+00
0.000e+00
0.000e+00
0.000e+00
0.000e+00
0.000e+00
0.000e+00
0.000e+00
0.000e+00
0.000e+00
0.000e+00
0.000e+00
0.000e+00
0.000e+00
0.000e+00
0.000e+00
0.000e+00
0.000e+00
0.000e+00
0.000e+00
0.000e+00
0.000e+00
0.000e+00
0.000e+00
4.264e-04
0.000e+00
8.529e-04
0.000e+00
0.000e+00
0.000e+00
4.264e-04
8.529e-04
0.000e+00
4.264e-04
4.264e-04
0.000e+00
8.529e-04
4.264e-04
4.264e-04
8.529e-04
1.706e-03
2.132e-03
8.529e-04
2.132e-03
3.412e-03
2.985e-03
3.412e-03
5.970e-03
4.691e-03
5.970e-03
8.955e-03
1.066e-02
3.070e-02
5.245e-02
3.326e-02
1.620e-02
5.970e-03
5.970e-03
3.838e-03
2.985e-03
3.838e-03
3.838e-03
4.264e-04
3.412e-03
2.132e-03
2.132e-03
2.559e-03
2.559e-03
4.264e-03
2.559e-03
2.132e-03
3.412e-03
2.559e-03
2.559e-03
1.706e-03
8.529e-04
1.706e-03
1.706e-03
2.985e-03
1.279e-03
8.529e-04
1.706e-03
1.706e-03
2.132e-03
2.985e-03
0.000e+00
1.706e-03
1.279e-03
8.529e-04
8.529e-04
4.264e-04
4.264e-04
8.529e-04
8.529e-04
8.529e-04
1.279e-03
8.529e-04
8.529e-04
4.264e-04
4.264e-04
4.264e-04
8.529e-04
8.529e-04
8.529e-04
1.279e-03
1.279e-03
1.279e-03
8.529e-04
1.279e-03
2.132e-03
8.529e-04
4.264e-04
2.132e-03
1.279e-03
8.529e-04
2.559e-03
4.264e-04
1.706e-03
1.706e-03
1.279e-03
2.132e-03
8.529e-04
3.412e-03
1.706e-03
2.132e-03
2.132e-03
1.279e-03
3.412e-03
2.985e-03
8.529e-04
1.279e-03
1.279e-03
5.117e-03
4.691e-03
4.691e-03
1.706e-03
3.412e-03
5.117e-03
2.985e-03
4.264e-03
4.264e-03
4.264e-03
6.397e-03
9.382e-03
8.955e-03
1.194e-02
1.279e-02
1.493e-02
2.260e-02
3.156e-02
3.838e-02
2.644e-02
2.090e-02
1.663e-02
1.194e-02
8.102e-03
7.676e-03
6.397e-03
2.985e-03
6.397e-03
5.970e-03
5.544e-03
4.691e-03
5.117e-03
3.412e-03
3.838e-03
2.559e-03
3.838e-03
3.838e-03
3.838e-03
8.529e-04
2.985e-03
1.279e-03
1.706e-03
2.132e-03
1.279e-03
1.706e-03
4.264e-04
1.279e-03
1.279e-03
8.529e-04
2.985e-03
1.279e-03
2.559e-03
2.559e-03
1.706e-03
1.279e-03
0.000e+00
1.279e-03
2.132e-03
0.000e+00
1.279e-03
1.706e-03
1.706e-03
4.264e-04
8.529e-04
8.529e-04
1.279e-03
1.279e-03
1.279e-03
8.529e-04
1.279e-03
1.279e-03
8.529e-04
4.264e-04
4.264e-04
4.264e-04
8.529e-04
4.264e-04
1.706e-03
1.706e-03
4.264e-04
2.132e-03
2.559e-03
8.529e-04
8.529e-04
2.559e-03
1.706e-03
2.985e-03
2.559e-03
3.838e-03
3.838e-03
1.279e-03
3.412e-03
2.985e-03
2.559e-03
2.559e-03
1.706e-03
2.559e-03
1.706e-03
1.706e-03
2.132e-03
2.132e-03
2.132e-03
2.985e-03
3.412e-03
1.279e-03
4.264e-03
2.132e-03
2.985e-03
1.706e-03
2.559e-03
2.985e-03
2.559e-03
8.102e-03
1.109e-02
3.539e-02
5.458e-02
2.772e-02
1.919e-02
9.382e-03
1.706e-03
2.985e-03
4.691e-03
3.412e-03
2.985e-03
8.529e-04
1.279e-03
1.279e-03
1.279e-03
4.264e-04
1.279e-03
1.706e-03
1.279e-03
4.264e-04
4.264e-04
8.529e-04
4.264e-04
4.264e-04
4.264e-04
0.000e+00
0.000e+00
4.264e-04
0.000e+00
0.000e+00
0.000e+00
0.000e+00
0.000e+00
0.000e+00
0.000e+00
0.000e+00
0.000e+00
0.000e+00
0.000e+00
0.000e+00
0.000e+00
0.000e+00
0.000e+00
0.000e+00
0.000e+00
0.000e+00
0.000e+00
0.000e+00
0.000e+00
0.000e+00
0.000e+00
0.000e+00
0.000e+00
0.000e+00
0.000e+00
0.000e+00
0.000e+00
0.000e+00
0.000e+00
0.000e+00
0.000e+00
0.000e+00
0.000e+00
0.000e+00
0.000e+00
0.000e+00
0.000e+00
0.000e+00
0.000e+00
0.000e+00
0.000e+00
0.000e+00
0.000e+00
0.000e+00
0.000e+00
0.000e+00
0.000e+00
0.000e+00
0.000e+00
0.000e+00
0.000e+00
0.000e+00
0.000e+00
0.000e+00
0.000e+00
