0.000e+00
0.000e+00
0.000e+00
0.000e+00
0.000e+00
0.000e+00
0.000e+00
0.000e+00
0.000e+00
0.000e+00
0.000e+00
0.000e+00
0.000e+00
0.000e+00
0.000e+00
0.000e+00
0.000e+00
0.000e+00
0.000e+00
0.000e+00
0.000e+00
0.000e+00
0.000e+00
0.000e+00
0.000e+00
0.000e+00
0.000e+00
0.000e+00
0.000e+00
0.000e+00
0.000e+00
0.000e+00
0.000e+00
0.000e+00
0.000e+00
0.000e+00
0.000e+00
0.000e+00
0.000e+00
0.000e+00
0.000e+00
0.000e+00
0.000e+00
0.000e+00
0.000e+00
0.000e+00
0.000e+00
0.000e+00
0.000e+00
0.000e+00
0.000e+00
0.000e+00
0.000e+00
0.000e+00
0.000e+00
0.000e+00
0.000e+00
0.000e+00
0.000e+00
0.000e+00
0.000e+00
0.000e+00
0.000e+00
0.000e+00
0.000e+00
0.000e+00
0.000e+00
2.132e-04
0.000e+00
0.000e+00
2.132e-04
2.132e-04
6.397e-04
1.066e-03
4.264e-04
2.132e-04
1.493e-03
1.493e-03
2.132e-03
2.772e-03
2.772e-03
3.625e-03
4.478e-03
2.559e-03
3.412e-03
4.051e-03
3.625e-03
1.706e-03
1.919e-03
2.559e-03
1.279e-03
1.706e-03
2.132e-03
1.279e-03
1.279e-03
4.264e-04
1.066e-03
8.529e-04
6.397e-04
1.279e-03
1.279e-03
6.397e-04
2.132e-04
6.397e-04
4.264e-04
1.279e-03
2.132e-04
4.264e-04
1.493e-03
8.529e-04
4.264e-04
6.397e-04
1.919e-03
6.397e-04
2.132e-04
2.132e-04
1.066e-03
2.132e-04
2.132e-04
2.132e-04
8.529e-04
4.264e-04
6.397e-04
8.529e-04
6.397e-04
0.000e+00
4.264e-04
4.264e-04
1.066e-03
2.132e-04
6.397e-04
2.132e-04
4.264e-04
2.132e-04
8.529e-04
0.000e+00
8.529e-04
4.264e-04
4.264e-04
8.529e-04
1.279e-03
8.529e-04
0.000e+00
4.264e-04
1.493e-03
1.279e-03
2.132e-04
4.264e-04
1.066e-03
6.397e-04
8.529e-04
1.919e-03
1.279e-03
1.493e-03
1.493e-03
1.919e-03
2.345e-03
1.493e-03
2.559e-03
3.625e-03
1.493e-03
2.132e-03
3.838e-03
1.706e-03
5.117e-03
4.264e-03
5.757e-03
5.544e-03
4.264e-03
4.051e-03
8.955e-03
7.463e-03
7.889e-03
8.955e-03
1.066e-02
8.742e-03
1.322e-02
1.173e-02
1.215e-02
1.535e-02
1.322e-02
1.301e-02
1.215e-02
1.002e-02
1.045e-02
1.130e-02
8.102e-03
1.045e-02
7.889e-03
7.249e-03
5.757e-03
7.249e-03
3.412e-03
4.478e-03
3.198e-03
4.051e-03
3.198e-03
3.838e-03
2.559e-03
1.493e-03
1.919e-03
2.559e-03
2.559e-03
2.985e-03
1.493e-03
1.706e-03
1.066e-03
8.529e-04
1.493e-03
4.264e-04
1.279e-03
4.264e-04
1.066e-03
6.397e-04
4.264e-04
4.264e-04
8.529e-04
8.529e-04
1.493e-03
4.264e-04
1.279e-03
4.264e-04
8.529e-04
8.529e-04
1.066e-03
0.000e+00
8.529e-04
1.066e-03
2.132e-04
4.264e-04
1.066e-03
2.132e-04
6.397e-04
1.493e-03
4.264e-04
6.397e-04
6.397e-04
4.264e-04
6.397e-04
4.264e-04
8.529e-04
1.493e-03
2.132e-04
6.397e-04
4.264e-04
1.066e-03
0.000e+00
4.264e-04
0.000e+00
6.397e-04
6.397e-04
6.397e-04
1.066e-03
1.279e-03
1.279e-03
1.279e-03
1.066e-03
8.529e-04
4.264e-04
2.132e-03
1.279e-03
8.529e-04
1.706e-03
1.279e-03
6.397e-04
6.397e-04
1.706e-03
1.919e-03
1.493e-03
1.493e-03
2.772e-03
3.625e-03
1.279e-03
3.412e-03
3.198e-03
2.132e-03
2.772e-03
2.985e-03
2.985e-03
3.838e-03
1.706e-03
3.412e-03
1.066e-03
1.493e-03
1.919e-03
6.397e-04
4.264e-04
8.529e-04
0.000e+00
2.132e-04
4.264e-04
2.132e-04
2.132e-04
0.000e+00
0.000e+00
0.000e+00
0.000e+00
0.000e+00
2.132e-04
0.000e+00
0.000e+00
0.000e+00
0.000e+00
0.000e+00
0.000e+00
0.000e+00
0.000e+00
0.000e+00
0.000e+00
0.000e+00
0.000e+00
0.000e+00
0.000e+00
0.000e+00
0.000e+00
0.000e+00
0.000e+00
0.000e+00
0.000e+00
0.000e+00
0.000e+00
0.000e+00
0.000e+00
0.000e+00
0.000e+00
0.000e+00
0.000e+00
0.000e+00
0.000e+00
0.000e+00
0.000e+00
0.000e+00
0.000e+00
0.000e+00
0.000e+00
0.000e+00
0.000e+00
0.000e+00
0.000e+00
0.000e+00
0.000e+00
0.000e+00
0.000e+00
0.000e+00
0.000e+00
0.000e+00
0.000e+00
0.000e+00
0.000e+00
0.000e+00
0.000e+00
0.000e+00
0.000e+00
0.000e+00
0.000e+00
0.000e+00
0.000e+00
0.000e+00
0.000e+00
0.000e+00
