1.229e-01
2.551e-02
1.361e-02
1.121e-02
1.041e-02
6.635e-03
5.834e-03
4.004e-03
3.546e-03
3.317e-03
3.317e-03
2.860e-03
4.804e-03
2.974e-03
4.461e-03
2.402e-03
2.631e-03
4.576e-03
3.775e-03
3.775e-03
2.402e-03
1.945e-03
2.288e-03
2.745e-03
1.487e-03
3.775e-03
1.716e-03
1.487e-03
2.860e-03
1.945e-03
1.716e-03
1.830e-03
2.059e-03
1.830e-03
1.945e-03
1.373e-03
5.720e-04
1.144e-03
1.030e-03
1.373e-03
1.258e-03
6.863e-04
3.432e-04
1.144e-03
2.288e-04
1.144e-03
1.144e-03
1.144e-03
9.151e-04
6.863e-04
4.576e-04
3.432e-04
3.432e-04
3.432e-04
2.173e-03
1.144e-03
9.151e-04
1.144e-03
1.945e-03
1.601e-03
9.151e-04
9.151e-04
6.863e-04
5.720e-04
1.258e-03
2.288e-04
8.007e-04
3.432e-04
3.432e-04
3.432e-04
4.576e-04
4.576e-04
5.720e-04
9.151e-04
6.863e-04
3.432e-04
4.576e-04
1.144e-04
2.288e-04
4.576e-04
4.576e-04
3.432e-04
5.720e-04
5.720e-04
2.288e-04
3.432e-04
2.288e-04
0.000e+00
4.576e-04
1.144e-04
8.007e-04
3.432e-04
1.144e-04
1.144e-04
1.144e-04
2.288e-04
2.288e-04
0.000e+00
3.432e-04
2.288e-04
2.288e-04
1.144e-04
0.000e+00
2.288e-04
4.576e-04
1.144e-04
2.288e-04
4.576e-04
4.576e-04
1.144e-04
0.000e+00
2.288e-04
2.288e-04
3.432e-04
3.432e-04
1.144e-03
9.151e-04
4.576e-04
8.007e-04
1.487e-03
9.151e-04
6.863e-04
1.601e-03
1.030e-03
1.601e-03
2.517e-03
1.373e-03
1.487e-03
1.258e-03
4.576e-04
2.288e-04
5.720e-04
8.007e-04
3.432e-04
4.576e-04
1.258e-03
9.151e-04
9.151e-04
1.030e-03
1.030e-03
1.030e-03
1.030e-03
8.007e-04
1.144e-03
5.720e-04
1.373e-03
1.144e-03
1.144e-03
1.144e-03
1.487e-03
1.716e-03
1.258e-03
1.601e-03
2.173e-03
1.716e-03
2.173e-03
2.517e-03
2.288e-03
2.974e-03
2.974e-03
2.517e-03
1.830e-03
2.059e-03
3.203e-03
2.974e-03
2.974e-03
4.232e-03
3.775e-03
3.203e-03
2.860e-03
4.118e-03
3.660e-03
4.118e-03
3.889e-03
5.148e-03
7.207e-03
6.291e-03
1.087e-02
1.624e-02
2.825e-02
1.293e-01
2.665e-02
1.384e-02
1.327e-02
8.236e-03
6.291e-03
4.576e-03
5.033e-03
4.118e-03
3.660e-03
4.347e-03
3.889e-03
4.461e-03
4.004e-03
3.317e-03
3.203e-03
4.461e-03
3.089e-03
2.288e-03
3.089e-03
2.517e-03
2.173e-03
3.317e-03
2.059e-03
1.716e-03
2.402e-03
2.402e-03
1.945e-03
2.631e-03
2.059e-03
2.173e-03
1.373e-03
1.144e-03
6.863e-04
1.144e-03
1.144e-03
6.863e-04
1.258e-03
3.432e-04
1.373e-03
1.030e-03
8.007e-04
1.030e-03
6.863e-04
5.720e-04
6.863e-04
8.007e-04
3.432e-04
5.720e-04
2.288e-04
8.007e-04
5.720e-04
1.030e-03
1.487e-03
1.830e-03
5.720e-04
1.830e-03
1.830e-03
1.144e-03
4.576e-04
9.151e-04
5.720e-04
5.720e-04
4.576e-04
8.007e-04
5.720e-04
2.288e-04
3.432e-04
5.720e-04
4.576e-04
3.432e-04
3.432e-04
1.030e-03
3.432e-04
5.720e-04
4.576e-04
1.144e-04
3.432e-04
2.288e-04
2.288e-04
5.720e-04
3.432e-04
4.576e-04
3.432e-04
1.144e-04
1.144e-04
2.288e-04
3.432e-04
3.432e-04
5.720e-04
8.007e-04
5.720e-04
2.288e-04
0.000e+00
3.432e-04
0.000e+00
1.144e-04
0.000e+00
1.144e-04
3.432e-04
1.144e-04
2.288e-04
5.720e-04
1.144e-04
2.288e-04
3.432e-04
3.432e-04
2.288e-04
4.576e-04
1.144e-04
2.288e-04
1.144e-04
6.863e-04
8.007e-04
6.863e-04
5.720e-04
8.007e-04
8.007e-04
1.373e-03
1.030e-03
1.830e-03
1.030e-03
1.258e-03
2.631e-03
2.059e-03
1.373e-03
1.258e-03
4.576e-04
3.432e-04
2.288e-04
9.151e-04
3.432e-04
5.720e-04
2.288e-04
8.007e-04
1.258e-03
1.487e-03
1.030e-03
1.373e-03
9.151e-04
9.151e-04
1.144e-03
1.373e-03
8.007e-04
1.487e-03
1.030e-03
1.601e-03
1.830e-03
1.487e-03
1.945e-03
1.258e-03
1.373e-03
1.601e-03
2.173e-03
2.173e-03
2.631e-03
2.517e-03
3.317e-03
1.945e-03
1.945e-03
3.203e-03
2.745e-03
3.089e-03
2.173e-03
3.203e-03
4.232e-03
2.745e-03
2.288e-03
2.745e-03
2.860e-03
3.203e-03
4.232e-03
3.432e-03
4.118e-03
5.033e-03
5.148e-03
9.380e-03
1.144e-02
1.418e-02
2.883e-02
