4.976e-03
5.491e-03
5.777e-03
4.633e-03
5.662e-03
4.804e-03
4.175e-03
3.660e-03
3.260e-03
3.089e-03
2.917e-03
2.631e-03
2.231e-03
2.517e-03
1.945e-03
2.116e-03
2.173e-03
1.601e-03
1.716e-03
1.659e-03
1.201e-03
1.030e-03
1.030e-03
1.430e-03
1.315e-03
1.030e-03
1.087e-03
1.030e-03
9.723e-04
1.544e-03
8.579e-04
9.723e-04
1.258e-03
1.144e-03
2.116e-03
1.030e-03
9.723e-04
1.201e-03
1.201e-03
9.151e-04
9.151e-04
9.151e-04
1.315e-03
9.151e-04
1.430e-03
1.258e-03
1.087e-03
1.315e-03
1.258e-03
1.373e-03
8.579e-04
1.030e-03
8.579e-04
3.432e-04
8.579e-04
1.030e-03
7.435e-04
1.087e-03
8.007e-04
6.863e-04
5.720e-04
7.435e-04
7.435e-04
4.576e-04
1.201e-03
6.863e-04
6.863e-04
6.291e-04
8.579e-04
4.004e-04
5.148e-04
5.148e-04
5.720e-04
5.720e-04
5.148e-04
4.576e-04
8.579e-04
2.860e-04
4.576e-04
5.148e-04
5.148e-04
2.860e-04
6.291e-04
2.860e-04
1.144e-04
5.148e-04
5.148e-04
3.432e-04
4.576e-04
5.148e-04
6.291e-04
6.863e-04
5.148e-04
2.860e-04
1.716e-04
7.435e-04
5.148e-04
4.576e-04
6.291e-04
4.576e-04
2.860e-04
3.432e-04
2.288e-04
8.579e-04
6.863e-04
5.720e-04
4.004e-04
6.291e-04
9.151e-04
5.720e-04
5.720e-04
8.579e-04
5.720e-04
6.863e-04
6.863e-04
5.148e-04
7.435e-04
6.291e-04
4.576e-04
6.863e-04
7.435e-04
2.860e-04
4.004e-04
7.435e-04
7.435e-04
5.720e-04
5.148e-04
5.148e-04
7.435e-04
8.007e-04
1.030e-03
1.201e-03
6.291e-04
1.487e-03
7.435e-04
1.373e-03
6.863e-04
8.007e-04
1.430e-03
1.430e-03
8.007e-04
6.291e-04
1.087e-03
1.030e-03
1.087e-03
8.579e-04
1.258e-03
1.487e-03
9.723e-04
1.430e-03
1.430e-03
1.487e-03
9.151e-04
6.863e-04
3.432e-04
1.659e-03
1.144e-03
1.716e-03
9.723e-04
1.430e-03
1.430e-03
1.601e-03
1.144e-03
1.373e-03
1.373e-03
2.116e-03
2.803e-03
2.402e-03
2.803e-03
2.631e-03
2.803e-03
3.832e-03
3.546e-03
3.432e-03
4.404e-03
4.862e-03
5.376e-03
6.005e-03
6.635e-03
5.777e-03
6.692e-03
5.662e-03
5.205e-03
5.548e-03
6.234e-03
4.804e-03
4.690e-03
3.203e-03
3.260e-03
3.146e-03
2.631e-03
2.688e-03
3.031e-03
2.402e-03
2.002e-03
2.116e-03
1.887e-03
1.716e-03
1.430e-03
1.487e-03
1.373e-03
1.144e-03
7.435e-04
1.659e-03
8.579e-04
1.201e-03
1.030e-03
1.258e-03
1.201e-03
1.201e-03
1.315e-03
1.201e-03
1.315e-03
1.201e-03
1.201e-03
1.144e-03
1.601e-03
7.435e-04
1.201e-03
1.144e-03
1.087e-03
1.258e-03
1.315e-03
1.373e-03
1.315e-03
1.030e-03
1.144e-03
9.723e-04
6.863e-04
8.579e-04
8.007e-04
5.720e-04
1.087e-03
1.030e-03
7.435e-04
6.291e-04
1.201e-03
4.004e-04
7.435e-04
8.579e-04
2.288e-04
1.030e-03
4.576e-04
8.579e-04
8.579e-04
4.004e-04
4.576e-04
5.148e-04
5.148e-04
4.576e-04
6.291e-04
4.004e-04
8.579e-04
5.148e-04
2.288e-04
4.004e-04
4.576e-04
6.863e-04
5.148e-04
4.576e-04
4.576e-04
7.435e-04
3.432e-04
2.860e-04
4.004e-04
4.004e-04
5.148e-04
4.004e-04
4.576e-04
5.720e-04
4.004e-04
4.004e-04
3.432e-04
6.863e-04
4.576e-04
6.863e-04
4.576e-04
3.432e-04
5.148e-04
5.720e-04
8.579e-04
2.288e-04
5.720e-04
4.576e-04
4.576e-04
9.151e-04
5.148e-04
5.720e-04
1.087e-03
5.148e-04
7.435e-04
5.148e-04
6.291e-04
4.576e-04
6.863e-04
5.148e-04
8.579e-04
7.435e-04
5.720e-04
6.291e-04
5.148e-04
6.291e-04
6.291e-04
6.291e-04
6.863e-04
5.148e-04
9.151e-04
5.148e-04
9.151e-04
1.544e-03
1.087e-03
9.151e-04
9.723e-04
1.030e-03
1.315e-03
8.579e-04
9.151e-04
1.201e-03
8.579e-04
9.151e-04
1.144e-03
9.151e-04
1.087e-03
8.579e-04
1.830e-03
8.579e-04
1.144e-03
1.716e-03
1.315e-03
7.435e-04
1.258e-03
6.863e-04
8.007e-04
1.201e-03
1.087e-03
1.258e-03
1.201e-03
1.373e-03
1.373e-03
1.144e-03
1.716e-03
1.144e-03
1.601e-03
1.601e-03
1.544e-03
2.288e-03
1.945e-03
2.345e-03
2.173e-03
3.718e-03
2.574e-03
3.489e-03
3.432e-03
3.260e-03
4.175e-03
5.834e-03
4.576e-03
5.605e-03
5.262e-03
6.120e-03
