1.783e-03
3.565e-03
8.913e-04
0.000e+00
0.000e+00
1.783e-03
5.348e-03
2.674e-03
1.783e-03
1.783e-03
1.783e-03
2.674e-03
1.783e-03
8.913e-04
3.565e-03
2.674e-03
1.783e-03
1.783e-03
2.674e-03
8.913e-04
2.674e-03
3.565e-03
4.456e-03
3.565e-03
0.000e+00
1.783e-03
1.783e-03
5.348e-03
5.348e-03
7.130e-03
4.456e-03
8.913e-03
4.456e-03
6.239e-03
8.021e-03
6.239e-03
1.159e-02
1.248e-02
1.070e-02
1.426e-02
4.456e-03
1.248e-02
1.515e-02
1.159e-02
8.021e-03
1.693e-02
1.872e-02
2.228e-02
1.693e-02
1.159e-02
1.693e-02
2.317e-02
2.139e-02
1.604e-02
1.872e-02
1.783e-02
1.426e-02
1.248e-02
1.070e-02
5.348e-03
3.565e-03
8.913e-04
8.913e-04
8.913e-04
1.783e-03
8.913e-04
1.783e-03
8.913e-04
0.000e+00
8.913e-04
0.000e+00
8.913e-04
0.000e+00
0.000e+00
0.000e+00
0.000e+00
0.000e+00
0.000e+00
0.000e+00
0.000e+00
0.000e+00
0.000e+00
0.000e+00
0.000e+00
0.000e+00
0.000e+00
0.000e+00
0.000e+00
0.000e+00
0.000e+00
0.000e+00
0.000e+00
0.000e+00
0.000e+00
0.000e+00
0.000e+00
0.000e+00
0.000e+00
0.000e+00
0.000e+00
0.000e+00
0.000e+00
0.000e+00
0.000e+00
0.000e+00
0.000e+00
0.000e+00
0.000e+00
0.000e+00
0.000e+00
0.000e+00
0.000e+00
0.000e+00
0.000e+00
0.000e+00
0.000e+00
0.000e+00
0.000e+00
0.000e+00
0.000e+00
0.000e+00
0.000e+00
0.000e+00
0.000e+00
0.000e+00
0.000e+00
0.000e+00
0.000e+00
0.000e+00
0.000e+00
0.000e+00
0.000e+00
0.000e+00
0.000e+00
0.000e+00
0.000e+00
0.000e+00
0.000e+00
0.000e+00
0.000e+00
0.000e+00
0.000e+00
0.000e+00
0.000e+00
0.000e+00
0.000e+00
0.000e+00
0.000e+00
0.000e+00
0.000e+00
0.000e+00
0.000e+00
0.000e+00
0.000e+00
8.913e-04
0.000e+00
0.000e+00
0.000e+00
0.000e+00
0.000e+00
0.000e+00
0.000e+00
0.000e+00
8.913e-04
8.913e-04
0.000e+00
8.913e-04
1.783e-03
0.000e+00
0.000e+00
1.783e-03
8.913e-04
2.674e-03
8.913e-04
8.913e-04
8.913e-04
1.783e-03
4.456e-03
4.456e-03
3.565e-03
3.565e-03
2.674e-03
4.456e-03
1.783e-03
1.783e-03
0.000e+00
8.913e-04
1.783e-03
8.913e-04
3.565e-03
0.000e+00
8.913e-04
0.000e+00
0.000e+00
0.000e+00
0.000e+00
0.000e+00
0.000e+00
0.000e+00
0.000e+00
0.000e+00
0.000e+00
0.000e+00
0.000e+00
0.000e+00
0.000e+00
0.000e+00
0.000e+00
0.000e+00
0.000e+00
0.000e+00
0.000e+00
8.913e-04
0.000e+00
0.000e+00
0.000e+00
0.000e+00
0.000e+00
0.000e+00
0.000e+00
0.000e+00
0.000e+00
0.000e+00
0.000e+00
0.000e+00
0.000e+00
0.000e+00
0.000e+00
0.000e+00
0.000e+00
0.000e+00
0.000e+00
0.000e+00
0.000e+00
0.000e+00
0.000e+00
0.000e+00
0.000e+00
0.000e+00
0.000e+00
0.000e+00
0.000e+00
0.000e+00
0.000e+00
0.000e+00
0.000e+00
0.000e+00
0.000e+00
0.000e+00
0.000e+00
0.000e+00
0.000e+00
0.000e+00
0.000e+00
0.000e+00
0.000e+00
0.000e+00
0.000e+00
0.000e+00
0.000e+00
0.000e+00
0.000e+00
0.000e+00
0.000e+00
0.000e+00
0.000e+00
0.000e+00
0.000e+00
0.000e+00
8.913e-04
0.000e+00
0.000e+00
0.000e+00
0.000e+00
0.000e+00
0.000e+00
0.000e+00
0.000e+00
0.000e+00
0.000e+00
0.000e+00
0.000e+00
0.000e+00
0.000e+00
8.913e-04
0.000e+00
8.913e-04
0.000e+00
0.000e+00
0.000e+00
8.913e-04
0.000e+00
0.000e+00
8.913e-04
0.000e+00
0.000e+00
1.783e-03
2.674e-03
8.913e-04
2.674e-03
3.565e-03
5.348e-03
7.130e-03
6.239e-03
9.804e-03
2.228e-02
1.426e-02
1.783e-02
3.209e-02
2.228e-02
2.852e-02
2.228e-02
1.783e-02
1.515e-02
1.248e-02
1.426e-02
1.248e-02
1.783e-02
1.515e-02
1.248e-02
1.426e-02
8.913e-03
1.426e-02
8.021e-03
9.804e-03
6.239e-03
5.348e-03
8.913e-03
5.348e-03
8.913e-03
2.674e-03
9.804e-03
3.565e-03
5.348e-03
1.783e-03
4.456e-03
1.783e-03
1.783e-03
1.783e-03
8.913e-04
3.565e-03
3.565e-03
8.913e-04
1.783e-03
8.913e-04
1.783e-03
1.783e-03
0.000e+00
8.913e-04
1.783e-03
0.000e+00
8.913e-04
2.674e-03
1.783e-03
1.783e-03
8.913e-04
8.913e-04
8.913e-04
3.565e-03
1.783e-03
