9.867e-02
2.657e-02
2.846e-02
1.898e-02
3.036e-02
3.416e-02
1.898e-02
9.488e-03
9.488e-03
1.139e-02
5.693e-03
1.518e-02
1.328e-02
1.139e-02
5.693e-03
5.693e-03
1.898e-03
5.693e-03
7.590e-03
3.795e-03
1.898e-03
3.795e-03
1.898e-03
3.795e-03
1.898e-03
5.693e-03
0.000e+00
1.898e-03
0.000e+00
7.590e-03
3.795e-03
1.898e-03
1.898e-03
0.000e+00
0.000e+00
0.000e+00
3.795e-03
0.000e+00
1.898e-03
0.000e+00
0.000e+00
1.898e-03
3.795e-03
1.898e-03
0.000e+00
0.000e+00
1.898e-03
1.898e-03
0.000e+00
0.000e+00
1.898e-03
0.000e+00
0.000e+00
0.000e+00
0.000e+00
0.000e+00
0.000e+00
0.000e+00
1.898e-03
0.000e+00
0.000e+00
0.000e+00
0.000e+00
0.000e+00
0.000e+00
0.000e+00
0.000e+00
1.898e-03
0.000e+00
0.000e+00
0.000e+00
0.000e+00
0.000e+00
0.000e+00
0.000e+00
0.000e+00
0.000e+00
0.000e+00
0.000e+00
0.000e+00
0.000e+00
0.000e+00
0.000e+00
0.000e+00
0.000e+00
0.000e+00
0.000e+00
0.000e+00
0.000e+00
0.000e+00
0.000e+00
0.000e+00
1.898e-03
0.000e+00
0.000e+00
0.000e+00
1.898e-03
0.000e+00
0.000e+00
0.000e+00
0.000e+00
0.000e+00
0.000e+00
0.000e+00
0.000e+00
0.000e+00
0.000e+00
0.000e+00
0.000e+00
0.000e+00
0.000e+00
0.000e+00
0.000e+00
0.000e+00
1.898e-03
0.000e+00
0.000e+00
0.000e+00
0.000e+00
0.000e+00
1.898e-03
0.000e+00
0.000e+00
0.000e+00
0.000e+00
0.000e+00
0.000e+00
0.000e+00
0.000e+00
0.000e+00
0.000e+00
0.000e+00
0.000e+00
0.000e+00
0.000e+00
1.898e-03
0.000e+00
0.000e+00
0.000e+00
1.898e-03
0.000e+00
1.898e-03
0.000e+00
1.898e-03
1.898e-03
1.898e-03
1.898e-03
3.795e-03
1.898e-03
1.898e-03
0.000e+00
0.000e+00
0.000e+00
1.898e-03
0.000e+00
1.898e-03
0.000e+00
1.898e-03
1.898e-03
0.000e+00
0.000e+00
1.898e-03
1.898e-03
3.795e-03
0.000e+00
0.000e+00
3.795e-03
0.000e+00
3.795e-03
0.000e+00
5.693e-03
1.898e-03
7.590e-03
0.000e+00
3.795e-03
5.693e-03
5.693e-03
7.590e-03
9.488e-03
1.328e-02
3.036e-02
1.139e-02
3.795e-03
5.693e-03
7.590e-03
3.795e-03
0.000e+00
0.000e+00
9.488e-03
1.898e-03
1.898e-03
3.795e-03
1.898e-03
3.795e-03
3.795e-03
0.000e+00
1.898e-03
0.000e+00
1.898e-03
0.000e+00
0.000e+00
1.898e-03
0.000e+00
0.000e+00
0.000e+00
0.000e+00
0.000e+00
1.898e-03
1.898e-03
0.000e+00
0.000e+00
0.000e+00
1.898e-03
0.000e+00
0.000e+00
0.000e+00
0.000e+00
5.693e-03
0.000e+00
0.000e+00
0.000e+00
0.000e+00
0.000e+00
0.000e+00
0.000e+00
0.000e+00
0.000e+00
0.000e+00
0.000e+00
1.898e-03
1.898e-03
0.000e+00
0.000e+00
0.000e+00
0.000e+00
0.000e+00
0.000e+00
0.000e+00
0.000e+00
0.000e+00
0.000e+00
0.000e+00
0.000e+00
0.000e+00
0.000e+00
0.000e+00
0.000e+00
0.000e+00
0.000e+00
0.000e+00
0.000e+00
0.000e+00
0.000e+00
0.000e+00
0.000e+00
0.000e+00
0.000e+00
0.000e+00
0.000e+00
0.000e+00
0.000e+00
0.000e+00
0.000e+00
0.000e+00
0.000e+00
0.000e+00
0.000e+00
0.000e+00
0.000e+00
0.000e+00
0.000e+00
0.000e+00
0.000e+00
0.000e+00
0.000e+00
0.000e+00
0.000e+00
0.000e+00
0.000e+00
0.000e+00
0.000e+00
0.000e+00
0.000e+00
0.000e+00
0.000e+00
0.000e+00
0.000e+00
0.000e+00
0.000e+00
0.000e+00
0.000e+00
0.000e+00
0.000e+00
0.000e+00
0.000e+00
0.000e+00
0.000e+00
0.000e+00
0.000e+00
0.000e+00
0.000e+00
0.000e+00
0.000e+00
0.000e+00
0.000e+00
0.000e+00
0.000e+00
0.000e+00
0.000e+00
0.000e+00
0.000e+00
0.000e+00
0.000e+00
1.898e-03
0.000e+00
3.795e-03
1.898e-03
3.795e-03
1.898e-03
0.000e+00
0.000e+00
0.000e+00
0.000e+00
0.000e+00
3.795e-03
3.795e-03
0.000e+00
0.000e+00
1.898e-03
1.898e-03
1.898e-03
0.000e+00
1.898e-03
1.898e-03
5.693e-03
3.795e-03
0.000e+00
5.693e-03
3.795e-03
3.795e-03
9.488e-03
1.898e-03
9.488e-03
3.795e-03
1.139e-02
7.590e-03
1.518e-02
5.693e-03
5.693e-03
9.488e-03
1.898e-02
1.708e-02
1.898e-02
1.518e-02
1.708e-02
1.708e-02
1.328e-02
1.898e-02
4.554e-02
4.175e-02
