1.111e-02
2.222e-02
2.323e-02
1.111e-02
9.091e-03
9.091e-03
1.616e-02
6.061e-03
8.081e-03
5.051e-03
5.051e-03
6.061e-03
5.051e-03
2.020e-03
4.040e-03
6.061e-03
3.030e-03
2.020e-03
1.010e-03
3.030e-03
3.030e-03
1.010e-03
3.030e-03
3.030e-03
2.020e-03
2.020e-03
1.010e-03
1.010e-03
0.000e+00
4.040e-03
2.020e-03
0.000e+00
1.010e-03
0.000e+00
2.020e-03
0.000e+00
0.000e+00
2.020e-03
0.000e+00
1.010e-03
1.010e-03
1.010e-03
0.000e+00
0.000e+00
0.000e+00
1.010e-03
0.000e+00
0.000e+00
0.000e+00
1.010e-03
0.000e+00
1.010e-03
1.010e-03
0.000e+00
0.000e+00
0.000e+00
0.000e+00
1.010e-03
1.010e-03
0.000e+00
0.000e+00
1.010e-03
0.000e+00
0.000e+00
0.000e+00
1.010e-03
0.000e+00
0.000e+00
0.000e+00
0.000e+00
1.010e-03
0.000e+00
0.000e+00
0.000e+00
1.010e-03
0.000e+00
0.000e+00
0.000e+00
0.000e+00
0.000e+00
0.000e+00
0.000e+00
0.000e+00
1.010e-03
1.010e-03
0.000e+00
0.000e+00
0.000e+00
0.000e+00
0.000e+00
0.000e+00
0.000e+00
0.000e+00
0.000e+00
0.000e+00
0.000e+00
0.000e+00
0.000e+00
0.000e+00
0.000e+00
0.000e+00
0.000e+00
0.000e+00
0.000e+00
0.000e+00
0.000e+00
0.000e+00
0.000e+00
0.000e+00
1.010e-03
0.000e+00
0.000e+00
0.000e+00
0.000e+00
0.000e+00
0.000e+00
0.000e+00
2.020e-03
0.000e+00
0.000e+00
0.000e+00
0.000e+00
0.000e+00
0.000e+00
0.000e+00
1.010e-03
1.010e-03
0.000e+00
0.000e+00
1.010e-03
0.000e+00
0.000e+00
0.000e+00
0.000e+00
1.010e-03
0.000e+00
3.030e-03
1.010e-03
3.030e-03
0.000e+00
1.010e-03
0.000e+00
0.000e+00
0.000e+00
0.000e+00
0.000e+00
0.000e+00
0.000e+00
0.000e+00
0.000e+00
0.000e+00
0.000e+00
0.000e+00
0.000e+00
0.000e+00
0.000e+00
0.000e+00
0.000e+00
0.000e+00
0.000e+00
2.020e-03
0.000e+00
2.020e-03
3.030e-03
0.000e+00
1.010e-03
1.010e-03
0.000e+00
0.000e+00
2.020e-03
0.000e+00
2.020e-03
5.051e-03
2.020e-03
0.000e+00
1.010e-03
3.030e-03
2.020e-03
2.020e-03
4.040e-03
3.030e-03
1.010e-03
3.030e-03
0.000e+00
3.030e-03
2.020e-03
1.010e-03
1.010e-03
0.000e+00
2.020e-03
0.000e+00
1.010e-03
1.010e-03
0.000e+00
2.020e-03
0.000e+00
3.030e-03
4.040e-03
0.000e+00
0.000e+00
0.000e+00
0.000e+00
1.010e-03
1.010e-03
1.010e-03
0.000e+00
0.000e+00
0.000e+00
0.000e+00
0.000e+00
3.030e-03
1.010e-03
0.000e+00
0.000e+00
0.000e+00
0.000e+00
0.000e+00
0.000e+00
2.020e-03
0.000e+00
0.000e+00
1.010e-03
1.010e-03
0.000e+00
0.000e+00
0.000e+00
0.000e+00
0.000e+00
0.000e+00
0.000e+00
0.000e+00
0.000e+00
0.000e+00
0.000e+00
0.000e+00
1.010e-03
0.000e+00
0.000e+00
0.000e+00
0.000e+00
0.000e+00
0.000e+00
1.010e-03
0.000e+00
0.000e+00
0.000e+00
0.000e+00
0.000e+00
0.000e+00
0.000e+00
0.000e+00
0.000e+00
0.000e+00
0.000e+00
0.000e+00
0.000e+00
0.000e+00
0.000e+00
0.000e+00
0.000e+00
0.000e+00
0.000e+00
0.000e+00
0.000e+00
0.000e+00
0.000e+00
0.000e+00
0.000e+00
0.000e+00
0.000e+00
0.000e+00
0.000e+00
0.000e+00
0.000e+00
0.000e+00
0.000e+00
0.000e+00
0.000e+00
0.000e+00
0.000e+00
0.000e+00
0.000e+00
0.000e+00
0.000e+00
0.000e+00
0.000e+00
0.000e+00
0.000e+00
0.000e+00
0.000e+00
0.000e+00
0.000e+00
0.000e+00
1.010e-03
0.000e+00
0.000e+00
0.000e+00
0.000e+00
1.010e-03
0.000e+00
0.000e+00
1.010e-03
0.000e+00
0.000e+00
0.000e+00
1.010e-03
0.000e+00
0.000e+00
1.010e-03
0.000e+00
0.000e+00
1.010e-03
0.000e+00
1.010e-03
0.000e+00
0.000e+00
0.000e+00
0.000e+00
0.000e+00
1.010e-03
1.010e-03
0.000e+00
0.000e+00
1.010e-03
0.000e+00
1.010e-03
0.000e+00
1.010e-03
0.000e+00
2.020e-03
2.020e-03
1.010e-03
0.000e+00
1.010e-03
1.010e-03
4.040e-03
0.000e+00
0.000e+00
1.010e-03
4.040e-03
3.030e-03
1.010e-03
1.010e-03
4.040e-03
4.040e-03
0.000e+00
9.091e-03
5.051e-03
2.020e-03
8.081e-03
5.051e-03
6.061e-03
8.081e-03
9.091e-03
1.717e-02
9.091e-03
1.414e-02
1.414e-02
1.515e-02
1.515e-02
