2.799e-03
1.866e-03
9.328e-04
1.866e-03
0.000e+00
3.731e-03
9.328e-04
0.000e+00
9.328e-04
9.328e-04
2.799e-03
9.328e-04
9.328e-04
0.000e+00
1.866e-03
1.866e-03
1.866e-03
3.731e-03
9.328e-04
9.328e-04
9.328e-04
0.000e+00
2.799e-03
9.328e-04
9.328e-04
9.328e-04
9.328e-04
0.000e+00
0.000e+00
0.000e+00
0.000e+00
0.000e+00
0.000e+00
9.328e-04
9.328e-04
0.000e+00
0.000e+00
9.328e-04
0.000e+00
9.328e-04
0.000e+00
0.000e+00
9.328e-04
0.000e+00
0.000e+00
0.000e+00
0.000e+00
9.328e-04
0.000e+00
0.000e+00
0.000e+00
9.328e-04
9.328e-04
9.328e-04
0.000e+00
0.000e+00
0.000e+00
9.328e-04
0.000e+00
0.000e+00
0.000e+00
0.000e+00
1.866e-03
1.866e-03
0.000e+00
0.000e+00
0.000e+00
0.000e+00
0.000e+00
0.000e+00
0.000e+00
0.000e+00
0.000e+00
9.328e-04
0.000e+00
0.000e+00
0.000e+00
0.000e+00
9.328e-04
0.000e+00
9.328e-04
0.000e+00
0.000e+00
0.000e+00
0.000e+00
0.000e+00
0.000e+00
0.000e+00
0.000e+00
9.328e-04
9.328e-04
0.000e+00
0.000e+00
0.000e+00
0.000e+00
0.000e+00
9.328e-04
0.000e+00
0.000e+00
0.000e+00
0.000e+00
0.000e+00
0.000e+00
0.000e+00
9.328e-04
9.328e-04
0.000e+00
0.000e+00
9.328e-04
0.000e+00
0.000e+00
1.866e-03
9.328e-04
9.328e-04
0.000e+00
1.866e-03
0.000e+00
0.000e+00
9.328e-04
0.000e+00
0.000e+00
2.799e-03
0.000e+00
0.000e+00
9.328e-04
1.866e-03
0.000e+00
9.328e-04
9.328e-04
0.000e+00
0.000e+00
0.000e+00
0.000e+00
0.000e+00
2.799e-03
0.000e+00
3.731e-03
0.000e+00
2.799e-03
2.799e-03
9.328e-04
9.328e-04
9.328e-04
1.866e-03
1.866e-03
9.328e-04
3.731e-03
1.866e-03
0.000e+00
1.866e-03
9.328e-04
4.664e-03
7.463e-03
0.000e+00
2.799e-03
9.328e-04
2.799e-03
2.799e-03
0.000e+00
5.597e-03
2.799e-03
2.799e-03
5.597e-03
3.731e-03
3.731e-03
9.328e-04
3.731e-03
5.597e-03
7.463e-03
3.731e-03
9.328e-03
4.664e-03
7.463e-03
5.597e-03
4.664e-03
9.328e-03
5.597e-03
1.119e-02
4.664e-03
5.597e-03
5.597e-03
7.463e-03
7.463e-03
1.306e-02
5.597e-03
6.530e-03
1.119e-02
1.213e-02
5.597e-03
5.597e-03
1.026e-02
1.026e-02
3.731e-03
4.664e-03
1.866e-03
5.597e-03
1.866e-03
1.866e-03
3.731e-03
3.731e-03
2.799e-03
4.664e-03
2.799e-03
2.799e-03
5.597e-03
1.866e-03
1.866e-03
3.731e-03
2.799e-03
1.866e-03
2.799e-03
2.799e-03
9.328e-04
2.799e-03
5.597e-03
1.866e-03
9.328e-04
9.328e-04
1.866e-03
0.000e+00
9.328e-04
2.799e-03
1.866e-03
2.799e-03
0.000e+00
9.328e-04
9.328e-04
9.328e-04
9.328e-04
0.000e+00
0.000e+00
9.328e-04
0.000e+00
1.866e-03
0.000e+00
1.866e-03
0.000e+00
0.000e+00
0.000e+00
9.328e-04
0.000e+00
9.328e-04
1.866e-03
9.328e-04
9.328e-04
1.866e-03
0.000e+00
0.000e+00
0.000e+00
0.000e+00
1.866e-03
0.000e+00
9.328e-04
0.000e+00
0.000e+00
0.000e+00
9.328e-04
9.328e-04
0.000e+00
0.000e+00
0.000e+00
0.000e+00
0.000e+00
9.328e-04
0.000e+00
0.000e+00
0.000e+00
0.000e+00
9.328e-04
0.000e+00
9.328e-04
9.328e-04
0.000e+00
0.000e+00
0.000e+00
0.000e+00
0.000e+00
0.000e+00
9.328e-04
0.000e+00
0.000e+00
0.000e+00
0.000e+00
9.328e-04
0.000e+00
0.000e+00
0.000e+00
0.000e+00
0.000e+00
0.000e+00
1.866e-03
0.000e+00
0.000e+00
9.328e-04
0.000e+00
0.000e+00
0.000e+00
0.000e+00
0.000e+00
9.328e-04
0.000e+00
0.000e+00
0.000e+00
0.000e+00
0.000e+00
0.000e+00
0.000e+00
9.328e-04
0.000e+00
0.000e+00
0.000e+00
0.000e+00
0.000e+00
9.328e-04
0.000e+00
0.000e+00
0.000e+00
0.000e+00
9.328e-04
9.328e-04
0.000e+00
0.000e+00
0.000e+00
0.000e+00
0.000e+00
0.000e+00
0.000e+00
1.866e-03
0.000e+00
9.328e-04
0.000e+00
0.000e+00
0.000e+00
9.328e-04
0.000e+00
0.000e+00
0.000e+00
0.000e+00
0.000e+00
0.000e+00
1.866e-03
2.799e-03
0.000e+00
3.731e-03
1.866e-03
1.866e-03
2.799e-03
9.328e-04
4.664e-03
1.866e-03
1.866e-03
2.799e-03
1.866e-03
0.000e+00
1.866e-03
9.328e-04
2.799e-03
0.000e+00
1.866e-03
2.799e-03
