2.100e+02
1.170e+02
6.400e+01
5.600e+01
3.900e+01
2.400e+01
1.700e+01
2.300e+01
1.200e+01
1.200e+01
1.700e+01
2.000e+01
1.500e+01
1.900e+01
3.100e+01
4.300e+01
3.800e+01
6.000e+01
6.400e+01
6.200e+01
7.300e+01
8.700e+01
8.700e+01
8.000e+01
9.900e+01
1.020e+02
1.110e+02
8.300e+01
6.600e+01
3.000e+01
4.100e+01
3.000e+01
1.800e+01
1.400e+01
9.000e+00
1.200e+01
5.000e+00
6.000e+00
4.000e+00
1.000e+00
2.000e+00
0.000e+00
0.000e+00
0.000e+00
0.000e+00
0.000e+00
0.000e+00
0.000e+00
0.000e+00
0.000e+00
0.000e+00
0.000e+00
0.000e+00
0.000e+00
0.000e+00
0.000e+00
0.000e+00
0.000e+00
0.000e+00
0.000e+00
0.000e+00
0.000e+00
0.000e+00
0.000e+00
0.000e+00
0.000e+00
0.000e+00
0.000e+00
0.000e+00
0.000e+00
0.000e+00
0.000e+00
0.000e+00
0.000e+00
0.000e+00
0.000e+00
0.000e+00
0.000e+00
0.000e+00
0.000e+00
0.000e+00
1.000e+00
0.000e+00
0.000e+00
0.000e+00
0.000e+00
0.000e+00
0.000e+00
0.000e+00
0.000e+00
0.000e+00
0.000e+00
0.000e+00
0.000e+00
0.000e+00
0.000e+00
0.000e+00
0.000e+00
0.000e+00
0.000e+00
0.000e+00
0.000e+00
0.000e+00
0.000e+00
0.000e+00
0.000e+00
0.000e+00
0.000e+00
0.000e+00
0.000e+00
0.000e+00
0.000e+00
0.000e+00
0.000e+00
0.000e+00
0.000e+00
0.000e+00
1.000e+00
0.000e+00
0.000e+00
0.000e+00
0.000e+00
0.000e+00
0.000e+00
0.000e+00
0.000e+00
0.000e+00
0.000e+00
0.000e+00
0.000e+00
0.000e+00
0.000e+00
0.000e+00
0.000e+00
0.000e+00
0.000e+00
0.000e+00
0.000e+00
2.000e+00
1.000e+00
1.000e+00
0.000e+00
0.000e+00
2.000e+00
1.000e+00
1.000e+00
0.000e+00
1.000e+00
0.000e+00
2.000e+00
2.000e+00
1.000e+00
1.000e+00
1.000e+00
0.000e+00
1.000e+00
0.000e+00
4.000e+00
5.000e+00
3.000e+00
3.000e+00
1.000e+00
0.000e+00
0.000e+00
0.000e+00
0.000e+00
4.000e+00
1.000e+00
0.000e+00
1.000e+00
0.000e+00
2.000e+00
5.000e+00
0.000e+00
1.000e+00
3.000e+00
1.000e+00
1.000e+00
1.000e+00
3.000e+00
6.000e+00
3.000e+00
2.000e+00
3.000e+00
2.000e+00
2.000e+00
3.000e+00
1.000e+00
4.000e+00
2.000e+00
0.000e+00
1.000e+00
0.000e+00
0.000e+00
1.000e+00
2.000e+00
2.000e+00
0.000e+00
0.000e+00
1.000e+00
2.000e+00
5.000e+00
4.000e+00
4.000e+00
1.000e+00
1.000e+00
0.000e+00
0.000e+00
1.000e+00
2.000e+00
2.000e+00
2.000e+00
2.000e+00
3.000e+00
2.000e+00
0.000e+00
0.000e+00
1.000e+00
0.000e+00
0.000e+00
1.000e+00
1.000e+00
3.000e+00
1.000e+00
0.000e+00
0.000e+00
0.000e+00
0.000e+00
0.000e+00
0.000e+00
0.000e+00
0.000e+00
0.000e+00
1.000e+00
0.000e+00
0.000e+00
0.000e+00
0.000e+00
0.000e+00
0.000e+00
2.000e+00
0.000e+00
0.000e+00
0.000e+00
0.000e+00
0.000e+00
0.000e+00
0.000e+00
0.000e+00
0.000e+00
0.000e+00
0.000e+00
0.000e+00
0.000e+00
0.000e+00
0.000e+00
0.000e+00
0.000e+00
0.000e+00
0.000e+00
0.000e+00
0.000e+00
0.000e+00
0.000e+00
0.000e+00
0.000e+00
0.000e+00
0.000e+00
0.000e+00
0.000e+00
0.000e+00
0.000e+00
0.000e+00
0.000e+00
0.000e+00
0.000e+00
0.000e+00
0.000e+00
0.000e+00
0.000e+00
0.000e+00
0.000e+00
0.000e+00
0.000e+00
0.000e+00
0.000e+00
0.000e+00
0.000e+00
0.000e+00
0.000e+00
0.000e+00
0.000e+00
0.000e+00
0.000e+00
0.000e+00
0.000e+00
0.000e+00
1.000e+00
0.000e+00
0.000e+00
0.000e+00
0.000e+00
0.000e+00
0.000e+00
1.000e+00
0.000e+00
0.000e+00
0.000e+00
0.000e+00
0.000e+00
0.000e+00
0.000e+00
1.000e+00
0.000e+00
0.000e+00
2.000e+00
0.000e+00
0.000e+00
0.000e+00
1.000e+00
1.000e+00
4.000e+00
2.000e+00
6.000e+00
5.000e+00
1.200e+01
1.400e+01
1.600e+01
1.800e+01
1.700e+01
3.700e+01
3.100e+01
5.400e+01
8.100e+01
8.900e+01
8.400e+01
7.900e+01
7.200e+01
7.800e+01
7.600e+01
5.400e+01
5.400e+01
5.500e+01
5.400e+01
4.200e+01
3.800e+01
2.900e+01
2.500e+01
1.900e+01
2.200e+01
1.400e+01
1.700e+01
2.300e+01
3.100e+01
3.600e+01
4.200e+01
7.100e+01
6.400e+01
8.500e+01
1.120e+02
