6.549e+03
2.090e+03
1.388e+03
1.062e+03
8.910e+02
6.450e+02
5.610e+02
5.400e+02
5.570e+02
4.720e+02
5.280e+02
5.380e+02
5.710e+02
6.290e+02
6.990e+02
9.350e+02
5.920e+02
5.430e+02
5.020e+02
4.530e+02
4.720e+02
3.480e+02
3.350e+02
2.730e+02
2.540e+02
3.130e+02
3.150e+02
2.840e+02
2.720e+02
2.570e+02
3.350e+02
2.990e+02
2.850e+02
3.010e+02
3.230e+02
3.270e+02
3.270e+02
2.990e+02
2.870e+02
2.560e+02
2.420e+02
2.210e+02
2.530e+02
2.020e+02
1.780e+02
2.220e+02
1.770e+02
3.410e+02
3.180e+02
2.300e+02
2.600e+02
2.650e+02
3.510e+02
4.150e+02
2.970e+02
2.600e+02
2.670e+02
2.350e+02
2.130e+02
2.490e+02
1.960e+02
2.520e+02
1.840e+02
7.800e+01
8.900e+01
6.100e+01
7.000e+01
7.900e+01
5.000e+01
5.000e+01
7.100e+01
7.600e+01
5.900e+01
4.300e+01
3.100e+01
2.500e+01
2.000e+01
3.400e+01
1.600e+01
2.500e+01
2.600e+01
1.000e+01
1.900e+01
4.200e+01
3.500e+01
5.400e+01
4.300e+01
3.900e+01
6.500e+01
4.800e+01
4.300e+01
5.300e+01
4.800e+01
2.900e+01
2.400e+01
4.800e+01
5.000e+01
3.700e+01
3.200e+01
3.000e+01
3.400e+01
4.300e+01
4.000e+01
4.600e+01
6.000e+01
3.600e+01
4.100e+01
6.600e+01
5.100e+01
5.200e+01
7.500e+01
5.600e+01
7.100e+01
8.500e+01
8.300e+01
1.010e+02
1.220e+02
1.550e+02
1.370e+02
1.270e+02
9.700e+01
8.800e+01
8.700e+01
7.700e+01
8.000e+01
7.900e+01
8.600e+01
9.700e+01
7.900e+01
1.390e+02
2.350e+02
1.580e+02
2.050e+02
3.030e+02
1.220e+02
1.140e+02
9.700e+01
9.900e+01
1.130e+02
9.400e+01
1.210e+02
1.350e+02
9.800e+01
1.010e+02
9.800e+01
1.240e+02
9.000e+01
1.090e+02
1.280e+02
1.240e+02
1.010e+02
9.000e+01
1.220e+02
1.520e+02
1.480e+02
2.100e+02
1.820e+02
1.330e+02
1.460e+02
1.270e+02
1.150e+02
1.260e+02
1.190e+02
1.490e+02
1.710e+02
1.630e+02
2.660e+02
1.970e+02
1.790e+02
2.070e+02
2.160e+02
2.410e+02
1.840e+02
2.430e+02
2.160e+02
2.370e+02
3.030e+02
3.240e+02
4.290e+02
7.010e+02
1.792e+03
6.320e+02
4.460e+02
3.870e+02
2.540e+02
2.280e+02
1.850e+02
1.930e+02
1.710e+02
1.640e+02
1.780e+02
1.250e+02
1.560e+02
2.030e+02
3.090e+02
1.590e+02
1.190e+02
1.020e+02
1.120e+02
1.190e+02
8.000e+01
1.180e+02
8.400e+01
1.190e+02
1.210e+02
9.700e+01
9.500e+01
1.050e+02
1.220e+02
1.340e+02
1.100e+02
1.280e+02
1.150e+02
1.560e+02
2.580e+02
1.880e+02
1.650e+02
1.530e+02
1.330e+02
1.390e+02
1.260e+02
1.090e+02
1.250e+02
1.280e+02
1.320e+02
2.320e+02
1.710e+02
1.050e+02
1.600e+02
1.480e+02
1.240e+02
1.630e+02
2.390e+02
1.130e+02
8.700e+01
1.010e+02
8.500e+01
8.600e+01
7.900e+01
1.090e+02
9.800e+01
8.900e+01
1.190e+02
1.260e+02
1.180e+02
1.010e+02
8.000e+01
6.400e+01
4.100e+01
7.700e+01
6.500e+01
5.500e+01
7.000e+01
8.100e+01
7.700e+01
5.400e+01
7.100e+01
6.000e+01
4.900e+01
3.400e+01
4.200e+01
2.900e+01
3.400e+01
3.400e+01
3.400e+01
2.400e+01
4.200e+01
3.700e+01
5.000e+01
4.600e+01
6.000e+01
6.500e+01
4.000e+01
5.400e+01
3.500e+01
4.700e+01
2.800e+01
2.600e+01
3.100e+01
1.600e+01
2.600e+01
1.500e+01
2.400e+01
2.400e+01
3.000e+01
3.200e+01
3.100e+01
4.100e+01
4.100e+01
6.200e+01
7.500e+01
4.300e+01
4.400e+01
6.200e+01
6.100e+01
6.300e+01
8.500e+01
1.060e+02
1.240e+02
1.500e+02
1.640e+02
2.540e+02
2.560e+02
2.410e+02
3.700e+02
3.010e+02
2.640e+02
3.350e+02
3.530e+02
2.910e+02
3.400e+02
2.950e+02
3.820e+02
2.250e+02
2.080e+02
1.750e+02
1.740e+02
1.970e+02
1.860e+02
1.960e+02
1.700e+02
1.950e+02
2.180e+02
2.160e+02
2.250e+02
2.410e+02
3.290e+02
2.850e+02
2.220e+02
2.830e+02
2.950e+02
3.210e+02
4.100e+02
2.810e+02
3.080e+02
3.370e+02
2.960e+02
2.990e+02
3.140e+02
3.620e+02
4.150e+02
4.190e+02
4.720e+02
5.060e+02
6.160e+02
5.480e+02
5.310e+02
6.160e+02
5.700e+02
5.890e+02
6.090e+02
6.340e+02
5.700e+02
6.790e+02
7.020e+02
6.720e+02
8.290e+02
9.760e+02
1.444e+03
2.081e+03
