6.596e+03
2.104e+03
1.400e+03
1.065e+03
8.980e+02
6.500e+02
5.660e+02
5.470e+02
5.620e+02
4.810e+02
5.290e+02
5.420e+02
5.770e+02
6.320e+02
7.080e+02
9.450e+02
5.970e+02
5.450e+02
5.060e+02
4.610e+02
4.790e+02
3.510e+02
3.400e+02
2.790e+02
2.600e+02
3.200e+02
3.270e+02
2.960e+02
2.920e+02
2.610e+02
3.440e+02
3.060e+02
2.930e+02
3.100e+02
3.300e+02
3.320e+02
3.330e+02
3.100e+02
2.970e+02
2.640e+02
2.440e+02
2.320e+02
2.590e+02
2.140e+02
1.840e+02
2.270e+02
1.820e+02
3.500e+02
3.260e+02
2.400e+02
2.680e+02
2.710e+02
3.590e+02
4.260e+02
3.060e+02
2.660e+02
2.730e+02
2.420e+02
2.320e+02
2.650e+02
2.090e+02
2.730e+02
2.010e+02
9.700e+01
1.070e+02
7.900e+01
8.000e+01
9.900e+01
7.300e+01
9.100e+01
9.100e+01
1.000e+02
8.300e+01
7.000e+01
5.500e+01
4.800e+01
4.300e+01
4.800e+01
2.400e+01
3.700e+01
3.500e+01
2.700e+01
2.700e+01
5.100e+01
4.500e+01
6.700e+01
4.800e+01
4.900e+01
7.600e+01
6.200e+01
4.400e+01
6.000e+01
5.300e+01
4.300e+01
3.400e+01
5.200e+01
5.300e+01
4.100e+01
3.400e+01
3.000e+01
4.000e+01
4.400e+01
4.100e+01
4.900e+01
6.200e+01
3.800e+01
4.400e+01
6.800e+01
5.600e+01
5.500e+01
7.800e+01
6.000e+01
7.700e+01
9.000e+01
8.900e+01
1.060e+02
1.250e+02
1.570e+02
1.380e+02
1.270e+02
9.800e+01
9.200e+01
8.900e+01
7.900e+01
8.300e+01
8.000e+01
9.000e+01
1.000e+02
8.100e+01
1.390e+02
2.350e+02
1.630e+02
2.070e+02
3.040e+02
1.230e+02
1.150e+02
1.000e+02
1.040e+02
1.150e+02
9.700e+01
1.230e+02
1.360e+02
1.000e+02
1.040e+02
1.000e+02
1.280e+02
9.200e+01
1.100e+02
1.290e+02
1.270e+02
1.020e+02
9.200e+01
1.290e+02
1.540e+02
1.490e+02
2.130e+02
1.850e+02
1.350e+02
1.500e+02
1.280e+02
1.190e+02
1.260e+02
1.210e+02
1.510e+02
1.760e+02
1.640e+02
2.670e+02
1.970e+02
1.790e+02
2.080e+02
2.180e+02
2.430e+02
1.900e+02
2.490e+02
2.220e+02
2.390e+02
3.070e+02
3.250e+02
4.320e+02
7.040e+02
1.813e+03
6.420e+02
4.530e+02
3.920e+02
2.620e+02
2.350e+02
1.900e+02
2.000e+02
1.750e+02
1.680e+02
1.810e+02
1.300e+02
1.600e+02
2.050e+02
3.120e+02
1.620e+02
1.220e+02
1.030e+02
1.190e+02
1.210e+02
8.600e+01
1.220e+02
8.500e+01
1.200e+02
1.250e+02
9.900e+01
9.700e+01
1.060e+02
1.280e+02
1.370e+02
1.200e+02
1.350e+02
1.170e+02
1.570e+02
2.600e+02
1.890e+02
1.650e+02
1.530e+02
1.350e+02
1.390e+02
1.270e+02
1.110e+02
1.270e+02
1.290e+02
1.360e+02
2.340e+02
1.710e+02
1.080e+02
1.620e+02
1.510e+02
1.240e+02
1.650e+02
2.400e+02
1.170e+02
8.700e+01
1.030e+02
8.700e+01
9.000e+01
8.100e+01
1.120e+02
1.000e+02
9.200e+01
1.230e+02
1.290e+02
1.230e+02
1.040e+02
9.000e+01
7.100e+01
5.000e+01
8.100e+01
6.600e+01
5.900e+01
7.200e+01
8.900e+01
7.800e+01
5.600e+01
7.200e+01
6.400e+01
5.200e+01
3.600e+01
4.900e+01
3.000e+01
3.600e+01
3.500e+01
3.900e+01
3.100e+01
4.900e+01
5.100e+01
5.500e+01
5.800e+01
6.600e+01
7.500e+01
5.000e+01
6.600e+01
4.100e+01
5.400e+01
4.100e+01
3.200e+01
4.300e+01
3.200e+01
3.500e+01
1.900e+01
4.200e+01
4.300e+01
5.700e+01
6.800e+01
5.100e+01
7.000e+01
7.100e+01
8.600e+01
9.100e+01
7.700e+01
6.900e+01
9.600e+01
8.100e+01
9.200e+01
9.800e+01
1.190e+02
1.440e+02
1.650e+02
1.850e+02
2.680e+02
2.710e+02
2.600e+02
3.790e+02
3.110e+02
2.710e+02
3.430e+02
3.590e+02
3.020e+02
3.460e+02
3.070e+02
3.950e+02
2.350e+02
2.180e+02
1.820e+02
1.790e+02
2.070e+02
2.000e+02
2.050e+02
1.740e+02
2.040e+02
2.280e+02
2.220e+02
2.300e+02
2.480e+02
3.330e+02
2.940e+02
2.290e+02
2.900e+02
3.000e+02
3.240e+02
4.170e+02
2.890e+02
3.120e+02
3.410e+02
3.030e+02
3.060e+02
3.190e+02
3.640e+02
4.190e+02
4.260e+02
4.740e+02
5.130e+02
6.180e+02
5.540e+02
5.340e+02
6.220e+02
5.740e+02
5.910e+02
6.130e+02
6.380e+02
5.740e+02
6.860e+02
7.080e+02
6.770e+02
8.340e+02
9.820e+02
1.451e+03
2.091e+03
