4.900e+01
3.000e+01
3.500e+01
2.800e+01
2.600e+01
2.200e+01
2.100e+01
1.700e+01
2.400e+01
2.700e+01
2.200e+01
2.900e+01
2.400e+01
2.300e+01
2.200e+01
3.500e+01
3.300e+01
3.200e+01
4.700e+01
4.900e+01
4.200e+01
4.500e+01
5.000e+01
6.000e+01
4.500e+01
5.100e+01
5.100e+01
5.600e+01
6.200e+01
5.300e+01
9.100e+01
1.130e+02
1.220e+02
1.340e+02
1.160e+02
1.280e+02
1.250e+02
1.380e+02
1.570e+02
1.220e+02
1.510e+02
1.760e+02
1.950e+02
1.800e+02
2.180e+02
1.980e+02
2.100e+02
2.520e+02
2.380e+02
2.840e+02
3.290e+02
3.420e+02
2.870e+02
3.570e+02
3.330e+02
3.100e+02
3.560e+02
3.870e+02
4.410e+02
4.570e+02
8.610e+02
6.600e+02
4.010e+02
3.580e+02
3.440e+02
2.970e+02
2.370e+02
2.560e+02
2.630e+02
3.010e+02
2.670e+02
2.960e+02
3.160e+02
2.570e+02
2.460e+02
2.240e+02
2.300e+02
2.000e+02
1.790e+02
1.700e+02
2.100e+02
1.470e+02
1.420e+02
1.310e+02
1.250e+02
1.490e+02
1.400e+02
1.140e+02
1.130e+02
9.800e+01
8.800e+01
6.400e+01
6.100e+01
1.030e+02
9.500e+01
7.000e+01
7.900e+01
7.500e+01
6.400e+01
5.000e+01
4.500e+01
4.100e+01
4.000e+01
3.300e+01
3.300e+01
3.900e+01
4.100e+01
3.000e+01
2.500e+01
2.400e+01
3.500e+01
2.800e+01
3.200e+01
2.900e+01
3.100e+01
2.800e+01
2.600e+01
3.200e+01
4.300e+01
4.100e+01
2.500e+01
2.700e+01
3.900e+01
2.500e+01
2.300e+01
1.700e+01
2.200e+01
2.800e+01
2.100e+01
3.100e+01
3.600e+01
2.400e+01
2.900e+01
3.200e+01
3.000e+01
3.800e+01
4.700e+01
4.200e+01
4.100e+01
5.200e+01
3.800e+01
4.300e+01
5.100e+01
5.500e+01
5.300e+01
6.300e+01
6.300e+01
6.800e+01
7.400e+01
1.030e+02
1.210e+02
1.080e+02
1.150e+02
1.200e+02
1.360e+02
1.250e+02
1.260e+02
1.270e+02
1.550e+02
1.670e+02
1.960e+02
1.860e+02
1.980e+02
2.250e+02
2.310e+02
2.260e+02
2.580e+02
2.390e+02
2.930e+02
3.210e+02
3.050e+02
2.860e+02
3.220e+02
2.790e+02
3.110e+02
3.070e+02
3.250e+02
3.850e+02
3.620e+02
4.890e+02
1.085e+03
5.020e+02
3.750e+02
3.080e+02
2.720e+02
2.630e+02
2.190e+02
2.730e+02
2.880e+02
2.290e+02
3.020e+02
2.650e+02
3.080e+02
2.120e+02
2.530e+02
2.320e+02
2.310e+02
1.840e+02
1.930e+02
1.710e+02
1.560e+02
1.730e+02
1.680e+02
1.380e+02
1.440e+02
1.120e+02
1.010e+02
1.180e+02
9.400e+01
1.010e+02
9.000e+01
7.900e+01
9.500e+01
6.100e+01
8.400e+01
7.000e+01
6.800e+01
7.100e+01
6.100e+01
4.500e+01
5.200e+01
6.000e+01
4.500e+01
5.000e+01
3.600e+01
3.200e+01
2.300e+01
2.500e+01
3.000e+01
2.800e+01
2.400e+01
2.200e+01
2.100e+01
3.200e+01
3.000e+01
3.200e+01
2.700e+01
1.800e+01
3.300e+01
3.700e+01
4.000e+01
4.100e+01
4.000e+01
2.700e+01
3.100e+01
1.600e+01
2.900e+01
1.700e+01
1.900e+01
2.200e+01
2.700e+01
2.600e+01
2.900e+01
3.700e+01
5.000e+01
3.000e+01
3.700e+01
3.900e+01
5.200e+01
3.100e+01
5.700e+01
4.500e+01
5.800e+01
6.800e+01
6.200e+01
6.700e+01
7.600e+01
7.400e+01
6.800e+01
5.600e+01
1.060e+02
1.220e+02
1.200e+02
1.220e+02
1.410e+02
1.350e+02
1.410e+02
1.460e+02
1.510e+02
1.560e+02
1.790e+02
1.920e+02
1.870e+02
2.040e+02
2.140e+02
2.210e+02
2.690e+02
2.690e+02
3.500e+02
3.220e+02
3.300e+02
3.080e+02
2.900e+02
2.980e+02
3.480e+02
3.740e+02
3.880e+02
3.750e+02
4.000e+02
6.360e+02
8.080e+02
5.100e+02
4.310e+02
3.200e+02
2.870e+02
2.780e+02
2.770e+02
3.080e+02
3.090e+02
2.950e+02
2.840e+02
2.990e+02
2.550e+02
2.100e+02
1.890e+02
2.110e+02
1.930e+02
1.910e+02
1.600e+02
1.710e+02
1.610e+02
1.550e+02
1.520e+02
1.340e+02
1.210e+02
1.160e+02
1.070e+02
9.700e+01
8.600e+01
1.090e+02
6.600e+01
6.100e+01
7.500e+01
5.800e+01
4.900e+01
8.500e+01
5.900e+01
5.000e+01
4.700e+01
6.000e+01
4.300e+01
4.500e+01
3.400e+01
3.800e+01
4.000e+01
2.400e+01
2.800e+01
2.500e+01
1.900e+01
2.400e+01
2.000e+01
2.600e+01
3.300e+01
1.900e+01
2.600e+01
3.000e+01
2.800e+01
3.200e+01
3.300e+01
3.100e+01
