3.820e+02
2.420e+02
2.290e+02
2.140e+02
2.370e+02
1.760e+02
1.460e+02
1.150e+02
1.160e+02
8.600e+01
6.600e+01
5.600e+01
4.400e+01
3.400e+01
4.500e+01
3.100e+01
3.100e+01
2.400e+01
1.200e+01
1.700e+01
1.000e+01
4.000e+00
7.000e+00
9.000e+00
1.000e+00
3.000e+00
5.000e+00
5.000e+00
4.000e+00
6.000e+00
7.000e+00
2.000e+00
5.000e+00
6.000e+00
0.000e+00
5.000e+00
2.000e+00
1.000e+00
2.000e+00
1.000e+00
0.000e+00
0.000e+00
0.000e+00
0.000e+00
1.000e+00
1.000e+00
1.000e+00
1.000e+00
0.000e+00
0.000e+00
1.000e+00
0.000e+00
0.000e+00
1.000e+00
2.000e+00
0.000e+00
0.000e+00
0.000e+00
0.000e+00
0.000e+00
1.000e+00
0.000e+00
0.000e+00
0.000e+00
0.000e+00
1.000e+00
0.000e+00
0.000e+00
0.000e+00
0.000e+00
0.000e+00
0.000e+00
0.000e+00
0.000e+00
0.000e+00
0.000e+00
0.000e+00
0.000e+00
0.000e+00
1.000e+00
0.000e+00
0.000e+00
0.000e+00
0.000e+00
0.000e+00
0.000e+00
0.000e+00
0.000e+00
0.000e+00
0.000e+00
0.000e+00
0.000e+00
1.000e+00
0.000e+00
0.000e+00
0.000e+00
0.000e+00
0.000e+00
0.000e+00
0.000e+00
0.000e+00
0.000e+00
0.000e+00
1.000e+00
2.000e+00
0.000e+00
0.000e+00
1.000e+00
0.000e+00
0.000e+00
0.000e+00
0.000e+00
0.000e+00
0.000e+00
1.000e+00
0.000e+00
0.000e+00
0.000e+00
2.000e+00
2.000e+00
2.000e+00
2.000e+00
2.000e+00
1.000e+00
1.000e+00
0.000e+00
1.000e+00
1.000e+00
1.000e+00
1.000e+00
1.000e+00
1.000e+00
0.000e+00
0.000e+00
3.000e+00
1.000e+00
3.000e+00
2.000e+00
4.000e+00
2.000e+00
2.000e+00
5.000e+00
2.000e+00
5.000e+00
0.000e+00
2.000e+00
1.000e+00
4.000e+00
4.000e+00
5.000e+00
1.200e+01
4.000e+00
4.000e+00
1.000e+01
9.000e+00
1.000e+01
7.000e+00
8.000e+00
1.600e+01
8.000e+00
1.200e+01
1.900e+01
1.800e+01
2.800e+01
3.000e+01
3.400e+01
2.500e+01
5.400e+01
5.600e+01
7.100e+01
7.700e+01
9.600e+01
1.010e+02
1.390e+02
1.060e+02
1.550e+02
1.770e+02
1.880e+02
2.390e+02
2.400e+02
3.770e+02
2.280e+02
2.080e+02
1.810e+02
1.620e+02
1.640e+02
1.190e+02
1.100e+02
9.800e+01
8.800e+01
7.900e+01
6.200e+01
5.400e+01
4.400e+01
3.700e+01
3.500e+01
2.700e+01
2.600e+01
2.400e+01
2.800e+01
1.600e+01
1.900e+01
1.100e+01
1.100e+01
6.000e+00
2.000e+00
7.000e+00
1.100e+01
4.000e+00
5.000e+00
9.000e+00
6.000e+00
4.000e+00
4.000e+00
1.000e+00
2.000e+00
4.000e+00
7.000e+00
3.000e+00
4.000e+00
4.000e+00
1.000e+00
2.000e+00
1.000e+00
6.000e+00
4.000e+00
5.000e+00
2.000e+00
4.000e+00
0.000e+00
3.000e+00
3.000e+00
3.000e+00
1.000e+00
1.000e+00
0.000e+00
1.000e+00
2.000e+00
0.000e+00
1.000e+00
1.000e+00
0.000e+00
0.000e+00
2.000e+00
2.000e+00
3.000e+00
0.000e+00
0.000e+00
0.000e+00
0.000e+00
0.000e+00
0.000e+00
0.000e+00
0.000e+00
0.000e+00
1.000e+00
0.000e+00
0.000e+00
0.000e+00
0.000e+00
0.000e+00
1.000e+00
0.000e+00
0.000e+00
0.000e+00
0.000e+00
0.000e+00
0.000e+00
0.000e+00
2.000e+00
0.000e+00
0.000e+00
0.000e+00
0.000e+00
0.000e+00
0.000e+00
0.000e+00
0.000e+00
0.000e+00
0.000e+00
0.000e+00
0.000e+00
0.000e+00
2.000e+00
0.000e+00
0.000e+00
1.000e+00
0.000e+00
0.000e+00
0.000e+00
0.000e+00
0.000e+00
0.000e+00
0.000e+00
0.000e+00
0.000e+00
0.000e+00
0.000e+00
0.000e+00
1.000e+00
0.000e+00
1.000e+00
0.000e+00
0.000e+00
0.000e+00
0.000e+00
2.000e+00
1.000e+00
1.000e+00
2.000e+00
2.000e+00
0.000e+00
0.000e+00
2.000e+00
1.000e+00
0.000e+00
1.000e+00
1.000e+00
2.000e+00
3.000e+00
1.000e+00
2.000e+00
1.000e+00
0.000e+00
1.000e+00
3.000e+00
0.000e+00
2.000e+00
4.000e+00
0.000e+00
8.000e+00
2.000e+00
4.000e+00
4.000e+00
5.000e+00
6.000e+00
4.000e+00
4.000e+00
8.000e+00
7.000e+00
1.100e+01
2.100e+01
1.600e+01
1.800e+01
2.200e+01
2.800e+01
3.300e+01
3.500e+01
5.000e+01
6.700e+01
5.800e+01
7.700e+01
1.040e+02
1.090e+02
1.290e+02
1.910e+02
1.930e+02
2.190e+02
2.220e+02
2.700e+02
