2.640e+02
8.300e+01
5.500e+01
3.300e+01
2.500e+01
1.900e+01
1.100e+01
1.600e+01
1.500e+01
1.600e+01
2.000e+01
8.000e+00
1.300e+01
6.000e+00
7.000e+00
7.000e+00
6.000e+00
4.000e+00
9.000e+00
9.000e+00
9.000e+00
7.000e+00
3.000e+00
1.100e+01
2.200e+01
1.100e+01
1.400e+01
1.900e+01
1.200e+01
1.100e+01
1.200e+01
1.800e+01
1.600e+01
7.000e+00
2.200e+01
3.300e+01
1.800e+01
2.800e+01
3.300e+01
3.000e+01
3.900e+01
2.200e+01
3.400e+01
3.000e+01
3.100e+01
4.300e+01
5.100e+01
1.510e+02
1.510e+02
6.700e+01
9.500e+01
1.030e+02
1.430e+02
2.580e+02
3.050e+02
4.140e+02
4.490e+02
6.250e+02
2.850e+02
1.790e+02
1.470e+02
8.100e+01
5.100e+01
3.100e+01
8.000e+00
9.000e+00
1.100e+01
8.000e+00
1.000e+00
4.000e+00
9.000e+00
3.100e+01
4.000e+00
1.000e+00
1.000e+00
1.000e+00
0.000e+00
1.000e+00
0.000e+00
0.000e+00
0.000e+00
0.000e+00
0.000e+00
0.000e+00
0.000e+00
0.000e+00
0.000e+00
0.000e+00
0.000e+00
0.000e+00
0.000e+00
0.000e+00
0.000e+00
0.000e+00
0.000e+00
0.000e+00
0.000e+00
0.000e+00
0.000e+00
0.000e+00
0.000e+00
0.000e+00
0.000e+00
0.000e+00
0.000e+00
0.000e+00
0.000e+00
0.000e+00
0.000e+00
0.000e+00
0.000e+00
0.000e+00
0.000e+00
0.000e+00
0.000e+00
0.000e+00
0.000e+00
0.000e+00
0.000e+00
0.000e+00
0.000e+00
0.000e+00
0.000e+00
0.000e+00
0.000e+00
0.000e+00
0.000e+00
0.000e+00
0.000e+00
0.000e+00
0.000e+00
0.000e+00
0.000e+00
0.000e+00
0.000e+00
0.000e+00
0.000e+00
0.000e+00
0.000e+00
0.000e+00
0.000e+00
0.000e+00
0.000e+00
0.000e+00
0.000e+00
0.000e+00
0.000e+00
0.000e+00
0.000e+00
0.000e+00
0.000e+00
0.000e+00
0.000e+00
0.000e+00
0.000e+00
0.000e+00
0.000e+00
0.000e+00
0.000e+00
0.000e+00
0.000e+00
0.000e+00
0.000e+00
0.000e+00
0.000e+00
0.000e+00
0.000e+00
0.000e+00
0.000e+00
0.000e+00
0.000e+00
0.000e+00
0.000e+00
0.000e+00
0.000e+00
0.000e+00
0.000e+00
0.000e+00
0.000e+00
0.000e+00
0.000e+00
0.000e+00
0.000e+00
0.000e+00
0.000e+00
0.000e+00
0.000e+00
0.000e+00
0.000e+00
0.000e+00
0.000e+00
0.000e+00
0.000e+00
0.000e+00
0.000e+00
0.000e+00
0.000e+00
0.000e+00
0.000e+00
0.000e+00
0.000e+00
0.000e+00
0.000e+00
0.000e+00
0.000e+00
0.000e+00
0.000e+00
0.000e+00
0.000e+00
0.000e+00
0.000e+00
0.000e+00
0.000e+00
0.000e+00
0.000e+00
0.000e+00
0.000e+00
0.000e+00
0.000e+00
0.000e+00
0.000e+00
0.000e+00
0.000e+00
0.000e+00
0.000e+00
0.000e+00
0.000e+00
0.000e+00
0.000e+00
0.000e+00
0.000e+00
0.000e+00
0.000e+00
0.000e+00
0.000e+00
0.000e+00
0.000e+00
0.000e+00
0.000e+00
0.000e+00
0.000e+00
0.000e+00
0.000e+00
0.000e+00
0.000e+00
0.000e+00
0.000e+00
0.000e+00
0.000e+00
0.000e+00
0.000e+00
0.000e+00
0.000e+00
0.000e+00
0.000e+00
0.000e+00
0.000e+00
0.000e+00
0.000e+00
0.000e+00
0.000e+00
0.000e+00
0.000e+00
0.000e+00
0.000e+00
0.000e+00
0.000e+00
0.000e+00
0.000e+00
0.000e+00
0.000e+00
0.000e+00
0.000e+00
0.000e+00
0.000e+00
0.000e+00
0.000e+00
0.000e+00
0.000e+00
0.000e+00
0.000e+00
0.000e+00
0.000e+00
0.000e+00
0.000e+00
0.000e+00
0.000e+00
0.000e+00
1.000e+00
2.000e+00
2.000e+00
3.000e+00
4.000e+00
2.000e+00
6.000e+00
8.000e+00
1.600e+01
1.900e+01
3.000e+01
1.330e+02
1.690e+02
1.690e+02
2.450e+02
6.510e+02
5.000e+02
4.000e+02
3.280e+02
2.970e+02
2.320e+02
1.580e+02
1.060e+02
5.100e+01
4.800e+01
3.600e+01
3.900e+01
3.200e+01
3.100e+01
2.800e+01
2.500e+01
3.300e+01
3.400e+01
2.600e+01
2.900e+01
2.100e+01
1.800e+01
3.200e+01
1.600e+01
2.400e+01
2.200e+01
2.000e+01
1.400e+01
9.000e+00
1.200e+01
1.400e+01
2.000e+01
2.000e+01
2.100e+01
1.200e+01
1.000e+01
9.000e+00
7.000e+00
1.400e+01
6.000e+00
5.000e+00
4.000e+00
4.000e+00
6.000e+00
8.000e+00
3.000e+00
6.000e+00
1.800e+01
9.000e+00
1.500e+01
1.000e+01
2.700e+01
3.100e+01
4.900e+01
5.100e+01
7.200e+01
9.500e+01
