2.162e+03
8.960e+02
7.810e+02
6.450e+02
5.810e+02
5.330e+02
4.830e+02
4.530e+02
3.670e+02
3.060e+02
2.850e+02
2.250e+02
2.160e+02
1.790e+02
1.530e+02
1.440e+02
1.070e+02
9.700e+01
9.300e+01
6.900e+01
7.400e+01
4.800e+01
4.800e+01
4.800e+01
3.500e+01
3.200e+01
1.700e+01
1.800e+01
1.300e+01
1.300e+01
5.000e+00
6.000e+00
6.000e+00
5.000e+00
2.000e+00
2.000e+00
1.000e+00
5.000e+00
0.000e+00
4.000e+00
6.000e+00
0.000e+00
0.000e+00
0.000e+00
2.000e+00
0.000e+00
0.000e+00
2.000e+00
0.000e+00
2.000e+00
1.000e+00
0.000e+00
0.000e+00
1.000e+00
0.000e+00
0.000e+00
2.000e+00
0.000e+00
1.000e+00
0.000e+00
0.000e+00
0.000e+00
0.000e+00
4.000e+00
2.000e+00
0.000e+00
0.000e+00
1.000e+00
0.000e+00
0.000e+00
0.000e+00
0.000e+00
0.000e+00
0.000e+00
0.000e+00
0.000e+00
0.000e+00
0.000e+00
1.000e+00
0.000e+00
0.000e+00
0.000e+00
0.000e+00
1.000e+00
0.000e+00
0.000e+00
0.000e+00
1.000e+00
0.000e+00
1.000e+00
0.000e+00
0.000e+00
0.000e+00
0.000e+00
0.000e+00
0.000e+00
0.000e+00
0.000e+00
2.000e+00
1.000e+00
0.000e+00
0.000e+00
0.000e+00
0.000e+00
0.000e+00
0.000e+00
0.000e+00
0.000e+00
0.000e+00
0.000e+00
1.000e+00
0.000e+00
0.000e+00
0.000e+00
1.000e+00
0.000e+00
0.000e+00
0.000e+00
0.000e+00
0.000e+00
0.000e+00
0.000e+00
0.000e+00
0.000e+00
0.000e+00
1.000e+00
0.000e+00
1.000e+00
1.000e+00
1.000e+00
0.000e+00
0.000e+00
2.000e+00
0.000e+00
0.000e+00
0.000e+00
0.000e+00
2.000e+00
0.000e+00
5.000e+00
3.000e+00
2.000e+00
3.000e+00
1.000e+00
2.000e+00
3.000e+00
2.000e+00
3.000e+00
2.000e+00
7.000e+00
8.000e+00
7.000e+00
6.000e+00
4.000e+00
1.300e+01
5.000e+00
4.000e+00
1.100e+01
1.100e+01
6.000e+00
1.100e+01
2.100e+01
1.200e+01
1.600e+01
1.900e+01
1.500e+01
1.700e+01
3.100e+01
3.800e+01
3.000e+01
3.700e+01
3.500e+01
3.500e+01
3.000e+01
4.100e+01
4.000e+01
5.500e+01
5.000e+01
5.900e+01
7.300e+01
1.590e+02
6.400e+01
5.700e+01
4.300e+01
3.800e+01
3.200e+01
5.100e+01
4.000e+01
3.500e+01
3.900e+01
2.000e+01
2.600e+01
1.700e+01
2.500e+01
2.100e+01
2.500e+01
1.600e+01
1.700e+01
1.800e+01
9.000e+00
1.500e+01
8.000e+00
1.100e+01
5.000e+00
6.000e+00
1.000e+01
3.000e+00
6.000e+00
2.000e+00
3.000e+00
9.000e+00
2.000e+00
1.000e+00
3.000e+00
3.000e+00
3.000e+00
2.000e+00
4.000e+00
6.000e+00
1.000e+00
3.000e+00
4.000e+00
0.000e+00
5.000e+00
1.000e+00
0.000e+00
1.000e+00
0.000e+00
1.000e+00
1.000e+00
0.000e+00
0.000e+00
1.000e+00
1.000e+00
0.000e+00
0.000e+00
3.000e+00
0.000e+00
0.000e+00
0.000e+00
0.000e+00
0.000e+00
0.000e+00
0.000e+00
0.000e+00
1.000e+00
0.000e+00
0.000e+00
0.000e+00
0.000e+00
1.000e+00
0.000e+00
0.000e+00
0.000e+00
0.000e+00
0.000e+00
0.000e+00
0.000e+00
0.000e+00
0.000e+00
0.000e+00
0.000e+00
0.000e+00
0.000e+00
0.000e+00
0.000e+00
0.000e+00
0.000e+00
2.000e+00
0.000e+00
0.000e+00
1.000e+00
0.000e+00
0.000e+00
0.000e+00
0.000e+00
0.000e+00
1.000e+00
0.000e+00
2.000e+00
0.000e+00
0.000e+00
0.000e+00
0.000e+00
0.000e+00
0.000e+00
1.000e+00
0.000e+00
0.000e+00
0.000e+00
0.000e+00
0.000e+00
0.000e+00
1.000e+00
0.000e+00
0.000e+00
0.000e+00
0.000e+00
1.000e+00
3.000e+00
0.000e+00
0.000e+00
0.000e+00
1.000e+00
0.000e+00
1.000e+00
0.000e+00
1.000e+00
0.000e+00
0.000e+00
0.000e+00
0.000e+00
0.000e+00
0.000e+00
0.000e+00
0.000e+00
1.000e+00
0.000e+00
2.000e+00
1.000e+00
0.000e+00
0.000e+00
4.000e+00
3.000e+00
4.000e+00
5.000e+00
3.000e+00
6.000e+00
5.000e+00
1.000e+01
1.500e+01
6.000e+00
1.500e+01
1.800e+01
2.000e+01
2.800e+01
3.100e+01
4.200e+01
5.000e+01
6.700e+01
5.800e+01
6.400e+01
9.200e+01
1.210e+02
9.500e+01
1.200e+02
1.670e+02
1.900e+02
2.410e+02
2.370e+02
2.820e+02
3.710e+02
4.000e+02
4.770e+02
4.890e+02
5.830e+02
5.610e+02
6.350e+02
7.810e+02
8.250e+02
