2.506e+03
6.520e+02
4.390e+02
3.090e+02
2.990e+02
2.470e+02
2.250e+02
1.960e+02
2.010e+02
2.270e+02
2.280e+02
2.230e+02
1.810e+02
1.510e+02
1.520e+02
1.610e+02
1.480e+02
1.250e+02
1.390e+02
1.280e+02
1.200e+02
1.220e+02
1.280e+02
1.080e+02
1.040e+02
1.010e+02
9.600e+01
1.050e+02
8.000e+01
9.900e+01
1.860e+02
7.300e+01
9.900e+01
9.200e+01
6.700e+01
9.000e+01
7.900e+01
8.000e+01
6.900e+01
6.400e+01
7.600e+01
6.600e+01
6.800e+01
6.100e+01
4.900e+01
6.900e+01
7.700e+01
6.000e+01
5.300e+01
5.800e+01
4.800e+01
5.200e+01
4.000e+01
5.300e+01
3.600e+01
4.000e+01
5.700e+01
4.400e+01
4.200e+01
3.600e+01
7.300e+01
3.600e+01
3.700e+01
5.000e+01
3.800e+01
2.600e+01
2.200e+01
2.400e+01
2.700e+01
1.700e+01
3.200e+01
3.300e+01
2.300e+01
1.500e+01
1.400e+01
1.200e+01
1.500e+01
1.700e+01
2.300e+01
1.600e+01
1.900e+01
1.800e+01
2.400e+01
1.500e+01
1.400e+01
2.100e+01
1.500e+01
8.000e+00
1.100e+01
2.900e+01
8.300e+01
1.800e+01
1.600e+01
1.800e+01
1.600e+01
1.100e+01
1.000e+01
6.000e+00
1.100e+01
1.400e+01
1.500e+01
2.200e+01
1.800e+01
1.200e+01
2.100e+01
1.800e+01
1.900e+01
2.800e+01
2.400e+01
3.200e+01
2.600e+01
2.700e+01
2.800e+01
2.900e+01
2.400e+01
2.400e+01
3.200e+01
2.900e+01
3.700e+01
2.600e+01
7.400e+01
3.500e+01
4.200e+01
4.100e+01
2.900e+01
4.600e+01
3.700e+01
4.300e+01
4.400e+01
3.200e+01
4.200e+01
5.100e+01
6.400e+01
4.600e+01
7.600e+01
5.300e+01
7.200e+01
8.100e+01
7.900e+01
7.900e+01
8.800e+01
9.400e+01
8.300e+01
8.600e+01
6.900e+01
7.500e+01
7.900e+01
7.800e+01
9.000e+01
9.000e+01
1.390e+02
1.080e+02
9.200e+01
8.100e+01
1.090e+02
1.040e+02
9.800e+01
1.230e+02
1.250e+02
1.120e+02
1.220e+02
1.300e+02
1.240e+02
1.230e+02
1.440e+02
1.380e+02
1.540e+02
1.790e+02
2.090e+02
2.030e+02
2.300e+02
2.340e+02
2.540e+02
2.490e+02
2.390e+02
2.670e+02
2.750e+02
3.120e+02
3.830e+02
6.430e+02
2.559e+03
6.590e+02
4.570e+02
3.150e+02
2.770e+02
2.590e+02
2.100e+02
2.500e+02
2.550e+02
2.310e+02
2.000e+02
1.980e+02
2.080e+02
1.480e+02
1.590e+02
1.520e+02
1.520e+02
1.290e+02
1.280e+02
1.220e+02
1.310e+02
1.230e+02
1.270e+02
1.300e+02
9.600e+01
1.070e+02
8.100e+01
9.300e+01
1.150e+02
1.010e+02
1.570e+02
7.400e+01
7.300e+01
9.300e+01
7.100e+01
7.600e+01
7.500e+01
7.500e+01
7.000e+01
8.000e+01
7.900e+01
7.400e+01
8.300e+01
6.000e+01
6.200e+01
5.300e+01
5.900e+01
4.800e+01
4.700e+01
4.900e+01
4.800e+01
3.800e+01
4.100e+01
4.700e+01
5.700e+01
4.000e+01
4.200e+01
3.200e+01
4.900e+01
3.100e+01
7.000e+01
3.300e+01
2.700e+01
2.500e+01
4.000e+01
2.900e+01
2.300e+01
3.000e+01
2.900e+01
1.800e+01
2.000e+01
2.200e+01
1.900e+01
2.500e+01
1.100e+01
1.200e+01
1.600e+01
1.600e+01
9.000e+00
1.800e+01
2.200e+01
2.400e+01
2.200e+01
1.400e+01
1.500e+01
1.800e+01
1.900e+01
1.200e+01
1.400e+01
2.500e+01
7.600e+01
2.400e+01
2.100e+01
1.100e+01
7.000e+00
1.000e+01
1.500e+01
1.700e+01
1.400e+01
9.000e+00
1.300e+01
1.500e+01
2.000e+01
1.600e+01
2.600e+01
1.500e+01
2.100e+01
2.200e+01
2.400e+01
3.500e+01
3.200e+01
3.900e+01
2.700e+01
2.600e+01
1.900e+01
3.400e+01
4.600e+01
3.600e+01
3.200e+01
3.500e+01
5.500e+01
3.700e+01
4.800e+01
4.100e+01
4.400e+01
5.000e+01
5.200e+01
4.300e+01
4.600e+01
5.100e+01
4.300e+01
6.000e+01
6.600e+01
6.400e+01
9.100e+01
7.100e+01
7.100e+01
7.900e+01
5.900e+01
7.700e+01
7.700e+01
6.900e+01
6.700e+01
1.200e+02
6.700e+01
7.400e+01
7.900e+01
9.400e+01
8.500e+01
9.600e+01
1.460e+02
9.000e+01
8.900e+01
9.400e+01
1.120e+02
1.100e+02
1.000e+02
1.060e+02
9.200e+01
1.240e+02
1.270e+02
1.360e+02
1.380e+02
1.340e+02
1.480e+02
1.510e+02
1.760e+02
1.580e+02
1.850e+02
2.080e+02
2.090e+02
2.150e+02
2.250e+02
2.150e+02
2.460e+02
2.630e+02
2.950e+02
3.020e+02
3.710e+02
6.530e+02
