1.700e+01
0.000e+00
0.000e+00
0.000e+00
1.000e+00
0.000e+00
0.000e+00
0.000e+00
0.000e+00
2.000e+00
0.000e+00
3.000e+00
0.000e+00
1.000e+00
3.000e+00
1.000e+00
3.000e+00
3.000e+00
0.000e+00
1.000e+00
4.000e+00
3.000e+00
1.000e+00
0.000e+00
1.000e+00
1.000e+00
0.000e+00
0.000e+00
0.000e+00
4.000e+00
3.000e+00
5.000e+00
1.000e+00
2.000e+00
2.000e+00
3.000e+00
2.000e+00
3.000e+00
4.000e+00
1.000e+00
0.000e+00
2.000e+00
5.000e+00
5.000e+00
3.000e+00
7.000e+00
4.000e+00
1.000e+01
1.800e+01
8.000e+00
1.200e+01
1.300e+01
2.500e+01
2.500e+01
3.000e+01
3.500e+01
5.200e+01
5.600e+01
7.800e+01
7.700e+01
1.200e+02
1.210e+02
1.250e+02
1.700e+02
1.700e+02
2.540e+02
2.060e+02
2.250e+02
1.790e+02
1.790e+02
1.780e+02
1.790e+02
1.760e+02
2.240e+02
2.130e+02
1.930e+02
2.030e+02
2.030e+02
1.910e+02
2.430e+02
2.200e+02
2.000e+02
2.310e+02
1.790e+02
1.840e+02
1.500e+02
1.670e+02
1.680e+02
1.530e+02
1.530e+02
2.370e+02
1.730e+02
1.450e+02
1.130e+02
1.250e+02
8.900e+01
1.010e+02
8.600e+01
1.190e+02
1.150e+02
9.400e+01
9.000e+01
8.200e+01
1.020e+02
8.800e+01
8.500e+01
9.600e+01
6.500e+01
9.800e+01
8.900e+01
9.000e+01
8.900e+01
8.400e+01
7.900e+01
7.400e+01
5.600e+01
5.900e+01
4.200e+01
3.700e+01
3.500e+01
5.200e+01
2.900e+01
3.500e+01
3.500e+01
3.000e+01
2.400e+01
1.700e+01
2.300e+01
2.700e+01
2.300e+01
2.400e+01
2.400e+01
3.100e+01
3.600e+01
3.100e+01
2.600e+01
3.700e+01
2.600e+01
3.500e+01
2.700e+01
4.000e+01
4.200e+01
5.500e+01
6.000e+01
4.900e+01
4.800e+01
9.300e+01
7.000e+01
8.000e+01
6.900e+01
7.200e+01
9.400e+01
5.500e+01
7.700e+01
8.200e+01
8.500e+01
7.900e+01
1.000e+02
9.300e+01
1.000e+02
9.000e+01
8.600e+01
8.800e+01
9.300e+01
8.400e+01
7.300e+01
8.100e+01
8.100e+01
5.800e+01
5.800e+01
5.400e+01
7.700e+01
9.300e+01
7.300e+01
5.900e+01
6.700e+01
7.500e+01
1.260e+02
1.070e+02
9.100e+01
2.030e+02
1.000e+02
1.170e+02
8.600e+01
7.800e+01
8.000e+01
6.700e+01
6.900e+01
7.800e+01
7.000e+01
6.100e+01
8.500e+01
7.400e+01
8.100e+01
7.200e+01
1.010e+02
8.900e+01
9.000e+01
9.300e+01
8.100e+01
8.300e+01
8.800e+01
9.600e+01
1.010e+02
9.900e+01
8.900e+01
7.900e+01
7.800e+01
7.200e+01
6.400e+01
7.400e+01
8.100e+01
9.500e+01
8.600e+01
7.600e+01
6.500e+01
6.500e+01
6.100e+01
4.000e+01
4.100e+01
4.600e+01
3.400e+01
3.500e+01
3.700e+01
3.100e+01
2.500e+01
2.600e+01
2.800e+01
3.400e+01
3.100e+01
2.500e+01
2.600e+01
1.500e+01
2.800e+01
3.600e+01
2.700e+01
3.000e+01
3.000e+01
4.300e+01
4.300e+01
3.800e+01
4.700e+01
4.700e+01
6.000e+01
7.300e+01
5.500e+01
6.100e+01
7.600e+01
1.000e+02
9.600e+01
7.200e+01
8.800e+01
7.700e+01
1.000e+02
9.700e+01
7.400e+01
8.300e+01
9.300e+01
7.200e+01
1.040e+02
7.200e+01
8.900e+01
1.260e+02
8.200e+01
8.700e+01
9.900e+01
1.230e+02
9.300e+01
1.300e+02
1.820e+02
2.330e+02
1.300e+02
1.430e+02
1.500e+02
1.700e+02
1.450e+02
1.620e+02
1.930e+02
1.800e+02
2.050e+02
2.160e+02
2.270e+02
2.290e+02
1.890e+02
1.860e+02
2.050e+02
2.150e+02
1.730e+02
1.350e+02
1.650e+02
1.550e+02
1.680e+02
1.670e+02
1.950e+02
2.360e+02
2.360e+02
1.690e+02
1.480e+02
1.510e+02
1.370e+02
1.270e+02
9.100e+01
5.900e+01
5.200e+01
5.000e+01
4.400e+01
2.800e+01
3.000e+01
3.000e+01
2.500e+01
1.400e+01
1.400e+01
1.000e+01
7.000e+00
4.000e+00
4.000e+00
4.000e+00
3.000e+00
3.000e+00
2.000e+00
0.000e+00
1.000e+00
2.000e+00
3.000e+00
4.000e+00
2.000e+00
2.000e+00
4.000e+00
3.000e+00
2.000e+00
2.000e+00
0.000e+00
1.000e+00
0.000e+00
1.000e+00
0.000e+00
1.000e+00
1.000e+00
0.000e+00
0.000e+00
0.000e+00
0.000e+00
1.000e+00
0.000e+00
0.000e+00
1.000e+00
0.000e+00
0.000e+00
1.000e+00
1.000e+00
0.000e+00
1.000e+00
0.000e+00
1.000e+00
0.000e+00
0.000e+00
0.000e+00
0.000e+00
0.000e+00
1.000e+00
