1.900e+01
2.000e+00
2.000e+00
0.000e+00
0.000e+00
2.000e+00
0.000e+00
0.000e+00
1.000e+00
0.000e+00
0.000e+00
1.000e+00
0.000e+00
1.000e+00
2.000e+00
1.000e+00
2.000e+00
2.000e+00
1.000e+00
2.000e+00
0.000e+00
0.000e+00
2.000e+00
1.000e+00
0.000e+00
2.000e+00
2.000e+00
0.000e+00
3.000e+00
1.000e+00
6.000e+00
3.000e+00
3.000e+00
4.000e+00
3.000e+00
4.000e+00
4.000e+00
1.100e+01
1.200e+01
9.000e+00
1.400e+01
1.700e+01
2.000e+01
2.800e+01
2.400e+01
3.000e+01
3.100e+01
3.100e+01
5.700e+01
3.900e+01
5.600e+01
5.500e+01
6.400e+01
8.500e+01
8.500e+01
9.100e+01
9.500e+01
1.190e+02
1.270e+02
1.330e+02
1.990e+02
1.560e+02
1.740e+02
2.150e+02
2.090e+02
2.980e+02
2.860e+02
3.110e+02
2.360e+02
2.650e+02
2.340e+02
2.570e+02
2.220e+02
2.680e+02
2.340e+02
2.300e+02
2.500e+02
2.270e+02
2.260e+02
2.400e+02
2.120e+02
2.040e+02
2.150e+02
1.540e+02
1.570e+02
1.320e+02
1.190e+02
1.100e+02
9.500e+01
7.800e+01
6.000e+01
7.000e+01
7.400e+01
5.700e+01
6.100e+01
4.600e+01
4.100e+01
3.500e+01
4.000e+01
4.600e+01
2.400e+01
3.100e+01
2.500e+01
1.300e+01
2.800e+01
2.000e+01
1.400e+01
1.100e+01
1.700e+01
2.100e+01
1.900e+01
2.300e+01
2.200e+01
1.300e+01
1.100e+01
2.000e+01
1.500e+01
1.000e+01
1.000e+01
2.200e+01
2.200e+01
9.000e+00
1.300e+01
1.000e+01
9.000e+00
1.300e+01
8.000e+00
1.500e+01
2.100e+01
1.600e+01
1.700e+01
1.700e+01
2.600e+01
3.300e+01
2.900e+01
2.800e+01
3.000e+01
2.900e+01
4.900e+01
3.400e+01
5.100e+01
4.900e+01
5.800e+01
7.200e+01
6.000e+01
6.100e+01
1.160e+02
8.100e+01
1.060e+02
9.400e+01
1.010e+02
1.200e+02
9.600e+01
1.180e+02
1.340e+02
1.480e+02
1.330e+02
1.650e+02
1.660e+02
1.770e+02
1.540e+02
1.500e+02
1.410e+02
1.650e+02
1.720e+02
1.530e+02
1.430e+02
1.370e+02
1.550e+02
1.390e+02
1.540e+02
1.550e+02
1.730e+02
1.390e+02
1.340e+02
1.350e+02
1.350e+02
1.950e+02
1.780e+02
1.390e+02
2.770e+02
1.450e+02
1.610e+02
1.390e+02
1.520e+02
1.560e+02
1.450e+02
1.320e+02
1.580e+02
1.400e+02
1.200e+02
1.670e+02
1.370e+02
1.330e+02
1.460e+02
1.660e+02
1.540e+02
1.620e+02
1.430e+02
1.340e+02
1.410e+02
1.360e+02
1.600e+02
1.520e+02
1.530e+02
1.340e+02
1.250e+02
1.050e+02
1.040e+02
1.060e+02
9.500e+01
9.200e+01
1.140e+02
1.070e+02
9.900e+01
8.000e+01
7.600e+01
7.200e+01
5.000e+01
4.800e+01
6.100e+01
4.000e+01
5.300e+01
4.300e+01
3.000e+01
1.900e+01
2.300e+01
2.800e+01
2.800e+01
2.400e+01
2.500e+01
2.000e+01
1.200e+01
2.100e+01
1.400e+01
1.400e+01
1.300e+01
1.400e+01
1.200e+01
1.700e+01
9.000e+00
2.100e+01
1.200e+01
2.000e+01
1.800e+01
1.700e+01
1.300e+01
1.400e+01
1.600e+01
2.200e+01
2.000e+01
2.200e+01
1.000e+01
1.400e+01
2.500e+01
1.100e+01
1.600e+01
2.100e+01
2.300e+01
3.300e+01
2.600e+01
2.500e+01
3.600e+01
3.100e+01
3.400e+01
4.600e+01
4.600e+01
5.500e+01
6.700e+01
8.100e+01
7.700e+01
8.300e+01
1.030e+02
1.130e+02
1.380e+02
1.370e+02
1.680e+02
1.870e+02
1.870e+02
2.140e+02
2.550e+02
2.500e+02
2.520e+02
2.240e+02
2.460e+02
2.400e+02
2.520e+02
2.280e+02
2.090e+02
2.330e+02
1.940e+02
2.430e+02
2.350e+02
2.890e+02
3.100e+02
3.040e+02
2.110e+02
2.010e+02
1.960e+02
1.790e+02
2.120e+02
1.210e+02
1.090e+02
1.060e+02
1.270e+02
1.290e+02
9.200e+01
9.900e+01
8.200e+01
5.700e+01
3.700e+01
4.800e+01
5.200e+01
2.600e+01
2.900e+01
1.500e+01
2.300e+01
1.900e+01
1.200e+01
1.200e+01
1.200e+01
2.000e+00
5.000e+00
7.000e+00
1.200e+01
5.000e+00
6.000e+00
5.000e+00
3.000e+00
2.000e+00
3.000e+00
2.000e+00
6.000e+00
2.000e+00
6.000e+00
1.000e+00
2.000e+00
1.000e+00
2.000e+00
3.000e+00
2.000e+00
2.000e+00
1.000e+00
2.000e+00
0.000e+00
1.000e+00
1.000e+00
0.000e+00
0.000e+00
2.000e+00
1.000e+00
1.000e+00
1.000e+00
2.000e+00
0.000e+00
0.000e+00
0.000e+00
1.000e+00
0.000e+00
2.000e+00
