3.700e+01
8.000e+00
6.000e+00
2.000e+00
5.000e+00
5.000e+00
3.000e+00
5.000e+00
8.000e+00
7.000e+00
8.000e+00
8.000e+00
8.000e+00
1.100e+01
1.100e+01
7.000e+00
1.300e+01
1.700e+01
1.400e+01
1.700e+01
1.700e+01
2.200e+01
2.200e+01
1.700e+01
1.500e+01
2.100e+01
1.700e+01
1.400e+01
1.600e+01
3.000e+01
2.100e+01
2.100e+01
2.100e+01
2.200e+01
1.700e+01
1.800e+01
1.900e+01
2.800e+01
2.700e+01
1.900e+01
2.000e+01
3.600e+01
4.100e+01
4.500e+01
4.400e+01
5.200e+01
5.100e+01
5.300e+01
9.000e+01
6.700e+01
9.500e+01
8.900e+01
8.700e+01
1.200e+02
1.260e+02
1.390e+02
1.510e+02
1.880e+02
1.950e+02
2.290e+02
3.430e+02
2.830e+02
2.620e+02
3.110e+02
3.030e+02
3.760e+02
3.740e+02
4.100e+02
3.430e+02
3.660e+02
3.490e+02
3.830e+02
3.330e+02
3.870e+02
3.470e+02
3.250e+02
3.560e+02
3.310e+02
3.320e+02
3.800e+02
3.220e+02
3.120e+02
3.360e+02
2.670e+02
3.010e+02
2.730e+02
2.620e+02
2.890e+02
2.310e+02
2.710e+02
3.130e+02
2.630e+02
2.330e+02
1.810e+02
1.960e+02
1.790e+02
1.780e+02
1.660e+02
2.100e+02
2.080e+02
1.690e+02
1.640e+02
1.450e+02
1.610e+02
1.610e+02
1.450e+02
1.680e+02
1.490e+02
1.710e+02
1.570e+02
1.800e+02
1.840e+02
1.860e+02
1.700e+02
1.790e+02
1.700e+02
1.640e+02
1.710e+02
1.860e+02
1.910e+02
1.640e+02
1.440e+02
1.500e+02
1.450e+02
1.140e+02
1.320e+02
9.700e+01
9.700e+01
1.140e+02
1.010e+02
1.030e+02
9.600e+01
9.500e+01
1.010e+02
1.050e+02
1.220e+02
1.040e+02
1.250e+02
1.220e+02
1.070e+02
1.230e+02
1.180e+02
1.270e+02
1.440e+02
1.490e+02
1.540e+02
2.090e+02
1.640e+02
1.840e+02
1.600e+02
1.790e+02
1.960e+02
1.850e+02
1.990e+02
2.020e+02
2.260e+02
2.200e+02
2.470e+02
2.370e+02
2.600e+02
2.330e+02
2.110e+02
2.200e+02
2.290e+02
2.450e+02
2.000e+02
1.960e+02
1.940e+02
1.850e+02
1.830e+02
1.940e+02
1.990e+02
2.260e+02
1.780e+02
1.850e+02
1.750e+02
1.840e+02
2.420e+02
2.350e+02
2.190e+02
3.990e+02
2.280e+02
2.160e+02
1.860e+02
1.870e+02
1.910e+02
1.800e+02
1.640e+02
1.950e+02
1.750e+02
1.520e+02
2.160e+02
1.750e+02
1.700e+02
1.970e+02
1.990e+02
1.880e+02
2.110e+02
1.960e+02
1.740e+02
1.830e+02
1.860e+02
2.240e+02
2.230e+02
2.140e+02
1.840e+02
1.870e+02
1.630e+02
1.850e+02
1.670e+02
1.670e+02
1.630e+02
1.950e+02
1.870e+02
1.830e+02
1.890e+02
1.540e+02
1.620e+02
1.400e+02
1.370e+02
1.420e+02
1.110e+02
1.490e+02
1.120e+02
1.170e+02
1.110e+02
1.090e+02
1.280e+02
1.240e+02
1.210e+02
1.180e+02
1.180e+02
1.210e+02
1.080e+02
1.370e+02
1.260e+02
1.430e+02
1.540e+02
1.640e+02
1.430e+02
1.470e+02
1.940e+02
2.050e+02
1.780e+02
1.830e+02
1.810e+02
1.400e+02
1.560e+02
1.730e+02
1.780e+02
1.350e+02
1.530e+02
1.450e+02
1.680e+02
1.540e+02
1.360e+02
1.330e+02
1.560e+02
1.480e+02
1.610e+02
1.450e+02
1.560e+02
1.950e+02
1.560e+02
1.610e+02
1.750e+02
1.840e+02
1.720e+02
2.120e+02
2.710e+02
3.120e+02
2.290e+02
2.630e+02
2.690e+02
3.110e+02
2.920e+02
3.260e+02
3.360e+02
3.390e+02
3.520e+02
4.340e+02
4.170e+02
3.910e+02
3.640e+02
3.840e+02
3.730e+02
4.020e+02
3.470e+02
3.130e+02
3.640e+02
3.270e+02
3.590e+02
3.340e+02
3.910e+02
4.080e+02
4.000e+02
3.120e+02
3.070e+02
3.150e+02
3.140e+02
3.860e+02
2.270e+02
1.940e+02
1.800e+02
2.000e+02
1.910e+02
1.470e+02
1.430e+02
1.200e+02
1.020e+02
7.600e+01
7.700e+01
7.600e+01
6.300e+01
5.400e+01
3.700e+01
4.100e+01
3.100e+01
3.300e+01
2.800e+01
2.600e+01
9.000e+00
2.000e+01
1.700e+01
3.100e+01
2.400e+01
2.500e+01
2.300e+01
1.800e+01
1.300e+01
1.200e+01
1.600e+01
1.200e+01
8.000e+00
1.600e+01
8.000e+00
1.500e+01
1.200e+01
1.000e+01
5.000e+00
1.000e+01
7.000e+00
9.000e+00
9.000e+00
6.000e+00
9.000e+00
6.000e+00
9.000e+00
4.000e+00
7.000e+00
6.000e+00
4.000e+00
4.000e+00
9.000e+00
3.000e+00
4.000e+00
4.000e+00
2.000e+00
3.000e+00
9.000e+00
