1.000e+01
0.000e+00
0.000e+00
0.000e+00
0.000e+00
0.000e+00
0.000e+00
2.000e+00
1.000e+00
0.000e+00
1.000e+00
1.000e+00
0.000e+00
0.000e+00
0.000e+00
0.000e+00
0.000e+00
1.000e+00
0.000e+00
0.000e+00
0.000e+00
0.000e+00
0.000e+00
0.000e+00
0.000e+00
0.000e+00
0.000e+00
0.000e+00
0.000e+00
0.000e+00
1.000e+00
0.000e+00
0.000e+00
1.000e+00
0.000e+00
1.000e+00
0.000e+00
4.000e+00
3.000e+00
1.000e+00
0.000e+00
3.000e+00
3.000e+00
2.000e+00
4.000e+00
1.100e+01
6.000e+00
9.000e+00
1.500e+01
1.100e+01
1.100e+01
2.100e+01
2.500e+01
2.700e+01
3.500e+01
5.100e+01
6.100e+01
7.400e+01
9.800e+01
9.200e+01
1.310e+02
1.540e+02
1.550e+02
2.160e+02
2.200e+02
3.000e+02
2.390e+02
2.420e+02
1.980e+02
2.100e+02
1.880e+02
1.850e+02
1.660e+02
1.930e+02
1.800e+02
1.680e+02
1.730e+02
1.790e+02
1.570e+02
1.780e+02
1.710e+02
1.620e+02
1.820e+02
1.180e+02
1.270e+02
9.100e+01
8.700e+01
7.900e+01
7.500e+01
4.900e+01
5.300e+01
5.800e+01
5.400e+01
4.100e+01
5.400e+01
4.500e+01
2.700e+01
2.500e+01
2.200e+01
2.700e+01
1.500e+01
2.100e+01
1.900e+01
1.800e+01
2.400e+01
1.800e+01
1.300e+01
8.000e+00
9.000e+00
2.000e+01
2.000e+01
2.500e+01
1.600e+01
1.200e+01
9.000e+00
1.400e+01
1.700e+01
1.300e+01
8.000e+00
1.300e+01
2.100e+01
1.000e+01
1.400e+01
1.100e+01
7.000e+00
7.000e+00
1.000e+01
1.800e+01
1.400e+01
1.600e+01
1.600e+01
1.400e+01
2.100e+01
3.100e+01
2.000e+01
2.400e+01
2.500e+01
2.100e+01
2.900e+01
2.300e+01
3.700e+01
3.800e+01
5.500e+01
5.900e+01
4.600e+01
4.700e+01
9.100e+01
7.000e+01
8.100e+01
7.600e+01
7.100e+01
9.000e+01
5.900e+01
8.300e+01
9.000e+01
8.900e+01
7.900e+01
1.050e+02
1.020e+02
1.040e+02
1.060e+02
9.700e+01
1.040e+02
1.030e+02
9.300e+01
7.800e+01
9.600e+01
1.010e+02
8.400e+01
6.800e+01
6.800e+01
9.800e+01
1.030e+02
8.200e+01
6.700e+01
7.500e+01
8.100e+01
1.330e+02
1.230e+02
9.600e+01
2.080e+02
1.030e+02
1.290e+02
8.900e+01
8.800e+01
8.300e+01
7.600e+01
8.100e+01
8.500e+01
8.100e+01
6.800e+01
9.300e+01
8.700e+01
8.900e+01
7.800e+01
1.060e+02
1.000e+02
9.400e+01
1.030e+02
8.400e+01
9.400e+01
9.400e+01
9.800e+01
1.020e+02
1.060e+02
8.900e+01
8.200e+01
8.200e+01
7.700e+01
6.500e+01
7.000e+01
8.300e+01
9.500e+01
8.400e+01
7.800e+01
6.400e+01
7.100e+01
6.200e+01
4.200e+01
3.800e+01
5.100e+01
3.100e+01
3.100e+01
3.600e+01
2.200e+01
1.300e+01
1.600e+01
2.500e+01
2.700e+01
2.400e+01
1.800e+01
1.300e+01
1.100e+01
2.100e+01
9.000e+00
1.400e+01
1.000e+01
1.100e+01
9.000e+00
1.000e+01
4.000e+00
2.100e+01
1.000e+01
2.300e+01
1.300e+01
1.300e+01
9.000e+00
1.500e+01
1.700e+01
2.000e+01
1.800e+01
1.600e+01
1.200e+01
1.400e+01
2.600e+01
9.000e+00
1.200e+01
2.100e+01
1.800e+01
3.200e+01
2.000e+01
1.800e+01
3.200e+01
2.300e+01
2.200e+01
4.000e+01
4.100e+01
4.400e+01
4.300e+01
6.200e+01
5.900e+01
5.900e+01
6.400e+01
8.100e+01
9.400e+01
8.400e+01
1.080e+02
1.210e+02
1.500e+02
1.560e+02
1.600e+02
1.740e+02
1.800e+02
1.620e+02
1.650e+02
1.730e+02
1.820e+02
1.690e+02
1.230e+02
1.670e+02
1.520e+02
1.950e+02
1.880e+02
2.260e+02
2.830e+02
2.880e+02
2.440e+02
1.710e+02
1.830e+02
1.410e+02
1.520e+02
1.010e+02
7.200e+01
6.300e+01
6.100e+01
5.600e+01
3.600e+01
3.100e+01
4.500e+01
2.800e+01
1.300e+01
1.300e+01
1.100e+01
1.000e+01
6.000e+00
1.000e+00
5.000e+00
5.000e+00
6.000e+00
3.000e+00
0.000e+00
2.000e+00
1.000e+00
1.000e+00
3.000e+00
1.000e+00
2.000e+00
0.000e+00
1.000e+00
1.000e+00
0.000e+00
1.000e+00
1.000e+00
0.000e+00
0.000e+00
0.000e+00
0.000e+00
1.000e+00
0.000e+00
0.000e+00
0.000e+00
1.000e+00
0.000e+00
0.000e+00
0.000e+00
0.000e+00
0.000e+00
0.000e+00
0.000e+00
1.000e+00
0.000e+00
0.000e+00
0.000e+00
0.000e+00
1.000e+00
0.000e+00
0.000e+00
0.000e+00
0.000e+00
1.000e+00
