2.300e+01
0.000e+00
1.000e+00
1.000e+00
2.000e+00
0.000e+00
0.000e+00
2.000e+00
1.000e+00
3.000e+00
1.000e+00
4.000e+00
1.000e+00
2.000e+00
3.000e+00
2.000e+00
4.000e+00
6.000e+00
0.000e+00
3.000e+00
5.000e+00
4.000e+00
2.000e+00
3.000e+00
2.000e+00
4.000e+00
3.000e+00
2.000e+00
0.000e+00
8.000e+00
5.000e+00
9.000e+00
3.000e+00
1.000e+01
4.000e+00
8.000e+00
6.000e+00
5.000e+00
1.400e+01
6.000e+00
5.000e+00
6.000e+00
1.500e+01
1.500e+01
9.000e+00
2.200e+01
1.500e+01
2.000e+01
2.800e+01
1.800e+01
2.000e+01
3.400e+01
4.700e+01
4.800e+01
5.300e+01
7.400e+01
8.400e+01
1.050e+02
1.310e+02
1.340e+02
1.670e+02
1.920e+02
1.960e+02
2.680e+02
2.940e+02
3.550e+02
2.860e+02
3.070e+02
2.670e+02
2.870e+02
2.810e+02
2.520e+02
2.400e+02
2.820e+02
2.770e+02
2.540e+02
2.730e+02
2.800e+02
2.440e+02
2.960e+02
2.750e+02
2.710e+02
3.100e+02
2.300e+02
2.420e+02
2.080e+02
2.090e+02
2.340e+02
2.250e+02
2.320e+02
3.110e+02
2.240e+02
2.080e+02
1.620e+02
1.710e+02
1.380e+02
1.470e+02
1.270e+02
1.660e+02
1.550e+02
1.250e+02
1.320e+02
1.110e+02
1.380e+02
1.270e+02
1.160e+02
1.260e+02
9.000e+01
1.200e+02
1.190e+02
1.150e+02
1.140e+02
1.010e+02
1.010e+02
9.000e+01
7.700e+01
8.300e+01
6.000e+01
5.800e+01
4.900e+01
6.700e+01
5.300e+01
5.800e+01
4.800e+01
4.400e+01
3.300e+01
3.900e+01
4.000e+01
3.400e+01
3.800e+01
3.300e+01
3.000e+01
3.600e+01
4.500e+01
3.500e+01
3.700e+01
4.100e+01
3.400e+01
4.800e+01
3.700e+01
5.000e+01
4.700e+01
6.700e+01
7.000e+01
5.500e+01
5.500e+01
1.030e+02
7.700e+01
9.100e+01
8.000e+01
8.000e+01
1.020e+02
6.400e+01
8.400e+01
9.100e+01
9.200e+01
8.700e+01
1.140e+02
1.040e+02
1.120e+02
1.120e+02
1.020e+02
1.090e+02
1.090e+02
9.700e+01
8.200e+01
1.000e+02
1.060e+02
8.500e+01
7.100e+01
7.300e+01
1.050e+02
1.130e+02
8.800e+01
7.900e+01
8.800e+01
9.200e+01
1.460e+02
1.350e+02
1.160e+02
2.430e+02
1.310e+02
1.500e+02
1.060e+02
9.800e+01
9.800e+01
8.700e+01
8.800e+01
9.600e+01
8.700e+01
7.400e+01
1.010e+02
9.100e+01
9.300e+01
8.100e+01
1.090e+02
1.080e+02
9.700e+01
1.100e+02
9.000e+01
9.800e+01
9.600e+01
1.040e+02
1.110e+02
1.130e+02
9.500e+01
9.000e+01
8.700e+01
7.900e+01
7.300e+01
8.000e+01
8.900e+01
9.900e+01
9.400e+01
8.100e+01
6.900e+01
7.700e+01
7.000e+01
5.000e+01
4.600e+01
6.100e+01
4.400e+01
4.200e+01
4.300e+01
3.700e+01
3.100e+01
3.400e+01
4.400e+01
4.300e+01
4.800e+01
3.000e+01
3.000e+01
2.200e+01
4.500e+01
4.900e+01
3.800e+01
3.900e+01
3.600e+01
5.400e+01
5.000e+01
5.200e+01
6.800e+01
5.900e+01
8.100e+01
8.600e+01
8.000e+01
7.200e+01
9.500e+01
1.230e+02
1.240e+02
9.900e+01
1.190e+02
1.060e+02
1.310e+02
1.280e+02
9.400e+01
1.000e+02
1.220e+02
1.110e+02
1.450e+02
1.130e+02
1.330e+02
1.690e+02
1.160e+02
1.150e+02
1.440e+02
1.650e+02
1.340e+02
1.600e+02
2.300e+02
3.040e+02
2.130e+02
2.050e+02
2.180e+02
2.200e+02
1.970e+02
2.140e+02
2.600e+02
2.640e+02
2.740e+02
2.760e+02
2.770e+02
2.810e+02
2.610e+02
2.540e+02
2.680e+02
2.730e+02
2.450e+02
2.010e+02
2.400e+02
2.340e+02
2.670e+02
2.470e+02
2.890e+02
3.390e+02
3.320e+02
2.870e+02
2.170e+02
2.430e+02
1.990e+02
2.060e+02
1.570e+02
1.120e+02
9.900e+01
9.100e+01
7.100e+01
4.800e+01
5.400e+01
5.900e+01
4.700e+01
2.400e+01
2.200e+01
2.500e+01
1.600e+01
1.300e+01
8.000e+00
1.100e+01
1.300e+01
1.200e+01
1.000e+01
7.000e+00
8.000e+00
7.000e+00
5.000e+00
9.000e+00
6.000e+00
1.000e+01
6.000e+00
7.000e+00
5.000e+00
5.000e+00
2.000e+00
7.000e+00
2.000e+00
3.000e+00
2.000e+00
1.000e+00
2.000e+00
2.000e+00
1.000e+00
2.000e+00
1.000e+00
1.000e+00
0.000e+00
0.000e+00
2.000e+00
0.000e+00
2.000e+00
1.000e+00
3.000e+00
0.000e+00
2.000e+00
0.000e+00
2.000e+00
2.000e+00
0.000e+00
1.000e+00
0.000e+00
0.000e+00
4.000e+00
