2.100e+01
4.000e+00
4.000e+00
2.000e+00
0.000e+00
3.000e+00
0.000e+00
2.000e+00
2.000e+00
0.000e+00
2.000e+00
1.000e+00
1.000e+00
3.000e+00
3.000e+00
1.000e+00
3.000e+00
8.000e+00
4.000e+00
2.000e+00
0.000e+00
0.000e+00
3.000e+00
4.000e+00
0.000e+00
2.000e+00
5.000e+00
0.000e+00
3.000e+00
1.000e+00
9.000e+00
6.000e+00
3.000e+00
9.000e+00
5.000e+00
6.000e+00
4.000e+00
1.700e+01
1.500e+01
1.100e+01
2.200e+01
2.300e+01
3.700e+01
3.500e+01
3.100e+01
4.600e+01
4.400e+01
4.700e+01
6.800e+01
5.900e+01
9.200e+01
7.700e+01
8.400e+01
1.070e+02
1.030e+02
1.280e+02
1.320e+02
1.720e+02
1.850e+02
1.980e+02
2.640e+02
2.260e+02
2.390e+02
3.150e+02
3.160e+02
3.950e+02
3.630e+02
3.800e+02
3.130e+02
3.440e+02
3.070e+02
3.190e+02
2.790e+02
3.100e+02
2.720e+02
2.680e+02
2.920e+02
2.780e+02
2.490e+02
2.590e+02
2.490e+02
2.380e+02
2.490e+02
1.760e+02
1.800e+02
1.590e+02
1.370e+02
1.350e+02
1.150e+02
9.800e+01
7.900e+01
9.000e+01
9.300e+01
7.300e+01
7.300e+01
7.500e+01
5.000e+01
5.000e+01
5.200e+01
5.500e+01
3.400e+01
3.600e+01
3.200e+01
2.000e+01
4.200e+01
2.400e+01
1.900e+01
1.500e+01
1.900e+01
2.600e+01
2.800e+01
3.300e+01
2.700e+01
1.800e+01
1.400e+01
2.500e+01
1.900e+01
1.800e+01
1.700e+01
2.900e+01
3.200e+01
1.700e+01
2.300e+01
1.800e+01
1.200e+01
1.500e+01
1.700e+01
2.200e+01
2.400e+01
2.500e+01
2.500e+01
2.100e+01
3.300e+01
3.900e+01
3.500e+01
3.900e+01
3.800e+01
3.000e+01
5.700e+01
3.900e+01
5.800e+01
5.500e+01
7.000e+01
8.100e+01
7.500e+01
7.400e+01
1.280e+02
9.300e+01
1.220e+02
1.120e+02
1.140e+02
1.260e+02
1.100e+02
1.360e+02
1.600e+02
1.600e+02
1.500e+02
1.780e+02
1.820e+02
1.970e+02
1.850e+02
1.730e+02
1.690e+02
1.910e+02
2.040e+02
1.740e+02
1.750e+02
1.830e+02
1.960e+02
1.660e+02
1.820e+02
1.940e+02
2.050e+02
1.730e+02
1.550e+02
1.610e+02
1.640e+02
2.240e+02
2.190e+02
1.720e+02
3.270e+02
1.690e+02
1.960e+02
1.830e+02
1.870e+02
1.750e+02
1.750e+02
1.640e+02
1.890e+02
1.720e+02
1.420e+02
1.980e+02
1.730e+02
1.670e+02
1.620e+02
1.850e+02
1.790e+02
1.790e+02
1.660e+02
1.570e+02
1.650e+02
1.530e+02
1.730e+02
1.660e+02
1.720e+02
1.500e+02
1.340e+02
1.160e+02
1.160e+02
1.140e+02
1.040e+02
1.040e+02
1.210e+02
1.150e+02
1.080e+02
8.400e+01
8.700e+01
8.300e+01
5.700e+01
5.800e+01
7.000e+01
4.400e+01
6.100e+01
4.900e+01
3.800e+01
2.200e+01
2.600e+01
3.600e+01
3.700e+01
3.300e+01
2.900e+01
2.300e+01
1.500e+01
2.900e+01
2.000e+01
1.700e+01
1.700e+01
1.900e+01
1.600e+01
2.100e+01
1.200e+01
3.100e+01
1.700e+01
3.000e+01
2.100e+01
2.200e+01
1.500e+01
1.900e+01
2.400e+01
3.000e+01
2.900e+01
2.800e+01
1.800e+01
2.000e+01
3.800e+01
2.000e+01
2.100e+01
3.000e+01
3.700e+01
4.600e+01
4.300e+01
4.100e+01
5.100e+01
4.300e+01
4.500e+01
6.900e+01
6.300e+01
7.400e+01
8.100e+01
9.700e+01
9.600e+01
1.010e+02
1.220e+02
1.300e+02
1.710e+02
1.620e+02
1.940e+02
2.130e+02
2.190e+02
2.420e+02
2.920e+02
2.830e+02
2.760e+02
2.620e+02
2.900e+02
2.770e+02
2.960e+02
2.850e+02
2.540e+02
2.960e+02
2.620e+02
3.300e+02
3.190e+02
3.820e+02
4.030e+02
4.110e+02
3.320e+02
2.690e+02
2.800e+02
2.410e+02
2.880e+02
1.800e+02
1.560e+02
1.420e+02
1.660e+02
1.640e+02
1.200e+02
1.210e+02
1.210e+02
7.700e+01
5.800e+01
6.700e+01
7.000e+01
4.000e+01
3.900e+01
2.700e+01
3.500e+01
3.100e+01
2.000e+01
1.800e+01
1.700e+01
6.000e+00
7.000e+00
1.000e+01
1.600e+01
7.000e+00
9.000e+00
7.000e+00
5.000e+00
3.000e+00
5.000e+00
6.000e+00
7.000e+00
3.000e+00
7.000e+00
1.000e+00
5.000e+00
1.000e+00
3.000e+00
4.000e+00
2.000e+00
5.000e+00
2.000e+00
7.000e+00
0.000e+00
1.000e+00
2.000e+00
2.000e+00
0.000e+00
5.000e+00
3.000e+00
1.000e+00
1.000e+00
3.000e+00
1.000e+00
1.000e+00
0.000e+00
1.000e+00
1.000e+00
4.000e+00
