5.200e+01
1.300e+01
1.100e+01
1.100e+01
1.100e+01
1.000e+01
8.000e+00
1.300e+01
1.300e+01
1.300e+01
1.900e+01
1.300e+01
1.500e+01
1.800e+01
1.500e+01
1.700e+01
1.700e+01
2.900e+01
2.000e+01
2.400e+01
2.600e+01
2.300e+01
2.700e+01
2.900e+01
1.600e+01
2.700e+01
2.400e+01
1.900e+01
2.200e+01
3.900e+01
3.300e+01
3.300e+01
2.700e+01
3.600e+01
2.800e+01
2.600e+01
3.300e+01
3.700e+01
4.400e+01
3.300e+01
4.200e+01
5.100e+01
7.200e+01
7.400e+01
6.500e+01
9.000e+01
7.500e+01
8.400e+01
1.250e+02
1.120e+02
1.470e+02
1.420e+02
1.420e+02
1.790e+02
1.820e+02
2.070e+02
2.170e+02
2.830e+02
3.040e+02
3.480e+02
4.630e+02
4.140e+02
3.760e+02
4.630e+02
4.690e+02
5.280e+02
4.940e+02
5.300e+02
4.530e+02
5.020e+02
4.840e+02
4.880e+02
4.330e+02
4.800e+02
4.320e+02
4.190e+02
4.630e+02
4.330e+02
4.140e+02
4.510e+02
4.090e+02
4.160e+02
4.430e+02
3.400e+02
3.840e+02
3.510e+02
3.210e+02
3.730e+02
3.230e+02
3.770e+02
4.000e+02
3.250e+02
3.180e+02
2.470e+02
2.540e+02
2.440e+02
2.400e+02
2.230e+02
2.730e+02
2.610e+02
2.230e+02
2.170e+02
1.960e+02
2.070e+02
2.170e+02
1.890e+02
2.110e+02
1.920e+02
2.070e+02
1.970e+02
2.210e+02
2.260e+02
2.140e+02
2.030e+02
2.080e+02
2.020e+02
2.010e+02
2.070e+02
2.300e+02
2.250e+02
2.120e+02
1.850e+02
1.890e+02
1.750e+02
1.410e+02
1.510e+02
1.360e+02
1.180e+02
1.360e+02
1.230e+02
1.230e+02
1.110e+02
1.160e+02
1.190e+02
1.200e+02
1.440e+02
1.230e+02
1.470e+02
1.500e+02
1.260e+02
1.470e+02
1.390e+02
1.490e+02
1.680e+02
1.750e+02
1.750e+02
2.340e+02
1.890e+02
2.150e+02
1.850e+02
2.040e+02
2.160e+02
2.110e+02
2.330e+02
2.360e+02
2.480e+02
2.470e+02
2.720e+02
2.690e+02
2.970e+02
2.800e+02
2.560e+02
2.610e+02
2.740e+02
2.920e+02
2.410e+02
2.370e+02
2.570e+02
2.380e+02
2.260e+02
2.380e+02
2.650e+02
2.780e+02
2.220e+02
2.280e+02
2.220e+02
2.330e+02
3.070e+02
2.930e+02
2.750e+02
4.940e+02
2.920e+02
2.730e+02
2.400e+02
2.480e+02
2.270e+02
2.410e+02
2.120e+02
2.540e+02
2.270e+02
1.820e+02
2.640e+02
2.270e+02
2.260e+02
2.260e+02
2.300e+02
2.240e+02
2.450e+02
2.350e+02
2.110e+02
2.320e+02
2.240e+02
2.540e+02
2.480e+02
2.560e+02
2.180e+02
2.130e+02
1.850e+02
2.090e+02
1.860e+02
1.840e+02
2.050e+02
2.160e+02
2.120e+02
2.010e+02
2.080e+02
1.780e+02
1.820e+02
1.650e+02
1.630e+02
1.700e+02
1.320e+02
1.750e+02
1.250e+02
1.310e+02
1.250e+02
1.240e+02
1.510e+02
1.490e+02
1.520e+02
1.320e+02
1.330e+02
1.420e+02
1.390e+02
1.650e+02
1.510e+02
1.670e+02
1.760e+02
1.910e+02
1.740e+02
1.860e+02
2.420e+02
2.380e+02
2.180e+02
2.100e+02
2.200e+02
1.710e+02
1.830e+02
2.100e+02
2.160e+02
1.760e+02
2.030e+02
1.960e+02
2.130e+02
2.010e+02
1.680e+02
1.640e+02
2.020e+02
2.020e+02
2.160e+02
2.030e+02
2.220e+02
2.560e+02
1.990e+02
2.070e+02
2.380e+02
2.450e+02
2.310e+02
2.580e+02
3.460e+02
4.000e+02
3.340e+02
3.480e+02
3.540e+02
3.820e+02
3.690e+02
4.030e+02
4.310e+02
4.390e+02
4.450e+02
5.260e+02
4.930e+02
4.640e+02
4.710e+02
4.760e+02
4.700e+02
5.000e+02
4.610e+02
4.240e+02
4.690e+02
4.560e+02
4.970e+02
4.540e+02
5.280e+02
5.480e+02
5.490e+02
4.810e+02
4.320e+02
4.690e+02
4.380e+02
5.250e+02
3.480e+02
2.940e+02
2.630e+02
2.830e+02
2.490e+02
1.940e+02
1.870e+02
1.800e+02
1.510e+02
1.090e+02
1.080e+02
1.090e+02
8.900e+01
7.800e+01
6.300e+01
6.400e+01
5.900e+01
5.000e+01
5.000e+01
4.100e+01
2.000e+01
2.800e+01
3.000e+01
4.400e+01
3.400e+01
3.800e+01
3.300e+01
2.400e+01
2.100e+01
2.400e+01
2.500e+01
2.000e+01
1.500e+01
2.400e+01
1.100e+01
2.200e+01
1.600e+01
1.900e+01
1.200e+01
1.500e+01
1.300e+01
1.200e+01
2.000e+01
8.000e+00
1.400e+01
7.000e+00
1.800e+01
1.100e+01
1.300e+01
1.100e+01
9.000e+00
8.000e+00
1.300e+01
1.300e+01
1.100e+01
8.000e+00
8.000e+00
6.000e+00
1.400e+01
