1.510e+02
6.900e+01
6.200e+01
4.100e+01
2.800e+01
5.400e+01
4.300e+01
4.200e+01
3.500e+01
3.500e+01
2.400e+01
1.500e+01
2.800e+01
2.500e+01
3.500e+01
1.800e+01
2.700e+01
1.400e+01
1.100e+01
1.400e+01
2.200e+01
1.700e+01
6.000e+00
1.400e+01
2.100e+01
1.600e+01
1.800e+01
2.200e+01
2.200e+01
2.600e+01
4.300e+01
3.400e+01
3.900e+01
1.600e+01
4.300e+01
5.800e+01
4.700e+01
7.200e+01
7.100e+01
5.200e+01
5.500e+01
3.600e+01
6.100e+01
5.000e+01
4.900e+01
8.100e+01
8.800e+01
2.040e+02
1.930e+02
1.200e+02
1.500e+02
1.340e+02
1.600e+02
2.230e+02
2.730e+02
3.440e+02
3.700e+02
5.260e+02
3.460e+02
3.250e+02
3.890e+02
3.360e+02
2.130e+02
9.800e+01
6.800e+01
4.600e+01
5.300e+01
2.200e+01
1.400e+01
1.700e+01
2.300e+01
5.300e+01
2.000e+01
1.000e+01
3.000e+00
4.000e+00
2.000e+00
2.000e+00
2.000e+00
4.000e+00
1.000e+00
0.000e+00
0.000e+00
1.000e+00
0.000e+00
3.000e+00
0.000e+00
0.000e+00
0.000e+00
0.000e+00
0.000e+00
0.000e+00
2.000e+00
0.000e+00
0.000e+00
0.000e+00
0.000e+00
0.000e+00
0.000e+00
0.000e+00
0.000e+00
0.000e+00
2.000e+00
2.000e+00
0.000e+00
0.000e+00
0.000e+00
0.000e+00
0.000e+00
0.000e+00
0.000e+00
0.000e+00
0.000e+00
0.000e+00
0.000e+00
0.000e+00
0.000e+00
0.000e+00
0.000e+00
0.000e+00
0.000e+00
0.000e+00
0.000e+00
0.000e+00
0.000e+00
0.000e+00
0.000e+00
0.000e+00
0.000e+00
0.000e+00
0.000e+00
0.000e+00
0.000e+00
0.000e+00
0.000e+00
0.000e+00
0.000e+00
0.000e+00
0.000e+00
0.000e+00
0.000e+00
0.000e+00
0.000e+00
0.000e+00
0.000e+00
0.000e+00
0.000e+00
0.000e+00
0.000e+00
0.000e+00
0.000e+00
0.000e+00
0.000e+00
0.000e+00
0.000e+00
0.000e+00
0.000e+00
0.000e+00
0.000e+00
0.000e+00
0.000e+00
0.000e+00
0.000e+00
0.000e+00
0.000e+00
0.000e+00
0.000e+00
0.000e+00
0.000e+00
0.000e+00
0.000e+00
0.000e+00
0.000e+00
0.000e+00
0.000e+00
0.000e+00
0.000e+00
0.000e+00
0.000e+00
0.000e+00
0.000e+00
0.000e+00
0.000e+00
0.000e+00
0.000e+00
0.000e+00
0.000e+00
0.000e+00
0.000e+00
0.000e+00
0.000e+00
0.000e+00
0.000e+00
0.000e+00
0.000e+00
0.000e+00
0.000e+00
0.000e+00
0.000e+00
0.000e+00
0.000e+00
0.000e+00
0.000e+00
0.000e+00
0.000e+00
0.000e+00
0.000e+00
0.000e+00
0.000e+00
0.000e+00
0.000e+00
0.000e+00
0.000e+00
0.000e+00
0.000e+00
0.000e+00
0.000e+00
0.000e+00
0.000e+00
0.000e+00
0.000e+00
0.000e+00
0.000e+00
0.000e+00
0.000e+00
0.000e+00
0.000e+00
0.000e+00
0.000e+00
0.000e+00
0.000e+00
0.000e+00
0.000e+00
0.000e+00
0.000e+00
0.000e+00
0.000e+00
0.000e+00
0.000e+00
0.000e+00
0.000e+00
0.000e+00
0.000e+00
0.000e+00
0.000e+00
0.000e+00
0.000e+00
0.000e+00
0.000e+00
0.000e+00
0.000e+00
0.000e+00
0.000e+00
0.000e+00
1.000e+00
0.000e+00
0.000e+00
0.000e+00
0.000e+00
0.000e+00
0.000e+00
1.000e+00
0.000e+00
2.000e+00
1.000e+00
0.000e+00
0.000e+00
0.000e+00
0.000e+00
0.000e+00
0.000e+00
0.000e+00
0.000e+00
0.000e+00
1.000e+00
0.000e+00
0.000e+00
0.000e+00
0.000e+00
2.000e+00
1.000e+00
3.000e+00
2.000e+00
3.000e+00
8.000e+00
5.000e+00
2.100e+01
2.400e+01
3.000e+01
1.800e+01
1.400e+01
2.300e+01
1.300e+01
2.200e+01
2.400e+01
2.700e+01
5.700e+01
6.400e+01
7.900e+01
1.780e+02
2.190e+02
2.490e+02
3.230e+02
6.920e+02
5.000e+02
4.490e+02
3.010e+02
3.580e+02
3.040e+02
2.200e+02
1.900e+02
1.730e+02
1.290e+02
8.500e+01
1.730e+02
2.080e+02
1.510e+02
6.500e+01
5.900e+01
5.900e+01
7.200e+01
5.100e+01
4.900e+01
2.800e+01
3.000e+01
4.000e+01
2.000e+01
2.200e+01
2.200e+01
1.700e+01
1.600e+01
1.200e+01
1.700e+01
8.000e+00
1.700e+01
1.700e+01
1.900e+01
1.300e+01
1.500e+01
1.500e+01
1.800e+01
1.500e+01
1.700e+01
1.000e+01
1.200e+01
1.400e+01
1.600e+01
2.500e+01
1.500e+01
2.400e+01
2.500e+01
3.000e+01
3.800e+01
3.600e+01
4.600e+01
4.600e+01
4.000e+01
3.900e+01
6.500e+01
7.200e+01
