7.910e+02
2.130e+02
1.130e+02
7.900e+01
3.900e+01
5.100e+01
3.000e+01
2.400e+01
2.400e+01
3.000e+01
1.500e+01
1.100e+01
1.800e+01
1.200e+01
8.000e+00
4.000e+00
7.000e+00
4.000e+00
7.000e+00
5.000e+00
2.000e+00
3.000e+00
3.000e+00
3.000e+00
6.000e+00
3.000e+00
3.000e+00
3.000e+00
7.000e+00
1.000e+00
2.000e+00
2.000e+00
4.000e+00
1.000e+00
0.000e+00
4.000e+00
0.000e+00
0.000e+00
1.000e+00
1.000e+00
0.000e+00
1.000e+00
3.000e+00
1.000e+00
2.000e+00
1.000e+00
3.000e+00
0.000e+00
1.000e+00
1.000e+00
1.000e+00
1.000e+00
1.000e+00
1.000e+00
2.000e+00
1.000e+00
1.000e+00
0.000e+00
2.000e+00
2.000e+00
1.000e+00
0.000e+00
2.000e+00
1.000e+00
0.000e+00
0.000e+00
0.000e+00
1.000e+00
0.000e+00
1.000e+00
0.000e+00
0.000e+00
1.000e+00
0.000e+00
0.000e+00
1.000e+00
0.000e+00
0.000e+00
1.000e+00
2.000e+00
0.000e+00
0.000e+00
0.000e+00
0.000e+00
0.000e+00
1.000e+00
1.000e+00
0.000e+00
0.000e+00
0.000e+00
6.000e+00
2.000e+00
2.000e+00
1.000e+00
2.000e+00
3.000e+00
2.000e+00
0.000e+00
0.000e+00
0.000e+00
0.000e+00
0.000e+00
0.000e+00
0.000e+00
2.000e+00
1.000e+00
2.000e+00
0.000e+00
1.000e+00
2.000e+00
1.000e+00
2.000e+00
3.000e+00
0.000e+00
1.000e+00
1.000e+00
3.000e+00
0.000e+00
1.000e+00
1.000e+00
3.000e+00
1.000e+00
0.000e+00
0.000e+00
0.000e+00
0.000e+00
1.000e+00
0.000e+00
1.000e+00
0.000e+00
1.000e+00
3.000e+00
0.000e+00
1.000e+00
3.000e+00
0.000e+00
1.000e+00
0.000e+00
1.000e+00
1.000e+00
3.000e+00
3.000e+00
1.000e+00
3.000e+00
4.000e+00
2.000e+00
0.000e+00
3.000e+00
0.000e+00
0.000e+00
1.000e+00
1.000e+00
4.000e+00
3.000e+00
0.000e+00
3.000e+00
4.000e+00
1.000e+00
2.000e+00
2.000e+00
2.000e+00
4.000e+00
2.000e+00
7.000e+00
3.000e+00
6.000e+00
8.000e+00
2.000e+00
1.200e+01
1.300e+01
1.300e+01
1.300e+01
9.000e+00
1.900e+01
2.800e+01
4.000e+01
7.200e+01
7.000e+01
1.790e+02
3.170e+02
8.110e+02
2.810e+02
1.550e+02
9.800e+01
5.200e+01
3.900e+01
2.500e+01
3.300e+01
1.500e+01
8.000e+00
1.200e+01
1.300e+01
6.000e+00
1.000e+01
7.000e+00
8.000e+00
6.000e+00
3.000e+00
7.000e+00
1.000e+00
3.000e+00
1.000e+00
5.000e+00
1.000e+00
3.000e+00
5.000e+00
6.000e+00
3.000e+00
2.000e+00
1.000e+00
3.000e+00
0.000e+00
2.000e+00
0.000e+00
2.000e+00
1.000e+00
0.000e+00
1.000e+00
1.000e+00
2.000e+00
2.000e+00
2.000e+00
2.000e+00
1.000e+00
0.000e+00
0.000e+00
0.000e+00
0.000e+00
2.000e+00
2.000e+00
0.000e+00
0.000e+00
1.000e+00
1.000e+00
1.000e+00
1.000e+00
2.000e+00
2.000e+00
0.000e+00
0.000e+00
3.000e+00
0.000e+00
1.000e+00
0.000e+00
1.000e+00
1.000e+00
1.000e+00
1.000e+00
1.000e+00
0.000e+00
2.000e+00
0.000e+00
1.000e+00
3.000e+00
1.000e+00
1.000e+00
0.000e+00
0.000e+00
0.000e+00
0.000e+00
0.000e+00
0.000e+00
0.000e+00
0.000e+00
1.000e+00
0.000e+00
0.000e+00
1.000e+00
0.000e+00
1.000e+00
3.000e+00
0.000e+00
1.000e+00
0.000e+00
1.000e+00
1.000e+00
0.000e+00
0.000e+00
1.000e+00
0.000e+00
0.000e+00
1.000e+00
1.000e+00
1.000e+00
1.000e+00
1.000e+00
1.000e+00
0.000e+00
2.000e+00
2.000e+00
0.000e+00
0.000e+00
0.000e+00
2.000e+00
2.000e+00
0.000e+00
2.000e+00
3.000e+00
1.000e+00
1.000e+00
3.000e+00
0.000e+00
3.000e+00
1.000e+00
1.000e+00
3.000e+00
1.000e+00
1.000e+00
1.000e+00
2.000e+00
0.000e+00
0.000e+00
2.000e+00
4.000e+00
3.000e+00
3.000e+00
3.000e+00
0.000e+00
2.000e+00
1.000e+00
1.000e+00
1.000e+00
2.000e+00
3.000e+00
0.000e+00
1.000e+00
0.000e+00
2.000e+00
2.000e+00
5.000e+00
2.000e+00
3.000e+00
7.000e+00
3.000e+00
2.000e+00
6.000e+00
8.000e+00
6.000e+00
8.000e+00
1.000e+00
7.000e+00
1.000e+00
5.000e+00
4.000e+00
6.000e+00
9.000e+00
9.000e+00
1.300e+01
1.000e+01
1.500e+01
8.000e+00
1.300e+01
2.100e+01
2.900e+01
3.100e+01
5.000e+01
5.200e+01
5.600e+01
1.080e+02
2.380e+02
