2.100e+01
3.000e+00
7.000e+00
8.000e+00
3.000e+00
1.000e+00
2.000e+00
1.000e+00
2.000e+00
1.000e+00
0.000e+00
1.000e+00
0.000e+00
2.000e+00
3.000e+00
2.000e+00
2.000e+00
3.000e+00
0.000e+00
1.000e+00
0.000e+00
1.000e+00
1.000e+00
1.000e+00
0.000e+00
2.000e+00
0.000e+00
1.000e+00
2.000e+00
0.000e+00
3.000e+00
3.000e+00
0.000e+00
1.000e+00
1.000e+00
2.000e+00
0.000e+00
1.000e+00
3.000e+00
0.000e+00
3.000e+00
1.000e+00
2.000e+00
1.000e+00
1.000e+00
2.000e+00
2.000e+00
2.000e+00
0.000e+00
1.000e+00
1.000e+00
0.000e+00
0.000e+00
1.000e+00
3.000e+00
1.000e+00
0.000e+00
0.000e+00
1.000e+00
0.000e+00
1.000e+00
0.000e+00
1.000e+00
2.000e+00
1.000e+00
0.000e+00
1.000e+00
0.000e+00
0.000e+00
2.000e+00
0.000e+00
0.000e+00
0.000e+00
1.000e+00
0.000e+00
1.000e+00
0.000e+00
0.000e+00
0.000e+00
0.000e+00
0.000e+00
0.000e+00
2.000e+00
1.000e+00
0.000e+00
1.000e+00
2.000e+00
0.000e+00
0.000e+00
0.000e+00
0.000e+00
0.000e+00
1.000e+00
0.000e+00
0.000e+00
0.000e+00
0.000e+00
0.000e+00
0.000e+00
0.000e+00
0.000e+00
0.000e+00
1.000e+00
1.000e+00
0.000e+00
1.000e+00
0.000e+00
0.000e+00
1.000e+00
0.000e+00
1.000e+00
0.000e+00
0.000e+00
2.000e+00
0.000e+00
1.000e+00
1.000e+00
0.000e+00
0.000e+00
0.000e+00
1.000e+00
1.000e+00
0.000e+00
0.000e+00
1.000e+00
1.000e+00
1.000e+00
1.000e+00
1.000e+00
0.000e+00
2.000e+00
0.000e+00
0.000e+00
3.000e+00
3.000e+00
0.000e+00
3.000e+00
2.000e+00
1.000e+00
0.000e+00
3.000e+00
2.000e+00
2.000e+00
2.000e+00
1.000e+00
4.000e+00
1.000e+00
0.000e+00
0.000e+00
2.000e+00
2.000e+00
1.000e+00
0.000e+00
3.000e+00
2.000e+00
1.000e+00
0.000e+00
2.000e+00
0.000e+00
1.000e+00
1.000e+00
1.000e+00
1.000e+00
3.000e+00
6.000e+00
1.000e+00
4.000e+00
4.000e+00
1.100e+01
1.100e+01
3.000e+00
6.000e+00
1.700e+01
3.300e+01
3.900e+01
6.700e+01
1.030e+02
7.900e+01
1.070e+02
1.660e+02
2.960e+02
1.720e+02
1.290e+02
8.300e+01
1.100e+02
6.000e+01
5.500e+01
2.900e+01
1.700e+01
1.200e+01
1.700e+01
1.000e+01
3.000e+00
6.000e+00
3.000e+00
0.000e+00
2.000e+00
5.000e+00
3.000e+00
5.000e+00
1.000e+00
4.000e+00
1.000e+00
2.000e+00
0.000e+00
1.000e+00
1.000e+00
2.000e+00
1.000e+00
1.000e+00
5.000e+00
0.000e+00
1.000e+00
1.000e+00
1.000e+00
0.000e+00
1.000e+00
3.000e+00
0.000e+00
1.000e+00
0.000e+00
1.000e+00
0.000e+00
0.000e+00
0.000e+00
2.000e+00
0.000e+00
1.000e+00
0.000e+00
1.000e+00
0.000e+00
0.000e+00
0.000e+00
1.000e+00
0.000e+00
0.000e+00
2.000e+00
2.000e+00
1.000e+00
2.000e+00
0.000e+00
0.000e+00
2.000e+00
0.000e+00
1.000e+00
0.000e+00
1.000e+00
1.000e+00
1.000e+00
1.000e+00
0.000e+00
0.000e+00
0.000e+00
1.000e+00
0.000e+00
1.000e+00
1.000e+00
1.000e+00
0.000e+00
1.000e+00
3.000e+00
2.000e+00
3.000e+00
2.000e+00
0.000e+00
0.000e+00
1.000e+00
0.000e+00
2.000e+00
1.000e+00
3.000e+00
1.000e+00
2.000e+00
2.000e+00
0.000e+00
1.000e+00
1.000e+00
0.000e+00
1.000e+00
0.000e+00
0.000e+00
0.000e+00
0.000e+00
1.000e+00
0.000e+00
0.000e+00
0.000e+00
0.000e+00
1.000e+00
0.000e+00
0.000e+00
0.000e+00
1.000e+00
1.000e+00
0.000e+00
0.000e+00
1.000e+00
2.000e+00
0.000e+00
0.000e+00
1.000e+00
2.000e+00
1.000e+00
0.000e+00
1.000e+00
0.000e+00
1.000e+00
1.000e+00
3.000e+00
0.000e+00
0.000e+00
1.000e+00
3.000e+00
2.000e+00
5.000e+00
0.000e+00
0.000e+00
1.000e+00
1.000e+00
3.000e+00
0.000e+00
2.000e+00
1.000e+00
0.000e+00
1.000e+00
2.000e+00
3.000e+00
2.000e+00
1.000e+00
3.000e+00
2.000e+00
1.000e+00
1.000e+00
4.000e+00
1.000e+00
2.000e+00
2.000e+00
2.000e+00
2.000e+00
1.000e+00
0.000e+00
3.000e+00
1.000e+00
0.000e+00
1.000e+00
0.000e+00
4.000e+00
2.000e+00
3.000e+00
0.000e+00
1.000e+00
1.000e+00
4.000e+00
3.000e+00
2.000e+00
2.000e+00
5.000e+00
3.000e+00
5.000e+00
3.000e+00
