2.420e+03
4.970e+02
2.500e+02
1.270e+02
1.010e+02
9.600e+01
6.800e+01
4.100e+01
4.000e+01
4.500e+01
1.600e+01
3.800e+01
1.700e+01
1.700e+01
1.500e+01
5.000e+00
5.000e+00
4.000e+00
5.000e+00
1.100e+01
6.000e+00
3.000e+00
1.000e+01
7.000e+00
8.000e+00
1.100e+01
7.000e+00
1.000e+01
8.000e+00
4.000e+00
1.100e+01
6.000e+00
1.000e+00
5.000e+00
1.000e+00
1.000e+00
2.000e+00
1.000e+00
6.000e+00
6.000e+00
4.000e+00
5.000e+00
6.000e+00
6.000e+00
3.000e+00
8.000e+00
5.000e+00
8.000e+00
4.000e+00
4.000e+00
6.000e+00
4.000e+00
2.000e+00
6.000e+00
3.000e+00
0.000e+00
8.000e+00
7.000e+00
0.000e+00
4.000e+00
2.000e+00
2.000e+00
0.000e+00
2.000e+00
1.000e+00
0.000e+00
2.000e+00
0.000e+00
0.000e+00
0.000e+00
1.000e+00
0.000e+00
2.000e+00
1.000e+00
0.000e+00
1.000e+00
0.000e+00
0.000e+00
1.000e+00
1.000e+00
0.000e+00
1.000e+00
0.000e+00
1.000e+00
0.000e+00
2.000e+00
0.000e+00
0.000e+00
0.000e+00
1.000e+00
2.000e+00
0.000e+00
0.000e+00
1.000e+00
1.000e+00
0.000e+00
0.000e+00
0.000e+00
0.000e+00
1.000e+00
0.000e+00
1.000e+00
0.000e+00
0.000e+00
0.000e+00
0.000e+00
0.000e+00
1.000e+00
0.000e+00
1.000e+00
1.000e+00
0.000e+00
1.000e+00
1.000e+00
1.000e+00
1.000e+00
1.000e+00
0.000e+00
0.000e+00
0.000e+00
9.000e+00
1.000e+00
2.000e+00
0.000e+00
1.000e+00
0.000e+00
0.000e+00
0.000e+00
0.000e+00
0.000e+00
0.000e+00
1.000e+00
5.000e+00
1.000e+00
2.000e+00
4.000e+00
1.000e+00
4.000e+00
0.000e+00
4.000e+00
6.000e+00
7.000e+00
4.000e+00
1.000e+00
5.000e+00
3.000e+00
7.000e+00
7.000e+00
4.000e+00
1.000e+01
9.000e+00
1.100e+01
1.200e+01
9.000e+00
1.500e+01
1.200e+01
1.200e+01
2.000e+00
8.000e+00
6.000e+00
7.000e+00
4.000e+00
9.000e+00
6.000e+00
5.000e+00
8.000e+00
6.000e+00
1.300e+01
7.000e+00
5.000e+00
1.100e+01
2.000e+01
2.500e+01
2.200e+01
2.900e+01
4.200e+01
7.100e+01
9.300e+01
1.790e+02
5.140e+02
1.594e+03
4.710e+02
2.060e+02
1.030e+02
6.400e+01
3.800e+01
4.100e+01
1.700e+01
2.200e+01
1.000e+01
1.700e+01
5.000e+00
1.100e+01
3.000e+00
7.000e+00
9.000e+00
8.000e+00
1.000e+01
8.000e+00
6.000e+00
1.200e+01
5.000e+00
7.000e+00
8.000e+00
9.000e+00
8.000e+00
1.400e+01
1.100e+01
7.000e+00
1.000e+01
6.000e+00
5.000e+00
2.000e+00
2.000e+00
6.000e+00
1.000e+01
2.000e+00
2.000e+00
3.000e+00
3.000e+00
2.000e+00
5.000e+00
1.000e+00
2.000e+00
3.000e+00
2.000e+00
1.000e+00
4.000e+00
1.000e+00
2.000e+00
3.000e+00
0.000e+00
1.000e+00
1.000e+00
1.000e+00
0.000e+00
0.000e+00
2.000e+00
0.000e+00
0.000e+00
4.000e+00
1.000e+00
0.000e+00
0.000e+00
1.000e+00
0.000e+00
0.000e+00
0.000e+00
1.000e+00
2.000e+00
0.000e+00
0.000e+00
1.000e+00
2.000e+00
1.000e+00
0.000e+00
0.000e+00
0.000e+00
2.000e+00
0.000e+00
1.000e+00
0.000e+00
0.000e+00
0.000e+00
0.000e+00
0.000e+00
1.000e+00
0.000e+00
0.000e+00
0.000e+00
2.000e+00
1.000e+00
0.000e+00
1.000e+00
1.000e+00
0.000e+00
0.000e+00
0.000e+00
1.000e+00
1.000e+00
0.000e+00
1.000e+00
1.000e+00
1.000e+00
0.000e+00
1.000e+00
1.000e+00
1.000e+00
1.000e+00
0.000e+00
1.000e+00
1.000e+00
2.000e+00
1.000e+00
0.000e+00
0.000e+00
1.000e+00
0.000e+00
2.000e+00
1.000e+00
8.000e+00
1.000e+00
2.000e+00
4.000e+00
4.000e+00
7.000e+00
3.000e+00
2.000e+00
2.000e+00
6.000e+00
5.000e+00
7.000e+00
4.000e+00
5.000e+00
7.000e+00
8.000e+00
9.000e+00
6.000e+00
4.000e+00
1.000e+00
8.000e+00
6.000e+00
3.000e+00
6.000e+00
3.000e+00
3.000e+00
2.000e+00
3.000e+00
2.000e+00
5.000e+00
5.000e+00
7.000e+00
7.000e+00
9.000e+00
9.000e+00
7.000e+00
5.000e+00
8.000e+00
8.000e+00
6.000e+00
6.000e+00
8.000e+00
2.000e+01
6.000e+00
6.000e+00
8.000e+00
1.000e+01
1.900e+01
2.000e+01
2.300e+01
3.400e+01
5.400e+01
5.200e+01
4.300e+01
6.400e+01
9.500e+01
1.160e+02
1.540e+02
2.180e+02
5.810e+02
