4.850e+02
1.860e+02
1.900e+02
1.710e+02
1.460e+02
1.660e+02
1.660e+02
1.510e+02
1.560e+02
1.620e+02
1.390e+02
1.620e+02
1.770e+02
1.770e+02
2.010e+02
2.050e+02
2.470e+02
2.150e+02
2.430e+02
2.560e+02
2.610e+02
2.610e+02
2.660e+02
2.310e+02
2.930e+02
2.770e+02
3.920e+02
2.640e+02
2.860e+02
3.190e+02
3.710e+02
3.890e+02
4.260e+02
3.980e+02
4.200e+02
5.170e+02
5.310e+02
5.650e+02
5.240e+02
4.780e+02
5.360e+02
5.010e+02
7.400e+02
6.470e+02
7.160e+02
8.540e+02
1.077e+03
1.714e+03
1.917e+03
1.346e+03
1.564e+03
1.388e+03
1.715e+03
2.132e+03
2.495e+03
2.695e+03
3.099e+03
3.277e+03
2.803e+03
2.789e+03
4.080e+03
2.375e+03
1.900e+03
1.203e+03
9.400e+02
9.880e+02
9.250e+02
7.200e+02
6.860e+02
6.510e+02
7.360e+02
6.430e+02
5.920e+02
5.320e+02
4.480e+02
3.850e+02
4.020e+02
3.700e+02
3.790e+02
3.010e+02
3.100e+02
2.960e+02
2.710e+02
2.490e+02
2.760e+02
2.530e+02
2.360e+02
2.000e+02
2.070e+02
2.120e+02
2.980e+02
2.160e+02
1.780e+02
1.300e+02
1.340e+02
1.340e+02
1.250e+02
1.270e+02
1.210e+02
1.350e+02
1.210e+02
1.350e+02
1.170e+02
1.200e+02
9.300e+01
1.040e+02
7.700e+01
7.900e+01
7.500e+01
8.500e+01
9.300e+01
9.500e+01
8.400e+01
9.800e+01
8.700e+01
1.180e+02
7.900e+01
1.700e+02
1.130e+02
9.600e+01
1.070e+02
9.100e+01
7.900e+01
9.000e+01
8.800e+01
8.300e+01
9.600e+01
9.200e+01
1.120e+02
1.120e+02
9.300e+01
8.900e+01
1.060e+02
1.030e+02
9.400e+01
1.210e+02
9.400e+01
1.340e+02
8.900e+01
1.020e+02
1.030e+02
1.380e+02
1.510e+02
1.430e+02
1.180e+02
1.240e+02
1.430e+02
1.530e+02
1.490e+02
1.540e+02
1.630e+02
1.810e+02
2.020e+02
2.170e+02
2.360e+02
2.380e+02
2.850e+02
2.870e+02
3.330e+02
4.000e+02
4.250e+02
5.300e+02
5.430e+02
5.450e+02
8.250e+02
9.180e+02
1.606e+03
2.002e+03
2.349e+03
2.187e+03
1.516e+03
1.610e+03
1.745e+03
1.626e+03
1.449e+03
1.791e+03
2.193e+03
3.519e+03
3.838e+03
3.121e+03
3.109e+03
3.104e+03
3.568e+03
3.276e+03
2.488e+03
2.392e+03
1.924e+03
1.578e+03
1.546e+03
1.331e+03
1.052e+03
1.049e+03
1.019e+03
9.240e+02
9.330e+02
1.119e+03
1.414e+03
1.170e+03
9.320e+02
8.110e+02
5.750e+02
5.330e+02
5.920e+02
5.530e+02
7.240e+02
8.890e+02
7.460e+02
5.510e+02
3.530e+02
2.810e+02
1.890e+02
1.520e+02
1.390e+02
1.450e+02
1.240e+02
1.220e+02
1.190e+02
1.230e+02
1.000e+02
1.220e+02
1.230e+02
1.040e+02
9.200e+01
9.300e+01
8.500e+01
1.170e+02
9.300e+01
9.200e+01
1.030e+02
9.300e+01
1.050e+02
9.400e+01
9.500e+01
8.800e+01
9.800e+01
1.050e+02
8.200e+01
9.700e+01
9.600e+01
1.170e+02
8.400e+01
8.000e+01
1.050e+02
1.410e+02
9.400e+01
8.600e+01
7.700e+01
7.200e+01
7.200e+01
7.900e+01
8.400e+01
8.500e+01
9.500e+01
9.600e+01
9.800e+01
1.000e+02
1.130e+02
1.110e+02
9.600e+01
1.180e+02
1.060e+02
1.280e+02
1.450e+02
1.640e+02
1.530e+02
1.800e+02
1.630e+02
1.390e+02
1.470e+02
2.270e+02
2.990e+02
2.380e+02
2.080e+02
2.270e+02
2.590e+02
2.630e+02
2.520e+02
2.420e+02
2.460e+02
2.710e+02
2.860e+02
2.990e+02
2.720e+02
2.790e+02
3.280e+02
3.210e+02
5.110e+02
4.840e+02
6.250e+02
6.390e+02
7.100e+02
6.440e+02
9.030e+02
6.680e+02
8.010e+02
9.150e+02
1.011e+03
1.462e+03
2.123e+03
2.930e+03
3.614e+03
2.476e+03
2.206e+03
2.794e+03
2.908e+03
2.986e+03
2.188e+03
1.885e+03
1.530e+03
1.556e+03
1.156e+03
1.140e+03
8.950e+02
9.040e+02
8.550e+02
9.280e+02
7.270e+02
6.330e+02
7.540e+02
9.820e+02
1.472e+03
1.135e+03
1.121e+03
1.415e+03
1.269e+03
9.240e+02
6.510e+02
4.860e+02
4.350e+02
4.130e+02
2.940e+02
2.740e+02
2.730e+02
2.410e+02
3.160e+02
2.580e+02
2.430e+02
2.190e+02
2.110e+02
2.050e+02
2.060e+02
1.720e+02
1.790e+02
1.660e+02
1.760e+02
1.540e+02
1.580e+02
1.840e+02
1.600e+02
1.370e+02
1.470e+02
1.520e+02
1.730e+02
1.510e+02
1.600e+02
1.600e+02
1.500e+02
1.480e+02
1.660e+02
2.130e+02
