1.473e+03
4.200e+02
2.860e+02
2.210e+02
2.080e+02
1.460e+02
1.470e+02
1.380e+02
1.270e+02
1.360e+02
1.110e+02
9.000e+01
7.200e+01
6.400e+01
6.600e+01
7.400e+01
6.000e+01
4.900e+01
6.700e+01
3.900e+01
3.900e+01
4.800e+01
3.200e+01
2.900e+01
3.700e+01
5.300e+01
4.300e+01
3.800e+01
3.100e+01
4.700e+01
4.900e+01
3.000e+01
3.600e+01
3.300e+01
3.100e+01
2.700e+01
2.900e+01
2.100e+01
3.900e+01
3.800e+01
7.000e+01
3.100e+01
3.100e+01
1.800e+01
2.000e+01
3.100e+01
6.700e+01
8.000e+01
4.000e+01
1.800e+01
3.100e+01
1.600e+01
1.000e+01
1.800e+01
1.700e+01
1.800e+01
1.500e+01
1.100e+01
2.100e+01
9.000e+00
4.000e+01
8.000e+00
1.500e+01
5.000e+00
9.000e+00
3.000e+00
1.000e+00
7.000e+00
4.000e+00
3.000e+00
9.000e+00
4.000e+00
5.000e+00
8.000e+00
1.600e+01
7.000e+00
3.000e+00
6.000e+00
5.000e+00
5.000e+00
2.000e+00
1.200e+01
1.100e+01
8.000e+00
2.000e+00
7.000e+00
8.000e+00
7.000e+00
8.000e+00
1.200e+01
3.900e+01
1.100e+01
1.300e+01
3.000e+00
8.000e+00
6.000e+00
9.000e+00
9.000e+00
9.000e+00
4.000e+00
4.000e+00
3.000e+00
9.000e+00
9.000e+00
5.000e+00
1.000e+01
8.000e+00
6.000e+00
4.000e+00
4.000e+00
8.000e+00
1.100e+01
1.000e+01
8.000e+00
7.000e+00
1.800e+01
1.200e+01
1.200e+01
1.200e+01
8.000e+00
2.100e+01
9.000e+00
6.000e+00
1.100e+01
1.900e+01
7.000e+00
9.000e+00
2.000e+01
1.700e+01
2.200e+01
7.000e+00
1.000e+01
1.900e+01
1.400e+01
1.300e+01
2.500e+01
8.000e+00
3.100e+01
1.000e+01
1.500e+01
2.600e+01
1.700e+01
2.200e+01
9.000e+00
2.100e+01
2.600e+01
2.300e+01
2.200e+01
3.600e+01
1.900e+01
5.000e+01
2.700e+01
2.500e+01
3.900e+01
3.600e+01
2.200e+01
2.200e+01
4.400e+01
2.800e+01
3.000e+01
2.700e+01
3.800e+01
4.900e+01
3.900e+01
5.600e+01
5.100e+01
5.200e+01
6.600e+01
9.200e+01
8.300e+01
1.070e+02
1.580e+02
1.650e+02
1.440e+02
1.670e+02
1.970e+02
2.860e+02
3.700e+02
4.680e+02
7.540e+02
4.225e+03
7.410e+02
4.770e+02
4.260e+02
2.850e+02
1.910e+02
2.080e+02
1.850e+02
1.720e+02
1.980e+02
1.510e+02
9.100e+01
8.100e+01
7.100e+01
1.010e+02
7.000e+01
6.800e+01
4.900e+01
6.400e+01
5.800e+01
3.600e+01
4.000e+01
4.400e+01
4.500e+01
2.800e+01
3.900e+01
4.000e+01
3.100e+01
2.900e+01
2.800e+01
5.500e+01
2.000e+01
3.500e+01
3.100e+01
2.100e+01
2.000e+01
3.800e+01
2.400e+01
2.500e+01
2.600e+01
2.400e+01
2.000e+01
2.100e+01
2.300e+01
2.500e+01
2.000e+01
1.400e+01
1.100e+01
1.500e+01
1.500e+01
2.200e+01
1.000e+01
1.400e+01
1.500e+01
1.500e+01
2.000e+01
1.500e+01
1.300e+01
1.200e+01
6.000e+00
2.500e+01
1.300e+01
9.000e+00
9.000e+00
7.000e+00
5.000e+00
3.000e+00
4.000e+00
4.000e+00
7.000e+00
1.300e+01
8.000e+00
9.000e+00
8.000e+00
1.000e+01
8.000e+00
7.000e+00
1.000e+00
7.000e+00
8.000e+00
6.000e+00
7.000e+00
1.400e+01
1.000e+01
1.200e+01
3.000e+00
1.100e+01
5.000e+00
5.000e+00
1.500e+01
4.100e+01
1.100e+01
1.200e+01
1.000e+01
9.000e+00
7.000e+00
4.000e+00
1.000e+01
3.000e+00
7.000e+00
3.000e+00
6.000e+00
8.000e+00
6.000e+00
7.000e+00
5.000e+00
8.000e+00
6.000e+00
5.000e+00
1.400e+01
1.400e+01
1.100e+01
7.000e+00
1.000e+01
8.000e+00
1.000e+01
7.000e+00
7.000e+00
7.000e+00
1.300e+01
2.400e+01
1.100e+01
2.500e+01
2.100e+01
1.200e+01
8.000e+00
1.800e+01
1.400e+01
1.800e+01
1.500e+01
3.000e+01
2.600e+01
3.800e+01
6.900e+01
5.700e+01
3.000e+01
3.500e+01
2.400e+01
3.200e+01
2.900e+01
5.300e+01
2.000e+01
3.300e+01
2.300e+01
1.500e+01
2.800e+01
2.800e+01
2.800e+01
2.900e+01
3.200e+01
5.800e+01
2.500e+01
3.000e+01
3.700e+01
3.300e+01
3.500e+01
3.000e+01
3.800e+01
3.400e+01
2.800e+01
2.700e+01
3.600e+01
3.300e+01
4.500e+01
5.200e+01
5.100e+01
5.500e+01
6.400e+01
7.100e+01
8.700e+01
9.000e+01
1.100e+02
1.160e+02
1.200e+02
1.510e+02
1.580e+02
1.870e+02
2.370e+02
2.270e+02
3.830e+02
