1.270e+03
3.370e+02
2.520e+02
1.890e+02
1.940e+02
1.400e+02
1.370e+02
1.310e+02
1.150e+02
1.080e+02
1.010e+02
8.900e+01
6.200e+01
5.100e+01
5.900e+01
6.900e+01
4.700e+01
5.200e+01
5.600e+01
4.000e+01
3.800e+01
5.000e+01
3.900e+01
3.400e+01
3.600e+01
4.900e+01
3.800e+01
3.600e+01
3.800e+01
4.500e+01
4.500e+01
3.100e+01
3.600e+01
3.900e+01
3.500e+01
3.200e+01
3.400e+01
2.900e+01
3.300e+01
4.000e+01
4.900e+01
3.100e+01
3.300e+01
2.100e+01
2.300e+01
2.600e+01
4.500e+01
5.800e+01
2.600e+01
1.800e+01
2.800e+01
1.900e+01
1.100e+01
1.400e+01
1.700e+01
1.400e+01
1.300e+01
1.300e+01
1.800e+01
1.500e+01
3.700e+01
1.300e+01
1.900e+01
1.100e+01
1.000e+01
6.000e+00
2.000e+00
9.000e+00
5.000e+00
4.000e+00
1.200e+01
7.000e+00
1.000e+01
8.000e+00
1.400e+01
8.000e+00
3.000e+00
8.000e+00
6.000e+00
4.000e+00
3.000e+00
1.400e+01
1.400e+01
1.000e+01
1.000e+00
1.000e+01
9.000e+00
7.000e+00
1.200e+01
1.200e+01
4.700e+01
1.600e+01
1.600e+01
7.000e+00
8.000e+00
1.100e+01
6.000e+00
9.000e+00
1.000e+01
7.000e+00
5.000e+00
4.000e+00
1.100e+01
1.000e+01
5.000e+00
7.000e+00
1.000e+01
7.000e+00
6.000e+00
5.000e+00
1.100e+01
1.200e+01
1.100e+01
1.200e+01
1.000e+01
1.400e+01
1.300e+01
1.100e+01
1.400e+01
1.300e+01
2.300e+01
1.000e+01
7.000e+00
1.300e+01
2.000e+01
8.000e+00
1.100e+01
2.000e+01
1.800e+01
1.600e+01
7.000e+00
1.400e+01
2.000e+01
1.400e+01
1.400e+01
2.800e+01
1.200e+01
2.800e+01
1.700e+01
2.100e+01
2.400e+01
1.400e+01
3.100e+01
1.200e+01
2.300e+01
3.000e+01
3.100e+01
2.000e+01
3.600e+01
2.600e+01
5.400e+01
3.600e+01
2.800e+01
3.800e+01
3.400e+01
2.200e+01
2.500e+01
4.200e+01
2.800e+01
3.100e+01
3.300e+01
3.700e+01
4.300e+01
3.500e+01
5.300e+01
4.500e+01
5.300e+01
6.500e+01
7.800e+01
7.800e+01
1.030e+02
1.280e+02
1.480e+02
1.300e+02
1.620e+02
1.840e+02
2.410e+02
2.990e+02
3.520e+02
5.540e+02
2.800e+03
5.740e+02
3.740e+02
3.240e+02
2.490e+02
1.830e+02
1.810e+02
1.680e+02
1.410e+02
1.620e+02
1.230e+02
8.100e+01
7.600e+01
7.300e+01
8.600e+01
6.900e+01
7.200e+01
5.400e+01
5.600e+01
5.400e+01
4.300e+01
4.500e+01
4.300e+01
4.400e+01
3.500e+01
4.300e+01
4.300e+01
3.100e+01
3.300e+01
3.100e+01
6.100e+01
2.300e+01
3.800e+01
3.300e+01
3.300e+01
2.400e+01
4.400e+01
2.600e+01
2.800e+01
2.700e+01
2.800e+01
2.500e+01
2.800e+01
2.800e+01
2.400e+01
2.300e+01
1.900e+01
1.200e+01
1.400e+01
1.900e+01
2.100e+01
1.300e+01
2.100e+01
1.100e+01
1.100e+01
1.500e+01
1.300e+01
1.600e+01
1.100e+01
9.000e+00
3.200e+01
1.800e+01
1.200e+01
1.700e+01
7.000e+00
8.000e+00
3.000e+00
1.000e+01
7.000e+00
1.200e+01
1.000e+01
1.000e+01
1.100e+01
6.000e+00
1.000e+01
8.000e+00
7.000e+00
1.000e+00
9.000e+00
9.000e+00
8.000e+00
5.000e+00
1.000e+01
1.200e+01
9.000e+00
6.000e+00
9.000e+00
8.000e+00
1.100e+01
1.700e+01
4.500e+01
1.400e+01
1.400e+01
9.000e+00
7.000e+00
1.100e+01
4.000e+00
1.000e+01
7.000e+00
7.000e+00
4.000e+00
5.000e+00
8.000e+00
1.000e+01
8.000e+00
4.000e+00
9.000e+00
9.000e+00
5.000e+00
1.300e+01
1.600e+01
1.300e+01
8.000e+00
1.300e+01
1.000e+01
1.000e+01
7.000e+00
9.000e+00
1.200e+01
1.400e+01
2.100e+01
1.300e+01
2.300e+01
1.800e+01
1.000e+01
1.200e+01
1.800e+01
1.500e+01
1.500e+01
1.700e+01
2.500e+01
2.500e+01
2.400e+01
4.100e+01
3.600e+01
2.400e+01
2.700e+01
1.800e+01
2.700e+01
2.700e+01
4.200e+01
1.900e+01
3.200e+01
2.600e+01
1.800e+01
2.600e+01
2.900e+01
2.900e+01
2.900e+01
3.700e+01
5.900e+01
2.800e+01
3.200e+01
3.300e+01
3.400e+01
2.800e+01
3.100e+01
2.700e+01
2.900e+01
3.200e+01
2.700e+01
3.300e+01
3.100e+01
3.700e+01
4.400e+01
4.400e+01
4.700e+01
7.300e+01
6.700e+01
7.300e+01
7.800e+01
8.800e+01
1.110e+02
1.070e+02
1.480e+02
1.380e+02
1.650e+02
2.030e+02
2.080e+02
3.260e+02
