9.000e+00
0.000e+00
0.000e+00
0.000e+00
1.000e+00
1.000e+00
1.000e+00
0.000e+00
0.000e+00
0.000e+00
0.000e+00
1.000e+00
0.000e+00
0.000e+00
0.000e+00
0.000e+00
0.000e+00
0.000e+00
0.000e+00
0.000e+00
1.000e+00
1.000e+00
2.000e+00
2.000e+00
1.000e+00
1.000e+00
3.000e+00
3.000e+00
7.000e+00
4.000e+00
3.000e+00
3.000e+00
2.000e+00
2.000e+00
6.000e+00
1.200e+01
8.000e+00
1.100e+01
1.400e+01
1.400e+01
3.500e+01
2.300e+01
3.200e+01
4.200e+01
4.500e+01
5.200e+01
3.900e+01
7.000e+01
8.800e+01
7.400e+01
1.170e+02
1.470e+02
1.750e+02
2.350e+02
2.330e+02
2.650e+02
3.690e+02
3.870e+02
4.730e+02
5.760e+02
6.590e+02
8.200e+02
8.990e+02
8.630e+02
8.800e+02
8.900e+02
8.510e+02
7.130e+02
5.910e+02
5.910e+02
4.940e+02
5.170e+02
4.210e+02
3.320e+02
3.270e+02
2.810e+02
2.610e+02
2.370e+02
2.210e+02
1.790e+02
1.690e+02
1.980e+02
1.450e+02
1.700e+02
1.770e+02
1.240e+02
8.500e+01
8.900e+01
7.300e+01
7.500e+01
5.100e+01
5.500e+01
4.000e+01
3.200e+01
3.100e+01
2.200e+01
2.900e+01
2.600e+01
3.000e+01
1.600e+01
1.800e+01
2.300e+01
2.100e+01
1.400e+01
1.500e+01
7.000e+00
1.700e+01
1.100e+01
9.000e+00
1.000e+01
7.000e+00
7.000e+00
8.000e+00
5.000e+00
7.000e+00
1.400e+01
7.000e+00
4.000e+00
1.000e+01
6.000e+00
6.000e+00
1.400e+01
1.000e+01
6.000e+00
1.100e+01
4.000e+00
1.500e+01
1.300e+01
7.000e+00
8.000e+00
1.300e+01
1.000e+01
8.000e+00
1.000e+01
1.100e+01
1.300e+01
1.100e+01
6.000e+00
8.000e+00
9.000e+00
9.000e+00
1.200e+01
1.000e+01
1.600e+01
1.400e+01
1.300e+01
1.100e+01
2.100e+01
1.700e+01
1.700e+01
1.800e+01
1.500e+01
3.900e+01
2.400e+01
2.900e+01
2.500e+01
2.800e+01
4.200e+01
4.200e+01
4.300e+01
5.800e+01
6.400e+01
7.300e+01
9.700e+01
9.100e+01
1.160e+02
1.320e+02
1.880e+02
2.070e+02
2.420e+02
3.550e+02
3.900e+02
4.600e+02
6.240e+02
7.530e+02
9.500e+02
1.210e+03
1.636e+03
2.268e+03
3.769e+03
9.207e+03
4.022e+03
2.265e+03
1.564e+03
1.199e+03
9.460e+02
7.590e+02
5.850e+02
4.650e+02
3.230e+02
3.360e+02
2.580e+02
1.890e+02
1.490e+02
1.290e+02
1.170e+02
9.800e+01
8.100e+01
8.200e+01
5.000e+01
5.900e+01
4.700e+01
4.100e+01
3.400e+01
3.700e+01
4.100e+01
3.200e+01
2.700e+01
2.600e+01
2.300e+01
1.900e+01
2.000e+01
1.800e+01
1.400e+01
1.500e+01
1.900e+01
9.000e+00
1.300e+01
1.400e+01
1.200e+01
8.000e+00
8.000e+00
8.000e+00
5.000e+00
6.000e+00
1.100e+01
4.000e+00
1.000e+01
9.000e+00
6.000e+00
7.000e+00
6.000e+00
4.000e+00
3.000e+00
6.000e+00
6.000e+00
7.000e+00
5.000e+00
1.200e+01
1.400e+01
4.000e+00
1.300e+01
7.000e+00
6.000e+00
8.000e+00
6.000e+00
7.000e+00
1.000e+01
8.000e+00
1.100e+01
1.000e+01
8.000e+00
1.000e+01
1.200e+01
8.000e+00
1.100e+01
1.400e+01
1.500e+01
1.300e+01
1.600e+01
2.200e+01
2.200e+01
3.300e+01
2.900e+01
2.700e+01
3.600e+01
4.600e+01
4.100e+01
3.000e+01
4.600e+01
5.200e+01
5.500e+01
8.400e+01
9.000e+01
9.500e+01
1.430e+02
1.210e+02
1.550e+02
1.760e+02
1.490e+02
1.710e+02
1.640e+02
1.940e+02
2.090e+02
2.280e+02
2.950e+02
2.880e+02
3.670e+02
4.280e+02
4.870e+02
5.070e+02
5.560e+02
6.560e+02
6.930e+02
8.430e+02
9.930e+02
8.660e+02
8.310e+02
9.560e+02
8.260e+02
6.930e+02
5.770e+02
4.900e+02
3.940e+02
3.280e+02
2.680e+02
2.160e+02
1.970e+02
1.610e+02
1.020e+02
1.150e+02
9.100e+01
8.000e+01
7.700e+01
5.400e+01
4.000e+01
4.600e+01
3.600e+01
2.700e+01
2.200e+01
2.200e+01
1.400e+01
6.000e+00
1.300e+01
8.000e+00
1.100e+01
4.000e+00
3.000e+00
3.000e+00
3.000e+00
3.000e+00
0.000e+00
7.000e+00
0.000e+00
1.000e+00
1.000e+00
2.000e+00
3.000e+00
1.000e+00
0.000e+00
1.000e+00
0.000e+00
0.000e+00
2.000e+00
0.000e+00
0.000e+00
0.000e+00
1.000e+00
0.000e+00
0.000e+00
1.000e+00
0.000e+00
3.000e+00
2.000e+00
0.000e+00
0.000e+00
0.000e+00
0.000e+00
1.000e+00
0.000e+00
