2.270e+02
1.040e+02
7.300e+01
4.900e+01
6.200e+01
4.600e+01
5.900e+01
5.800e+01
6.700e+01
6.600e+01
5.900e+01
6.200e+01
6.900e+01
5.800e+01
6.900e+01
7.500e+01
5.800e+01
8.100e+01
8.800e+01
8.800e+01
9.000e+01
1.170e+02
7.700e+01
1.080e+02
1.150e+02
1.230e+02
1.100e+02
7.400e+01
7.700e+01
9.300e+01
1.410e+02
9.000e+01
1.090e+02
8.500e+01
1.100e+02
1.150e+02
1.080e+02
1.530e+02
1.620e+02
1.380e+02
1.860e+02
1.330e+02
1.860e+02
1.970e+02
2.400e+02
4.010e+02
4.120e+02
6.310e+02
6.780e+02
4.650e+02
5.180e+02
4.330e+02
4.550e+02
5.960e+02
7.060e+02
5.070e+02
4.820e+02
4.710e+02
4.070e+02
3.430e+02
3.630e+02
3.030e+02
2.320e+02
2.400e+02
2.110e+02
1.790e+02
1.580e+02
1.560e+02
1.270e+02
1.530e+02
9.100e+01
7.200e+01
1.440e+02
7.400e+01
7.900e+01
6.000e+01
7.800e+01
8.600e+01
6.600e+01
8.900e+01
8.000e+01
8.300e+01
9.400e+01
1.210e+02
1.200e+02
1.190e+02
1.260e+02
7.500e+01
5.800e+01
3.200e+01
6.000e+01
6.000e+01
3.900e+01
3.400e+01
6.400e+01
5.400e+01
4.200e+01
3.400e+01
6.200e+01
7.500e+01
5.200e+01
5.600e+01
5.900e+01
4.400e+01
1.800e+01
1.900e+01
2.200e+01
2.700e+01
3.000e+01
3.600e+01
2.700e+01
2.300e+01
3.400e+01
4.700e+01
2.700e+01
2.700e+01
4.100e+01
4.500e+01
6.100e+01
3.300e+01
2.700e+01
2.300e+01
3.400e+01
2.400e+01
2.700e+01
1.700e+01
2.700e+01
2.100e+01
4.000e+01
2.000e+01
2.100e+01
2.100e+01
2.000e+01
2.300e+01
1.700e+01
2.500e+01
1.400e+01
2.500e+01
2.100e+01
1.900e+01
1.500e+01
4.900e+01
4.400e+01
2.500e+01
3.900e+01
3.800e+01
2.800e+01
4.200e+01
3.800e+01
3.400e+01
4.400e+01
2.700e+01
4.100e+01
2.900e+01
5.900e+01
4.500e+01
3.300e+01
4.200e+01
3.900e+01
5.400e+01
4.600e+01
4.500e+01
8.000e+01
5.100e+01
8.100e+01
8.500e+01
9.500e+01
6.800e+01
1.010e+02
8.800e+01
1.430e+02
2.030e+02
1.790e+02
2.410e+02
2.740e+02
2.710e+02
3.310e+02
6.370e+02
3.630e+02
5.510e+02
4.290e+02
2.970e+02
2.260e+02
2.920e+02
2.700e+02
2.320e+02
2.370e+02
2.230e+02
1.880e+02
1.960e+02
1.340e+02
1.550e+02
1.160e+02
1.120e+02
1.130e+02
1.180e+02
1.460e+02
1.250e+02
4.800e+01
4.300e+01
5.100e+01
4.600e+01
5.300e+01
3.600e+01
3.500e+01
6.800e+01
3.800e+01
3.500e+01
1.400e+01
2.300e+01
2.600e+01
1.900e+01
2.300e+01
3.100e+01
2.500e+01
2.300e+01
1.700e+01
3.000e+01
3.300e+01
2.400e+01
2.100e+01
2.000e+01
1.500e+01
2.500e+01
2.800e+01
2.400e+01
2.900e+01
1.800e+01
2.700e+01
2.000e+01
1.600e+01
2.900e+01
2.300e+01
3.200e+01
2.100e+01
2.400e+01
1.700e+01
3.100e+01
3.900e+01
4.000e+01
2.400e+01
2.700e+01
3.300e+01
1.300e+01
3.900e+01
2.200e+01
3.000e+01
3.400e+01
2.600e+01
3.700e+01
2.000e+01
2.200e+01
1.300e+01
3.700e+01
2.500e+01
1.000e+01
1.400e+01
1.900e+01
1.900e+01
3.400e+01
3.400e+01
4.500e+01
7.400e+01
4.100e+01
4.100e+01
7.800e+01
8.900e+01
4.400e+01
6.000e+01
1.060e+02
6.800e+01
7.800e+01
8.400e+01
1.000e+02
1.570e+02
1.380e+02
1.330e+02
1.120e+02
8.600e+01
6.700e+01
1.130e+02
8.500e+01
8.300e+01
8.800e+01
8.500e+01
6.900e+01
8.400e+01
1.010e+02
1.230e+02
1.160e+02
1.210e+02
1.680e+02
1.470e+02
1.860e+02
1.980e+02
2.090e+02
3.190e+02
3.980e+02
3.960e+02
4.100e+02
4.270e+02
3.880e+02
6.330e+02
5.170e+02
5.490e+02
5.430e+02
4.000e+02
4.440e+02
4.540e+02
5.280e+02
5.610e+02
5.600e+02
5.070e+02
5.140e+02
4.610e+02
3.800e+02
2.840e+02
2.400e+02
2.280e+02
2.040e+02
1.750e+02
1.490e+02
1.170e+02
9.000e+01
1.010e+02
9.500e+01
9.200e+01
9.700e+01
1.020e+02
1.290e+02
7.300e+01
9.700e+01
6.800e+01
8.800e+01
1.320e+02
1.140e+02
1.060e+02
1.440e+02
1.010e+02
1.050e+02
1.330e+02
1.160e+02
8.600e+01
9.000e+01
6.600e+01
7.400e+01
7.000e+01
6.800e+01
5.100e+01
7.100e+01
5.200e+01
7.100e+01
6.600e+01
6.800e+01
9.600e+01
6.600e+01
5.800e+01
5.900e+01
5.000e+01
1.290e+02
