1.154e+03
5.580e+02
4.800e+02
4.410e+02
4.210e+02
4.560e+02
5.030e+02
5.280e+02
6.340e+02
7.530e+02
8.560e+02
9.840e+02
8.600e+02
7.010e+02
7.460e+02
7.220e+02
7.140e+02
8.200e+02
1.094e+03
1.094e+03
9.410e+02
8.370e+02
9.210e+02
8.050e+02
7.540e+02
7.350e+02
9.110e+02
7.990e+02
7.270e+02
9.300e+02
9.480e+02
9.220e+02
9.440e+02
8.360e+02
8.920e+02
8.950e+02
8.690e+02
9.820e+02
9.410e+02
7.970e+02
6.330e+02
5.990e+02
8.600e+02
4.330e+02
2.750e+02
3.340e+02
4.410e+02
1.034e+03
1.093e+03
3.710e+02
2.050e+02
1.100e+02
1.040e+02
1.260e+02
1.260e+02
1.500e+02
1.380e+02
8.600e+01
8.100e+01
4.500e+01
2.800e+01
2.200e+01
1.700e+01
1.800e+01
3.000e+01
2.700e+01
4.600e+01
5.000e+01
6.700e+01
7.100e+01
8.600e+01
1.080e+02
1.160e+02
1.130e+02
1.060e+02
6.800e+01
5.800e+01
6.200e+01
7.000e+01
6.700e+01
6.500e+01
4.100e+01
5.200e+01
5.900e+01
5.200e+01
6.000e+01
5.700e+01
4.400e+01
4.300e+01
4.400e+01
4.000e+01
6.200e+01
4.000e+01
3.100e+01
5.900e+01
5.900e+01
7.100e+01
4.100e+01
4.100e+01
3.900e+01
4.000e+01
4.800e+01
4.100e+01
3.800e+01
3.800e+01
4.800e+01
3.200e+01
3.300e+01
2.900e+01
3.700e+01
4.100e+01
4.200e+01
4.500e+01
4.800e+01
5.000e+01
8.700e+01
5.100e+01
1.350e+02
6.900e+01
5.900e+01
6.800e+01
5.400e+01
4.400e+01
5.700e+01
6.300e+01
5.300e+01
5.900e+01
4.800e+01
6.900e+01
7.700e+01
6.300e+01
5.100e+01
5.500e+01
6.300e+01
3.300e+01
4.600e+01
4.000e+01
7.100e+01
4.600e+01
5.600e+01
6.000e+01
6.600e+01
5.300e+01
6.100e+01
5.300e+01
5.200e+01
4.700e+01
5.400e+01
4.300e+01
3.900e+01
4.400e+01
2.900e+01
4.400e+01
3.700e+01
3.500e+01
3.700e+01
3.400e+01
3.200e+01
4.800e+01
3.300e+01
4.400e+01
3.400e+01
3.100e+01
4.400e+01
3.500e+01
2.800e+01
2.400e+01
4.100e+01
1.800e+01
2.000e+01
3.000e+01
3.100e+01
2.300e+01
2.400e+01
2.100e+01
2.700e+01
3.200e+01
3.800e+01
3.100e+01
3.100e+01
4.700e+01
3.800e+01
2.900e+01
3.000e+01
4.200e+01
2.800e+01
3.900e+01
2.400e+01
2.500e+01
2.000e+01
1.400e+01
1.800e+01
2.400e+01
3.100e+01
2.600e+01
2.300e+01
3.200e+01
4.100e+01
2.200e+01
3.700e+01
3.800e+01
3.300e+01
5.800e+01
5.800e+01
7.200e+01
5.900e+01
7.500e+01
6.300e+01
5.000e+01
4.300e+01
5.300e+01
3.500e+01
4.400e+01
5.400e+01
4.700e+01
6.200e+01
5.100e+01
5.000e+01
4.400e+01
4.500e+01
5.700e+01
4.900e+01
4.200e+01
3.900e+01
5.100e+01
5.400e+01
4.900e+01
4.300e+01
4.400e+01
4.400e+01
4.400e+01
4.300e+01
4.600e+01
4.300e+01
4.600e+01
5.900e+01
5.100e+01
5.700e+01
5.600e+01
6.500e+01
5.900e+01
4.000e+01
5.700e+01
1.140e+02
5.800e+01
4.700e+01
5.900e+01
5.500e+01
5.300e+01
5.300e+01
4.200e+01
5.800e+01
5.700e+01
6.500e+01
5.300e+01
5.400e+01
5.900e+01
5.500e+01
4.300e+01
4.800e+01
4.200e+01
5.300e+01
5.700e+01
6.200e+01
4.700e+01
5.400e+01
5.600e+01
3.700e+01
4.400e+01
5.200e+01
5.100e+01
5.500e+01
5.200e+01
4.700e+01
5.600e+01
4.700e+01
5.800e+01
5.800e+01
5.000e+01
5.300e+01
7.100e+01
6.200e+01
5.900e+01
5.800e+01
4.400e+01
4.900e+01
1.100e+02
8.900e+01
1.110e+02
1.200e+02
9.400e+01
7.600e+01
9.300e+01
5.600e+01
3.500e+01
2.800e+01
3.000e+01
1.600e+01
1.700e+01
3.000e+01
3.300e+01
5.500e+01
7.700e+01
1.120e+02
1.400e+02
1.320e+02
1.130e+02
1.060e+02
9.800e+01
7.700e+01
1.090e+02
1.380e+02
1.010e+02
1.610e+02
1.960e+02
2.160e+02
3.380e+02
4.440e+02
9.700e+02
1.141e+03
1.623e+03
1.414e+03
1.517e+03
1.799e+03
1.548e+03
1.289e+03
1.039e+03
8.800e+02
8.940e+02
9.350e+02
1.004e+03
9.230e+02
7.970e+02
7.590e+02
8.630e+02
7.490e+02
7.500e+02
7.140e+02
6.390e+02
5.610e+02
6.450e+02
5.850e+02
5.590e+02
4.730e+02
4.570e+02
4.010e+02
4.040e+02
4.670e+02
4.310e+02
3.940e+02
4.030e+02
4.410e+02
4.820e+02
4.310e+02
4.650e+02
4.680e+02
4.320e+02
4.410e+02
5.090e+02
6.050e+02
