3.420e+02
1.170e+02
1.010e+02
7.800e+01
6.600e+01
7.100e+01
5.400e+01
6.200e+01
6.700e+01
8.300e+01
7.100e+01
6.700e+01
6.800e+01
6.600e+01
1.040e+02
9.400e+01
9.100e+01
9.000e+01
8.400e+01
1.010e+02
9.600e+01
1.150e+02
1.050e+02
1.060e+02
1.280e+02
1.170e+02
1.230e+02
9.100e+01
1.090e+02
1.010e+02
1.080e+02
9.900e+01
1.120e+02
1.030e+02
1.110e+02
1.420e+02
1.210e+02
9.500e+01
9.700e+01
8.800e+01
9.200e+01
1.140e+02
1.170e+02
1.320e+02
1.280e+02
1.500e+02
1.530e+02
1.750e+02
1.520e+02
1.690e+02
1.630e+02
1.990e+02
1.840e+02
2.190e+02
2.430e+02
2.620e+02
2.800e+02
2.940e+02
2.980e+02
4.030e+02
4.760e+02
4.030e+02
3.500e+02
3.390e+02
3.340e+02
3.440e+02
4.060e+02
3.430e+02
3.080e+02
3.470e+02
3.520e+02
3.530e+02
3.710e+02
3.570e+02
3.410e+02
3.190e+02
2.740e+02
3.110e+02
2.980e+02
3.200e+02
3.230e+02
2.460e+02
2.630e+02
2.860e+02
2.880e+02
2.680e+02
2.540e+02
2.950e+02
2.200e+02
2.490e+02
3.050e+02
3.230e+02
3.050e+02
2.750e+02
2.830e+02
2.150e+02
2.190e+02
1.920e+02
1.910e+02
1.880e+02
1.970e+02
1.580e+02
1.820e+02
2.090e+02
1.660e+02
1.940e+02
1.680e+02
1.660e+02
1.820e+02
1.670e+02
1.820e+02
1.430e+02
1.440e+02
1.710e+02
1.290e+02
1.480e+02
1.450e+02
1.580e+02
1.650e+02
1.890e+02
2.250e+02
1.660e+02
1.690e+02
1.440e+02
1.490e+02
1.530e+02
1.460e+02
1.400e+02
1.740e+02
1.770e+02
1.950e+02
1.910e+02
1.540e+02
1.950e+02
1.910e+02
2.050e+02
2.040e+02
2.220e+02
2.160e+02
2.160e+02
2.340e+02
2.300e+02
2.140e+02
2.990e+02
3.090e+02
3.010e+02
3.910e+02
4.880e+02
4.400e+02
3.800e+02
3.820e+02
2.950e+02
2.990e+02
2.750e+02
2.450e+02
2.940e+02
2.940e+02
3.190e+02
3.000e+02
3.170e+02
3.100e+02
3.110e+02
2.960e+02
3.420e+02
3.250e+02
3.270e+02
3.570e+02
3.780e+02
4.320e+02
3.990e+02
3.910e+02
4.090e+02
3.700e+02
3.520e+02
3.840e+02
4.120e+02
4.140e+02
4.370e+02
4.890e+02
5.650e+02
9.720e+02
5.590e+02
4.810e+02
4.050e+02
4.390e+02
3.550e+02
3.520e+02
3.330e+02
3.180e+02
3.660e+02
3.030e+02
3.270e+02
3.290e+02
3.140e+02
3.160e+02
3.220e+02
2.710e+02
2.680e+02
2.700e+02
2.780e+02
2.540e+02
2.670e+02
2.600e+02
2.720e+02
2.200e+02
2.180e+02
2.190e+02
1.990e+02
1.960e+02
2.260e+02
2.490e+02
2.710e+02
3.180e+02
3.760e+02
3.190e+02
3.120e+02
2.670e+02
2.340e+02
2.190e+02
2.020e+02
1.990e+02
2.100e+02
1.700e+02
1.850e+02
1.640e+02
1.610e+02
1.650e+02
1.620e+02
1.400e+02
1.520e+02
1.480e+02
1.610e+02
1.520e+02
1.530e+02
1.610e+02
1.380e+02
1.300e+02
1.530e+02
1.520e+02
1.590e+02
2.000e+02
2.210e+02
1.520e+02
1.480e+02
1.510e+02
1.480e+02
1.450e+02
1.350e+02
1.310e+02
1.440e+02
1.450e+02
1.640e+02
1.770e+02
1.640e+02
1.470e+02
1.640e+02
1.950e+02
2.080e+02
1.840e+02
1.590e+02
1.860e+02
1.980e+02
2.320e+02
2.090e+02
2.370e+02
2.850e+02
3.030e+02
3.410e+02
3.430e+02
2.910e+02
3.190e+02
3.560e+02
2.880e+02
3.340e+02
3.200e+02
3.390e+02
3.040e+02
2.840e+02
3.210e+02
2.960e+02
3.090e+02
3.070e+02
3.020e+02
3.170e+02
3.340e+02
3.230e+02
3.790e+02
3.920e+02
4.060e+02
3.620e+02
3.770e+02
4.170e+02
3.590e+02
3.670e+02
3.760e+02
4.340e+02
3.560e+02
3.980e+02
3.650e+02
4.270e+02
4.460e+02
3.660e+02
3.360e+02
2.960e+02
2.920e+02
2.600e+02
2.520e+02
2.140e+02
2.070e+02
1.880e+02
1.860e+02
1.550e+02
1.560e+02
1.700e+02
1.580e+02
1.360e+02
1.370e+02
1.220e+02
1.240e+02
9.800e+01
1.140e+02
9.900e+01
8.600e+01
1.050e+02
9.600e+01
9.100e+01
9.200e+01
9.600e+01
9.800e+01
8.400e+01
1.060e+02
8.000e+01
1.080e+02
9.900e+01
8.400e+01
8.600e+01
7.600e+01
9.300e+01
7.600e+01
7.600e+01
8.600e+01
7.400e+01
7.800e+01
6.700e+01
9.000e+01
6.500e+01
8.100e+01
5.600e+01
8.800e+01
7.000e+01
6.000e+01
6.600e+01
7.400e+01
7.500e+01
5.700e+01
7.200e+01
6.800e+01
8.400e+01
6.300e+01
7.500e+01
