1.348e+03
6.750e+02
5.950e+02
5.580e+02
5.450e+02
5.850e+02
6.170e+02
6.440e+02
7.500e+02
8.800e+02
9.670e+02
1.098e+03
9.850e+02
8.250e+02
8.670e+02
8.790e+02
8.790e+02
9.600e+02
1.274e+03
1.278e+03
1.116e+03
1.029e+03
1.112e+03
9.590e+02
9.690e+02
9.750e+02
1.133e+03
9.730e+02
9.700e+02
1.142e+03
1.267e+03
1.253e+03
1.226e+03
1.115e+03
1.211e+03
1.244e+03
1.196e+03
1.378e+03
1.341e+03
1.275e+03
1.171e+03
1.155e+03
1.549e+03
1.211e+03
1.268e+03
1.419e+03
1.738e+03
2.484e+03
2.795e+03
2.157e+03
2.639e+03
2.730e+03
3.419e+03
4.514e+03
5.515e+03
6.552e+03
7.477e+03
9.291e+03
9.129e+03
6.004e+03
5.840e+03
3.450e+03
2.695e+03
1.925e+03
1.444e+03
1.452e+03
1.385e+03
1.040e+03
9.310e+02
8.280e+02
8.880e+02
7.850e+02
7.330e+02
6.690e+02
5.470e+02
4.710e+02
4.820e+02
4.570e+02
4.490e+02
3.490e+02
3.840e+02
3.640e+02
3.400e+02
3.270e+02
3.550e+02
3.200e+02
3.080e+02
2.520e+02
2.640e+02
2.540e+02
3.540e+02
2.620e+02
2.150e+02
1.610e+02
1.770e+02
1.800e+02
1.790e+02
1.540e+02
1.490e+02
1.610e+02
1.490e+02
1.600e+02
1.440e+02
1.530e+02
1.240e+02
1.320e+02
9.900e+01
1.000e+02
9.400e+01
1.050e+02
1.070e+02
1.090e+02
1.070e+02
1.260e+02
1.040e+02
1.420e+02
9.800e+01
1.910e+02
1.350e+02
1.190e+02
1.210e+02
1.100e+02
9.300e+01
1.130e+02
1.040e+02
1.010e+02
1.150e+02
1.060e+02
1.380e+02
1.310e+02
1.090e+02
1.110e+02
1.200e+02
1.270e+02
1.100e+02
1.440e+02
1.080e+02
1.580e+02
1.120e+02
1.330e+02
1.380e+02
1.710e+02
1.850e+02
1.660e+02
1.600e+02
1.490e+02
1.710e+02
1.840e+02
1.770e+02
1.910e+02
2.070e+02
2.230e+02
2.260e+02
2.420e+02
2.530e+02
2.550e+02
3.130e+02
3.140e+02
3.700e+02
4.320e+02
4.600e+02
5.660e+02
5.890e+02
5.870e+02
8.700e+02
9.530e+02
1.645e+03
2.041e+03
2.397e+03
2.246e+03
1.573e+03
1.696e+03
1.832e+03
1.709e+03
1.531e+03
1.896e+03
2.285e+03
3.591e+03
3.919e+03
3.232e+03
3.198e+03
3.200e+03
3.668e+03
3.352e+03
2.611e+03
2.517e+03
2.014e+03
1.693e+03
1.628e+03
1.423e+03
1.155e+03
1.110e+03
1.064e+03
9.780e+02
9.790e+02
1.162e+03
1.472e+03
1.221e+03
9.660e+02
8.590e+02
6.250e+02
5.860e+02
6.290e+02
5.820e+02
7.610e+02
9.160e+02
7.820e+02
5.780e+02
3.780e+02
3.060e+02
2.150e+02
1.800e+02
1.670e+02
1.690e+02
1.570e+02
1.720e+02
1.370e+02
1.580e+02
1.450e+02
1.590e+02
1.550e+02
1.220e+02
1.140e+02
1.080e+02
1.040e+02
1.350e+02
1.300e+02
1.090e+02
1.200e+02
1.110e+02
1.120e+02
1.090e+02
1.150e+02
1.090e+02
1.120e+02
1.260e+02
9.800e+01
1.220e+02
1.240e+02
1.330e+02
1.030e+02
9.200e+01
1.160e+02
1.620e+02
1.130e+02
1.050e+02
1.020e+02
8.900e+01
9.600e+01
9.900e+01
1.000e+02
1.150e+02
1.250e+02
1.310e+02
1.350e+02
1.190e+02
1.300e+02
1.460e+02
1.220e+02
1.460e+02
1.320e+02
1.550e+02
1.730e+02
1.950e+02
1.800e+02
2.130e+02
1.990e+02
1.760e+02
1.810e+02
2.680e+02
3.600e+02
2.830e+02
2.660e+02
2.750e+02
3.320e+02
3.280e+02
3.260e+02
3.010e+02
3.140e+02
3.290e+02
3.650e+02
3.920e+02
3.720e+02
3.540e+02
4.050e+02
3.990e+02
6.100e+02
6.190e+02
7.350e+02
7.630e+02
8.330e+02
8.260e+02
1.102e+03
9.170e+02
1.186e+03
1.344e+03
1.548e+03
2.165e+03
2.954e+03
4.166e+03
5.459e+03
5.567e+03
9.050e+03
9.058e+03
7.605e+03
6.982e+03
5.424e+03
4.422e+03
3.385e+03
3.009e+03
2.248e+03
2.149e+03
1.704e+03
1.648e+03
1.591e+03
1.561e+03
1.305e+03
1.222e+03
1.598e+03
1.736e+03
2.133e+03
1.885e+03
1.927e+03
2.163e+03
1.872e+03
1.582e+03
1.304e+03
1.156e+03
1.137e+03
1.198e+03
1.217e+03
1.112e+03
9.960e+02
9.350e+02
1.027e+03
9.170e+02
9.230e+02
8.710e+02
7.680e+02
7.140e+02
7.690e+02
7.100e+02
6.880e+02
5.640e+02
5.590e+02
5.000e+02
4.930e+02
5.840e+02
5.240e+02
4.900e+02
5.020e+02
5.380e+02
5.990e+02
5.300e+02
5.800e+02
5.810e+02
5.460e+02
5.460e+02
6.140e+02
7.290e+02
