1.760e+02
4.900e+01
2.500e+01
1.700e+01
2.100e+01
1.200e+01
1.600e+01
1.000e+01
1.300e+01
1.200e+01
1.700e+01
1.200e+01
1.700e+01
1.600e+01
8.000e+00
1.700e+01
1.900e+01
1.400e+01
1.800e+01
2.200e+01
2.200e+01
4.700e+01
4.200e+01
3.600e+01
3.600e+01
4.300e+01
3.500e+01
3.000e+01
2.700e+01
5.000e+01
7.000e+01
3.700e+01
3.900e+01
3.800e+01
3.300e+01
4.900e+01
6.700e+01
1.030e+02
1.230e+02
1.710e+02
2.340e+02
2.030e+02
1.530e+02
8.700e+01
8.800e+01
6.900e+01
6.000e+01
5.100e+01
5.700e+01
5.600e+01
5.400e+01
4.600e+01
5.200e+01
6.500e+01
6.200e+01
4.300e+01
4.900e+01
4.600e+01
4.400e+01
4.700e+01
4.900e+01
3.200e+01
3.700e+01
3.600e+01
2.300e+01
1.900e+01
2.500e+01
2.400e+01
1.900e+01
2.200e+01
1.800e+01
2.400e+01
1.900e+01
9.000e+00
1.900e+01
1.200e+01
1.500e+01
1.000e+01
2.000e+01
1.100e+01
6.000e+00
4.000e+00
8.000e+00
9.000e+00
6.000e+00
6.000e+00
7.000e+00
4.000e+00
4.000e+00
2.900e+01
2.540e+02
1.200e+01
6.000e+00
1.400e+01
7.000e+00
1.400e+01
1.100e+01
4.000e+00
1.000e+01
9.000e+00
2.000e+01
6.000e+00
7.000e+00
9.000e+00
5.000e+00
1.500e+01
1.600e+01
1.500e+01
1.800e+01
1.700e+01
1.000e+01
2.300e+01
2.100e+01
2.500e+01
2.500e+01
2.200e+01
3.300e+01
3.700e+01
2.800e+01
3.300e+01
4.600e+01
3.800e+01
4.400e+01
4.500e+01
4.800e+01
4.300e+01
5.000e+01
5.200e+01
5.600e+01
6.300e+01
5.200e+01
5.900e+01
5.500e+01
6.100e+01
5.500e+01
5.300e+01
7.400e+01
1.000e+02
2.050e+02
1.860e+02
1.690e+02
1.480e+02
8.400e+01
8.200e+01
4.800e+01
4.700e+01
4.000e+01
4.100e+01
3.900e+01
4.700e+01
8.300e+01
3.800e+01
4.400e+01
3.400e+01
5.300e+01
5.000e+01
3.700e+01
3.100e+01
5.400e+01
4.600e+01
4.000e+01
2.200e+01
2.000e+01
1.800e+01
1.900e+01
9.000e+00
1.500e+01
1.400e+01
1.200e+01
2.000e+01
1.300e+01
1.000e+01
3.000e+00
1.500e+01
2.000e+01
8.000e+00
2.300e+01
2.600e+01
2.500e+01
5.600e+01
2.390e+02
4.600e+01
3.400e+01
1.500e+01
2.200e+01
1.800e+01
1.500e+01
1.200e+01
1.500e+01
1.100e+01
1.400e+01
1.900e+01
1.600e+01
1.500e+01
1.000e+01
2.200e+01
2.000e+01
1.000e+01
1.800e+01
1.700e+01
4.300e+01
5.000e+01
4.000e+01
3.400e+01
3.600e+01
3.700e+01
4.000e+01
3.500e+01
4.700e+01
4.200e+01
6.600e+01
4.000e+01
3.500e+01
3.800e+01
3.700e+01
4.900e+01
6.600e+01
9.900e+01
1.110e+02
1.620e+02
1.910e+02
2.140e+02
1.790e+02
9.100e+01
8.500e+01
6.000e+01
5.300e+01
5.900e+01
5.400e+01
5.700e+01
5.900e+01
5.500e+01
4.000e+01
6.600e+01
5.100e+01
4.200e+01
6.300e+01
2.700e+01
4.800e+01
4.200e+01
5.100e+01
4.600e+01
2.500e+01
4.500e+01
3.100e+01
2.000e+01
2.000e+01
1.600e+01
2.600e+01
2.100e+01
2.000e+01
1.900e+01
1.500e+01
2.100e+01
1.700e+01
1.300e+01
8.000e+00
1.500e+01
1.000e+01
1.400e+01
6.000e+00
1.000e+01
8.000e+00
1.100e+01
2.000e+00
5.000e+00
4.000e+00
7.000e+00
4.000e+00
2.800e+01
2.510e+02
1.700e+01
1.200e+01
1.600e+01
6.000e+00
5.000e+00
1.400e+01
9.000e+00
8.000e+00
9.000e+00
1.100e+01
1.200e+01
7.000e+00
8.000e+00
8.000e+00
1.400e+01
1.300e+01
1.900e+01
1.300e+01
1.900e+01
1.800e+01
1.600e+01
1.900e+01
2.300e+01
3.200e+01
2.700e+01
2.800e+01
3.400e+01
3.300e+01
2.500e+01
5.400e+01
3.200e+01
3.200e+01
4.400e+01
5.400e+01
4.600e+01
5.900e+01
4.200e+01
5.700e+01
5.800e+01
6.300e+01
5.600e+01
6.800e+01
4.700e+01
4.300e+01
5.500e+01
8.400e+01
1.210e+02
1.940e+02
1.860e+02
1.880e+02
1.240e+02
1.120e+02
7.400e+01
6.300e+01
3.800e+01
4.000e+01
4.900e+01
4.000e+01
4.100e+01
8.100e+01
3.500e+01
3.900e+01
3.900e+01
5.900e+01
4.000e+01
4.000e+01
4.100e+01
4.200e+01
3.800e+01
3.400e+01
2.600e+01
1.400e+01
1.800e+01
2.000e+01
9.000e+00
1.300e+01
8.000e+00
1.100e+01
1.300e+01
1.800e+01
8.000e+00
6.000e+00
1.100e+01
1.600e+01
2.000e+01
1.800e+01
1.700e+01
2.400e+01
5.000e+01
