8.043e+03
2.800e+03
2.014e+03
1.640e+03
1.463e+03
1.253e+03
1.196e+03
1.206e+03
1.328e+03
1.374e+03
1.515e+03
1.660e+03
1.572e+03
1.471e+03
1.593e+03
1.843e+03
1.501e+03
1.522e+03
1.802e+03
1.754e+03
1.606e+03
1.390e+03
1.462e+03
1.243e+03
1.234e+03
1.298e+03
1.466e+03
1.276e+03
1.265e+03
1.409e+03
1.621e+03
1.568e+03
1.528e+03
1.431e+03
1.545e+03
1.585e+03
1.537e+03
1.703e+03
1.644e+03
1.551e+03
1.423e+03
1.394e+03
1.814e+03
1.432e+03
1.465e+03
1.647e+03
1.927e+03
2.837e+03
3.125e+03
2.401e+03
2.915e+03
3.010e+03
3.787e+03
4.954e+03
5.827e+03
6.823e+03
7.759e+03
9.544e+03
9.369e+03
6.280e+03
6.057e+03
3.726e+03
2.900e+03
2.025e+03
1.557e+03
1.532e+03
1.468e+03
1.144e+03
1.015e+03
9.240e+02
9.830e+02
8.880e+02
8.200e+02
7.420e+02
6.030e+02
5.210e+02
5.320e+02
5.080e+02
4.750e+02
3.870e+02
4.200e+02
3.910e+02
3.680e+02
3.790e+02
4.030e+02
3.890e+02
3.580e+02
3.020e+02
3.400e+02
3.180e+02
4.000e+02
3.240e+02
2.710e+02
2.060e+02
2.160e+02
2.340e+02
2.330e+02
1.990e+02
1.840e+02
1.910e+02
1.940e+02
2.060e+02
1.870e+02
2.030e+02
1.900e+02
1.730e+02
1.440e+02
1.720e+02
1.510e+02
1.640e+02
1.870e+02
1.710e+02
1.880e+02
2.180e+02
1.940e+02
2.500e+02
2.240e+02
3.510e+02
2.760e+02
2.470e+02
2.210e+02
2.050e+02
1.860e+02
1.980e+02
1.890e+02
1.860e+02
2.080e+02
2.110e+02
2.220e+02
2.720e+02
3.450e+02
2.810e+02
3.290e+02
4.320e+02
2.380e+02
2.630e+02
2.100e+02
2.640e+02
2.310e+02
2.330e+02
2.680e+02
3.090e+02
2.890e+02
2.730e+02
2.640e+02
2.810e+02
2.650e+02
2.990e+02
3.070e+02
3.220e+02
3.100e+02
3.180e+02
3.580e+02
4.020e+02
4.080e+02
4.750e+02
5.060e+02
4.570e+02
5.280e+02
5.700e+02
5.880e+02
6.980e+02
7.170e+02
7.450e+02
1.053e+03
1.120e+03
1.918e+03
2.243e+03
2.587e+03
2.465e+03
1.797e+03
1.946e+03
2.032e+03
1.960e+03
1.764e+03
2.139e+03
2.593e+03
3.920e+03
4.355e+03
3.944e+03
5.027e+03
3.847e+03
4.125e+03
3.751e+03
2.875e+03
2.756e+03
2.216e+03
1.895e+03
1.808e+03
1.596e+03
1.344e+03
1.243e+03
1.230e+03
1.191e+03
1.299e+03
1.331e+03
1.600e+03
1.329e+03
1.093e+03
9.880e+02
7.210e+02
7.170e+02
7.190e+02
7.090e+02
8.900e+02
1.019e+03
8.850e+02
6.890e+02
5.120e+02
4.470e+02
3.390e+02
3.160e+02
2.890e+02
3.330e+02
4.240e+02
3.640e+02
3.080e+02
3.170e+02
2.820e+02
3.000e+02
2.890e+02
2.360e+02
2.460e+02
2.390e+02
2.440e+02
3.730e+02
3.060e+02
2.200e+02
2.890e+02
2.640e+02
2.400e+02
2.820e+02
3.560e+02
2.270e+02
2.030e+02
2.320e+02
1.880e+02
2.120e+02
2.070e+02
2.450e+02
2.060e+02
1.870e+02
2.440e+02
2.920e+02
2.430e+02
2.120e+02
1.930e+02
1.630e+02
1.470e+02
1.820e+02
1.700e+02
1.770e+02
1.990e+02
2.220e+02
2.140e+02
1.750e+02
2.030e+02
2.100e+02
1.750e+02
1.820e+02
1.850e+02
1.880e+02
2.110e+02
2.330e+02
2.190e+02
2.460e+02
2.490e+02
2.290e+02
2.390e+02
3.270e+02
4.270e+02
3.600e+02
3.180e+02
3.420e+02
3.770e+02
3.850e+02
3.680e+02
3.340e+02
3.580e+02
3.650e+02
4.040e+02
4.150e+02
4.160e+02
3.990e+02
4.630e+02
4.710e+02
6.650e+02
6.900e+02
8.090e+02
8.520e+02
9.340e+02
9.080e+02
1.175e+03
1.019e+03
1.274e+03
1.442e+03
1.649e+03
2.287e+03
3.104e+03
4.335e+03
5.651e+03
5.850e+03
9.328e+03
9.329e+03
7.992e+03
7.301e+03
5.704e+03
4.775e+03
3.749e+03
3.314e+03
2.602e+03
2.465e+03
2.101e+03
1.887e+03
1.820e+03
1.746e+03
1.485e+03
1.433e+03
1.802e+03
1.946e+03
2.311e+03
2.096e+03
2.162e+03
2.392e+03
2.106e+03
1.833e+03
1.644e+03
1.454e+03
1.377e+03
1.494e+03
1.523e+03
1.444e+03
1.420e+03
1.234e+03
1.345e+03
1.265e+03
1.234e+03
1.193e+03
1.107e+03
1.091e+03
1.200e+03
1.149e+03
1.176e+03
1.092e+03
1.199e+03
1.080e+03
1.046e+03
1.221e+03
1.105e+03
1.095e+03
1.129e+03
1.196e+03
1.189e+03
1.242e+03
1.300e+03
1.273e+03
1.395e+03
1.545e+03
2.077e+03
2.839e+03
