2.211e+03
1.264e+03
9.540e+02
6.420e+02
5.150e+02
3.560e+02
3.050e+02
2.260e+02
1.750e+02
1.080e+02
8.900e+01
8.000e+01
7.100e+01
6.400e+01
6.000e+01
6.500e+01
5.900e+01
7.000e+01
7.500e+01
7.800e+01
8.200e+01
9.500e+01
8.900e+01
8.100e+01
1.010e+02
1.020e+02
1.150e+02
8.400e+01
6.800e+01
3.100e+01
5.900e+01
3.000e+01
1.800e+01
1.500e+01
9.000e+00
1.200e+01
5.000e+00
6.000e+00
4.000e+00
1.000e+00
2.000e+00
0.000e+00
1.000e+00
0.000e+00
0.000e+00
0.000e+00
0.000e+00
0.000e+00
1.000e+00
0.000e+00
0.000e+00
3.000e+00
1.000e+00
0.000e+00
0.000e+00
0.000e+00
1.000e+00
0.000e+00
1.000e+00
0.000e+00
0.000e+00
0.000e+00
1.000e+00
0.000e+00
0.000e+00
1.000e+00
0.000e+00
0.000e+00
1.000e+00
0.000e+00
0.000e+00
0.000e+00
1.000e+00
0.000e+00
0.000e+00
0.000e+00
0.000e+00
1.000e+00
0.000e+00
0.000e+00
0.000e+00
4.000e+00
0.000e+00
0.000e+00
0.000e+00
0.000e+00
0.000e+00
0.000e+00
0.000e+00
0.000e+00
0.000e+00
0.000e+00
0.000e+00
0.000e+00
0.000e+00
0.000e+00
0.000e+00
0.000e+00
0.000e+00
0.000e+00
0.000e+00
0.000e+00
0.000e+00
1.000e+00
0.000e+00
0.000e+00
2.000e+00
0.000e+00
0.000e+00
0.000e+00
0.000e+00
0.000e+00
0.000e+00
0.000e+00
0.000e+00
0.000e+00
0.000e+00
1.000e+00
0.000e+00
0.000e+00
0.000e+00
0.000e+00
0.000e+00
0.000e+00
0.000e+00
0.000e+00
0.000e+00
0.000e+00
0.000e+00
0.000e+00
0.000e+00
0.000e+00
0.000e+00
0.000e+00
0.000e+00
0.000e+00
1.000e+00
0.000e+00
3.000e+00
1.000e+00
2.000e+00
0.000e+00
0.000e+00
2.000e+00
1.000e+00
1.000e+00
0.000e+00
1.000e+00
0.000e+00
2.000e+00
2.000e+00
1.000e+00
1.000e+00
2.000e+00
0.000e+00
2.000e+00
1.000e+00
5.000e+00
5.000e+00
3.000e+00
3.000e+00
3.000e+00
0.000e+00
0.000e+00
1.000e+00
1.000e+00
7.000e+00
3.000e+00
3.000e+00
6.000e+00
7.000e+00
7.000e+00
9.000e+00
1.000e+01
1.000e+01
1.100e+01
9.000e+00
2.100e+01
2.400e+01
4.000e+01
3.300e+01
3.600e+01
9.000e+00
1.500e+01
1.900e+01
9.000e+00
1.600e+01
6.000e+00
9.000e+00
6.000e+00
5.000e+00
5.000e+00
2.000e+00
2.000e+00
3.000e+00
4.000e+00
3.000e+00
2.000e+00
1.000e+00
1.000e+00
2.000e+00
5.000e+00
6.000e+00
4.000e+00
2.000e+00
1.000e+00
1.000e+00
4.000e+00
2.000e+00
3.000e+00
2.000e+00
3.000e+00
3.000e+00
3.000e+00
3.000e+00
0.000e+00
3.000e+00
1.000e+00
0.000e+00
0.000e+00
1.000e+00
1.000e+00
3.000e+00
1.000e+00
1.000e+00
0.000e+00
0.000e+00
0.000e+00
0.000e+00
0.000e+00
0.000e+00
0.000e+00
0.000e+00
1.000e+00
0.000e+00
0.000e+00
0.000e+00
0.000e+00
0.000e+00
0.000e+00
2.000e+00
0.000e+00
0.000e+00
2.000e+00
0.000e+00
0.000e+00
0.000e+00
1.000e+00
0.000e+00
0.000e+00
0.000e+00
0.000e+00
1.000e+00
0.000e+00
0.000e+00
0.000e+00
1.000e+00
0.000e+00
0.000e+00
0.000e+00
0.000e+00
0.000e+00
0.000e+00
0.000e+00
0.000e+00
0.000e+00
0.000e+00
0.000e+00
0.000e+00
0.000e+00
0.000e+00
0.000e+00
0.000e+00
1.000e+00
0.000e+00
0.000e+00
0.000e+00
0.000e+00
0.000e+00
0.000e+00
0.000e+00
0.000e+00
1.000e+00
0.000e+00
0.000e+00
1.000e+00
0.000e+00
1.000e+00
0.000e+00
0.000e+00
0.000e+00
0.000e+00
0.000e+00
0.000e+00
0.000e+00
0.000e+00
0.000e+00
2.000e+00
0.000e+00
0.000e+00
0.000e+00
0.000e+00
0.000e+00
0.000e+00
1.000e+00
0.000e+00
0.000e+00
0.000e+00
0.000e+00
1.000e+00
0.000e+00
0.000e+00
1.000e+00
0.000e+00
0.000e+00
2.000e+00
0.000e+00
1.000e+00
0.000e+00
1.000e+00
1.000e+00
5.000e+00
2.000e+00
6.000e+00
7.000e+00
1.300e+01
1.600e+01
1.600e+01
1.800e+01
1.700e+01
5.200e+01
3.200e+01
5.400e+01
8.100e+01
9.000e+01
8.700e+01
7.900e+01
7.300e+01
8.100e+01
7.800e+01
6.200e+01
6.200e+01
6.300e+01
6.700e+01
5.500e+01
5.300e+01
4.900e+01
5.300e+01
5.400e+01
7.200e+01
9.000e+01
1.130e+02
1.780e+02
2.470e+02
3.460e+02
4.290e+02
5.090e+02
6.140e+02
9.670e+02
1.288e+03
