4.460e+02
1.680e+02
1.320e+02
1.010e+02
1.040e+02
1.050e+02
1.200e+02
1.970e+02
2.180e+02
3.390e+02
5.030e+02
7.350e+02
1.015e+03
4.060e+02
9.100e+01
6.900e+01
1.400e+01
8.000e+00
2.000e+00
2.000e+00
4.000e+00
2.000e+00
2.000e+00
2.000e+00
2.000e+00
2.300e+01
2.000e+01
1.500e+01
1.000e+00
1.000e+00
0.000e+00
3.000e+00
1.000e+00
2.000e+00
0.000e+00
1.000e+00
0.000e+00
0.000e+00
0.000e+00
0.000e+00
0.000e+00
1.000e+00
1.000e+00
1.000e+00
5.000e+00
1.000e+00
0.000e+00
3.000e+00
0.000e+00
0.000e+00
0.000e+00
0.000e+00
0.000e+00
1.000e+00
0.000e+00
0.000e+00
0.000e+00
0.000e+00
0.000e+00
0.000e+00
0.000e+00
0.000e+00
0.000e+00
0.000e+00
0.000e+00
0.000e+00
0.000e+00
0.000e+00
0.000e+00
0.000e+00
0.000e+00
1.000e+00
0.000e+00
0.000e+00
0.000e+00
0.000e+00
0.000e+00
0.000e+00
0.000e+00
0.000e+00
0.000e+00
0.000e+00
0.000e+00
0.000e+00
0.000e+00
0.000e+00
0.000e+00
0.000e+00
0.000e+00
0.000e+00
0.000e+00
0.000e+00
0.000e+00
0.000e+00
0.000e+00
0.000e+00
0.000e+00
0.000e+00
0.000e+00
0.000e+00
0.000e+00
0.000e+00
0.000e+00
0.000e+00
0.000e+00
0.000e+00
0.000e+00
0.000e+00
0.000e+00
0.000e+00
0.000e+00
0.000e+00
0.000e+00
0.000e+00
0.000e+00
0.000e+00
0.000e+00
0.000e+00
0.000e+00
0.000e+00
0.000e+00
0.000e+00
0.000e+00
0.000e+00
0.000e+00
0.000e+00
0.000e+00
0.000e+00
0.000e+00
0.000e+00
0.000e+00
0.000e+00
0.000e+00
0.000e+00
0.000e+00
0.000e+00
0.000e+00
0.000e+00
0.000e+00
0.000e+00
0.000e+00
0.000e+00
0.000e+00
0.000e+00
0.000e+00
0.000e+00
0.000e+00
0.000e+00
0.000e+00
0.000e+00
0.000e+00
0.000e+00
0.000e+00
0.000e+00
0.000e+00
0.000e+00
0.000e+00
0.000e+00
0.000e+00
0.000e+00
0.000e+00
0.000e+00
0.000e+00
0.000e+00
0.000e+00
0.000e+00
0.000e+00
0.000e+00
0.000e+00
0.000e+00
0.000e+00
0.000e+00
0.000e+00
0.000e+00
0.000e+00
0.000e+00
0.000e+00
0.000e+00
0.000e+00
0.000e+00
0.000e+00
0.000e+00
0.000e+00
0.000e+00
0.000e+00
0.000e+00
0.000e+00
0.000e+00
0.000e+00
0.000e+00
0.000e+00
0.000e+00
0.000e+00
0.000e+00
0.000e+00
0.000e+00
0.000e+00
0.000e+00
0.000e+00
0.000e+00
0.000e+00
0.000e+00
0.000e+00
0.000e+00
0.000e+00
0.000e+00
0.000e+00
0.000e+00
0.000e+00
0.000e+00
0.000e+00
0.000e+00
0.000e+00
0.000e+00
0.000e+00
0.000e+00
0.000e+00
0.000e+00
0.000e+00
0.000e+00
0.000e+00
0.000e+00
0.000e+00
0.000e+00
0.000e+00
0.000e+00
0.000e+00
0.000e+00
0.000e+00
0.000e+00
0.000e+00
0.000e+00
0.000e+00
0.000e+00
0.000e+00
0.000e+00
0.000e+00
0.000e+00
0.000e+00
0.000e+00
0.000e+00
0.000e+00
0.000e+00
0.000e+00
0.000e+00
0.000e+00
0.000e+00
0.000e+00
0.000e+00
0.000e+00
0.000e+00
0.000e+00
0.000e+00
0.000e+00
0.000e+00
0.000e+00
0.000e+00
0.000e+00
0.000e+00
0.000e+00
0.000e+00
0.000e+00
0.000e+00
0.000e+00
0.000e+00
0.000e+00
0.000e+00
0.000e+00
0.000e+00
0.000e+00
0.000e+00
0.000e+00
0.000e+00
0.000e+00
0.000e+00
0.000e+00
0.000e+00
0.000e+00
0.000e+00
0.000e+00
0.000e+00
0.000e+00
0.000e+00
0.000e+00
0.000e+00
0.000e+00
0.000e+00
0.000e+00
0.000e+00
2.000e+00
0.000e+00
0.000e+00
1.000e+00
0.000e+00
0.000e+00
1.000e+00
0.000e+00
1.000e+00
0.000e+00
0.000e+00
0.000e+00
0.000e+00
1.000e+00
0.000e+00
2.000e+00
0.000e+00
0.000e+00
0.000e+00
1.000e+00
1.000e+00
0.000e+00
0.000e+00
1.000e+00
2.000e+00
0.000e+00
0.000e+00
8.000e+00
0.000e+00
0.000e+00
1.000e+00
0.000e+00
0.000e+00
0.000e+00
0.000e+00
1.000e+00
2.000e+00
2.000e+00
0.000e+00
2.000e+00
0.000e+00
2.000e+00
1.000e+00
0.000e+00
1.600e+01
2.000e+01
3.500e+01
5.000e+00
6.000e+00
2.000e+00
3.000e+00
6.000e+00
4.000e+00
4.000e+00
1.000e+01
1.700e+01
5.400e+01
8.100e+01
3.650e+02
1.035e+03
7.270e+02
5.190e+02
3.230e+02
1.880e+02
2.100e+02
1.500e+02
1.360e+02
1.150e+02
1.170e+02
1.470e+02
1.680e+02
