3.369e+03
8.160e+02
4.690e+02
3.650e+02
3.350e+02
2.550e+02
2.420e+02
2.360e+02
2.070e+02
2.530e+02
2.480e+02
2.790e+02
2.890e+02
2.820e+02
3.450e+02
4.240e+02
4.140e+02
3.700e+02
3.880e+02
3.010e+02
3.330e+02
2.370e+02
2.150e+02
2.110e+02
1.780e+02
1.230e+02
1.680e+02
1.900e+02
1.390e+02
1.420e+02
1.040e+02
1.000e+02
1.100e+02
1.030e+02
1.160e+02
1.760e+02
1.870e+02
2.020e+02
1.050e+02
1.030e+02
8.200e+01
8.800e+01
5.200e+01
6.200e+01
5.400e+01
7.100e+01
6.900e+01
6.700e+01
3.400e+01
6.700e+01
5.300e+01
4.600e+01
3.500e+01
4.000e+01
4.400e+01
4.700e+01
6.300e+01
5.200e+01
5.800e+01
6.600e+01
5.100e+01
4.600e+01
7.900e+01
5.900e+01
3.900e+01
2.700e+01
2.500e+01
2.800e+01
3.100e+01
3.000e+01
3.600e+01
4.800e+01
5.300e+01
3.900e+01
3.100e+01
3.100e+01
2.400e+01
2.900e+01
2.000e+01
2.100e+01
2.000e+01
3.200e+01
4.900e+01
5.700e+01
5.800e+01
4.400e+01
4.500e+01
8.800e+01
5.700e+01
6.100e+01
3.600e+01
2.800e+01
1.800e+01
3.300e+01
2.800e+01
1.600e+01
2.800e+01
2.100e+01
2.300e+01
2.100e+01
2.100e+01
1.900e+01
2.500e+01
4.700e+01
4.700e+01
3.500e+01
4.700e+01
3.500e+01
2.600e+01
3.700e+01
2.700e+01
3.700e+01
5.800e+01
4.800e+01
2.600e+01
3.200e+01
3.300e+01
7.900e+01
5.300e+01
4.200e+01
5.200e+01
5.100e+01
6.400e+01
5.000e+01
6.000e+01
9.500e+01
5.200e+01
4.700e+01
5.500e+01
4.700e+01
3.600e+01
5.700e+01
6.600e+01
5.700e+01
6.900e+01
7.000e+01
7.100e+01
6.900e+01
6.000e+01
6.600e+01
7.400e+01
7.800e+01
9.200e+01
8.200e+01
1.010e+02
1.390e+02
1.530e+02
1.300e+02
1.110e+02
1.130e+02
9.500e+01
1.260e+02
1.690e+02
1.460e+02
1.560e+02
1.670e+02
1.460e+02
1.530e+02
1.690e+02
2.030e+02
2.530e+02
3.520e+02
4.100e+02
3.370e+02
3.360e+02
4.040e+02
4.300e+02
3.120e+02
2.750e+02
2.700e+02
2.480e+02
2.880e+02
2.540e+02
2.480e+02
2.530e+02
2.730e+02
3.080e+02
3.470e+02
4.810e+02
9.000e+02
3.208e+03
8.480e+02
5.080e+02
3.980e+02
3.170e+02
2.960e+02
2.670e+02
2.590e+02
2.770e+02
2.720e+02
2.660e+02
2.820e+02
2.900e+02
3.060e+02
3.990e+02
3.740e+02
4.320e+02
3.490e+02
4.010e+02
2.650e+02
2.550e+02
2.530e+02
2.240e+02
2.010e+02
1.920e+02
1.350e+02
1.390e+02
2.060e+02
1.550e+02
1.450e+02
1.370e+02
1.120e+02
1.300e+02
1.950e+02
1.820e+02
1.140e+02
6.200e+01
9.000e+01
9.800e+01
9.100e+01
7.700e+01
8.400e+01
7.100e+01
5.600e+01
5.800e+01
4.200e+01
4.700e+01
5.400e+01
5.400e+01
5.200e+01
3.200e+01
5.000e+01
5.200e+01
4.500e+01
3.800e+01
5.800e+01
5.600e+01
5.200e+01
5.800e+01
4.600e+01
5.500e+01
4.500e+01
7.100e+01
5.900e+01
2.500e+01
3.300e+01
3.300e+01
5.000e+01
3.900e+01
3.100e+01
3.100e+01
3.000e+01
4.100e+01
4.400e+01
5.000e+01
4.400e+01
3.500e+01
4.900e+01
4.100e+01
3.100e+01
3.400e+01
4.700e+01
2.500e+01
2.600e+01
2.400e+01
3.700e+01
4.200e+01
2.700e+01
2.600e+01
3.000e+01
2.900e+01
4.500e+01
4.700e+01
5.800e+01
3.700e+01
3.800e+01
3.000e+01
2.900e+01
3.100e+01
1.800e+01
1.300e+01
1.500e+01
1.200e+01
3.500e+01
3.000e+01
2.700e+01
3.000e+01
4.700e+01
6.000e+01
5.100e+01
3.000e+01
2.600e+01
4.900e+01
5.300e+01
3.400e+01
3.200e+01
4.600e+01
8.300e+01
6.700e+01
4.500e+01
5.800e+01
5.500e+01
6.900e+01
5.400e+01
6.600e+01
6.700e+01
3.500e+01
5.000e+01
5.300e+01
4.000e+01
6.000e+01
7.000e+01
6.000e+01
7.700e+01
7.800e+01
5.900e+01
3.700e+01
4.700e+01
6.500e+01
8.300e+01
1.110e+02
8.300e+01
1.000e+02
1.330e+02
1.360e+02
1.390e+02
1.220e+02
1.260e+02
1.620e+02
1.180e+02
1.310e+02
1.560e+02
1.490e+02
1.340e+02
1.630e+02
1.170e+02
1.390e+02
1.780e+02
2.360e+02
3.420e+02
3.270e+02
2.790e+02
3.030e+02
3.430e+02
3.930e+02
5.230e+02
3.190e+02
2.570e+02
2.530e+02
2.740e+02
2.650e+02
2.460e+02
2.100e+02
2.570e+02
2.280e+02
2.330e+02
2.860e+02
3.440e+02
4.530e+02
8.500e+02
