4.430e+02
1.620e+02
1.110e+02
7.700e+01
8.400e+01
9.000e+01
8.400e+01
7.800e+01
7.800e+01
5.600e+01
5.100e+01
5.000e+01
3.700e+01
4.200e+01
4.000e+01
4.600e+01
7.400e+01
6.100e+01
4.200e+01
4.100e+01
6.000e+01
4.300e+01
4.900e+01
5.000e+01
5.400e+01
3.200e+01
3.700e+01
3.900e+01
6.300e+01
5.200e+01
8.000e+01
6.900e+01
4.400e+01
5.100e+01
6.900e+01
4.400e+01
5.700e+01
4.700e+01
7.300e+01
4.600e+01
6.100e+01
5.900e+01
5.200e+01
6.100e+01
5.500e+01
5.900e+01
6.200e+01
5.800e+01
6.800e+01
5.000e+01
4.700e+01
6.000e+01
6.000e+01
6.600e+01
7.900e+01
7.600e+01
9.000e+01
7.700e+01
1.350e+02
1.960e+02
4.530e+02
1.810e+02
1.090e+02
8.900e+01
9.300e+01
8.500e+01
9.600e+01
9.100e+01
7.600e+01
6.200e+01
5.800e+01
5.700e+01
4.400e+01
4.700e+01
5.100e+01
6.200e+01
4.500e+01
5.900e+01
5.300e+01
6.200e+01
6.400e+01
5.700e+01
4.800e+01
4.100e+01
4.600e+01
5.300e+01
5.400e+01
5.600e+01
4.800e+01
6.400e+01
8.200e+01
4.900e+01
5.500e+01
4.900e+01
5.800e+01
5.500e+01
5.100e+01
6.700e+01
6.400e+01
5.900e+01
4.300e+01
5.700e+01
5.600e+01
5.700e+01
5.400e+01
4.700e+01
4.600e+01
4.400e+01
5.000e+01
4.700e+01
4.800e+01
6.300e+01
7.800e+01
7.100e+01
7.400e+01
7.300e+01
6.700e+01
7.300e+01
1.180e+02
1.980e+02
3.730e+02
1.710e+02
9.600e+01
9.100e+01
7.900e+01
8.100e+01
1.070e+02
7.600e+01
6.800e+01
7.100e+01
6.300e+01
4.700e+01
5.100e+01
5.300e+01
5.000e+01
5.000e+01
5.000e+01
5.300e+01
5.300e+01
3.900e+01
6.500e+01
5.500e+01
6.200e+01
4.900e+01
5.100e+01
5.300e+01
3.500e+01
4.900e+01
5.500e+01
5.500e+01
7.900e+01
5.700e+01
5.300e+01
4.700e+01
4.600e+01
6.200e+01
4.900e+01
5.100e+01
4.800e+01
5.500e+01
5.400e+01
6.200e+01
6.600e+01
5.900e+01
4.700e+01
4.700e+01
6.800e+01
7.200e+01
4.800e+01
5.600e+01
3.700e+01
4.800e+01
5.100e+01
6.500e+01
8.000e+01
1.000e+02
9.200e+01
9.200e+01
1.200e+02
1.740e+02
5.120e+02
1.690e+02
1.100e+02
8.000e+01
1.070e+02
1.000e+02
8.000e+01
7.000e+01
6.000e+01
6.000e+01
3.900e+01
6.000e+01
4.200e+01
5.000e+01
6.700e+01
6.400e+01
6.100e+01
4.600e+01
5.700e+01
5.700e+01
5.000e+01
4.400e+01
6.100e+01
4.300e+01
5.000e+01
3.700e+01
5.800e+01
4.900e+01
5.000e+01
5.000e+01
7.300e+01
6.900e+01
4.000e+01
7.300e+01
5.100e+01
4.400e+01
5.700e+01
5.300e+01
6.300e+01
5.000e+01
5.800e+01
4.900e+01
5.100e+01
6.200e+01
5.600e+01
5.400e+01
6.900e+01
3.800e+01
4.800e+01
4.500e+01
5.100e+01
6.000e+01
5.900e+01
5.400e+01
7.000e+01
8.500e+01
7.700e+01
8.800e+01
1.120e+02
1.760e+02
3.990e+02
1.990e+02
1.070e+02
8.100e+01
7.600e+01
7.900e+01
7.400e+01
6.800e+01
9.500e+01
7.700e+01
5.700e+01
4.800e+01
4.500e+01
3.800e+01
3.500e+01
4.900e+01
4.200e+01
7.200e+01
4.200e+01
5.200e+01
6.600e+01
4.800e+01
5.400e+01
5.500e+01
5.400e+01
4.300e+01
4.100e+01
5.400e+01
4.900e+01
6.000e+01
8.000e+01
6.100e+01
5.100e+01
5.200e+01
5.800e+01
6.200e+01
4.300e+01
5.100e+01
4.600e+01
7.000e+01
7.000e+01
6.600e+01
5.600e+01
6.200e+01
5.400e+01
5.100e+01
5.500e+01
5.400e+01
4.900e+01
4.300e+01
6.400e+01
6.000e+01
8.200e+01
7.700e+01
7.300e+01
8.400e+01
7.600e+01
9.200e+01
1.180e+02
2.000e+02
4.170e+02
1.740e+02
1.060e+02
1.050e+02
1.140e+02
1.030e+02
8.500e+01
7.100e+01
7.800e+01
4.900e+01
6.400e+01
5.300e+01
7.900e+01
5.400e+01
5.700e+01
4.600e+01
5.400e+01
5.500e+01
5.400e+01
6.200e+01
5.700e+01
5.700e+01
5.400e+01
5.500e+01
4.500e+01
5.200e+01
4.000e+01
5.300e+01
5.300e+01
5.300e+01
8.100e+01
4.900e+01
6.100e+01
4.700e+01
4.700e+01
5.500e+01
4.400e+01
4.700e+01
6.100e+01
6.000e+01
3.600e+01
6.500e+01
4.800e+01
6.200e+01
5.800e+01
5.800e+01
4.600e+01
4.900e+01
2.900e+01
3.200e+01
4.400e+01
6.600e+01
6.700e+01
6.500e+01
7.100e+01
8.400e+01
8.000e+01
8.600e+01
1.270e+02
1.630e+02
