1.100e+01
6.000e+00
4.000e+00
7.000e+00
3.000e+00
4.000e+00
2.000e+00
4.000e+00
3.000e+00
2.000e+00
0.000e+00
4.000e+00
2.000e+00
1.000e+00
2.000e+00
2.000e+00
2.000e+00
3.000e+00
1.000e+00
4.000e+00
0.000e+00
3.000e+00
0.000e+00
2.000e+00
1.000e+00
5.000e+00
1.000e+00
4.000e+00
3.000e+00
5.000e+00
5.000e+00
5.000e+00
3.000e+00
5.000e+00
2.000e+00
4.000e+00
4.000e+00
2.000e+00
2.000e+00
6.000e+00
3.000e+00
7.000e+00
1.000e+01
6.000e+00
7.000e+00
7.000e+00
5.000e+00
1.500e+01
5.000e+00
9.000e+00
9.000e+00
1.300e+01
1.500e+01
1.000e+01
2.000e+01
1.700e+01
2.700e+01
1.900e+01
2.900e+01
3.300e+01
3.100e+01
3.200e+01
4.100e+01
4.500e+01
5.200e+01
4.600e+01
5.500e+01
7.100e+01
8.600e+01
6.400e+01
7.600e+01
8.400e+01
1.010e+02
9.900e+01
1.080e+02
1.360e+02
1.650e+02
1.750e+02
1.690e+02
1.780e+02
1.720e+02
1.790e+02
1.810e+02
2.300e+02
2.140e+02
1.830e+02
2.130e+02
2.560e+02
2.920e+02
3.490e+02
5.080e+02
2.520e+02
2.300e+02
2.520e+02
2.550e+02
2.280e+02
2.010e+02
1.670e+02
1.750e+02
1.620e+02
1.630e+02
1.690e+02
1.750e+02
1.500e+02
1.300e+02
9.300e+01
7.900e+01
1.000e+02
6.800e+01
5.200e+01
5.700e+01
5.500e+01
6.200e+01
6.000e+01
4.200e+01
4.000e+01
3.700e+01
3.100e+01
2.700e+01
2.100e+01
2.400e+01
2.300e+01
2.000e+01
1.600e+01
2.200e+01
2.100e+01
1.800e+01
1.300e+01
1.300e+01
1.300e+01
7.000e+00
5.000e+00
8.000e+00
1.000e+01
4.000e+00
6.000e+00
9.000e+00
8.000e+00
5.000e+00
1.000e+01
6.000e+00
3.000e+00
3.000e+00
4.000e+00
3.000e+00
3.000e+00
3.000e+00
5.000e+00
4.000e+00
4.000e+00
0.000e+00
3.000e+00
2.000e+00
4.000e+00
1.000e+00
1.000e+00
0.000e+00
1.000e+00
1.000e+00
4.000e+00
3.000e+00
2.000e+00
2.000e+00
3.000e+00
2.000e+00
3.000e+00
0.000e+00
0.000e+00
3.000e+00
1.000e+00
3.000e+00
2.000e+00
1.000e+00
1.000e+00
2.000e+00
6.000e+00
0.000e+00
6.000e+00
8.000e+00
4.000e+00
1.300e+01
5.000e+00
3.000e+00
7.000e+00
6.000e+00
4.000e+00
2.000e+00
1.000e+00
2.000e+00
4.000e+00
0.000e+00
5.000e+00
1.000e+00
2.000e+00
3.000e+00
2.000e+00
2.000e+00
3.000e+00
3.000e+00
2.000e+00
2.000e+00
1.000e+00
3.000e+00
0.000e+00
4.000e+00
2.000e+00
3.000e+00
3.000e+00
1.000e+00
6.000e+00
3.000e+00
3.000e+00
6.000e+00
6.000e+00
4.000e+00
4.000e+00
5.000e+00
0.000e+00
5.000e+00
6.000e+00
6.000e+00
5.000e+00
4.000e+00
9.000e+00
6.000e+00
5.000e+00
8.000e+00
1.100e+01
1.100e+01
5.000e+00
8.000e+00
1.300e+01
1.400e+01
1.300e+01
1.900e+01
1.900e+01
1.900e+01
1.800e+01
3.200e+01
3.500e+01
3.300e+01
2.600e+01
3.400e+01
3.400e+01
4.100e+01
4.500e+01
4.100e+01
5.200e+01
6.100e+01
6.500e+01
5.300e+01
6.400e+01
4.700e+01
8.300e+01
7.500e+01
1.040e+02
9.900e+01
1.200e+02
1.670e+02
1.750e+02
1.540e+02
1.240e+02
1.650e+02
1.550e+02
1.530e+02
1.670e+02
2.070e+02
1.850e+02
2.050e+02
2.330e+02
5.040e+02
3.220e+02
2.880e+02
2.510e+02
2.500e+02
2.600e+02
2.600e+02
2.310e+02
2.570e+02
2.230e+02
1.880e+02
1.800e+02
1.790e+02
2.030e+02
2.140e+02
1.570e+02
1.270e+02
1.140e+02
8.600e+01
1.060e+02
8.200e+01
6.500e+01
6.900e+01
8.200e+01
6.600e+01
4.200e+01
4.200e+01
3.100e+01
3.400e+01
2.500e+01
3.500e+01
3.100e+01
2.000e+01
2.200e+01
1.900e+01
1.900e+01
2.100e+01
1.200e+01
1.200e+01
9.000e+00
5.000e+00
1.200e+01
9.000e+00
7.000e+00
5.000e+00
7.000e+00
1.300e+01
5.000e+00
5.000e+00
9.000e+00
6.000e+00
4.000e+00
3.000e+00
2.000e+00
1.000e+00
4.000e+00
3.000e+00
4.000e+00
5.000e+00
2.000e+00
5.000e+00
1.000e+00
0.000e+00
0.000e+00
3.000e+00
1.000e+00
4.000e+00
0.000e+00
2.000e+00
2.000e+00
3.000e+00
2.000e+00
4.000e+00
1.000e+00
2.000e+00
2.000e+00
3.000e+00
1.000e+00
3.000e+00
0.000e+00
1.000e+00
3.000e+00
0.000e+00
3.000e+00
1.000e+00
4.000e+00
2.000e+00
3.000e+00
5.000e+00
9.000e+00
