5.100e+01
1.300e+01
1.000e+01
1.700e+01
1.200e+01
1.000e+01
8.000e+00
1.400e+01
1.400e+01
6.000e+00
1.300e+01
1.400e+01
1.100e+01
1.700e+01
1.800e+01
1.400e+01
2.000e+01
1.300e+01
7.000e+00
2.400e+01
6.000e+00
1.800e+01
1.500e+01
2.200e+01
1.600e+01
2.200e+01
1.800e+01
3.700e+01
3.800e+01
3.400e+01
2.600e+01
2.800e+01
2.700e+01
2.900e+01
2.400e+01
3.500e+01
3.700e+01
3.200e+01
3.600e+01
4.600e+01
3.900e+01
5.600e+01
6.100e+01
5.900e+01
5.400e+01
6.900e+01
5.000e+01
7.000e+01
6.700e+01
6.900e+01
5.300e+01
6.500e+01
7.000e+01
7.600e+01
7.500e+01
8.300e+01
1.000e+02
7.900e+01
8.600e+01
1.000e+02
1.170e+02
1.060e+02
1.110e+02
1.290e+02
1.300e+02
1.210e+02
1.310e+02
1.460e+02
1.500e+02
1.440e+02
1.510e+02
1.570e+02
1.860e+02
1.600e+02
2.080e+02
2.250e+02
2.430e+02
2.550e+02
2.650e+02
2.800e+02
2.760e+02
2.760e+02
2.770e+02
3.300e+02
3.050e+02
2.690e+02
3.230e+02
3.840e+02
4.700e+02
5.020e+02
8.300e+02
3.510e+02
3.220e+02
3.520e+02
3.400e+02
3.200e+02
3.020e+02
2.590e+02
2.750e+02
2.570e+02
2.480e+02
2.500e+02
2.450e+02
2.390e+02
2.440e+02
1.970e+02
1.600e+02
1.660e+02
1.460e+02
1.400e+02
1.250e+02
1.240e+02
1.340e+02
1.170e+02
1.110e+02
9.500e+01
1.180e+02
9.800e+01
1.070e+02
8.200e+01
9.500e+01
7.500e+01
8.900e+01
7.300e+01
7.500e+01
7.800e+01
6.600e+01
6.700e+01
7.200e+01
7.500e+01
7.800e+01
6.200e+01
6.600e+01
6.500e+01
6.400e+01
5.300e+01
5.600e+01
4.600e+01
6.100e+01
4.600e+01
5.600e+01
3.600e+01
3.300e+01
3.500e+01
3.800e+01
2.100e+01
3.100e+01
2.800e+01
3.000e+01
3.200e+01
2.500e+01
2.800e+01
2.400e+01
2.900e+01
2.500e+01
2.000e+01
1.900e+01
1.800e+01
1.700e+01
1.800e+01
1.500e+01
1.700e+01
2.000e+01
1.300e+01
8.000e+00
1.700e+01
1.300e+01
1.600e+01
1.400e+01
8.000e+00
1.600e+01
9.000e+00
1.100e+01
9.000e+00
7.000e+00
1.300e+01
7.000e+00
1.000e+01
1.800e+01
1.800e+01
5.300e+01
1.400e+01
1.700e+01
1.300e+01
9.000e+00
1.500e+01
7.000e+00
7.000e+00
9.000e+00
1.600e+01
1.400e+01
1.700e+01
1.100e+01
1.600e+01
1.600e+01
2.000e+01
1.400e+01
1.200e+01
1.500e+01
1.200e+01
1.600e+01
1.300e+01
2.100e+01
1.600e+01
2.300e+01
3.200e+01
1.700e+01
3.600e+01
2.700e+01
3.300e+01
2.300e+01
2.600e+01
4.100e+01
2.200e+01
2.600e+01
3.800e+01
2.800e+01
2.300e+01
4.200e+01
5.200e+01
5.800e+01
4.800e+01
4.300e+01
4.400e+01
5.000e+01
6.100e+01
6.200e+01
6.900e+01
5.800e+01
5.100e+01
5.300e+01
6.500e+01
5.600e+01
6.500e+01
6.300e+01
9.100e+01
8.200e+01
7.200e+01
9.200e+01
9.700e+01
1.040e+02
8.500e+01
9.600e+01
1.120e+02
1.080e+02
1.110e+02
1.120e+02
1.240e+02
1.190e+02
1.280e+02
1.350e+02
1.350e+02
1.100e+02
1.570e+02
1.380e+02
1.790e+02
1.900e+02
2.130e+02
2.550e+02
2.460e+02
2.520e+02
1.910e+02
2.500e+02
2.470e+02
2.520e+02
2.570e+02
3.070e+02
2.800e+02
3.090e+02
3.390e+02
8.170e+02
4.870e+02
4.650e+02
3.620e+02
3.500e+02
3.620e+02
3.450e+02
3.230e+02
3.590e+02
3.290e+02
2.790e+02
2.810e+02
2.450e+02
3.030e+02
3.290e+02
2.600e+02
2.290e+02
2.030e+02
1.840e+02
1.830e+02
1.680e+02
1.450e+02
1.510e+02
1.560e+02
1.380e+02
1.090e+02
1.280e+02
1.000e+02
9.900e+01
1.130e+02
1.160e+02
9.900e+01
8.200e+01
9.000e+01
7.000e+01
7.800e+01
8.000e+01
7.900e+01
6.900e+01
7.800e+01
7.300e+01
9.800e+01
6.100e+01
6.200e+01
5.200e+01
8.000e+01
6.300e+01
6.800e+01
4.500e+01
5.500e+01
4.900e+01
3.400e+01
3.500e+01
4.200e+01
2.700e+01
3.000e+01
3.000e+01
3.000e+01
3.600e+01
3.600e+01
2.900e+01
1.800e+01
2.500e+01
2.900e+01
2.400e+01
2.300e+01
2.400e+01
1.500e+01
1.600e+01
1.500e+01
1.500e+01
1.900e+01
1.600e+01
1.300e+01
8.000e+00
1.500e+01
1.300e+01
2.200e+01
1.000e+01
9.000e+00
9.000e+00
1.300e+01
4.000e+00
1.100e+01
1.000e+01
1.100e+01
7.000e+00
1.300e+01
1.300e+01
2.100e+01
