3.379e+03
8.200e+02
4.730e+02
3.710e+02
3.380e+02
2.610e+02
2.450e+02
2.440e+02
2.120e+02
2.650e+02
2.610e+02
2.860e+02
2.970e+02
2.890e+02
3.470e+02
4.240e+02
4.160e+02
3.740e+02
3.920e+02
3.070e+02
3.370e+02
2.420e+02
2.190e+02
2.170e+02
1.850e+02
1.330e+02
1.810e+02
2.000e+02
1.440e+02
1.510e+02
1.090e+02
1.030e+02
1.220e+02
1.200e+02
1.360e+02
1.890e+02
2.030e+02
2.210e+02
1.190e+02
1.220e+02
1.070e+02
1.220e+02
8.600e+01
1.050e+02
8.800e+01
9.300e+01
8.700e+01
8.400e+01
5.100e+01
7.900e+01
6.700e+01
5.500e+01
4.300e+01
4.700e+01
5.000e+01
4.900e+01
6.800e+01
6.200e+01
6.500e+01
7.600e+01
6.500e+01
6.000e+01
9.400e+01
9.900e+01
6.500e+01
6.200e+01
4.800e+01
6.100e+01
6.800e+01
5.100e+01
6.000e+01
6.800e+01
8.400e+01
6.900e+01
5.100e+01
4.600e+01
4.100e+01
3.500e+01
2.700e+01
3.000e+01
3.000e+01
4.000e+01
6.200e+01
6.900e+01
6.200e+01
6.300e+01
5.400e+01
9.200e+01
6.300e+01
6.500e+01
4.300e+01
3.500e+01
1.800e+01
4.100e+01
3.400e+01
2.400e+01
4.400e+01
3.400e+01
3.400e+01
2.800e+01
3.200e+01
2.700e+01
3.200e+01
6.100e+01
6.500e+01
6.100e+01
6.400e+01
6.500e+01
4.800e+01
6.800e+01
4.500e+01
6.000e+01
7.800e+01
6.900e+01
5.900e+01
6.200e+01
5.100e+01
1.000e+02
6.900e+01
5.300e+01
6.100e+01
5.900e+01
7.300e+01
5.500e+01
6.800e+01
1.090e+02
6.000e+01
5.700e+01
6.300e+01
6.200e+01
4.300e+01
6.800e+01
7.300e+01
7.600e+01
8.100e+01
9.500e+01
9.100e+01
9.000e+01
7.800e+01
8.700e+01
9.700e+01
9.500e+01
1.050e+02
1.020e+02
1.130e+02
1.460e+02
1.670e+02
1.400e+02
1.150e+02
1.210e+02
1.020e+02
1.350e+02
1.760e+02
1.570e+02
1.610e+02
1.740e+02
1.540e+02
1.600e+02
1.780e+02
2.130e+02
2.570e+02
3.550e+02
4.200e+02
3.400e+02
3.400e+02
4.090e+02
4.390e+02
3.170e+02
2.770e+02
2.780e+02
2.510e+02
2.970e+02
2.580e+02
2.560e+02
2.640e+02
2.770e+02
3.160e+02
3.490e+02
4.820e+02
9.040e+02
3.216e+03
8.530e+02
5.110e+02
4.050e+02
3.250e+02
2.990e+02
2.740e+02
2.650e+02
2.870e+02
2.790e+02
2.730e+02
2.860e+02
2.940e+02
3.170e+02
4.080e+02
3.790e+02
4.360e+02
3.520e+02
4.050e+02
2.700e+02
2.580e+02
2.570e+02
2.340e+02
2.140e+02
1.990e+02
1.420e+02
1.450e+02
2.180e+02
1.640e+02
1.530e+02
1.480e+02
1.270e+02
1.440e+02
2.140e+02
1.980e+02
1.290e+02
8.300e+01
1.160e+02
1.160e+02
1.160e+02
1.020e+02
1.090e+02
8.500e+01
8.200e+01
8.100e+01
7.200e+01
7.200e+01
6.900e+01
6.600e+01
6.000e+01
4.600e+01
6.000e+01
6.000e+01
5.500e+01
4.600e+01
6.700e+01
6.300e+01
5.700e+01
6.200e+01
5.200e+01
6.300e+01
5.900e+01
8.200e+01
7.700e+01
5.100e+01
7.000e+01
5.900e+01
7.500e+01
6.700e+01
4.800e+01
5.800e+01
5.500e+01
7.500e+01
6.800e+01
7.600e+01
6.300e+01
6.100e+01
6.400e+01
5.000e+01
3.600e+01
4.600e+01
5.300e+01
3.600e+01
3.800e+01
3.700e+01
4.700e+01
5.000e+01
3.300e+01
2.800e+01
3.500e+01
3.600e+01
4.800e+01
5.400e+01
6.400e+01
4.200e+01
4.200e+01
3.800e+01
4.300e+01
4.600e+01
3.000e+01
2.900e+01
2.000e+01
2.300e+01
4.300e+01
3.800e+01
4.600e+01
6.400e+01
8.100e+01
7.300e+01
6.200e+01
4.700e+01
5.700e+01
7.300e+01
7.100e+01
6.800e+01
6.700e+01
8.100e+01
1.090e+02
8.200e+01
6.200e+01
7.100e+01
6.900e+01
8.100e+01
6.000e+01
7.000e+01
7.300e+01
4.400e+01
6.200e+01
5.800e+01
5.500e+01
7.200e+01
7.900e+01
7.400e+01
8.700e+01
1.050e+02
7.400e+01
7.000e+01
7.600e+01
8.900e+01
1.020e+02
1.240e+02
9.700e+01
1.110e+02
1.460e+02
1.550e+02
1.470e+02
1.310e+02
1.350e+02
1.680e+02
1.240e+02
1.400e+02
1.640e+02
1.610e+02
1.430e+02
1.710e+02
1.220e+02
1.450e+02
1.840e+02
2.460e+02
3.490e+02
3.330e+02
2.850e+02
3.080e+02
3.450e+02
3.970e+02
5.270e+02
3.210e+02
2.630e+02
2.570e+02
2.770e+02
2.690e+02
2.510e+02
2.160e+02
2.650e+02
2.360e+02
2.420e+02
2.920e+02
3.490e+02
4.580e+02
8.530e+02
