1.867e+03
4.660e+02
2.380e+02
1.660e+02
1.460e+02
1.070e+02
1.190e+02
8.300e+01
8.200e+01
9.100e+01
8.900e+01
8.800e+01
8.900e+01
7.700e+01
6.400e+01
8.500e+01
7.600e+01
6.900e+01
8.000e+01
6.400e+01
7.900e+01
8.000e+01
8.400e+01
8.900e+01
9.900e+01
8.600e+01
1.010e+02
9.600e+01
1.260e+02
8.900e+01
1.370e+02
1.070e+02
8.800e+01
8.000e+01
5.900e+01
4.700e+01
5.900e+01
4.600e+01
6.100e+01
6.100e+01
5.800e+01
4.500e+01
4.400e+01
5.100e+01
4.200e+01
4.300e+01
3.600e+01
4.200e+01
3.600e+01
3.300e+01
2.100e+01
2.300e+01
1.700e+01
2.400e+01
2.600e+01
2.500e+01
2.300e+01
2.800e+01
3.200e+01
3.300e+01
3.500e+01
2.200e+01
2.800e+01
1.700e+01
3.000e+01
2.000e+01
1.400e+01
1.800e+01
1.900e+01
1.000e+01
1.500e+01
1.700e+01
1.000e+01
1.200e+01
5.000e+00
9.000e+00
1.400e+01
1.200e+01
1.400e+01
1.000e+01
1.600e+01
1.000e+01
1.200e+01
1.000e+01
1.000e+01
5.000e+00
9.000e+00
1.700e+01
1.900e+01
2.900e+01
4.900e+01
2.800e+01
1.700e+01
1.300e+01
9.000e+00
6.000e+00
1.400e+01
9.000e+00
1.200e+01
8.000e+00
1.300e+01
1.300e+01
9.000e+00
1.600e+01
1.300e+01
1.200e+01
2.000e+01
2.000e+01
1.900e+01
1.200e+01
1.300e+01
2.300e+01
1.700e+01
1.600e+01
1.300e+01
1.700e+01
2.400e+01
1.700e+01
8.000e+00
2.100e+01
4.800e+01
3.600e+01
2.800e+01
2.600e+01
2.800e+01
2.500e+01
3.100e+01
2.400e+01
3.900e+01
3.400e+01
3.100e+01
5.600e+01
4.600e+01
4.300e+01
4.000e+01
3.100e+01
4.100e+01
3.300e+01
4.200e+01
5.900e+01
5.400e+01
4.600e+01
6.200e+01
6.700e+01
6.200e+01
7.800e+01
9.600e+01
7.300e+01
9.600e+01
9.000e+01
1.520e+02
1.150e+02
9.400e+01
1.020e+02
1.130e+02
6.900e+01
8.600e+01
6.500e+01
6.800e+01
4.500e+01
7.300e+01
7.200e+01
7.800e+01
1.000e+02
9.300e+01
7.100e+01
8.000e+01
7.400e+01
7.100e+01
8.300e+01
8.200e+01
7.300e+01
7.900e+01
9.800e+01
1.110e+02
1.370e+02
1.600e+02
2.240e+02
2.720e+02
5.040e+02
1.794e+03
4.660e+02
2.520e+02
1.580e+02
1.400e+02
1.100e+02
1.370e+02
9.400e+01
7.300e+01
8.400e+01
6.800e+01
7.300e+01
7.700e+01
8.900e+01
6.700e+01
7.700e+01
7.700e+01
8.100e+01
6.400e+01
5.800e+01
7.400e+01
5.200e+01
8.900e+01
7.800e+01
8.200e+01
6.100e+01
1.060e+02
7.900e+01
1.160e+02
9.500e+01
1.270e+02
9.500e+01
1.030e+02
7.300e+01
8.500e+01
7.400e+01
6.500e+01
6.100e+01
4.400e+01
5.400e+01
4.800e+01
4.200e+01
5.400e+01
4.300e+01
5.400e+01
4.900e+01
3.700e+01
4.300e+01
3.400e+01
3.900e+01
3.800e+01
3.300e+01
3.100e+01
2.700e+01
2.200e+01
2.100e+01
1.800e+01
1.900e+01
3.900e+01
3.100e+01
4.400e+01
2.700e+01
2.600e+01
2.100e+01
2.200e+01
2.200e+01
2.200e+01
2.700e+01
2.000e+01
1.500e+01
2.700e+01
1.500e+01
1.200e+01
1.700e+01
8.000e+00
1.200e+01
7.000e+00
1.300e+01
1.200e+01
1.100e+01
1.300e+01
7.000e+00
1.300e+01
5.000e+00
1.400e+01
1.400e+01
1.000e+01
2.300e+01
9.000e+00
2.500e+01
5.300e+01
3.000e+01
2.000e+01
7.000e+00
1.400e+01
1.200e+01
1.000e+01
1.200e+01
1.500e+01
1.300e+01
5.000e+00
1.400e+01
1.000e+01
1.000e+01
9.000e+00
1.400e+01
1.200e+01
1.600e+01
1.200e+01
1.300e+01
1.200e+01
1.500e+01
1.800e+01
1.300e+01
1.400e+01
2.200e+01
2.100e+01
2.000e+01
1.900e+01
2.000e+01
4.200e+01
2.600e+01
2.000e+01
1.900e+01
3.400e+01
3.100e+01
2.500e+01
2.500e+01
3.000e+01
3.100e+01
2.900e+01
2.300e+01
3.700e+01
3.800e+01
3.300e+01
4.900e+01
4.700e+01
4.600e+01
4.400e+01
5.300e+01
4.700e+01
4.900e+01
5.200e+01
5.300e+01
5.600e+01
7.000e+01
8.100e+01
6.900e+01
8.600e+01
9.800e+01
1.630e+02
1.060e+02
9.800e+01
9.300e+01
1.360e+02
1.010e+02
7.100e+01
9.400e+01
8.700e+01
7.700e+01
6.000e+01
7.400e+01
9.000e+01
8.500e+01
9.200e+01
8.300e+01
8.000e+01
9.000e+01
6.900e+01
9.400e+01
8.600e+01
8.200e+01
9.400e+01
9.600e+01
1.020e+02
1.240e+02
1.460e+02
2.100e+02
2.470e+02
5.230e+02
