2.372e+03
1.319e+03
1.037e+03
7.320e+02
5.670e+02
3.930e+02
3.320e+02
2.530e+02
1.970e+02
1.220e+02
1.050e+02
9.900e+01
8.600e+01
7.100e+01
7.100e+01
7.200e+01
6.900e+01
8.000e+01
8.100e+01
8.500e+01
8.700e+01
9.700e+01
9.300e+01
8.100e+01
1.020e+02
1.040e+02
1.150e+02
8.400e+01
7.100e+01
3.200e+01
5.900e+01
3.000e+01
1.900e+01
1.600e+01
1.000e+01
1.200e+01
5.000e+00
6.000e+00
5.000e+00
1.000e+00
2.000e+00
0.000e+00
1.000e+00
0.000e+00
0.000e+00
0.000e+00
1.000e+00
0.000e+00
1.000e+00
0.000e+00
0.000e+00
3.000e+00
1.000e+00
0.000e+00
0.000e+00
0.000e+00
1.000e+00
0.000e+00
1.000e+00
0.000e+00
0.000e+00
0.000e+00
1.000e+00
0.000e+00
0.000e+00
1.000e+00
0.000e+00
0.000e+00
1.000e+00
0.000e+00
0.000e+00
0.000e+00
2.000e+00
0.000e+00
0.000e+00
0.000e+00
0.000e+00
1.000e+00
0.000e+00
0.000e+00
0.000e+00
4.000e+00
0.000e+00
0.000e+00
0.000e+00
0.000e+00
0.000e+00
0.000e+00
0.000e+00
0.000e+00
0.000e+00
0.000e+00
0.000e+00
0.000e+00
0.000e+00
0.000e+00
0.000e+00
0.000e+00
0.000e+00
0.000e+00
0.000e+00
0.000e+00
0.000e+00
1.000e+00
0.000e+00
0.000e+00
2.000e+00
0.000e+00
0.000e+00
0.000e+00
1.000e+00
0.000e+00
0.000e+00
0.000e+00
0.000e+00
0.000e+00
0.000e+00
1.000e+00
0.000e+00
0.000e+00
0.000e+00
0.000e+00
0.000e+00
0.000e+00
0.000e+00
0.000e+00
0.000e+00
0.000e+00
0.000e+00
0.000e+00
0.000e+00
0.000e+00
0.000e+00
0.000e+00
0.000e+00
0.000e+00
1.000e+00
0.000e+00
3.000e+00
1.000e+00
2.000e+00
0.000e+00
0.000e+00
2.000e+00
1.000e+00
1.000e+00
0.000e+00
1.000e+00
0.000e+00
2.000e+00
2.000e+00
1.000e+00
1.000e+00
2.000e+00
0.000e+00
3.000e+00
2.000e+00
7.000e+00
5.000e+00
3.000e+00
4.000e+00
4.000e+00
1.000e+00
1.000e+00
1.000e+00
1.000e+00
9.000e+00
4.000e+00
4.000e+00
6.000e+00
8.000e+00
9.000e+00
1.000e+01
1.000e+01
1.200e+01
1.300e+01
1.000e+01
2.200e+01
2.800e+01
4.600e+01
4.200e+01
4.200e+01
1.100e+01
2.100e+01
1.900e+01
1.100e+01
1.800e+01
7.000e+00
1.000e+01
7.000e+00
5.000e+00
6.000e+00
2.000e+00
2.000e+00
3.000e+00
4.000e+00
3.000e+00
3.000e+00
2.000e+00
1.000e+00
2.000e+00
5.000e+00
6.000e+00
4.000e+00
2.000e+00
4.000e+00
1.000e+00
5.000e+00
2.000e+00
3.000e+00
2.000e+00
3.000e+00
3.000e+00
3.000e+00
3.000e+00
0.000e+00
3.000e+00
1.000e+00
0.000e+00
0.000e+00
1.000e+00
1.000e+00
3.000e+00
1.000e+00
1.000e+00
0.000e+00
0.000e+00
0.000e+00
0.000e+00
0.000e+00
0.000e+00
0.000e+00
1.000e+00
1.000e+00
1.000e+00
0.000e+00
0.000e+00
0.000e+00
0.000e+00
0.000e+00
2.000e+00
0.000e+00
0.000e+00
2.000e+00
0.000e+00
0.000e+00
0.000e+00
1.000e+00
0.000e+00
0.000e+00
0.000e+00
0.000e+00
1.000e+00
0.000e+00
0.000e+00
0.000e+00
1.000e+00
0.000e+00
0.000e+00
0.000e+00
0.000e+00
0.000e+00
0.000e+00
0.000e+00
0.000e+00
0.000e+00
0.000e+00
0.000e+00
0.000e+00
0.000e+00
0.000e+00
0.000e+00
0.000e+00
1.000e+00
0.000e+00
0.000e+00
0.000e+00
0.000e+00
0.000e+00
0.000e+00
0.000e+00
0.000e+00
1.000e+00
0.000e+00
0.000e+00
1.000e+00
0.000e+00
1.000e+00
0.000e+00
0.000e+00
0.000e+00
0.000e+00
0.000e+00
0.000e+00
0.000e+00
0.000e+00
0.000e+00
2.000e+00
0.000e+00
0.000e+00
0.000e+00
0.000e+00
0.000e+00
0.000e+00
1.000e+00
0.000e+00
0.000e+00
0.000e+00
0.000e+00
1.000e+00
0.000e+00
1.000e+00
1.000e+00
0.000e+00
0.000e+00
2.000e+00
0.000e+00
3.000e+00
0.000e+00
1.000e+00
2.000e+00
6.000e+00
2.000e+00
7.000e+00
9.000e+00
1.300e+01
1.600e+01
1.600e+01
1.800e+01
1.700e+01
5.200e+01
3.200e+01
5.400e+01
8.300e+01
9.100e+01
9.200e+01
8.000e+01
7.600e+01
8.700e+01
8.000e+01
6.800e+01
6.500e+01
6.500e+01
7.100e+01
6.100e+01
6.000e+01
5.200e+01
6.100e+01
6.400e+01
8.600e+01
1.050e+02
1.260e+02
2.050e+02
2.830e+02
3.810e+02
4.580e+02
5.450e+02
6.910e+02
1.033e+03
1.353e+03
