3.570e+02
1.610e+02
1.670e+02
1.410e+02
1.220e+02
1.310e+02
1.100e+02
1.120e+02
1.090e+02
1.460e+02
1.400e+02
1.420e+02
1.460e+02
1.530e+02
1.420e+02
1.280e+02
1.230e+02
1.190e+02
1.080e+02
1.240e+02
9.800e+01
1.120e+02
1.140e+02
1.050e+02
7.900e+01
9.900e+01
7.700e+01
9.700e+01
6.900e+01
8.500e+01
1.010e+02
9.800e+01
9.600e+01
1.050e+02
1.140e+02
1.440e+02
1.010e+02
1.060e+02
8.900e+01
1.210e+02
1.110e+02
1.220e+02
1.890e+02
2.370e+02
1.360e+02
1.330e+02
1.310e+02
9.500e+01
7.000e+01
6.400e+01
6.600e+01
6.700e+01
7.700e+01
6.600e+01
4.400e+01
5.900e+01
4.700e+01
3.000e+01
3.300e+01
2.700e+01
3.100e+01
2.900e+01
1.700e+01
1.700e+01
1.900e+01
1.200e+01
1.700e+01
1.600e+01
1.900e+01
1.500e+01
1.700e+01
2.000e+01
2.000e+01
3.700e+01
1.400e+01
2.600e+01
1.600e+01
2.300e+01
3.100e+01
2.000e+01
1.200e+01
2.000e+01
1.000e+01
1.200e+01
1.400e+01
2.400e+01
1.000e+01
2.200e+01
2.100e+01
1.300e+01
1.400e+01
1.500e+01
1.300e+01
6.000e+00
1.300e+01
1.300e+01
1.400e+01
1.400e+01
2.200e+01
2.100e+01
1.300e+01
1.500e+01
1.600e+01
1.600e+01
1.700e+01
1.000e+01
1.700e+01
1.900e+01
1.600e+01
7.000e+00
2.400e+01
1.900e+01
2.100e+01
1.700e+01
1.000e+01
1.200e+01
2.000e+01
8.000e+00
1.900e+01
2.300e+01
1.900e+01
1.600e+01
2.400e+01
2.400e+01
1.500e+01
1.900e+01
1.700e+01
1.800e+01
1.200e+01
2.600e+01
6.000e+00
1.700e+01
1.900e+01
1.000e+01
1.700e+01
1.600e+01
1.400e+01
1.300e+01
1.900e+01
2.000e+01
1.900e+01
1.300e+01
2.000e+01
2.100e+01
2.300e+01
2.600e+01
2.700e+01
2.500e+01
1.900e+01
2.900e+01
2.300e+01
8.000e+00
2.500e+01
2.600e+01
2.600e+01
2.000e+01
1.900e+01
2.600e+01
1.800e+01
1.500e+01
2.100e+01
1.800e+01
3.600e+01
2.300e+01
2.400e+01
3.700e+01
3.100e+01
3.400e+01
2.100e+01
3.500e+01
2.400e+01
5.700e+01
5.300e+01
3.000e+01
3.600e+01
4.400e+01
4.500e+01
3.400e+01
4.000e+01
4.700e+01
5.100e+01
3.400e+01
3.200e+01
5.500e+01
3.700e+01
3.600e+01
3.800e+01
3.600e+01
3.600e+01
3.000e+01
1.700e+01
3.600e+01
2.600e+01
2.900e+01
3.000e+01
2.000e+01
3.500e+01
2.600e+01
2.600e+01
2.200e+01
1.500e+01
2.700e+01
2.000e+01
1.500e+01
2.500e+01
2.600e+01
1.800e+01
2.300e+01
3.300e+01
3.900e+01
2.100e+01
2.200e+01
1.800e+01
3.000e+01
2.000e+01
1.400e+01
1.800e+01
1.500e+01
3.500e+01
1.600e+01
1.700e+01
2.600e+01
2.000e+01
2.500e+01
1.300e+01
1.000e+01
1.100e+01
1.700e+01
1.700e+01
1.900e+01
1.900e+01
2.300e+01
1.200e+01
1.600e+01
2.500e+01
1.500e+01
1.800e+01
1.600e+01
2.200e+01
1.700e+01
2.200e+01
1.100e+01
1.500e+01
2.000e+01
1.900e+01
1.400e+01
1.600e+01
9.000e+00
1.200e+01
1.400e+01
1.300e+01
1.600e+01
2.000e+01
9.000e+00
1.100e+01
1.000e+01
1.700e+01
1.300e+01
1.200e+01
6.000e+00
1.500e+01
1.300e+01
1.900e+01
1.100e+01
1.100e+01
8.000e+00
1.100e+01
7.000e+00
1.100e+01
1.200e+01
1.500e+01
1.200e+01
1.800e+01
1.600e+01
1.400e+01
2.900e+01
9.000e+00
1.200e+01
1.100e+01
1.000e+01
1.800e+01
8.000e+00
1.400e+01
1.800e+01
1.900e+01
9.000e+00
1.900e+01
3.300e+01
2.700e+01
2.700e+01
2.200e+01
1.700e+01
1.900e+01
1.700e+01
2.100e+01
1.900e+01
1.600e+01
1.300e+01
2.000e+01
2.700e+01
2.900e+01
4.800e+01
3.300e+01
5.500e+01
3.500e+01
3.800e+01
4.800e+01
5.700e+01
4.600e+01
7.400e+01
1.000e+02
9.700e+01
8.700e+01
9.100e+01
1.090e+02
1.310e+02
1.420e+02
2.440e+02
1.810e+02
1.270e+02
1.230e+02
1.160e+02
1.110e+02
9.700e+01
8.600e+01
1.180e+02
1.120e+02
6.900e+01
9.000e+01
1.110e+02
8.200e+01
1.000e+02
9.500e+01
9.900e+01
7.800e+01
8.800e+01
8.800e+01
1.080e+02
9.600e+01
1.300e+02
1.210e+02
1.480e+02
1.540e+02
1.600e+02
1.650e+02
1.740e+02
1.430e+02
1.840e+02
1.700e+02
2.310e+02
1.360e+02
1.570e+02
9.700e+01
1.230e+02
1.330e+02
1.150e+02
1.320e+02
1.190e+02
1.420e+02
1.430e+02
