3.250e+02
1.090e+02
7.900e+01
8.100e+01
4.600e+01
5.200e+01
3.700e+01
4.200e+01
3.200e+01
2.400e+01
2.900e+01
3.400e+01
2.300e+01
2.000e+01
2.300e+01
2.400e+01
2.200e+01
2.100e+01
1.800e+01
2.500e+01
2.300e+01
1.800e+01
2.200e+01
2.300e+01
2.400e+01
1.900e+01
2.800e+01
2.600e+01
2.300e+01
2.200e+01
2.700e+01
1.500e+01
1.500e+01
1.700e+01
2.200e+01
1.800e+01
1.500e+01
2.100e+01
1.400e+01
1.600e+01
2.000e+01
2.100e+01
2.700e+01
1.600e+01
1.700e+01
2.000e+01
2.600e+01
1.700e+01
1.700e+01
1.800e+01
2.000e+01
9.000e+00
1.500e+01
1.700e+01
1.400e+01
1.000e+01
2.500e+01
2.000e+01
1.900e+01
2.300e+01
3.000e+01
2.600e+01
3.600e+01
4.500e+01
2.700e+01
3.900e+01
4.100e+01
2.500e+01
3.400e+01
2.800e+01
2.600e+01
2.500e+01
1.900e+01
1.700e+01
1.600e+01
1.900e+01
9.000e+00
8.000e+00
1.500e+01
1.000e+01
2.000e+01
1.700e+01
9.000e+00
1.300e+01
7.000e+00
1.900e+01
1.800e+01
1.100e+01
1.600e+01
1.100e+01
1.950e+02
3.000e+01
2.000e+01
2.600e+01
1.500e+01
2.300e+01
1.900e+01
1.800e+01
2.100e+01
1.300e+01
1.700e+01
1.900e+01
1.400e+01
1.400e+01
1.500e+01
1.300e+01
1.500e+01
1.200e+01
1.300e+01
1.500e+01
1.600e+01
2.600e+01
1.500e+01
2.100e+01
2.900e+01
2.800e+01
2.400e+01
2.200e+01
3.200e+01
2.400e+01
6.400e+01
2.200e+01
1.100e+01
1.400e+01
1.100e+01
2.200e+01
1.500e+01
2.000e+01
1.500e+01
1.400e+01
6.000e+00
1.500e+01
1.800e+01
1.100e+01
8.000e+00
1.700e+01
9.000e+00
1.400e+01
2.200e+01
2.100e+01
2.300e+01
2.100e+01
1.700e+01
1.800e+01
2.000e+01
1.800e+01
3.200e+01
1.900e+01
1.900e+01
3.400e+01
3.400e+01
2.900e+01
3.100e+01
2.900e+01
2.700e+01
3.300e+01
3.200e+01
2.100e+01
2.600e+01
3.000e+01
2.800e+01
3.200e+01
4.100e+01
2.800e+01
3.900e+01
3.800e+01
5.200e+01
4.900e+01
5.200e+01
7.500e+01
6.000e+01
6.500e+01
9.300e+01
1.180e+02
1.590e+02
1.990e+02
2.800e+02
3.230e+02
4.480e+02
8.470e+02
2.120e+03
8.580e+02
4.660e+02
3.440e+02
2.800e+02
1.980e+02
1.250e+02
1.420e+02
9.800e+01
7.300e+01
6.700e+01
7.000e+01
4.700e+01
6.600e+01
5.100e+01
3.900e+01
4.300e+01
4.300e+01
3.600e+01
3.500e+01
3.000e+01
3.600e+01
3.300e+01
2.300e+01
3.900e+01
3.000e+01
3.700e+01
3.200e+01
2.400e+01
3.100e+01
3.500e+01
2.400e+01
2.500e+01
1.200e+01
2.600e+01
3.300e+01
1.000e+01
2.200e+01
1.900e+01
2.000e+01
2.400e+01
3.100e+01
1.100e+01
8.000e+00
1.200e+01
1.000e+01
1.100e+01
7.000e+00
1.200e+01
2.000e+01
1.100e+01
1.300e+01
7.000e+00
1.400e+01
1.400e+01
1.200e+01
1.600e+01
1.700e+01
1.300e+01
2.300e+01
6.600e+01
1.800e+01
2.500e+01
2.900e+01
2.200e+01
2.000e+01
2.900e+01
2.300e+01
2.100e+01
2.200e+01
1.700e+01
8.000e+00
1.200e+01
1.500e+01
1.500e+01
1.300e+01
1.500e+01
1.000e+01
8.000e+00
1.400e+01
1.900e+01
9.000e+00
1.200e+01
1.500e+01
1.700e+01
1.100e+01
1.600e+01
1.500e+01
2.000e+01
1.700e+01
1.820e+02
2.800e+01
2.000e+01
2.400e+01
1.700e+01
1.500e+01
1.300e+01
1.600e+01
2.000e+01
1.300e+01
1.800e+01
1.700e+01
1.500e+01
9.000e+00
1.000e+01
1.700e+01
1.900e+01
2.000e+01
2.300e+01
2.100e+01
3.200e+01
1.900e+01
2.500e+01
2.800e+01
3.400e+01
3.300e+01
3.400e+01
3.500e+01
2.700e+01
2.000e+01
4.600e+01
2.100e+01
2.300e+01
3.100e+01
3.700e+01
2.800e+01
2.500e+01
1.700e+01
1.600e+01
1.900e+01
2.000e+01
1.500e+01
1.200e+01
2.100e+01
1.800e+01
2.800e+01
2.400e+01
1.400e+01
2.400e+01
1.600e+01
1.700e+01
1.400e+01
1.500e+01
2.600e+01
1.300e+01
1.500e+01
1.400e+01
1.900e+01
1.200e+01
2.700e+01
2.000e+01
2.100e+01
2.400e+01
1.600e+01
2.000e+01
1.300e+01
1.500e+01
1.700e+01
1.900e+01
2.400e+01
2.900e+01
1.200e+01
2.200e+01
2.800e+01
2.800e+01
2.400e+01
2.700e+01
2.500e+01
2.100e+01
2.400e+01
3.500e+01
3.200e+01
3.400e+01
5.100e+01
3.200e+01
5.600e+01
7.100e+01
6.900e+01
7.600e+01
1.060e+02
