3.720e+02
1.690e+02
1.770e+02
1.520e+02
1.300e+02
1.420e+02
1.150e+02
1.220e+02
1.180e+02
1.520e+02
1.490e+02
1.520e+02
1.500e+02
1.600e+02
1.530e+02
1.440e+02
1.340e+02
1.360e+02
1.260e+02
1.340e+02
1.140e+02
1.320e+02
1.370e+02
1.250e+02
1.050e+02
1.280e+02
1.020e+02
1.240e+02
8.400e+01
1.120e+02
1.310e+02
1.320e+02
1.230e+02
1.390e+02
1.320e+02
1.760e+02
1.370e+02
1.540e+02
1.300e+02
1.580e+02
1.490e+02
1.700e+02
2.450e+02
3.060e+02
1.950e+02
1.860e+02
2.130e+02
1.590e+02
1.220e+02
1.650e+02
1.850e+02
2.470e+02
2.830e+02
3.440e+02
3.720e+02
4.730e+02
6.970e+02
8.160e+02
7.930e+02
9.850e+02
1.047e+03
8.270e+02
7.280e+02
5.230e+02
3.770e+02
2.940e+02
1.870e+02
1.700e+02
2.010e+02
1.560e+02
1.270e+02
8.400e+01
8.200e+01
8.200e+01
5.700e+01
7.300e+01
1.180e+02
1.190e+02
7.100e+01
5.200e+01
3.800e+01
4.700e+01
1.900e+01
2.300e+01
2.300e+01
2.900e+01
1.700e+01
3.200e+01
2.500e+01
2.200e+01
2.000e+01
2.200e+01
2.600e+01
1.900e+01
2.300e+01
2.600e+01
3.200e+01
1.900e+01
3.000e+01
3.500e+01
2.000e+01
1.700e+01
2.800e+01
2.200e+01
2.200e+01
1.400e+01
2.200e+01
2.800e+01
2.000e+01
1.500e+01
3.000e+01
2.700e+01
2.700e+01
2.300e+01
2.300e+01
2.300e+01
3.300e+01
2.800e+01
3.500e+01
3.100e+01
2.700e+01
2.600e+01
3.300e+01
3.100e+01
2.200e+01
2.500e+01
2.200e+01
2.200e+01
1.900e+01
3.400e+01
9.000e+00
2.400e+01
2.400e+01
1.300e+01
2.100e+01
2.100e+01
1.800e+01
2.000e+01
2.200e+01
2.300e+01
2.700e+01
2.000e+01
2.600e+01
2.500e+01
2.700e+01
3.800e+01
3.500e+01
3.200e+01
2.800e+01
3.800e+01
3.100e+01
1.400e+01
3.000e+01
3.200e+01
3.700e+01
3.400e+01
3.100e+01
3.600e+01
3.100e+01
3.600e+01
3.800e+01
4.400e+01
6.600e+01
7.300e+01
5.200e+01
5.800e+01
4.800e+01
6.100e+01
4.500e+01
5.700e+01
6.100e+01
8.600e+01
9.000e+01
8.900e+01
7.500e+01
9.400e+01
9.400e+01
1.040e+02
9.700e+01
1.000e+02
9.100e+01
8.200e+01
1.040e+02
1.200e+02
8.700e+01
1.200e+02
9.600e+01
7.000e+01
6.900e+01
6.100e+01
4.700e+01
5.900e+01
5.700e+01
6.200e+01
5.800e+01
4.400e+01
6.800e+01
6.300e+01
5.800e+01
3.600e+01
2.800e+01
4.600e+01
3.000e+01
3.800e+01
3.900e+01
4.100e+01
3.000e+01
3.700e+01
4.500e+01
4.900e+01
3.500e+01
3.500e+01
3.500e+01
4.100e+01
2.600e+01
2.400e+01
2.500e+01
2.000e+01
3.700e+01
2.000e+01
2.400e+01
3.500e+01
3.000e+01
3.700e+01
1.800e+01
2.100e+01
2.500e+01
2.700e+01
2.300e+01
2.600e+01
2.400e+01
2.700e+01
1.600e+01
1.900e+01
3.300e+01
2.300e+01
2.300e+01
1.700e+01
3.300e+01
2.300e+01
3.000e+01
1.600e+01
2.600e+01
2.900e+01
3.700e+01
2.400e+01
3.100e+01
1.800e+01
2.700e+01
2.000e+01
2.300e+01
2.000e+01
2.900e+01
1.900e+01
1.800e+01
1.600e+01
2.400e+01
1.900e+01
1.400e+01
1.700e+01
2.000e+01
2.200e+01
2.600e+01
1.200e+01
2.000e+01
1.600e+01
2.500e+01
2.000e+01
2.000e+01
2.500e+01
2.200e+01
2.300e+01
3.200e+01
2.300e+01
2.300e+01
3.800e+01
2.400e+01
2.500e+01
2.500e+01
2.500e+01
4.400e+01
3.400e+01
5.200e+01
1.160e+02
1.360e+02
5.200e+01
6.300e+01
7.500e+01
7.100e+01
9.400e+01
1.290e+02
2.000e+02
2.040e+02
1.990e+02
2.760e+02
2.960e+02
3.990e+02
5.110e+02
6.880e+02
7.320e+02
9.480e+02
9.720e+02
7.980e+02
7.950e+02
6.640e+02
4.720e+02
3.840e+02
2.870e+02
2.080e+02
2.320e+02
2.140e+02
1.960e+02
1.320e+02
1.380e+02
1.570e+02
1.890e+02
1.800e+02
2.820e+02
2.140e+02
1.640e+02
1.660e+02
1.530e+02
1.490e+02
1.340e+02
1.370e+02
1.520e+02
1.320e+02
9.000e+01
1.170e+02
1.390e+02
1.060e+02
1.310e+02
1.160e+02
1.190e+02
1.130e+02
1.040e+02
1.100e+02
1.300e+02
1.180e+02
1.500e+02
1.400e+02
1.600e+02
1.670e+02
1.710e+02
1.750e+02
1.830e+02
1.540e+02
1.930e+02
1.790e+02
2.340e+02
1.470e+02
1.640e+02
9.900e+01
1.280e+02
1.430e+02
1.320e+02
1.380e+02
1.340e+02
1.540e+02
1.540e+02
