3.720e+02
1.700e+02
1.780e+02
1.530e+02
1.310e+02
1.420e+02
1.170e+02
1.230e+02
1.180e+02
1.520e+02
1.490e+02
1.540e+02
1.500e+02
1.620e+02
1.530e+02
1.450e+02
1.340e+02
1.380e+02
1.270e+02
1.350e+02
1.160e+02
1.330e+02
1.410e+02
1.270e+02
1.050e+02
1.280e+02
1.040e+02
1.250e+02
8.700e+01
1.120e+02
1.340e+02
1.390e+02
1.280e+02
1.460e+02
1.350e+02
1.780e+02
1.380e+02
1.580e+02
1.350e+02
1.620e+02
1.520e+02
1.760e+02
2.500e+02
3.170e+02
1.980e+02
1.920e+02
2.140e+02
1.620e+02
1.310e+02
1.690e+02
1.890e+02
2.570e+02
2.940e+02
3.510e+02
3.820e+02
4.800e+02
7.030e+02
8.290e+02
7.980e+02
9.880e+02
1.052e+03
8.370e+02
7.490e+02
5.440e+02
3.990e+02
3.110e+02
2.060e+02
1.850e+02
2.150e+02
1.780e+02
1.450e+02
9.600e+01
1.050e+02
1.020e+02
6.400e+01
8.600e+01
1.320e+02
1.380e+02
8.000e+01
6.600e+01
4.900e+01
6.300e+01
3.100e+01
3.500e+01
3.800e+01
4.200e+01
3.300e+01
3.900e+01
3.300e+01
2.900e+01
2.700e+01
3.100e+01
3.100e+01
2.400e+01
3.400e+01
2.900e+01
3.900e+01
2.000e+01
3.500e+01
4.300e+01
2.600e+01
1.800e+01
3.300e+01
2.600e+01
2.300e+01
1.700e+01
2.300e+01
3.000e+01
2.100e+01
1.600e+01
3.000e+01
2.800e+01
2.900e+01
2.400e+01
2.300e+01
2.400e+01
3.300e+01
2.800e+01
3.700e+01
3.200e+01
2.700e+01
2.900e+01
3.300e+01
3.300e+01
2.200e+01
2.500e+01
2.500e+01
2.300e+01
2.000e+01
3.600e+01
9.000e+00
2.400e+01
2.400e+01
1.600e+01
2.100e+01
2.200e+01
1.900e+01
2.000e+01
2.300e+01
2.500e+01
2.900e+01
2.000e+01
2.600e+01
2.600e+01
2.800e+01
3.900e+01
3.600e+01
3.200e+01
3.100e+01
3.800e+01
3.100e+01
1.400e+01
3.000e+01
3.300e+01
3.700e+01
3.400e+01
3.100e+01
3.600e+01
3.200e+01
3.700e+01
3.800e+01
4.400e+01
6.600e+01
7.300e+01
5.300e+01
5.800e+01
4.900e+01
6.100e+01
4.500e+01
5.700e+01
6.100e+01
8.600e+01
9.500e+01
9.000e+01
7.500e+01
9.500e+01
9.500e+01
1.050e+02
9.700e+01
1.010e+02
9.100e+01
8.500e+01
1.040e+02
1.200e+02
8.800e+01
1.200e+02
9.600e+01
7.100e+01
6.900e+01
6.200e+01
4.800e+01
6.000e+01
5.800e+01
6.400e+01
5.800e+01
4.500e+01
6.900e+01
6.300e+01
5.800e+01
3.600e+01
2.900e+01
4.600e+01
3.100e+01
3.800e+01
4.000e+01
4.100e+01
3.000e+01
3.700e+01
4.600e+01
5.000e+01
3.500e+01
3.500e+01
3.600e+01
4.200e+01
2.600e+01
2.400e+01
2.500e+01
2.000e+01
3.700e+01
2.900e+01
2.400e+01
3.700e+01
3.400e+01
3.800e+01
1.800e+01
2.100e+01
2.500e+01
2.800e+01
2.300e+01
2.700e+01
2.600e+01
3.000e+01
1.900e+01
2.100e+01
3.300e+01
2.600e+01
2.300e+01
1.800e+01
3.500e+01
2.300e+01
3.200e+01
1.600e+01
3.000e+01
2.900e+01
4.000e+01
2.500e+01
3.100e+01
1.800e+01
2.900e+01
2.200e+01
2.300e+01
2.000e+01
3.000e+01
2.400e+01
1.800e+01
1.800e+01
2.500e+01
2.100e+01
1.900e+01
1.700e+01
2.500e+01
2.700e+01
3.000e+01
1.300e+01
2.300e+01
2.300e+01
3.200e+01
2.700e+01
3.300e+01
3.600e+01
3.000e+01
3.600e+01
3.400e+01
3.900e+01
4.000e+01
5.200e+01
3.600e+01
3.800e+01
3.200e+01
3.300e+01
5.700e+01
4.000e+01
5.900e+01
1.270e+02
1.480e+02
6.300e+01
7.400e+01
9.700e+01
8.400e+01
1.140e+02
1.440e+02
2.100e+02
2.190e+02
2.140e+02
2.970e+02
3.120e+02
4.190e+02
5.320e+02
7.060e+02
7.380e+02
9.590e+02
9.790e+02
7.990e+02
8.040e+02
6.750e+02
4.840e+02
3.900e+02
2.980e+02
2.110e+02
2.410e+02
2.180e+02
2.010e+02
1.350e+02
1.470e+02
1.610e+02
1.920e+02
1.860e+02
2.910e+02
2.230e+02
1.750e+02
1.730e+02
1.610e+02
1.570e+02
1.400e+02
1.410e+02
1.550e+02
1.370e+02
9.200e+01
1.200e+02
1.410e+02
1.090e+02
1.330e+02
1.190e+02
1.190e+02
1.150e+02
1.060e+02
1.110e+02
1.310e+02
1.190e+02
1.500e+02
1.400e+02
1.610e+02
1.670e+02
1.730e+02
1.750e+02
1.830e+02
1.540e+02
1.930e+02
1.790e+02
2.340e+02
1.480e+02
1.640e+02
9.900e+01
1.300e+02
1.430e+02
1.320e+02
1.390e+02
1.350e+02
1.540e+02
1.540e+02
