4.670e+02
2.050e+02
2.130e+02
1.820e+02
1.680e+02
1.820e+02
1.430e+02
1.390e+02
1.280e+02
1.570e+02
1.530e+02
1.600e+02
1.590e+02
1.680e+02
1.660e+02
1.600e+02
1.460e+02
1.410e+02
1.370e+02
1.420e+02
1.210e+02
1.430e+02
1.480e+02
1.340e+02
1.120e+02
1.370e+02
1.070e+02
1.270e+02
9.000e+01
1.150e+02
1.370e+02
1.420e+02
1.340e+02
1.540e+02
1.430e+02
1.820e+02
1.420e+02
1.620e+02
1.400e+02
1.620e+02
1.530e+02
1.780e+02
2.550e+02
3.180e+02
1.990e+02
1.920e+02
2.160e+02
1.620e+02
1.320e+02
1.700e+02
1.910e+02
2.600e+02
3.000e+02
3.540e+02
3.820e+02
4.800e+02
7.030e+02
8.300e+02
8.000e+02
9.900e+02
1.053e+03
8.400e+02
7.510e+02
5.510e+02
4.030e+02
3.160e+02
2.080e+02
1.880e+02
2.180e+02
1.850e+02
1.460e+02
1.040e+02
1.340e+02
1.240e+02
6.900e+01
8.600e+01
1.320e+02
1.380e+02
8.000e+01
6.700e+01
4.900e+01
6.300e+01
3.100e+01
3.500e+01
3.800e+01
4.200e+01
3.300e+01
3.900e+01
3.400e+01
2.900e+01
2.700e+01
3.200e+01
3.100e+01
2.400e+01
3.400e+01
2.900e+01
3.900e+01
2.000e+01
3.500e+01
4.400e+01
2.600e+01
1.800e+01
3.400e+01
2.600e+01
2.300e+01
1.900e+01
2.400e+01
3.000e+01
2.100e+01
1.600e+01
3.100e+01
3.400e+01
3.000e+01
2.700e+01
2.600e+01
2.600e+01
3.700e+01
3.000e+01
4.100e+01
3.600e+01
3.300e+01
3.400e+01
3.600e+01
3.400e+01
2.500e+01
2.500e+01
2.600e+01
2.300e+01
2.100e+01
3.800e+01
9.000e+00
2.500e+01
2.400e+01
1.800e+01
2.300e+01
2.300e+01
2.100e+01
2.100e+01
2.400e+01
2.800e+01
3.200e+01
2.000e+01
2.700e+01
2.800e+01
2.800e+01
4.000e+01
3.700e+01
3.200e+01
3.300e+01
3.800e+01
3.100e+01
1.400e+01
3.000e+01
3.300e+01
3.700e+01
3.400e+01
3.200e+01
3.800e+01
3.200e+01
3.800e+01
3.800e+01
4.400e+01
6.600e+01
7.300e+01
5.300e+01
5.800e+01
4.900e+01
6.100e+01
4.500e+01
5.700e+01
6.100e+01
8.600e+01
9.500e+01
9.000e+01
7.500e+01
9.500e+01
9.500e+01
1.050e+02
9.700e+01
1.010e+02
9.100e+01
8.500e+01
1.040e+02
1.200e+02
8.800e+01
1.200e+02
9.600e+01
7.100e+01
6.900e+01
6.200e+01
4.800e+01
6.000e+01
5.800e+01
6.400e+01
5.800e+01
4.600e+01
6.900e+01
6.300e+01
5.800e+01
3.600e+01
2.900e+01
4.600e+01
3.200e+01
3.800e+01
4.100e+01
4.100e+01
3.000e+01
3.700e+01
4.600e+01
5.100e+01
3.500e+01
3.500e+01
3.700e+01
4.200e+01
2.600e+01
2.500e+01
2.800e+01
2.000e+01
3.800e+01
3.100e+01
2.400e+01
3.800e+01
3.400e+01
3.900e+01
1.800e+01
2.200e+01
2.500e+01
2.800e+01
2.600e+01
2.800e+01
2.600e+01
3.100e+01
2.000e+01
2.400e+01
3.400e+01
2.700e+01
2.400e+01
1.900e+01
3.900e+01
2.300e+01
3.900e+01
1.700e+01
3.500e+01
3.800e+01
4.700e+01
2.500e+01
3.200e+01
2.000e+01
3.100e+01
2.500e+01
2.300e+01
2.400e+01
3.000e+01
2.400e+01
2.300e+01
1.900e+01
2.800e+01
2.100e+01
2.100e+01
1.900e+01
2.500e+01
2.700e+01
3.000e+01
1.500e+01
2.500e+01
2.300e+01
3.300e+01
2.700e+01
3.300e+01
3.600e+01
3.100e+01
3.600e+01
3.500e+01
3.900e+01
4.000e+01
5.300e+01
3.700e+01
3.800e+01
3.200e+01
3.300e+01
5.700e+01
4.000e+01
5.900e+01
1.270e+02
1.480e+02
6.700e+01
8.300e+01
1.220e+02
1.110e+02
1.270e+02
1.480e+02
2.140e+02
2.250e+02
2.190e+02
3.010e+02
3.220e+02
4.310e+02
5.380e+02
7.080e+02
7.400e+02
9.590e+02
9.810e+02
8.010e+02
8.040e+02
6.760e+02
4.840e+02
3.900e+02
3.000e+02
2.110e+02
2.420e+02
2.180e+02
2.010e+02
1.380e+02
1.470e+02
1.610e+02
1.930e+02
1.890e+02
2.910e+02
2.230e+02
1.750e+02
1.760e+02
1.640e+02
1.610e+02
1.440e+02
1.410e+02
1.590e+02
1.400e+02
9.600e+01
1.240e+02
1.450e+02
1.150e+02
1.400e+02
1.220e+02
1.290e+02
1.200e+02
1.120e+02
1.150e+02
1.470e+02
1.250e+02
1.540e+02
1.490e+02
1.620e+02
1.760e+02
1.860e+02
1.840e+02
1.870e+02
1.690e+02
2.030e+02
1.860e+02
2.460e+02
1.580e+02
1.710e+02
1.170e+02
1.410e+02
1.640e+02
1.940e+02
1.720e+02
1.570e+02
1.900e+02
2.140e+02
