3.772e+03
1.119e+03
6.510e+02
4.740e+02
3.120e+02
2.650e+02
2.450e+02
1.890e+02
1.890e+02
1.560e+02
1.330e+02
1.560e+02
1.460e+02
1.310e+02
1.170e+02
1.050e+02
6.900e+01
6.600e+01
6.800e+01
5.200e+01
4.300e+01
3.600e+01
2.800e+01
2.700e+01
2.800e+01
3.400e+01
1.700e+01
2.300e+01
1.600e+01
2.100e+01
1.200e+01
8.000e+00
9.000e+00
1.300e+01
7.000e+00
1.100e+01
8.000e+00
8.000e+00
7.000e+00
2.000e+00
3.000e+00
7.000e+00
5.000e+00
4.000e+00
1.300e+01
3.000e+00
5.000e+00
1.700e+01
2.100e+01
2.200e+01
1.500e+01
9.000e+00
3.400e+01
8.000e+00
9.000e+00
3.000e+00
4.000e+00
1.000e+00
1.000e+00
2.000e+00
2.000e+00
0.000e+00
1.000e+00
4.000e+00
7.000e+00
0.000e+00
0.000e+00
4.000e+00
0.000e+00
0.000e+00
0.000e+00
0.000e+00
0.000e+00
1.000e+00
0.000e+00
0.000e+00
0.000e+00
0.000e+00
0.000e+00
0.000e+00
0.000e+00
0.000e+00
0.000e+00
0.000e+00
0.000e+00
0.000e+00
1.000e+00
0.000e+00
2.000e+00
1.000e+00
0.000e+00
1.000e+00
1.000e+00
0.000e+00
1.000e+00
0.000e+00
0.000e+00
0.000e+00
0.000e+00
0.000e+00
0.000e+00
0.000e+00
0.000e+00
0.000e+00
0.000e+00
0.000e+00
0.000e+00
0.000e+00
0.000e+00
0.000e+00
0.000e+00
0.000e+00
0.000e+00
0.000e+00
0.000e+00
0.000e+00
0.000e+00
0.000e+00
0.000e+00
0.000e+00
0.000e+00
0.000e+00
0.000e+00
1.000e+00
0.000e+00
0.000e+00
3.000e+00
1.000e+00
1.000e+00
1.000e+00
0.000e+00
2.000e+00
1.000e+00
3.000e+00
3.000e+00
3.000e+00
3.000e+00
7.000e+00
5.000e+00
4.000e+00
1.000e+00
3.000e+00
3.000e+00
1.000e+00
1.000e+00
4.000e+00
2.000e+00
1.000e+00
3.000e+00
7.000e+00
5.000e+00
5.000e+00
3.000e+00
9.000e+00
4.000e+00
6.000e+00
6.000e+00
6.000e+00
7.000e+00
1.000e+01
9.000e+00
1.500e+01
2.100e+01
1.200e+01
2.100e+01
2.500e+01
2.200e+01
2.900e+01
3.000e+01
5.100e+01
5.600e+01
5.200e+01
6.400e+01
7.700e+01
7.900e+01
7.800e+01
9.800e+01
1.180e+02
1.760e+02
2.550e+02
7.450e+02
2.570e+02
1.740e+02
1.040e+02
9.900e+01
9.400e+01
6.000e+01
4.900e+01
4.600e+01
5.500e+01
4.800e+01
4.300e+01
4.300e+01
4.400e+01
2.000e+01
2.600e+01
3.300e+01
1.700e+01
1.900e+01
2.400e+01
7.000e+00
1.600e+01
9.000e+00
1.000e+01
1.300e+01
7.000e+00
5.000e+00
1.000e+00
3.000e+00
0.000e+00
6.000e+00
2.000e+00
2.000e+00
0.000e+00
1.000e+00
2.000e+00
1.000e+00
1.000e+00
0.000e+00
2.000e+00
3.000e+00
0.000e+00
1.000e+00
1.000e+00
2.000e+00
1.000e+00
1.000e+00
4.000e+00
1.000e+00
0.000e+00
0.000e+00
0.000e+00
1.000e+00
0.000e+00
0.000e+00
1.000e+00
0.000e+00
0.000e+00
0.000e+00
0.000e+00
0.000e+00
0.000e+00
0.000e+00
0.000e+00
1.000e+00
0.000e+00
2.000e+00
0.000e+00
1.000e+00
0.000e+00
0.000e+00
0.000e+00
0.000e+00
0.000e+00
0.000e+00
0.000e+00
0.000e+00
2.000e+00
0.000e+00
0.000e+00
0.000e+00
0.000e+00
0.000e+00
0.000e+00
0.000e+00
1.000e+00
0.000e+00
0.000e+00
0.000e+00
0.000e+00
1.000e+00
1.000e+00
0.000e+00
1.000e+00
0.000e+00
0.000e+00
0.000e+00
0.000e+00
0.000e+00
0.000e+00
0.000e+00
0.000e+00
1.000e+00
0.000e+00
0.000e+00
1.000e+00
0.000e+00
0.000e+00
0.000e+00
0.000e+00
1.000e+00
0.000e+00
0.000e+00
2.000e+00
0.000e+00
4.000e+00
7.000e+00
1.000e+00
1.000e+00
0.000e+00
3.000e+00
4.000e+00
8.000e+00
3.000e+00
1.000e+01
7.000e+00
7.000e+00
1.000e+01
1.300e+01
9.000e+00
1.300e+01
3.100e+01
1.300e+01
1.600e+01
1.600e+01
6.000e+00
1.100e+01
1.800e+01
9.000e+00
1.000e+01
5.000e+00
6.000e+00
1.200e+01
1.000e+01
9.000e+00
8.000e+00
2.500e+01
1.600e+01
1.100e+01
1.500e+01
1.500e+01
1.100e+01
1.800e+01
1.800e+01
1.200e+01
1.800e+01
2.900e+01
3.000e+01
3.600e+01
4.200e+01
3.700e+01
4.700e+01
5.200e+01
6.700e+01
5.900e+01
9.200e+01
1.180e+02
1.220e+02
1.480e+02
1.550e+02
2.540e+02
2.330e+02
2.020e+02
3.190e+02
3.520e+02
2.730e+02
3.750e+02
4.630e+02
7.150e+02
1.090e+03
