5.404e+03
1.592e+03
1.086e+03
8.550e+02
6.280e+02
6.240e+02
5.350e+02
4.170e+02
3.990e+02
3.900e+02
3.460e+02
3.290e+02
2.990e+02
2.930e+02
2.790e+02
2.410e+02
2.060e+02
2.030e+02
2.060e+02
2.000e+02
1.600e+02
1.850e+02
1.740e+02
1.560e+02
1.400e+02
1.530e+02
1.250e+02
1.450e+02
9.800e+01
1.210e+02
1.480e+02
1.510e+02
1.410e+02
1.620e+02
1.480e+02
1.950e+02
1.520e+02
1.640e+02
1.500e+02
1.700e+02
1.570e+02
1.860e+02
2.580e+02
3.240e+02
2.020e+02
1.970e+02
2.180e+02
1.660e+02
1.330e+02
1.740e+02
1.930e+02
2.620e+02
3.010e+02
3.550e+02
3.830e+02
4.820e+02
7.040e+02
8.320e+02
8.020e+02
9.920e+02
1.053e+03
8.400e+02
7.520e+02
5.520e+02
4.040e+02
3.190e+02
2.080e+02
1.880e+02
2.180e+02
1.850e+02
1.460e+02
1.040e+02
1.340e+02
1.240e+02
6.900e+01
8.600e+01
1.320e+02
1.380e+02
8.000e+01
6.700e+01
4.900e+01
6.300e+01
3.100e+01
3.600e+01
3.800e+01
4.200e+01
3.300e+01
3.900e+01
3.400e+01
2.900e+01
2.900e+01
3.200e+01
3.100e+01
2.500e+01
3.500e+01
2.900e+01
3.900e+01
2.000e+01
3.600e+01
4.500e+01
2.800e+01
1.900e+01
3.400e+01
2.600e+01
2.300e+01
1.900e+01
2.400e+01
3.000e+01
2.100e+01
1.600e+01
3.100e+01
3.400e+01
3.100e+01
3.000e+01
2.600e+01
2.600e+01
3.700e+01
3.100e+01
4.200e+01
3.600e+01
3.300e+01
3.400e+01
3.600e+01
3.400e+01
2.500e+01
2.600e+01
2.700e+01
2.300e+01
2.100e+01
3.800e+01
1.200e+01
2.500e+01
2.800e+01
1.900e+01
2.300e+01
2.500e+01
2.400e+01
2.600e+01
2.400e+01
3.200e+01
3.300e+01
2.500e+01
3.000e+01
3.200e+01
3.300e+01
4.200e+01
4.300e+01
3.800e+01
4.200e+01
4.200e+01
4.100e+01
2.000e+01
3.700e+01
4.000e+01
4.000e+01
4.200e+01
3.900e+01
4.600e+01
4.100e+01
4.500e+01
5.300e+01
5.800e+01
7.700e+01
8.300e+01
6.500e+01
7.700e+01
7.300e+01
8.800e+01
6.900e+01
9.900e+01
1.040e+02
1.170e+02
1.380e+02
1.320e+02
1.330e+02
1.790e+02
1.720e+02
2.070e+02
2.550e+02
3.960e+02
1.049e+03
3.670e+02
2.570e+02
2.300e+02
1.660e+02
1.990e+02
1.710e+02
1.190e+02
1.140e+02
1.170e+02
9.600e+01
9.100e+01
8.600e+01
9.200e+01
8.300e+01
6.300e+01
8.200e+01
7.800e+01
7.300e+01
5.000e+01
3.900e+01
5.400e+01
4.000e+01
4.500e+01
5.300e+01
4.900e+01
3.800e+01
4.200e+01
5.200e+01
5.800e+01
4.500e+01
4.200e+01
4.700e+01
5.000e+01
2.800e+01
2.800e+01
3.300e+01
2.400e+01
3.900e+01
3.500e+01
2.600e+01
4.000e+01
3.500e+01
4.000e+01
1.900e+01
2.400e+01
2.800e+01
3.000e+01
2.900e+01
2.800e+01
2.600e+01
3.200e+01
2.100e+01
2.500e+01
3.400e+01
2.900e+01
2.600e+01
2.000e+01
3.900e+01
2.400e+01
4.000e+01
1.700e+01
3.500e+01
3.800e+01
4.700e+01
2.500e+01
3.200e+01
2.000e+01
3.100e+01
2.600e+01
2.300e+01
2.400e+01
3.100e+01
2.400e+01
2.300e+01
1.900e+01
2.800e+01
2.100e+01
2.100e+01
1.900e+01
2.500e+01
2.700e+01
3.200e+01
1.500e+01
2.600e+01
2.300e+01
3.300e+01
2.700e+01
3.300e+01
3.600e+01
3.100e+01
3.700e+01
3.600e+01
3.900e+01
4.000e+01
5.300e+01
3.700e+01
3.900e+01
3.300e+01
3.500e+01
5.700e+01
4.200e+01
5.900e+01
1.280e+02
1.480e+02
6.700e+01
8.300e+01
1.230e+02
1.110e+02
1.280e+02
1.480e+02
2.150e+02
2.250e+02
2.190e+02
3.010e+02
3.230e+02
4.310e+02
5.400e+02
7.080e+02
7.400e+02
9.600e+02
9.830e+02
8.010e+02
8.040e+02
6.760e+02
4.870e+02
3.930e+02
3.010e+02
2.120e+02
2.430e+02
2.190e+02
2.060e+02
1.390e+02
1.500e+02
1.620e+02
1.960e+02
1.920e+02
2.940e+02
2.270e+02
1.870e+02
1.820e+02
1.700e+02
1.650e+02
1.540e+02
1.520e+02
1.690e+02
1.440e+02
1.010e+02
1.320e+02
1.530e+02
1.200e+02
1.530e+02
1.280e+02
1.410e+02
1.310e+02
1.350e+02
1.290e+02
1.710e+02
1.540e+02
1.920e+02
1.900e+02
2.100e+02
2.280e+02
2.520e+02
2.590e+02
2.840e+02
2.600e+02
3.160e+02
3.150e+02
4.220e+02
3.430e+02
4.260e+02
3.750e+02
4.290e+02
5.340e+02
5.890e+02
6.170e+02
8.270e+02
1.111e+03
1.681e+03
