2.495e+03
6.590e+02
3.730e+02
2.670e+02
2.390e+02
2.060e+02
1.670e+02
1.250e+02
1.440e+02
1.590e+02
1.450e+02
1.080e+02
1.160e+02
1.140e+02
1.170e+02
1.360e+02
1.190e+02
9.300e+01
9.700e+01
5.700e+01
6.000e+01
5.000e+01
4.300e+01
3.500e+01
2.500e+01
2.700e+01
1.700e+01
2.000e+01
8.000e+00
1.000e+01
1.100e+01
7.000e+00
9.000e+00
5.000e+00
2.000e+00
4.000e+00
3.000e+00
5.000e+00
1.000e+00
3.000e+00
2.000e+00
4.000e+00
5.000e+00
5.000e+00
4.000e+00
5.000e+00
0.000e+00
5.000e+00
0.000e+00
1.000e+00
0.000e+00
1.000e+00
4.000e+00
0.000e+00
2.000e+00
2.000e+00
5.000e+00
4.000e+00
4.000e+00
5.000e+00
4.000e+00
5.000e+00
2.000e+00
2.000e+00
2.000e+00
6.000e+00
4.000e+00
3.000e+00
4.000e+00
1.000e+00
2.000e+00
1.000e+00
1.000e+00
1.000e+00
0.000e+00
3.000e+00
0.000e+00
1.000e+00
1.000e+00
0.000e+00
3.000e+00
0.000e+00
0.000e+00
2.000e+00
0.000e+00
0.000e+00
0.000e+00
0.000e+00
0.000e+00
0.000e+00
1.000e+00
0.000e+00
0.000e+00
0.000e+00
1.000e+00
0.000e+00
0.000e+00
1.000e+00
0.000e+00
0.000e+00
1.000e+00
0.000e+00
1.000e+00
0.000e+00
1.000e+00
1.000e+00
0.000e+00
0.000e+00
3.000e+00
0.000e+00
1.000e+00
1.000e+00
1.000e+00
2.000e+00
1.000e+00
5.000e+00
2.000e+00
3.000e+00
3.000e+00
4.000e+00
6.000e+00
5.000e+00
3.000e+00
0.000e+00
4.000e+00
5.000e+00
6.000e+00
2.000e+00
1.000e+00
1.000e+00
2.000e+00
2.000e+00
1.000e+00
0.000e+00
4.000e+00
3.000e+00
1.000e+00
4.000e+00
3.000e+00
1.000e+00
1.000e+00
1.000e+00
2.000e+00
5.000e+00
4.000e+00
5.000e+00
2.000e+00
2.000e+00
4.000e+00
4.000e+00
1.400e+01
7.000e+00
7.000e+00
1.600e+01
1.800e+01
2.500e+01
2.900e+01
2.000e+01
3.900e+01
4.900e+01
5.200e+01
6.800e+01
4.900e+01
7.100e+01
1.020e+02
1.080e+02
1.400e+02
1.000e+02
1.000e+02
8.400e+01
7.800e+01
6.700e+01
6.700e+01
7.100e+01
5.700e+01
6.700e+01
9.100e+01
1.160e+02
1.600e+02
4.020e+02
1.464e+03
3.770e+02
1.660e+02
9.000e+01
8.200e+01
6.400e+01
5.600e+01
5.400e+01
7.300e+01
8.400e+01
7.200e+01
8.000e+01
7.300e+01
9.000e+01
1.090e+02
1.400e+02
8.700e+01
6.800e+01
7.600e+01
6.600e+01
4.100e+01
2.600e+01
3.100e+01
2.200e+01
1.900e+01
7.000e+00
1.300e+01
1.700e+01
7.000e+00
1.000e+01
3.000e+00
6.000e+00
3.000e+00
5.000e+00
2.000e+00
3.000e+00
3.000e+00
2.000e+00
3.000e+00
3.000e+00
4.000e+00
2.000e+00
3.000e+00
6.000e+00
1.000e+00
2.000e+00
1.000e+00
1.000e+00
1.000e+00
0.000e+00
2.000e+00
2.000e+00
2.000e+00
4.000e+00
2.000e+00
4.000e+00
5.000e+00
3.000e+00
1.000e+00
0.000e+00
7.000e+00
2.000e+00
1.000e+00
5.000e+00
5.000e+00
6.000e+00
4.000e+00
1.000e+00
4.000e+00
2.000e+00
0.000e+00
0.000e+00
2.000e+00
0.000e+00
1.000e+00
3.000e+00
0.000e+00
0.000e+00
0.000e+00
2.000e+00
1.000e+00
0.000e+00
0.000e+00
0.000e+00
0.000e+00
0.000e+00
0.000e+00
0.000e+00
0.000e+00
0.000e+00
0.000e+00
0.000e+00
0.000e+00
0.000e+00
0.000e+00
2.000e+00
0.000e+00
1.000e+00
0.000e+00
0.000e+00
1.000e+00
0.000e+00
1.000e+00
1.000e+00
0.000e+00
3.000e+00
1.000e+00
0.000e+00
0.000e+00
1.000e+00
0.000e+00
1.000e+00
2.000e+00
5.000e+00
7.000e+00
2.000e+00
2.000e+00
2.000e+00
7.000e+00
5.000e+00
4.000e+00
4.000e+00
6.000e+00
3.000e+00
1.000e+00
6.000e+00
1.000e+00
4.000e+00
3.000e+00
1.000e+00
2.000e+00
3.000e+00
3.000e+00
4.000e+00
2.000e+00
3.000e+00
3.000e+00
3.000e+00
3.000e+00
3.000e+00
1.000e+00
4.000e+00
2.000e+00
7.000e+00
4.000e+00
3.000e+00
2.000e+00
2.000e+00
6.000e+00
1.000e+01
7.000e+00
1.400e+01
1.900e+01
2.700e+01
1.500e+01
3.300e+01
3.900e+01
4.100e+01
3.700e+01
7.700e+01
5.100e+01
5.700e+01
9.800e+01
9.700e+01
1.110e+02
1.530e+02
1.360e+02
1.690e+02
1.330e+02
1.420e+02
1.510e+02
1.550e+02
1.490e+02
1.630e+02
1.830e+02
2.050e+02
2.440e+02
2.680e+02
4.120e+02
6.450e+02
