1.445e+03
5.750e+02
3.540e+02
2.620e+02
2.700e+02
2.360e+02
2.150e+02
2.190e+02
2.100e+02
2.420e+02
2.030e+02
2.490e+02
2.450e+02
2.060e+02
2.310e+02
2.300e+02
2.180e+02
2.130e+02
2.170e+02
2.290e+02
2.060e+02
2.250e+02
2.380e+02
2.160e+02
2.340e+02
2.450e+02
2.350e+02
2.160e+02
2.370e+02
2.390e+02
2.560e+02
2.680e+02
2.160e+02
2.550e+02
2.410e+02
2.180e+02
2.040e+02
1.940e+02
1.940e+02
1.920e+02
1.760e+02
1.930e+02
2.120e+02
2.110e+02
2.420e+02
2.280e+02
2.360e+02
2.780e+02
2.180e+02
2.600e+02
2.330e+02
1.890e+02
2.420e+02
2.490e+02
2.270e+02
2.820e+02
3.530e+02
5.090e+02
8.030e+02
7.610e+02
7.580e+02
7.160e+02
6.510e+02
5.710e+02
3.070e+02
2.320e+02
1.470e+02
1.090e+02
9.300e+01
5.100e+01
3.300e+01
3.800e+01
3.800e+01
4.000e+01
3.700e+01
2.700e+01
3.500e+01
5.200e+01
4.500e+01
2.200e+01
2.800e+01
2.800e+01
2.800e+01
2.200e+01
2.700e+01
2.200e+01
2.100e+01
2.400e+01
2.600e+01
3.300e+01
2.700e+01
3.700e+01
2.200e+01
2.900e+01
3.200e+01
3.300e+01
3.800e+01
5.900e+01
5.500e+01
3.900e+01
1.400e+01
1.700e+01
2.900e+01
3.000e+01
1.600e+01
4.000e+01
3.700e+01
1.000e+01
1.900e+01
2.100e+01
2.200e+01
2.500e+01
1.100e+01
3.400e+01
3.600e+01
2.400e+01
2.300e+01
3.300e+01
3.300e+01
8.500e+01
2.600e+01
2.000e+01
2.500e+01
2.200e+01
2.300e+01
2.300e+01
1.300e+01
1.700e+01
1.800e+01
1.900e+01
2.700e+01
2.100e+01
1.300e+01
1.900e+01
2.400e+01
1.600e+01
3.500e+01
2.100e+01
1.600e+01
1.400e+01
3.400e+01
3.900e+01
2.000e+01
2.100e+01
1.800e+01
2.900e+01
2.600e+01
3.200e+01
3.900e+01
4.300e+01
3.800e+01
4.600e+01
2.800e+01
3.700e+01
3.400e+01
2.300e+01
2.600e+01
2.100e+01
1.200e+01
2.200e+01
5.200e+01
2.000e+01
2.000e+01
2.600e+01
3.500e+01
2.900e+01
2.100e+01
3.500e+01
2.800e+01
3.500e+01
2.300e+01
2.100e+01
3.300e+01
6.100e+01
3.600e+01
4.100e+01
5.600e+01
3.800e+01
3.300e+01
5.400e+01
6.100e+01
7.100e+01
7.900e+01
6.200e+01
5.100e+01
4.800e+01
3.000e+01
2.300e+01
3.200e+01
1.600e+01
1.900e+01
2.500e+01
2.100e+01
2.200e+01
1.900e+01
2.700e+01
1.700e+01
1.900e+01
2.400e+01
2.700e+01
2.500e+01
2.600e+01
2.000e+01
2.100e+01
1.700e+01
3.800e+01
4.200e+01
1.200e+01
3.000e+01
3.300e+01
3.600e+01
3.000e+01
2.300e+01
1.900e+01
2.800e+01
2.300e+01
2.100e+01
1.700e+01
2.000e+01
3.300e+01
1.600e+01
1.500e+01
2.000e+01
2.200e+01
1.900e+01
1.900e+01
2.700e+01
2.100e+01
2.500e+01
2.500e+01
2.600e+01
2.100e+01
1.600e+01
2.300e+01
2.300e+01
1.700e+01
2.300e+01
2.600e+01
2.000e+01
2.400e+01
4.800e+01
7.800e+01
3.800e+01
3.200e+01
1.900e+01
2.300e+01
3.700e+01
2.700e+01
2.000e+01
2.700e+01
2.400e+01
3.100e+01
3.100e+01
1.700e+01
4.800e+01
4.600e+01
3.000e+01
3.500e+01
4.300e+01
4.400e+01
3.800e+01
3.000e+01
4.400e+01
3.100e+01
2.900e+01
2.000e+01
4.600e+01
2.500e+01
4.700e+01
4.900e+01
5.600e+01
4.200e+01
4.800e+01
3.500e+01
4.400e+01
2.500e+01
3.300e+01
3.300e+01
2.400e+01
2.000e+01
2.200e+01
4.200e+01
5.100e+01
4.600e+01
3.200e+01
4.300e+01
4.200e+01
3.900e+01
5.900e+01
6.600e+01
5.500e+01
4.600e+01
6.500e+01
9.900e+01
1.260e+02
1.900e+02
3.110e+02
4.550e+02
6.610e+02
7.130e+02
7.760e+02
7.960e+02
8.080e+02
5.470e+02
3.500e+02
2.790e+02
2.210e+02
2.020e+02
1.910e+02
1.740e+02
1.690e+02
2.050e+02
2.040e+02
2.030e+02
2.410e+02
2.340e+02
2.260e+02
1.680e+02
1.620e+02
2.080e+02
2.180e+02
1.940e+02
2.110e+02
1.920e+02
1.990e+02
2.120e+02
2.370e+02
2.220e+02
2.060e+02
2.310e+02
2.490e+02
2.300e+02
2.410e+02
2.130e+02
2.090e+02
2.320e+02
2.030e+02
2.300e+02
2.650e+02
2.390e+02
2.460e+02
2.630e+02
2.000e+02
2.880e+02
2.400e+02
2.370e+02
2.270e+02
2.520e+02
2.430e+02
2.930e+02
2.830e+02
2.820e+02
2.470e+02
2.380e+02
2.460e+02
2.760e+02
2.840e+02
3.390e+02
3.670e+02
6.440e+02
