2.535e+03
9.480e+02
6.000e+02
4.400e+02
4.470e+02
3.750e+02
3.350e+02
2.960e+02
2.970e+02
3.320e+02
2.790e+02
2.990e+02
2.830e+02
2.410e+02
2.630e+02
2.610e+02
2.450e+02
2.320e+02
2.400e+02
2.350e+02
2.330e+02
2.420e+02
2.480e+02
2.240e+02
2.380e+02
2.490e+02
2.360e+02
2.240e+02
2.400e+02
2.420e+02
2.580e+02
2.700e+02
2.220e+02
2.580e+02
2.430e+02
2.210e+02
2.090e+02
1.960e+02
1.980e+02
1.950e+02
1.830e+02
1.980e+02
2.170e+02
2.120e+02
2.420e+02
2.320e+02
2.400e+02
2.850e+02
2.260e+02
2.670e+02
2.360e+02
1.910e+02
2.470e+02
2.540e+02
2.340e+02
2.870e+02
3.600e+02
5.140e+02
8.050e+02
7.640e+02
7.640e+02
7.210e+02
6.550e+02
5.800e+02
3.180e+02
2.340e+02
1.540e+02
1.110e+02
9.500e+01
5.600e+01
4.000e+01
5.400e+01
4.600e+01
4.800e+01
3.900e+01
3.000e+01
4.000e+01
5.700e+01
5.300e+01
2.600e+01
3.400e+01
3.600e+01
3.500e+01
2.700e+01
3.100e+01
2.700e+01
2.600e+01
3.700e+01
2.900e+01
3.400e+01
2.900e+01
4.400e+01
2.400e+01
2.900e+01
3.400e+01
3.900e+01
3.800e+01
5.900e+01
5.600e+01
4.000e+01
1.700e+01
1.800e+01
3.100e+01
3.000e+01
1.700e+01
4.000e+01
3.800e+01
1.000e+01
2.100e+01
2.100e+01
2.400e+01
2.500e+01
1.100e+01
3.700e+01
3.600e+01
2.600e+01
2.400e+01
3.300e+01
3.600e+01
8.500e+01
2.900e+01
2.000e+01
2.500e+01
2.200e+01
2.300e+01
2.300e+01
1.400e+01
1.900e+01
2.000e+01
1.900e+01
2.900e+01
2.200e+01
1.400e+01
1.900e+01
2.500e+01
1.700e+01
3.600e+01
2.100e+01
1.600e+01
1.800e+01
3.400e+01
4.000e+01
2.000e+01
2.100e+01
2.000e+01
3.100e+01
2.600e+01
3.300e+01
3.900e+01
4.400e+01
3.900e+01
4.800e+01
2.800e+01
3.800e+01
3.500e+01
2.500e+01
2.700e+01
2.200e+01
1.500e+01
2.900e+01
5.200e+01
2.300e+01
2.200e+01
3.000e+01
3.600e+01
3.800e+01
2.700e+01
4.000e+01
3.600e+01
3.900e+01
2.700e+01
2.800e+01
4.400e+01
7.400e+01
4.000e+01
4.800e+01
6.300e+01
4.600e+01
4.600e+01
8.700e+01
1.680e+02
1.070e+02
9.800e+01
7.300e+01
5.800e+01
5.600e+01
3.800e+01
3.300e+01
4.000e+01
1.900e+01
2.800e+01
3.000e+01
3.100e+01
2.900e+01
2.500e+01
3.500e+01
2.500e+01
2.000e+01
2.800e+01
3.200e+01
2.800e+01
2.600e+01
2.400e+01
2.300e+01
1.900e+01
3.900e+01
4.600e+01
1.300e+01
3.200e+01
3.400e+01
3.600e+01
3.100e+01
2.400e+01
2.100e+01
3.100e+01
2.400e+01
2.200e+01
1.900e+01
2.100e+01
3.500e+01
1.700e+01
1.700e+01
2.000e+01
2.200e+01
2.000e+01
1.900e+01
2.700e+01
2.100e+01
2.600e+01
2.500e+01
2.700e+01
2.100e+01
1.600e+01
2.300e+01
2.400e+01
1.700e+01
2.400e+01
2.800e+01
2.200e+01
2.400e+01
4.900e+01
7.800e+01
4.000e+01
3.200e+01
2.100e+01
2.400e+01
3.700e+01
2.800e+01
2.000e+01
2.900e+01
2.500e+01
3.200e+01
3.200e+01
1.800e+01
4.800e+01
4.900e+01
3.000e+01
3.600e+01
4.600e+01
4.600e+01
4.000e+01
3.000e+01
4.700e+01
3.200e+01
3.100e+01
2.100e+01
5.200e+01
2.500e+01
5.000e+01
5.200e+01
5.900e+01
4.600e+01
5.500e+01
4.200e+01
4.700e+01
2.900e+01
3.600e+01
3.800e+01
3.000e+01
3.000e+01
3.200e+01
5.000e+01
5.400e+01
4.900e+01
3.800e+01
4.900e+01
4.800e+01
4.500e+01
6.800e+01
7.200e+01
6.200e+01
5.300e+01
7.300e+01
1.100e+02
1.290e+02
1.960e+02
3.210e+02
4.610e+02
6.670e+02
7.160e+02
7.780e+02
7.980e+02
8.130e+02
5.490e+02
3.580e+02
2.820e+02
2.300e+02
2.040e+02
1.960e+02
1.810e+02
1.700e+02
2.100e+02
2.080e+02
2.070e+02
2.500e+02
2.350e+02
2.300e+02
1.720e+02
1.660e+02
2.110e+02
2.230e+02
2.000e+02
2.140e+02
1.990e+02
2.010e+02
2.120e+02
2.390e+02
2.250e+02
2.070e+02
2.370e+02
2.520e+02
2.330e+02
2.460e+02
2.190e+02
2.140e+02
2.360e+02
2.110e+02
2.390e+02
2.760e+02
2.640e+02
2.710e+02
2.810e+02
2.300e+02
3.100e+02
2.620e+02
2.800e+02
2.680e+02
3.140e+02
2.900e+02
3.550e+02
3.610e+02
3.760e+02
3.230e+02
3.440e+02
3.600e+02
3.960e+02
4.440e+02
5.110e+02
6.320e+02
9.890e+02
