6.000e+00
0.000e+00
0.000e+00
0.000e+00
2.000e+00
0.000e+00
0.000e+00
1.000e+00
0.000e+00
0.000e+00
0.000e+00
0.000e+00
3.000e+00
1.000e+00
0.000e+00
0.000e+00
0.000e+00
0.000e+00
0.000e+00
0.000e+00
1.000e+00
0.000e+00
0.000e+00
3.000e+00
2.000e+00
0.000e+00
2.000e+00
1.000e+00
2.000e+00
3.000e+00
3.000e+00
5.000e+00
1.000e+00
2.000e+00
3.000e+00
8.000e+00
1.000e+01
6.000e+00
3.000e+00
2.000e+00
3.000e+00
9.000e+00
5.000e+00
8.000e+00
9.000e+00
1.200e+01
1.100e+01
1.400e+01
1.900e+01
2.200e+01
2.700e+01
1.900e+01
2.600e+01
2.000e+01
2.400e+01
3.900e+01
3.700e+01
2.700e+01
3.600e+01
5.500e+01
5.600e+01
5.700e+01
7.700e+01
8.600e+01
7.800e+01
1.130e+02
1.290e+02
1.200e+02
1.320e+02
1.290e+02
1.530e+02
1.480e+02
2.160e+02
1.880e+02
1.910e+02
1.830e+02
1.820e+02
1.800e+02
1.500e+02
1.330e+02
1.440e+02
1.490e+02
2.000e+02
2.440e+02
1.690e+02
1.270e+02
9.900e+01
8.000e+01
9.000e+01
7.700e+01
8.200e+01
6.900e+01
5.400e+01
6.900e+01
5.300e+01
7.100e+01
4.500e+01
4.700e+01
5.700e+01
4.700e+01
5.100e+01
4.900e+01
4.300e+01
3.900e+01
4.600e+01
4.300e+01
5.100e+01
5.100e+01
3.500e+01
3.800e+01
3.700e+01
3.600e+01
4.100e+01
2.000e+01
3.000e+01
2.800e+01
1.900e+01
2.400e+01
3.500e+01
2.500e+01
2.400e+01
2.000e+01
3.000e+01
2.100e+01
2.000e+01
1.800e+01
1.900e+01
1.200e+01
1.500e+01
1.200e+01
1.200e+01
1.400e+01
1.000e+01
1.400e+01
1.300e+01
1.200e+01
1.200e+01
1.100e+01
1.700e+01
1.100e+01
2.300e+01
6.000e+00
1.100e+01
1.700e+01
2.700e+01
7.000e+00
1.000e+01
1.500e+01
1.900e+01
4.000e+01
2.900e+01
3.400e+01
1.900e+01
1.800e+01
1.700e+01
1.900e+01
2.000e+01
2.400e+01
3.600e+01
2.600e+01
2.500e+01
3.200e+01
3.300e+01
3.200e+01
3.900e+01
3.900e+01
4.900e+01
4.500e+01
6.000e+01
7.100e+01
7.300e+01
7.100e+01
7.300e+01
9.000e+01
9.800e+01
9.800e+01
1.030e+02
1.270e+02
1.640e+02
2.440e+02
8.120e+02
2.420e+02
1.650e+02
1.380e+02
1.140e+02
1.070e+02
6.700e+01
7.900e+01
6.900e+01
7.600e+01
5.000e+01
4.600e+01
5.800e+01
4.700e+01
4.000e+01
3.900e+01
3.700e+01
2.500e+01
2.400e+01
1.600e+01
3.000e+01
2.300e+01
2.600e+01
1.500e+01
2.000e+01
2.300e+01
2.500e+01
1.800e+01
2.100e+01
4.300e+01
1.900e+01
2.300e+01
1.200e+01
8.000e+00
2.100e+01
1.200e+01
9.000e+00
1.300e+01
1.200e+01
9.000e+00
1.000e+01
9.000e+00
1.300e+01
1.200e+01
1.000e+01
1.000e+01
1.200e+01
1.300e+01
1.300e+01
1.000e+01
1.500e+01
1.200e+01
1.900e+01
1.700e+01
2.000e+01
2.600e+01
1.600e+01
2.500e+01
2.600e+01
2.300e+01
2.400e+01
3.400e+01
4.300e+01
2.300e+01
3.300e+01
3.800e+01
4.200e+01
3.000e+01
2.900e+01
3.700e+01
4.400e+01
4.100e+01
5.900e+01
4.600e+01
4.200e+01
4.900e+01
4.300e+01
4.900e+01
5.400e+01
4.900e+01
6.300e+01
5.200e+01
5.200e+01
8.500e+01
5.400e+01
7.000e+01
7.000e+01
7.000e+01
8.000e+01
5.200e+01
9.800e+01
6.000e+01
8.500e+01
9.200e+01
1.090e+02
1.280e+02
1.740e+02
2.780e+02
1.920e+02
1.450e+02
1.320e+02
1.480e+02
1.430e+02
1.770e+02
2.060e+02
1.750e+02
2.160e+02
1.400e+02
2.250e+02
1.580e+02
1.520e+02
1.310e+02
1.540e+02
1.340e+02
1.160e+02
1.370e+02
8.000e+01
8.500e+01
6.400e+01
5.900e+01
4.700e+01
5.000e+01
3.000e+01
3.100e+01
3.100e+01
2.700e+01
2.800e+01
1.600e+01
2.200e+01
1.900e+01
2.400e+01
1.500e+01
1.300e+01
9.000e+00
1.200e+01
2.200e+01
1.600e+01
9.000e+00
1.000e+01
6.000e+00
9.000e+00
5.000e+00
6.000e+00
3.000e+00
8.000e+00
8.000e+00
7.000e+00
1.000e+00
6.000e+00
6.000e+00
2.000e+00
3.000e+00
1.000e+00
1.000e+00
1.000e+00
1.000e+00
3.000e+00
2.000e+00
0.000e+00
0.000e+00
1.000e+00
0.000e+00
1.000e+00
1.000e+00
0.000e+00
1.000e+00
3.000e+00
1.000e+00
0.000e+00
0.000e+00
0.000e+00
0.000e+00
2.000e+00
1.000e+00
2.000e+00
1.000e+00
1.000e+00
2.000e+00
1.000e+00
2.000e+00
