1.300e+01
3.000e+00
2.000e+00
3.000e+00
4.000e+00
4.000e+00
2.000e+00
5.000e+00
5.000e+00
4.000e+00
2.000e+00
3.000e+00
4.000e+00
7.000e+00
6.000e+00
4.000e+00
3.000e+00
7.000e+00
3.000e+00
5.000e+00
3.000e+00
3.000e+00
5.000e+00
6.000e+00
6.000e+00
2.000e+00
7.000e+00
4.000e+00
7.000e+00
1.400e+01
1.300e+01
1.500e+01
6.000e+00
1.200e+01
1.900e+01
1.900e+01
3.000e+01
3.300e+01
2.200e+01
3.000e+01
2.800e+01
4.300e+01
3.900e+01
5.000e+01
5.300e+01
5.500e+01
5.600e+01
5.900e+01
8.300e+01
7.700e+01
8.400e+01
8.900e+01
1.070e+02
1.340e+02
1.350e+02
1.510e+02
1.730e+02
1.650e+02
1.800e+02
2.450e+02
3.550e+02
3.960e+02
3.740e+02
3.260e+02
2.980e+02
3.240e+02
3.160e+02
3.040e+02
3.280e+02
3.290e+02
3.460e+02
3.900e+02
4.200e+02
4.210e+02
3.950e+02
4.110e+02
3.960e+02
3.790e+02
3.550e+02
3.300e+02
3.750e+02
3.290e+02
3.610e+02
4.480e+02
3.680e+02
3.440e+02
3.140e+02
2.630e+02
2.660e+02
2.390e+02
2.250e+02
1.810e+02
1.810e+02
2.220e+02
1.910e+02
1.670e+02
1.750e+02
1.630e+02
1.650e+02
1.360e+02
1.260e+02
1.190e+02
1.130e+02
1.000e+02
1.120e+02
1.130e+02
1.190e+02
1.100e+02
9.400e+01
8.800e+01
9.400e+01
1.000e+02
9.400e+01
8.400e+01
9.400e+01
8.500e+01
6.800e+01
8.000e+01
1.180e+02
9.200e+01
7.800e+01
7.500e+01
9.200e+01
7.600e+01
6.600e+01
7.100e+01
6.400e+01
7.100e+01
6.600e+01
7.100e+01
7.900e+01
6.400e+01
5.700e+01
8.300e+01
7.700e+01
7.800e+01
8.200e+01
9.300e+01
9.600e+01
9.600e+01
1.040e+02
9.000e+01
1.110e+02
1.140e+02
1.230e+02
1.290e+02
1.280e+02
1.510e+02
1.580e+02
1.950e+02
2.290e+02
2.190e+02
1.590e+02
2.030e+02
2.230e+02
1.940e+02
1.900e+02
1.750e+02
2.160e+02
2.370e+02
2.610e+02
2.400e+02
2.560e+02
2.730e+02
2.800e+02
2.560e+02
2.650e+02
2.570e+02
2.710e+02
3.100e+02
3.180e+02
3.020e+02
3.140e+02
3.000e+02
3.030e+02
2.890e+02
3.340e+02
3.700e+02
3.830e+02
4.950e+02
1.268e+03
5.270e+02
4.000e+02
3.200e+02
3.010e+02
2.790e+02
2.170e+02
2.660e+02
2.460e+02
2.310e+02
2.640e+02
2.630e+02
2.610e+02
2.230e+02
2.390e+02
2.220e+02
2.390e+02
2.040e+02
2.230e+02
2.080e+02
2.180e+02
2.260e+02
1.960e+02
1.850e+02
1.970e+02
1.920e+02
2.070e+02
2.180e+02
1.630e+02
2.130e+02
1.830e+02
1.780e+02
1.680e+02
1.450e+02
1.570e+02
1.440e+02
1.280e+02
1.400e+02
1.160e+02
1.100e+02
1.050e+02
1.080e+02
8.300e+01
8.100e+01
7.500e+01
7.800e+01
6.900e+01
6.400e+01
6.000e+01
7.800e+01
8.100e+01
4.900e+01
7.900e+01
6.900e+01
7.300e+01
8.500e+01
7.000e+01
6.800e+01
9.100e+01
8.400e+01
8.800e+01
1.150e+02
1.070e+02
9.100e+01
9.200e+01
7.300e+01
9.300e+01
8.600e+01
7.600e+01
8.500e+01
9.500e+01
8.600e+01
1.090e+02
1.060e+02
1.220e+02
1.150e+02
1.030e+02
1.020e+02
1.390e+02
1.180e+02
1.520e+02
1.450e+02
1.620e+02
1.980e+02
1.580e+02
1.800e+02
1.830e+02
1.710e+02
2.180e+02
1.440e+02
2.550e+02
2.610e+02
2.640e+02
3.000e+02
3.490e+02
3.240e+02
3.830e+02
4.740e+02
3.960e+02
3.360e+02
3.400e+02
3.470e+02
3.590e+02
3.790e+02
4.120e+02
4.170e+02
4.650e+02
3.840e+02
5.350e+02
4.420e+02
4.130e+02
4.100e+02
3.880e+02
3.850e+02
4.090e+02
3.790e+02
3.370e+02
3.420e+02
3.740e+02
4.520e+02
3.520e+02
2.940e+02
2.130e+02
1.710e+02
1.750e+02
1.380e+02
1.290e+02
1.040e+02
1.120e+02
8.800e+01
1.070e+02
8.300e+01
7.400e+01
5.100e+01
6.500e+01
5.600e+01
5.500e+01
3.200e+01
3.800e+01
2.200e+01
4.300e+01
2.500e+01
3.500e+01
2.300e+01
3.000e+01
2.600e+01
1.800e+01
9.000e+00
1.400e+01
1.700e+01
1.600e+01
1.300e+01
1.000e+01
4.000e+00
7.000e+00
6.000e+00
1.200e+01
1.000e+01
3.000e+00
1.100e+01
7.000e+00
6.000e+00
9.000e+00
4.000e+00
5.000e+00
7.000e+00
6.000e+00
8.000e+00
3.000e+00
6.000e+00
6.000e+00
3.000e+00
5.000e+00
4.000e+00
6.000e+00
2.000e+00
4.000e+00
4.000e+00
3.000e+00
3.000e+00
