4.973e+03
1.616e+03
1.029e+03
7.240e+02
5.050e+02
4.340e+02
3.850e+02
3.390e+02
3.540e+02
2.800e+02
3.350e+02
3.320e+02
3.600e+02
4.350e+02
4.940e+02
7.320e+02
4.050e+02
3.930e+02
3.360e+02
3.070e+02
3.180e+02
2.030e+02
1.690e+02
1.500e+02
1.310e+02
1.470e+02
1.670e+02
1.450e+02
1.180e+02
1.200e+02
1.380e+02
1.160e+02
1.220e+02
1.390e+02
1.280e+02
1.040e+02
8.700e+01
7.400e+01
6.600e+01
5.500e+01
5.200e+01
5.100e+01
3.700e+01
4.500e+01
3.200e+01
4.200e+01
4.100e+01
4.500e+01
2.200e+01
2.200e+01
2.100e+01
1.300e+01
1.900e+01
1.800e+01
3.000e+01
4.500e+01
3.100e+01
2.100e+01
3.600e+01
2.100e+01
8.000e+00
1.000e+01
3.000e+00
1.000e+00
1.000e+00
1.000e+00
3.000e+00
6.000e+00
8.000e+00
4.000e+00
3.100e+01
3.500e+01
1.400e+01
1.500e+01
8.000e+00
6.000e+00
4.000e+00
8.000e+00
7.000e+00
8.000e+00
7.000e+00
1.000e+00
4.000e+00
1.500e+01
1.200e+01
1.100e+01
1.600e+01
1.100e+01
1.800e+01
1.300e+01
1.100e+01
1.100e+01
5.000e+00
9.000e+00
9.000e+00
1.900e+01
1.300e+01
1.400e+01
1.100e+01
7.000e+00
1.700e+01
2.600e+01
1.500e+01
1.900e+01
2.300e+01
2.100e+01
2.000e+01
3.400e+01
3.200e+01
3.200e+01
4.800e+01
3.200e+01
4.600e+01
6.300e+01
7.000e+01
8.100e+01
1.000e+02
1.180e+02
1.030e+02
9.400e+01
6.200e+01
5.600e+01
5.400e+01
5.000e+01
4.600e+01
5.400e+01
6.900e+01
6.900e+01
6.200e+01
1.250e+02
2.160e+02
1.380e+02
1.810e+02
2.850e+02
9.100e+01
9.700e+01
7.200e+01
7.400e+01
8.300e+01
6.900e+01
8.500e+01
1.010e+02
7.000e+01
6.800e+01
5.900e+01
6.600e+01
4.700e+01
5.600e+01
7.100e+01
6.100e+01
3.800e+01
2.700e+01
3.800e+01
6.600e+01
6.200e+01
8.900e+01
6.500e+01
4.700e+01
5.500e+01
5.000e+01
3.800e+01
4.600e+01
5.200e+01
3.400e+01
3.500e+01
2.900e+01
2.100e+01
2.500e+01
3.400e+01
4.600e+01
4.000e+01
4.800e+01
5.200e+01
7.200e+01
6.500e+01
6.600e+01
9.600e+01
1.060e+02
1.700e+02
2.980e+02
9.610e+02
2.910e+02
1.570e+02
1.120e+02
7.200e+01
7.300e+01
6.300e+01
4.500e+01
3.300e+01
5.200e+01
4.300e+01
3.900e+01
4.500e+01
3.700e+01
1.900e+01
3.300e+01
3.900e+01
3.500e+01
5.100e+01
6.600e+01
3.600e+01
6.100e+01
2.700e+01
6.200e+01
5.600e+01
5.000e+01
4.400e+01
5.700e+01
6.300e+01
6.000e+01
5.100e+01
5.600e+01
5.500e+01
8.100e+01
8.200e+01
9.300e+01
9.400e+01
1.050e+02
1.040e+02
1.110e+02
8.700e+01
8.500e+01
1.030e+02
1.000e+02
1.020e+02
2.190e+02
1.460e+02
8.900e+01
1.340e+02
1.110e+02
9.000e+01
1.410e+02
2.150e+02
8.600e+01
6.400e+01
6.000e+01
4.400e+01
4.700e+01
4.000e+01
5.800e+01
5.900e+01
4.500e+01
8.200e+01
9.400e+01
9.200e+01
7.600e+01
5.400e+01
4.100e+01
2.700e+01
4.500e+01
4.500e+01
3.300e+01
4.700e+01
5.500e+01
4.200e+01
3.800e+01
4.400e+01
3.700e+01
2.500e+01
1.400e+01
2.200e+01
1.500e+01
1.800e+01
1.300e+01
1.300e+01
1.000e+01
1.700e+01
1.100e+01
1.900e+01
1.400e+01
3.600e+01
3.000e+01
2.100e+01
3.500e+01
1.900e+01
2.200e+01
1.200e+01
5.000e+00
1.000e+01
5.000e+00
8.000e+00
1.000e+01
1.400e+01
8.000e+00
1.100e+01
8.000e+00
1.000e+01
3.000e+00
1.300e+01
3.000e+01
4.600e+01
7.000e+00
9.000e+00
3.000e+00
5.000e+00
4.000e+00
1.000e+00
5.000e+00
1.000e+01
2.200e+01
1.700e+01
1.500e+01
1.900e+01
2.700e+01
2.200e+01
3.300e+01
2.500e+01
2.400e+01
2.600e+01
3.600e+01
1.200e+01
1.700e+01
1.500e+01
2.100e+01
2.000e+01
3.100e+01
2.900e+01
4.000e+01
4.300e+01
4.600e+01
4.300e+01
4.500e+01
4.600e+01
5.300e+01
7.800e+01
1.050e+02
1.550e+02
1.500e+02
9.500e+01
1.240e+02
1.310e+02
1.530e+02
1.240e+02
1.490e+02
1.580e+02
2.020e+02
1.690e+02
1.860e+02
2.000e+02
2.050e+02
2.700e+02
2.630e+02
3.180e+02
3.690e+02
4.510e+02
4.010e+02
3.680e+02
4.210e+02
3.760e+02
3.990e+02
4.500e+02
4.300e+02
3.840e+02
4.800e+02
4.920e+02
4.420e+02
5.660e+02
6.960e+02
1.099e+03
1.594e+03
