5.024e+03
1.632e+03
1.043e+03
7.310e+02
5.140e+02
4.390e+02
3.930e+02
3.430e+02
3.600e+02
2.870e+02
3.360e+02
3.350e+02
3.650e+02
4.390e+02
5.040e+02
7.410e+02
4.100e+02
3.940e+02
3.410e+02
3.150e+02
3.250e+02
2.050e+02
1.720e+02
1.550e+02
1.360e+02
1.560e+02
1.790e+02
1.540e+02
1.350e+02
1.240e+02
1.440e+02
1.220e+02
1.240e+02
1.450e+02
1.340e+02
1.080e+02
9.100e+01
8.200e+01
7.300e+01
5.800e+01
5.600e+01
6.000e+01
4.200e+01
5.700e+01
3.700e+01
4.500e+01
4.500e+01
5.400e+01
3.000e+01
2.700e+01
2.700e+01
1.800e+01
2.400e+01
2.600e+01
3.500e+01
5.600e+01
3.700e+01
2.800e+01
5.500e+01
3.400e+01
2.000e+01
2.000e+01
1.900e+01
1.800e+01
8.000e+00
1.500e+01
1.000e+01
2.000e+01
1.600e+01
1.400e+01
3.700e+01
4.400e+01
1.900e+01
3.000e+01
1.600e+01
1.400e+01
1.000e+01
1.500e+01
8.000e+00
1.400e+01
1.200e+01
7.000e+00
9.000e+00
1.900e+01
1.700e+01
1.600e+01
2.000e+01
1.400e+01
2.800e+01
2.100e+01
1.100e+01
1.700e+01
6.000e+00
1.300e+01
1.500e+01
2.000e+01
1.500e+01
1.700e+01
1.100e+01
7.000e+00
2.100e+01
2.800e+01
1.800e+01
2.200e+01
2.900e+01
2.400e+01
2.000e+01
3.600e+01
3.300e+01
3.400e+01
4.900e+01
3.800e+01
4.900e+01
6.700e+01
7.600e+01
8.300e+01
1.060e+02
1.200e+02
1.040e+02
9.500e+01
6.400e+01
6.100e+01
5.700e+01
5.900e+01
5.200e+01
5.400e+01
7.100e+01
7.300e+01
6.400e+01
1.270e+02
2.190e+02
1.420e+02
1.820e+02
2.870e+02
9.800e+01
1.000e+02
7.700e+01
8.100e+01
8.800e+01
7.300e+01
8.900e+01
1.020e+02
7.200e+01
7.000e+01
6.100e+01
7.200e+01
5.000e+01
5.600e+01
7.200e+01
6.400e+01
4.200e+01
2.900e+01
4.300e+01
6.900e+01
6.600e+01
9.400e+01
7.300e+01
5.100e+01
6.000e+01
5.300e+01
4.300e+01
4.700e+01
5.700e+01
3.700e+01
4.100e+01
3.200e+01
2.600e+01
2.900e+01
3.600e+01
5.000e+01
4.500e+01
5.400e+01
6.000e+01
8.200e+01
7.700e+01
7.600e+01
1.150e+02
1.190e+02
1.860e+02
3.080e+02
1.005e+03
3.090e+02
1.750e+02
1.200e+02
8.200e+01
8.400e+01
7.100e+01
5.200e+01
3.900e+01
6.500e+01
4.900e+01
4.400e+01
5.000e+01
4.100e+01
2.500e+01
3.800e+01
4.100e+01
3.900e+01
5.500e+01
7.200e+01
3.900e+01
6.500e+01
3.100e+01
6.500e+01
6.100e+01
5.200e+01
4.800e+01
6.100e+01
6.900e+01
6.800e+01
5.500e+01
6.400e+01
6.200e+01
8.500e+01
8.800e+01
9.600e+01
9.500e+01
1.080e+02
1.090e+02
1.110e+02
8.800e+01
9.000e+01
1.060e+02
1.030e+02
1.080e+02
2.200e+02
1.470e+02
9.200e+01
1.380e+02
1.160e+02
9.200e+01
1.420e+02
2.190e+02
9.100e+01
6.500e+01
6.500e+01
4.900e+01
5.500e+01
4.400e+01
6.600e+01
6.200e+01
5.100e+01
8.500e+01
1.000e+02
9.800e+01
8.200e+01
6.300e+01
4.700e+01
3.400e+01
5.100e+01
4.800e+01
3.800e+01
5.000e+01
5.700e+01
4.500e+01
4.000e+01
4.700e+01
4.200e+01
2.900e+01
1.600e+01
2.500e+01
1.500e+01
1.900e+01
1.800e+01
1.500e+01
1.300e+01
2.000e+01
1.900e+01
1.900e+01
1.900e+01
4.100e+01
3.200e+01
2.200e+01
4.200e+01
2.100e+01
2.700e+01
2.000e+01
9.000e+00
1.400e+01
8.000e+00
1.200e+01
1.300e+01
2.200e+01
1.400e+01
2.400e+01
2.200e+01
1.900e+01
1.400e+01
2.100e+01
3.900e+01
5.000e+01
1.800e+01
1.800e+01
2.200e+01
2.100e+01
2.100e+01
7.000e+00
1.300e+01
2.900e+01
3.200e+01
3.400e+01
2.600e+01
3.000e+01
4.300e+01
2.800e+01
3.800e+01
3.100e+01
3.000e+01
3.100e+01
4.500e+01
1.600e+01
2.500e+01
2.800e+01
2.500e+01
2.500e+01
3.900e+01
3.200e+01
4.500e+01
5.600e+01
5.300e+01
4.600e+01
5.200e+01
5.600e+01
5.700e+01
8.000e+01
1.080e+02
1.580e+02
1.570e+02
1.010e+02
1.290e+02
1.340e+02
1.560e+02
1.310e+02
1.560e+02
1.640e+02
2.060e+02
1.750e+02
1.910e+02
2.030e+02
2.080e+02
2.760e+02
2.680e+02
3.200e+02
3.720e+02
4.530e+02
4.060e+02
3.700e+02
4.250e+02
3.800e+02
4.000e+02
4.520e+02
4.340e+02
3.870e+02
4.870e+02
4.980e+02
4.480e+02
5.720e+02
7.020e+02
1.108e+03
1.603e+03
