1.471e+03
3.020e+02
1.360e+02
1.010e+02
6.500e+01
6.200e+01
5.000e+01
4.900e+01
5.900e+01
6.800e+01
6.800e+01
5.900e+01
7.900e+01
8.000e+01
8.500e+01
1.060e+02
9.300e+01
7.300e+01
7.400e+01
5.000e+01
3.500e+01
3.500e+01
3.400e+01
2.800e+01
2.100e+01
2.400e+01
1.600e+01
1.500e+01
8.000e+00
7.000e+00
9.000e+00
5.000e+00
0.000e+00
1.000e+00
1.000e+00
1.000e+00
0.000e+00
1.000e+00
0.000e+00
1.000e+00
1.000e+00
0.000e+00
2.000e+00
1.000e+00
1.000e+00
2.000e+00
0.000e+00
0.000e+00
0.000e+00
0.000e+00
0.000e+00
0.000e+00
0.000e+00
0.000e+00
0.000e+00
0.000e+00
0.000e+00
0.000e+00
0.000e+00
0.000e+00
0.000e+00
0.000e+00
0.000e+00
0.000e+00
0.000e+00
0.000e+00
0.000e+00
0.000e+00
0.000e+00
0.000e+00
0.000e+00
0.000e+00
0.000e+00
0.000e+00
0.000e+00
0.000e+00
0.000e+00
0.000e+00
0.000e+00
0.000e+00
0.000e+00
0.000e+00
0.000e+00
0.000e+00
0.000e+00
0.000e+00
0.000e+00
0.000e+00
0.000e+00
0.000e+00
0.000e+00
0.000e+00
0.000e+00
0.000e+00
0.000e+00
0.000e+00
0.000e+00
0.000e+00
0.000e+00
0.000e+00
0.000e+00
0.000e+00
0.000e+00
0.000e+00
0.000e+00
0.000e+00
0.000e+00
0.000e+00
0.000e+00
0.000e+00
0.000e+00
0.000e+00
0.000e+00
0.000e+00
0.000e+00
0.000e+00
0.000e+00
0.000e+00
0.000e+00
0.000e+00
0.000e+00
0.000e+00
0.000e+00
0.000e+00
0.000e+00
0.000e+00
0.000e+00
0.000e+00
0.000e+00
0.000e+00
0.000e+00
0.000e+00
1.000e+00
0.000e+00
2.000e+00
1.000e+00
0.000e+00
2.000e+00
0.000e+00
0.000e+00
0.000e+00
0.000e+00
0.000e+00
0.000e+00
1.000e+00
1.000e+00
0.000e+00
1.000e+00
2.000e+00
3.000e+00
1.100e+01
6.000e+00
6.000e+00
1.400e+01
1.700e+01
2.400e+01
2.900e+01
2.000e+01
3.800e+01
4.800e+01
5.100e+01
6.500e+01
4.800e+01
6.600e+01
1.020e+02
1.030e+02
1.320e+02
9.900e+01
9.100e+01
8.000e+01
7.500e+01
6.100e+01
5.800e+01
5.600e+01
5.400e+01
5.900e+01
8.400e+01
1.060e+02
1.460e+02
3.730e+02
1.381e+03
3.510e+02
1.480e+02
8.200e+01
7.600e+01
5.600e+01
4.700e+01
4.200e+01
6.400e+01
8.100e+01
6.600e+01
7.400e+01
6.400e+01
8.300e+01
1.040e+02
1.360e+02
8.000e+01
6.700e+01
7.100e+01
6.100e+01
4.000e+01
2.600e+01
2.800e+01
2.200e+01
1.900e+01
6.000e+00
1.000e+01
1.500e+01
4.000e+00
8.000e+00
2.000e+00
3.000e+00
0.000e+00
1.000e+00
2.000e+00
1.000e+00
0.000e+00
0.000e+00
1.000e+00
2.000e+00
3.000e+00
0.000e+00
0.000e+00
0.000e+00
0.000e+00
0.000e+00
0.000e+00
1.000e+00
1.000e+00
0.000e+00
0.000e+00
0.000e+00
0.000e+00
0.000e+00
0.000e+00
0.000e+00
0.000e+00
0.000e+00
0.000e+00
0.000e+00
0.000e+00
0.000e+00
0.000e+00
0.000e+00
0.000e+00
0.000e+00
0.000e+00
0.000e+00
0.000e+00
0.000e+00
0.000e+00
0.000e+00
0.000e+00
0.000e+00
0.000e+00
0.000e+00
0.000e+00
0.000e+00
0.000e+00
0.000e+00
0.000e+00
0.000e+00
0.000e+00
0.000e+00
0.000e+00
0.000e+00
0.000e+00
0.000e+00
0.000e+00
0.000e+00
0.000e+00
0.000e+00
0.000e+00
0.000e+00
0.000e+00
0.000e+00
0.000e+00
0.000e+00
0.000e+00
0.000e+00
0.000e+00
0.000e+00
0.000e+00
0.000e+00
0.000e+00
0.000e+00
0.000e+00
0.000e+00
0.000e+00
0.000e+00
0.000e+00
0.000e+00
0.000e+00
0.000e+00
0.000e+00
0.000e+00
0.000e+00
0.000e+00
0.000e+00
0.000e+00
0.000e+00
0.000e+00
0.000e+00
0.000e+00
0.000e+00
0.000e+00
0.000e+00
0.000e+00
0.000e+00
0.000e+00
0.000e+00
1.000e+00
2.000e+00
0.000e+00
0.000e+00
2.000e+00
0.000e+00
1.000e+00
0.000e+00
0.000e+00
0.000e+00
0.000e+00
0.000e+00
1.000e+00
2.000e+00
2.000e+00
0.000e+00
0.000e+00
3.000e+00
7.000e+00
5.000e+00
1.100e+01
1.700e+01
1.900e+01
1.100e+01
3.000e+01
3.300e+01
3.200e+01
2.500e+01
5.200e+01
2.600e+01
4.200e+01
6.800e+01
7.300e+01
8.900e+01
1.110e+02
9.300e+01
1.070e+02
8.400e+01
7.700e+01
7.500e+01
5.900e+01
6.800e+01
5.800e+01
6.800e+01
8.400e+01
8.500e+01
9.900e+01
1.530e+02
3.110e+02
