1.473e+03
3.020e+02
1.380e+02
1.020e+02
6.500e+01
6.800e+01
5.300e+01
5.000e+01
5.900e+01
6.900e+01
6.900e+01
6.000e+01
8.000e+01
8.000e+01
8.600e+01
1.080e+02
9.400e+01
7.400e+01
7.600e+01
5.100e+01
3.500e+01
3.500e+01
3.500e+01
2.900e+01
2.100e+01
2.400e+01
1.600e+01
1.600e+01
8.000e+00
8.000e+00
1.100e+01
6.000e+00
5.000e+00
3.000e+00
1.000e+00
2.000e+00
0.000e+00
3.000e+00
1.000e+00
2.000e+00
1.000e+00
4.000e+00
4.000e+00
5.000e+00
4.000e+00
5.000e+00
0.000e+00
5.000e+00
0.000e+00
1.000e+00
0.000e+00
0.000e+00
4.000e+00
0.000e+00
2.000e+00
2.000e+00
5.000e+00
3.000e+00
4.000e+00
4.000e+00
4.000e+00
4.000e+00
1.000e+00
2.000e+00
2.000e+00
6.000e+00
4.000e+00
3.000e+00
4.000e+00
1.000e+00
2.000e+00
1.000e+00
1.000e+00
1.000e+00
0.000e+00
3.000e+00
0.000e+00
1.000e+00
1.000e+00
0.000e+00
3.000e+00
0.000e+00
0.000e+00
2.000e+00
0.000e+00
0.000e+00
0.000e+00
0.000e+00
0.000e+00
0.000e+00
1.000e+00
0.000e+00
0.000e+00
0.000e+00
1.000e+00
0.000e+00
0.000e+00
1.000e+00
0.000e+00
0.000e+00
0.000e+00
0.000e+00
0.000e+00
0.000e+00
1.000e+00
1.000e+00
0.000e+00
0.000e+00
1.000e+00
0.000e+00
1.000e+00
1.000e+00
1.000e+00
1.000e+00
1.000e+00
5.000e+00
2.000e+00
3.000e+00
3.000e+00
4.000e+00
5.000e+00
5.000e+00
3.000e+00
0.000e+00
4.000e+00
5.000e+00
5.000e+00
2.000e+00
0.000e+00
1.000e+00
2.000e+00
2.000e+00
1.000e+00
0.000e+00
4.000e+00
3.000e+00
1.000e+00
4.000e+00
3.000e+00
0.000e+00
1.000e+00
0.000e+00
2.000e+00
5.000e+00
3.000e+00
4.000e+00
2.000e+00
2.000e+00
4.000e+00
3.000e+00
1.300e+01
6.000e+00
7.000e+00
1.600e+01
1.800e+01
2.400e+01
2.900e+01
2.000e+01
3.900e+01
4.800e+01
5.200e+01
6.700e+01
4.900e+01
6.900e+01
1.020e+02
1.060e+02
1.350e+02
9.900e+01
9.300e+01
8.200e+01
7.600e+01
6.400e+01
6.400e+01
6.000e+01
5.500e+01
6.000e+01
8.500e+01
1.090e+02
1.500e+02
3.760e+02
1.382e+03
3.510e+02
1.500e+02
8.300e+01
7.600e+01
5.800e+01
4.800e+01
4.500e+01
6.600e+01
8.100e+01
6.600e+01
7.500e+01
6.400e+01
8.400e+01
1.060e+02
1.370e+02
8.200e+01
6.800e+01
7.400e+01
6.400e+01
4.000e+01
2.600e+01
2.900e+01
2.200e+01
1.900e+01
7.000e+00
1.100e+01
1.700e+01
6.000e+00
1.000e+01
3.000e+00
5.000e+00
2.000e+00
3.000e+00
2.000e+00
3.000e+00
3.000e+00
2.000e+00
3.000e+00
2.000e+00
4.000e+00
2.000e+00
3.000e+00
6.000e+00
0.000e+00
2.000e+00
1.000e+00
1.000e+00
1.000e+00
0.000e+00
2.000e+00
2.000e+00
2.000e+00
4.000e+00
2.000e+00
4.000e+00
5.000e+00
3.000e+00
1.000e+00
0.000e+00
7.000e+00
2.000e+00
1.000e+00
5.000e+00
5.000e+00
5.000e+00
4.000e+00
1.000e+00
4.000e+00
2.000e+00
0.000e+00
0.000e+00
2.000e+00
0.000e+00
1.000e+00
3.000e+00
0.000e+00
0.000e+00
0.000e+00
1.000e+00
1.000e+00
0.000e+00
0.000e+00
0.000e+00
0.000e+00
0.000e+00
0.000e+00
0.000e+00
0.000e+00
0.000e+00
0.000e+00
0.000e+00
0.000e+00
0.000e+00
0.000e+00
2.000e+00
0.000e+00
1.000e+00
0.000e+00
0.000e+00
1.000e+00
0.000e+00
1.000e+00
0.000e+00
0.000e+00
3.000e+00
1.000e+00
0.000e+00
0.000e+00
1.000e+00
0.000e+00
1.000e+00
2.000e+00
4.000e+00
6.000e+00
1.000e+00
2.000e+00
2.000e+00
5.000e+00
5.000e+00
3.000e+00
3.000e+00
6.000e+00
2.000e+00
1.000e+00
3.000e+00
0.000e+00
4.000e+00
2.000e+00
0.000e+00
2.000e+00
2.000e+00
2.000e+00
3.000e+00
1.000e+00
3.000e+00
1.000e+00
3.000e+00
3.000e+00
2.000e+00
0.000e+00
4.000e+00
1.000e+00
4.000e+00
4.000e+00
3.000e+00
0.000e+00
1.000e+00
5.000e+00
8.000e+00
5.000e+00
1.300e+01
1.700e+01
2.100e+01
1.100e+01
3.000e+01
3.300e+01
3.200e+01
2.700e+01
5.300e+01
2.600e+01
4.200e+01
6.900e+01
7.500e+01
9.100e+01
1.110e+02
9.600e+01
1.080e+02
8.600e+01
8.200e+01
7.600e+01
6.300e+01
7.300e+01
6.000e+01
6.900e+01
8.600e+01
8.600e+01
1.000e+02
1.560e+02
3.130e+02
