2.783e+03
9.380e+02
5.380e+02
4.400e+02
4.420e+02
2.520e+02
2.090e+02
2.130e+02
1.870e+02
1.890e+02
1.860e+02
2.020e+02
2.170e+02
1.900e+02
1.910e+02
1.880e+02
1.560e+02
1.330e+02
1.320e+02
1.380e+02
1.100e+02
8.900e+01
1.050e+02
7.200e+01
5.600e+01
7.700e+01
8.400e+01
4.600e+01
5.200e+01
4.000e+01
4.500e+01
3.300e+01
4.400e+01
5.300e+01
5.200e+01
4.500e+01
2.300e+01
2.100e+01
1.700e+01
9.000e+00
1.300e+01
4.000e+00
5.000e+00
1.500e+01
6.000e+00
7.000e+00
1.000e+01
1.100e+01
7.000e+00
3.000e+00
6.000e+00
1.200e+01
7.000e+00
6.000e+00
9.000e+00
1.300e+01
1.100e+01
8.000e+00
4.000e+00
4.000e+00
8.000e+00
7.000e+00
1.600e+01
3.000e+00
4.000e+00
4.000e+00
5.000e+00
9.000e+00
9.000e+00
1.500e+01
3.400e+01
4.800e+01
3.200e+01
1.500e+01
1.100e+01
5.000e+00
2.000e+00
3.000e+00
3.000e+00
6.000e+00
2.000e+00
3.000e+00
5.000e+00
1.300e+01
1.100e+01
1.400e+01
1.400e+01
1.100e+01
1.900e+01
1.600e+01
1.500e+01
1.800e+01
2.500e+01
1.100e+01
4.000e+00
1.300e+01
1.900e+01
1.300e+01
6.000e+00
1.600e+01
1.700e+01
1.900e+01
1.600e+01
2.200e+01
3.100e+01
1.800e+01
1.500e+01
2.500e+01
2.400e+01
1.700e+01
2.500e+01
2.500e+01
2.800e+01
3.200e+01
2.500e+01
2.700e+01
3.000e+01
5.100e+01
4.100e+01
4.600e+01
4.100e+01
2.900e+01
3.900e+01
3.000e+01
2.800e+01
2.800e+01
2.200e+01
2.800e+01
2.000e+01
1.500e+01
2.100e+01
1.300e+01
1.700e+01
1.900e+01
1.400e+01
1.300e+01
1.800e+01
2.700e+01
3.400e+01
1.800e+01
2.400e+01
2.700e+01
2.700e+01
1.900e+01
2.500e+01
4.900e+01
3.100e+01
3.700e+01
2.800e+01
2.800e+01
3.500e+01
2.500e+01
3.100e+01
2.500e+01
2.400e+01
2.400e+01
2.100e+01
1.700e+01
1.500e+01
2.000e+01
1.500e+01
1.600e+01
1.900e+01
2.400e+01
1.000e+01
1.700e+01
1.500e+01
2.100e+01
2.000e+01
2.900e+01
1.500e+01
2.500e+01
2.300e+01
3.300e+01
4.600e+01
4.300e+01
5.800e+01
4.600e+01
8.200e+01
1.850e+02
5.850e+02
1.880e+02
9.700e+01
5.600e+01
4.800e+01
4.900e+01
2.700e+01
2.700e+01
3.100e+01
3.600e+01
1.300e+01
1.900e+01
2.300e+01
2.000e+01
1.500e+01
1.700e+01
1.000e+01
1.700e+01
1.700e+01
2.500e+01
1.700e+01
1.900e+01
1.200e+01
1.400e+01
2.300e+01
1.700e+01
2.700e+01
2.900e+01
2.200e+01
2.900e+01
1.300e+01
2.600e+01
4.100e+01
6.000e+01
1.520e+02
1.050e+02
7.100e+01
6.100e+01
4.300e+01
3.900e+01
3.800e+01
2.500e+01
2.800e+01
3.800e+01
2.700e+01
1.200e+01
1.400e+01
1.800e+01
2.300e+01
3.200e+01
3.200e+01
2.100e+01
1.800e+01
2.100e+01
3.100e+01
3.800e+01
3.500e+01
3.300e+01
3.500e+01
5.300e+01
4.000e+01
3.800e+01
4.200e+01
3.600e+01
3.800e+01
2.800e+01
2.300e+01
2.400e+01
1.700e+01
3.100e+01
2.000e+01
2.200e+01
3.000e+01
3.500e+01
3.200e+01
1.200e+01
2.600e+01
1.800e+01
1.700e+01
1.000e+01
1.700e+01
1.000e+01
1.100e+01
1.900e+01
1.800e+01
7.000e+00
1.500e+01
1.500e+01
2.200e+01
1.300e+01
1.800e+01
2.100e+01
1.700e+01
1.000e+01
1.800e+01
1.300e+01
1.100e+01
1.100e+01
1.100e+01
5.000e+00
7.000e+00
1.000e+00
3.000e+00
3.000e+00
7.000e+00
9.000e+00
1.200e+01
1.200e+01
2.100e+01
3.600e+01
4.700e+01
2.000e+01
8.000e+00
1.300e+01
5.000e+00
2.000e+00
2.000e+00
1.000e+00
7.000e+00
3.000e+00
3.000e+00
5.000e+00
6.000e+00
5.000e+00
1.200e+01
7.000e+00
1.000e+01
7.000e+00
5.000e+00
9.000e+00
4.000e+00
9.000e+00
6.000e+00
1.100e+01
1.600e+01
1.100e+01
9.000e+00
1.800e+01
6.000e+00
8.000e+00
1.000e+01
1.100e+01
1.200e+01
1.500e+01
3.500e+01
3.600e+01
6.800e+01
5.200e+01
3.800e+01
5.000e+01
3.800e+01
5.900e+01
2.090e+02
7.000e+01
1.130e+02
7.700e+01
7.600e+01
7.900e+01
8.200e+01
9.900e+01
9.500e+01
1.040e+02
1.100e+02
1.250e+02
1.660e+02
1.430e+02
1.660e+02
1.980e+02
2.050e+02
1.960e+02
1.790e+02
2.110e+02
2.060e+02
2.150e+02
2.100e+02
2.720e+02
3.000e+02
3.720e+02
5.330e+02
8.990e+02
